MB,MF,MFonMB,Unlikely,Crits,Choice,Subj
4.4677,4.0179,-0.0065185,0.00047122,-2,1,1
0.39822,0.41164,-0.0065185,0.00047122,-2,1,1
-0.66084,-0.64742,-0.0065185,0.00047122,-2,0,1
-4.8455,2.6279,-0.0065185,0.00047122,-2,0,1
-3.718,-4.1046,-0.0065185,0.00047122,-2,0,1
-3.6097,-3.1462,-0.0065185,0.00047122,-2,0,1
3.5265,0.965,-0.0065185,0.00047122,-2,1,1
-4.4392,-4.4258,-0.0065185,0.00047122,-2,0,1
-2.3727,-2.3593,-0.0065185,0.00047122,-2,0,1
3.3251,2.0335,-0.0065185,0.00047122,-2,1,1
-1.268,-1.2546,-0.0065185,0.00047122,-2,0,1
-1.7639,-2.6933,-0.0065185,0.00047122,-2,0,1
1.5076,-4.1136,-0.0065185,-2.9995,-1,1,1
-5.4405,-5.4271,-0.0065185,0.00047122,-2,0,1
3.2327,1.2004,-0.0065185,0.00047122,-2,1,1
2.0485,0.32304,-0.0065185,0.00047122,-2,0,1
1.1545,-1.7195,-0.0065185,0.00047122,-2,1,1
-0.97303,-1.7695,-5.0065,0.00047122,1,1,1
-5.4405,-5.4271,-0.0065185,0.00047122,-2,0,1
-6.3955,-6.9946,-0.0065185,0.00047122,-2,0,1
-5.8855,-5.8721,-0.0065185,0.00047122,-2,0,1
-5.002,-4.6061,-1.0065,0.00047122,1,1,1
4.26,0.54731,3.9935,0.00047122,1,0,1
-5.8379,-4.1046,-0.0065185,0.00047122,-2,0,1
-7.3955,-6.8721,-0.0065185,0.00047122,-2,0,1
6.8945,6.9079,-0.0065185,0.00047122,-2,1,1
-6.452,-6.0701,-0.0065185,0.00047122,-2,0,1
-1.0836,-0.75693,-0.0065185,0.00047122,-2,1,1
-3.8455,0.94271,-0.0065185,0.00047122,-2,0,1
3.277,1.9773,-3.0065,0.00047122,1,1,1
3.6186,2.5159,-0.0065185,0.00047122,-2,1,1
5.5265,4.5912,-0.0065185,0.00047122,-2,1,1
1.4482,1.4616,-0.0065185,0.00047122,-2,1,1
-1.3727,1.2068,-0.0065185,0.00047122,-2,0,1
-1.3161,-1.3027,-0.0065185,0.00047122,-2,0,1
2.277,0.51764,-0.0065185,0.00047122,-2,1,1
-2.2271,-1.9137,-0.0065185,0.00047122,-2,0,1
1.8076,1.821,-0.0065185,0.00047122,-2,1,1
-1.5282,1.3261,3.9935,0.00047122,1,1,1
-1.8533,1.4179,-0.0065185,0.00047122,-2,0,1
1.3045,-1.3092,-0.0065185,0.00047122,-2,1,1
2.5545,-1.5111,-0.0065185,0.00047122,-2,1,1
-2.163,-2.1496,-5.0065,0.00047122,1,0,1
2.8468,4.2072,-0.0065185,0.00047122,-2,1,1
2.5705,2.5839,-0.0065185,0.00047122,-2,1,1
-3.3266,-2.0357,-0.0065185,0.00047122,-2,0,1
-3.127,-3.1136,-0.0065185,0.00047122,-2,0,1
2.9662,2.4246,-0.0065185,0.00047122,-2,1,1
2.5219,1.691,-3.0065,0.00047122,1,1,1
-3.6904,-3.677,-0.0065185,0.00047122,-2,0,1
2.5951,-1.559,-0.0065185,0.00047122,-2,1,1
-2.4976,-2.1841,-0.0065185,0.00047122,-2,0,1
-3.4223,-3.4088,-0.0065185,0.00047122,-2,0,1
5.3672,5.0059,-0.0065185,0.00047122,-2,1,1
-4.3038,-4.2904,-0.0065185,0.00047122,-2,0,1
3.6665,1.0533,3.9935,0.00047122,1,1,1
2.2272,2.0106,-0.0065185,0.00047122,-2,1,1
0.81513,-3.0615,-0.0065185,0.00047122,-2,1,1
-1.8455,2.4691,-0.0065185,0.00047122,-2,0,1
0.72697,-1.2201,-0.0065185,0.00047122,-2,1,1
-0.60965,-0.59624,-1.0065,0.00047122,1,0,1
-0.51753,-1.3541,-0.0065185,0.00047122,-2,0,1
-0.43923,1.3002,-5.0065,0.00047122,1,0,1
1.6273,1.6407,-0.0065185,0.00047122,-2,0,1
1.6839,2.9444,-0.0065185,0.00047122,-2,1,1
2.7045,2.7179,-0.0065185,0.00047122,-2,1,1
-0.44053,3.6279,-0.0065185,0.00047122,-2,0,1
-1.7673,-2.3975,-0.0065185,0.00047122,-2,0,1
-1.5015,-1.4881,-4.0065,0.00047122,1,0,1
1.837,1.8504,-0.0065185,0.00047122,-2,0,1
1.1621,-2.993,-0.0065185,0.00047122,-2,1,1
1.5545,1.0019,-0.0065185,0.00047122,-2,1,1
0.17197,-2.9201,-0.0065185,0.00047122,-2,0,1
0.14685,1.1378,-5.0065,0.00047122,1,0,1
-1.4405,-1.4271,-0.0065185,0.00047122,-2,0,1
-3.2238,-2.5041,-0.0065185,0.00047122,-2,0,1
-5.0395,-5.0261,-0.0065185,0.00047122,-2,0,1
-4.2829,1.1305,-0.0065185,2.0005,-1,1,1
-6.8855,-2.5212,-0.0065185,0.00047122,-2,0,1
-5.852,-1.9371,-3.0065,0.00047122,1,0,1
-5.8855,-2.7637,-0.0065185,0.00047122,-2,0,1
5.461,5.4744,-0.0065185,0.00047122,-2,1,1
2.0925,2.1059,-0.0065185,0.00047122,-2,1,1
-3.7703,-1.9667,-0.0065185,0.00047122,-2,0,1
1.5131,3.2265,-0.0065185,0.00047122,-2,1,1
-2.2778,-0.084881,-0.0065185,0.00047122,-2,0,1
1.9444,1.9579,-2.0065,0.00047122,1,1,1
-1.922,0.79142,-0.0065185,0.00047122,-2,0,1
-0.78302,-0.76961,-0.0065185,0.00047122,-2,0,1
3.3351,3.3485,-0.0065185,0.00047122,-2,1,1
2.4045,3.3723,-0.0065185,0.00047122,-2,1,1
-2.0355,1.3899,1.9935,0.00047122,1,1,1
-0.71803,0.77439,-0.0065185,0.00047122,-2,0,1
-0.60965,-1.4271,-0.0065185,0.00047122,-2,0,1
-2.5175,-3.2104,-0.0065185,0.00047122,-2,0,1
-2.1392,-1.0261,3.9935,0.00047122,1,0,1
-3.3727,2.5305,-0.0065185,0.00047122,-2,0,1
5.3251,5.3385,-0.0065185,0.00047122,-2,1,1
-5.268,-5.6233,-0.0065185,0.00047122,-2,0,1
-1.2271,-2.3695,-0.0065185,0.00047122,-2,0,1
-0.1924,-0.17899,-0.0065185,0.00047122,-2,0,1
-0.16287,-1.0984,-1.0065,0.00047122,1,0,1
-0.13777,-0.97435,-5.0065,0.00047122,1,0,1
3.1254,4.3888,-0.0065185,0.00047122,-2,1,1
-3.0983,-2.7739,-0.0065185,0.00047122,-2,0,1
3.0918,2.6552,-0.0065185,0.00047122,-2,1,1
2.0787,2.0921,-0.0065185,0.00047122,-2,1,1
2.0676,2.081,-0.0065185,0.00047122,-2,1,1
-1.7492,-1.8781,-4.0065,0.00047122,1,0,1
2.9589,2.9106,-0.0065185,0.00047122,-2,0,1
0.96571,0.97913,-0.0065185,0.00047122,-2,1,1
3.8545,3.8679,-0.0065185,0.00047122,-2,1,1
-0.27303,0.6745,-0.0065185,0.00047122,-2,1,1
0.24035,2.6427,-5.0065,0.00047122,1,0,1
-1.5175,0.52649,-0.0065185,0.00047122,-2,0,1
1.4482,1.4616,-0.0065185,0.00047122,-2,1,1
0.38162,1.9986,-0.0065185,0.00047122,-2,1,1
0.32505,0.33847,2.9935,0.00047122,1,1,1
-3.723,-3.7096,-0.0065185,0.00047122,-2,0,1
-3.1639,-7.3821,-0.0065185,-3.9995,-1,0,1
-0.10553,3.4769,-0.0065185,0.00047122,-2,1,1
0.097973,4.1339,-3.0065,0.00047122,1,0,1
0.91645,-1.201,-0.0065185,0.00047122,-2,0,1
1.2297,0.79307,-0.0065185,0.00047122,-2,1,1
-3.5455,-3.5321,-0.0065185,0.00047122,-2,0,1
3.022,2.6777,4.9935,0.00047122,1,1,1
-4.8379,-6.0745,-0.0065185,0.00047122,-2,0,1
6.5705,3.899,-0.0065185,0.00047122,-2,1,1
6.3356,6.349,-0.0065185,0.00047122,-2,1,1
5.3859,4.5921,4.9935,0.00047122,1,1,1
-5.9573,-5.9438,-0.0065185,0.00047122,-2,0,1
2.8219,4.3252,-0.0065185,0.00047122,-2,1,1
3.6993,3.7127,-0.0065185,0.00047122,-2,1,1
2.5951,1.9649,-0.0065185,0.00047122,-2,1,1
1.5065,2.2199,-0.0065185,0.00047122,-2,1,1
4.4312,1.2306,-0.0065185,0.00047122,-2,1,1
-5.3582,-5.3448,-0.0065185,0.00047122,-2,0,1
4.5628,3.17,3.9935,0.00047122,1,1,1
-2.2576,-3.6442,-0.0065185,0.00047122,-2,0,1
-2.2183,-2.2049,-0.0065185,0.00047122,-2,0,1
3.1938,1.6238,-0.0065185,0.00047122,-2,1,1
-3.1565,-2.6931,-0.0065185,0.00047122,-2,0,1
2.6913,2.6842,4.9935,0.00047122,1,1,1
-4.1118,-4.3484,-0.0065185,0.00047122,-2,0,1
4.1033,4.1019,-0.0065185,0.00047122,-2,1,1
-2.0795,-2.0661,-0.0065185,0.00047122,-2,0,1
1.7759,2.5458,4.9935,0.00047122,1,1,1
5.0652,4.3195,-0.0065185,0.00047122,-2,1,1
-5.0471,-5.0337,-0.0065185,0.00047122,-2,0,1
2.0483,3.6677,-0.0065185,0.00047122,-2,1,1
0.041749,0.055165,-0.0065185,0.00047122,-2,1,1
-1.0272,-1.4588,-0.0065185,0.00047122,-2,0,1
-0.022459,-0.0090433,-0.0065185,0.00047122,-2,1,1
0.027365,0.037347,-5.0065,0.00047122,1,0,1
0.0044729,0.63201,-0.0065185,0.00047122,-2,0,1
0.0044729,0.53989,-0.0065185,0.00047122,-2,0,1
-2.9955,3.0885,-0.0065185,0.00047122,-2,0,1
-1.4455,2.945,-0.0065185,0.00047122,-2,0,1
2.4045,5.6364,-0.0065185,0.00047122,-2,1,1
-2.8855,-2.0221,-0.0065185,0.00047122,-2,0,1
0.54797,0.24951,-0.0065185,0.00047122,-2,1,1
-0.44553,0.47986,-0.0065185,0.00047122,-2,0,1
0.55447,1.7927,-0.0065185,0.00047122,-2,1,1
0.83697,0.20929,-0.0065185,0.00047122,-2,1,1
-4.5455,-4.5321,-0.0065185,0.00047122,-2,0,1
-4.163,-4.1496,-0.0065185,0.00047122,-2,0,1
3.8468,-0.26921,-0.0065185,0.00047122,-2,1,1
2.5705,1.9053,-0.0065185,0.00047122,-2,1,1
2.1856,2.2172,-4.0065,0.00047122,1,1,1
3.1359,-2.2507,-0.0065185,0.00047122,-2,1,1
-0.033796,-0.43713,-0.0065185,0.00047122,-2,1,1
-1.813,-2.2446,-0.0065185,0.00047122,-2,0,1
-3.6904,-3.677,-0.0065185,0.00047122,-2,0,1
-4.5862,-4.5727,-0.0065185,0.00047122,-2,0,1
2.4677,4.7311,-0.0065185,0.00047122,-2,1,2
-0.60178,-0.58836,-0.0065185,0.00047122,-2,0,2
-0.14553,0.58341,-0.0065185,0.00047122,-2,0,2
-1.1455,-1.1321,-0.0065185,0.00047122,-2,0,2
-4.6955,-4.6821,-0.0065185,0.00047122,-2,0,2
5.4495,1.2882,-0.0065185,0.00047122,-2,1,2
-5.2238,-4.6104,-0.0065185,0.00047122,-2,0,2
3.0485,1.3767,-0.0065185,0.00047122,-2,1,2
3.8919,2.3629,-0.0065185,0.00047122,-2,1,2
3.7588,2.1047,-0.0065185,0.00047122,-2,1,2
-3.6367,-3.6233,-0.0065185,0.00047122,-2,0,2
-5.5405,-5.5271,-0.0065185,0.00047122,-2,0,2
4.7177,2.3235,4.9935,0.00047122,1,0,2
-3.608,-4.2321,-0.0065185,0.00047122,-2,0,2
4.0045,3.8123,-0.0065185,0.00047122,-2,1,2
3.4045,0.97463,-0.0065185,0.00047122,1,1,2
0.0044729,-0.13061,-0.0065185,0.00047122,-2,0,2
0.0044729,0.017889,-0.0065185,0.00047122,-2,1,2
0.0044729,0.017889,-4.0065,0.00047122,1,0,2
-0.99553,-0.98211,-0.0065185,0.00047122,-2,0,2
-3.9955,-2.8721,-0.0065185,0.00047122,-2,0,2
-3.9955,-3.3821,-0.0065185,0.00047122,-2,0,2
3.0045,3.4179,-0.0065185,0.00047122,-2,1,2
-2.5455,-2.5321,1.9935,0.00047122,1,1,2
-1.163,2.7179,-0.0065185,0.00047122,-2,1,2
-0.15315,-1.4271,-0.0065185,0.00047122,-2,0,2
-1.4295,-4.2104,-0.0065185,0.00047122,-2,0,2
2.6734,0.13177,-0.0065185,0.00047122,-2,1,2
-2.8641,-4.2695,-0.0065185,0.00047122,-2,0,2
4.0427,4.1722,-0.0065185,0.00047122,-2,1,2
3.437,3.4504,4.9935,0.00047122,1,1,2
3.3096,4.8129,-0.0065185,0.00047122,-2,1,2
-3.4049,-3.8453,-0.0065185,0.00047122,-2,0,2
-2.4935,-3.3759,-0.0065185,0.00047122,-2,0,2
2.5777,2.4812,-0.0065185,0.00047122,-2,1,2
-2.6328,-2.8166,-0.0065185,0.00047122,-2,0,2
-4.6872,-5.2239,-0.0065185,0.00047122,-2,0,2
-3.7335,-4.1877,-0.0065185,0.00047122,-2,0,2
2.2272,1.8432,-0.0065185,0.00047122,-2,1,2
-1.8849,-1.8715,3.9935,0.00047122,1,0,2
-2.4405,0.349,-0.0065185,0.00047122,-2,0,2
-1.2238,1.1493,-0.0065185,0.00047122,-2,0,2
2.0485,-1.3946,-0.0065185,0.00047122,-2,1,2
-1.7329,-0.01464,-4.0065,0.00047122,1,0,2
4.7588,4.1722,-0.0065185,0.00047122,-2,1,2
-2.6367,-2.7915,-0.0065185,0.00047122,-2,0,2
-1.5405,-1.5271,-0.0065185,0.00047122,-2,0,2
-2.4588,-2.4453,-0.0065185,0.00047122,-2,0,2
2.3982,1.6399,-0.0065185,0.00047122,-2,1,2
-2.0302,-1.3738,3.9935,0.00047122,1,0,2
0.71999,3.68,-0.0065185,0.00047122,-2,1,2
3.1545,-2.6303,-0.0065185,0.00047122,-2,1,2
-2.3955,-2.3821,-0.0065185,0.00047122,-2,0,2
-5.8855,0.45731,-0.0065185,0.00047122,-2,0,2
7.461,2.7164,-0.0065185,0.00047122,-2,1,2
6.0925,4.1441,-0.0065185,0.00047122,-2,1,2
-5.1703,-5.3694,-5.0065,0.00047122,1,0,2
6.5131,4.3591,-0.0065185,0.00047122,-2,1,2
-5.2778,-5.5144,-0.0065185,0.00047122,-2,0,2
-5.0855,-5.0721,-0.0065185,0.00047122,-2,0,2
-3.922,-3.7986,-0.0065185,0.00047122,-2,0,2
-5.783,-3.3196,-0.0065185,0.00047122,-2,0,2
-3.6649,-3.0226,-0.0065185,0.00047122,-2,0,2
-3.1145,-4.1636,-4.0065,0.00047122,1,1,2
-0.16303,-3.4113,-0.0065185,0.00047122,-2,1,2
3.1621,-0.89214,-0.0065185,0.00047122,-2,1,2
-0.42951,-2.0136,-0.0065185,0.00047122,-2,0,2
1.6734,-0.37014,-0.0065185,0.00047122,-2,1,2
-3.127,-3.585,-0.0065185,0.00047122,-2,0,2
-2.6573,-3.1907,-4.0065,0.00047122,1,0,2
-6.4405,-4.8271,-0.0065185,0.00047122,-2,0,2
-0.22378,-0.21036,-0.0065185,0.00047122,-2,0,2
-2.0395,-2.2635,-0.0065185,0.00047122,-2,0,2
1.8919,-0.26356,-0.0065185,0.00047122,-2,1,2
-1.5998,-1.5864,-4.0065,0.00047122,1,0,2
0.36332,-4.0233,-0.0065185,0.00047122,-2,1,2
-1.1455,1.5627,-0.0065185,0.00047122,-2,0,2
1.3045,3.6085,-0.0065185,0.00047122,-2,1,2
-1.5455,3.1059,-0.0065185,0.00047122,-2,0,2
-0.82803,-2.9852,-0.0065185,0.00047122,-2,0,2
-0.70315,0.81625,3.9935,0.00047122,1,0,2
-4.163,-4.1496,-0.0065185,0.00047122,-2,0,2
5.8468,-1.0297,-0.0065185,0.00047122,-2,1,2
-4.5615,-3.6233,-0.0065185,0.00047122,-2,0,2
4.3356,4.349,-0.0065185,0.00047122,-2,1,2
3.1359,3.1493,-0.0065185,0.00047122,-2,1,2
-5.9573,-3.0319,-0.0065185,0.00047122,-2,0,2
5.0719,5.0854,-4.0065,0.00047122,1,1,2
-5.6904,2.723,-0.0065185,0.00047122,-2,0,2
-4.5862,-4.5727,-0.0065185,0.00047122,-2,0,2
3.5065,4.1324,-0.0065185,0.00047122,-2,1,2
-3.4223,-3.1568,-0.0065185,0.00047122,-2,0,2
-2.9082,-2.2981,1.9935,0.00047122,1,0,2
-0.68722,-1.3738,-0.0065185,0.00047122,-2,0,2
-2.8455,-3.4271,-0.0065185,0.00047122,-2,0,2
3.727,1.1549,-0.0065185,0.00047122,-2,1,2
-3.1597,-3.5761,-3.0065,0.00047122,1,0,2
3.5265,3.4553,-0.0065185,0.00047122,-2,1,2
4.4482,4.7722,-0.0065185,0.00047122,-2,1,2
5.3816,2.5625,-0.0065185,0.00047122,-2,1,2
5.3251,4.5885,-0.0065185,0.00047122,-2,1,2
5.277,5.4811,-0.0065185,0.00047122,-2,1,2
2.2361,2.2495,-0.0065185,0.00047122,-2,1,2
-1.8924,-3.3874,-5.0065,0.00047122,1,0,2
-1.8282,4.5524,-0.0065185,0.00047122,-2,0,2
0.30447,5.6304,-0.0065185,0.00047122,-2,1,2
0.70447,-0.86121,-0.0065185,0.00047122,-2,1,2
2.4495,-1.1076,-0.0065185,0.00047122,-2,1,2
5.2327,2.0961,-0.0065185,0.00047122,-2,1,2
-4.4395,-4.4261,3.9935,0.00047122,1,0,2
4.8919,-3.319,-0.0065185,0.00047122,-2,1,2
4.7588,4.0715,-0.0065185,0.00047122,-2,1,2
0.64563,0.65904,-0.0065185,0.00047122,-2,1,2
0.45949,-2.9836,-0.0065185,0.00047122,-2,0,2
-0.38229,-0.36888,4.9935,0.00047122,1,1,2
-1.6018,-1.9541,-0.0065185,0.00047122,-2,0,2
3.7045,-3.9293,-0.0065185,0.00047122,-2,1,2
2.4495,-2.0527,-0.0065185,0.00047122,-2,1,2
-3.2238,-2.6554,-0.0065185,0.00047122,-2,0,2
-1.0395,-1.0261,-0.0065185,0.00047122,-2,0,2
-0.88294,-4.8695,-0.0065185,-3.9995,-1,0,2
-0.74983,-1.9647,-0.0065185,0.00047122,-2,0,2
-0.63668,-0.62327,-5.0065,0.00047122,1,0,2
0.54945,3.1098,-0.0065185,0.00047122,-2,1,2
-2.4588,-2.4453,-0.0065185,0.00047122,-2,0,2
0.39822,-0.81883,-0.0065185,0.00047122,-2,1,2
-0.33021,0.7291,2.9935,0.00047122,1,1,2
-1.9955,2.2834,-0.0065185,0.00047122,-2,0,2
5.7045,5.7179,-0.0065185,0.00047122,-2,1,2
-5.4405,-1.4271,-0.0065185,0.00047122,-2,0,2
-4.6238,-3.5568,2.9935,0.00047122,1,1,2
3.8945,3.9519,-0.0065185,0.00047122,-2,1,2
5.8545,5.9053,-0.0065185,0.00047122,-2,1,2
-1.718,1.106,-0.0065185,0.00047122,-2,0,2
-0.3814,1.509,-0.0065185,0.00047122,-2,1,2
0.48247,0.34588,-0.0065185,0.00047122,-2,1,2
-0.14553,-0.25961,-0.0065185,0.00047122,-2,1,2
1.727,0.23826,-0.0065185,0.00047122,-2,1,2
1.4686,1.482,-3.0065,0.00047122,1,1,2
2.5265,2.5399,-0.0065185,0.00047122,-2,1,2
-1.4392,1.7417,-0.0065185,0.00047122,-2,0,2
1.3816,1.1885,-0.0065185,0.00047122,-2,1,2
0.32505,0.33847,-0.0065185,0.00047122,-2,1,2
-0.26802,-0.9771,-4.0065,0.00047122,1,0,2
-1.2271,-1.2137,-0.0065185,0.00047122,-2,0,2
-0.1924,-0.17899,-0.0065185,0.00047122,-2,0,2
-2.1629,-2.1495,-0.0065185,0.00047122,-2,0,2
1.8467,2.2482,2.9935,0.00047122,1,1,2
3.1254,2.6707,-0.0065185,0.00047122,-2,1,2
4.1072,2.6707,-0.0065185,0.00047122,-2,1,2
-4.0829,-3.4695,-0.0065185,0.00047122,-2,0,2
5.0787,3.4921,-0.0065185,0.00047122,-2,1,2
-1.0586,-4.2952,-0.0065185,0.00047122,-2,0,2
0.95083,0.96424,-0.0065185,0.00047122,-2,1,2
-0.79993,-0.79335,-5.0065,0.00047122,1,0,2
-5.718,-5.7046,-0.0065185,0.00047122,-2,0,2
3.6186,4.2445,-0.0065185,0.00047122,-2,0,2
-4.5455,-2.0884,-0.0065185,0.00047122,-2,0,2
-3.6955,-3.6821,-0.0065185,0.00047122,-2,0,2
4.4495,3.6814,-0.0065185,0.00047122,-2,1,2
-4.2238,-2.2596,-0.0065185,0.00047122,-2,0,2
-4.0395,-2.3005,-0.0065185,0.00047122,-2,0,2
-4.8829,-3.4195,-0.0065185,0.00047122,-2,0,2
-4.7498,-3.2148,-0.0065185,0.00047122,-2,0,2
-4.6367,-3.8399,-0.0065185,0.00047122,-2,0,2
-3.5405,-2.7512,-0.0065185,0.00047122,-2,0,2
3.4677,3.0311,-0.0065185,0.00047122,-2,1,2
-3.3893,-2.9259,-0.0065185,0.00047122,-2,0,2
-2.3302,-2.4579,-0.0065185,0.00047122,-2,0,2
-1.98,-1.619,3.9935,0.00047122,1,1,2
-1.4405,3.4179,-0.0065185,0.00047122,-2,1,2
1.7762,-1.4159,-0.0065185,0.00047122,-2,1,2
0.96046,1.5239,-0.0065185,0.00047122,-2,1,2
-2.1081,-3.7701,-0.0065185,0.00047122,-2,0,2
-0.74983,4.3427,-0.0065185,0.00047122,-2,1,2
-1.5544,-1.541,-2.0065,0.00047122,1,0,3
2.1359,-0.68211,-0.0065185,0.00047122,-2,1,3
1.8545,1.8296,-0.0065185,0.00047122,-2,1,3
1.727,1.5904,-0.0065185,0.00047122,-2,1,3
-2.3814,-2.368,-0.0065185,0.00047122,-2,0,3
0.55447,1.4364,-0.0065185,0.00047122,-2,0,3
0.47197,0.056157,-0.0065185,1.0005,-1,0,3
-1.5505,1.3574,-0.0065185,0.00047122,-2,0,3
-3.5455,-1.3039,-0.0065185,0.00047122,-2,0,3
4.172,3.0354,-0.0065185,0.00047122,-2,1,3
3.5468,2.8603,-0.0065185,1.0005,-1,0,3
-1.5505,-2.1321,-0.0065185,0.00047122,-2,0,3
1.3262,-0.47299,-4.0065,0.00047122,1,0,3
1.172,-0.82925,-0.0065185,0.00047122,-2,0,3
-0.15315,-0.66477,-0.0065185,0.00047122,-2,0,3
1.4385,5.4744,-0.0065185,0.00047122,-2,1,3
-2.6644,-3.8612,-0.0065185,0.00047122,-2,0,3
-1.8641,-2.9852,-0.0065185,0.00047122,-2,0,3
-1.5838,-2.4448,-4.0065,0.00047122,1,1,3
-0.82803,3.4677,-0.0065185,0.00047122,-2,0,3
-3.1532,-3.1397,-0.0065185,0.00047122,-2,1,3
-1.2455,-1.2321,-0.0065185,0.00047122,-2,0,3
1.067,-0.68974,-4.0065,0.00047122,1,1,3
0.83697,-5.1569,-0.0065185,0.00047122,-2,1,3
1.8468,1.8603,-0.0065185,0.00047122,-2,0,3
-0.56155,0.90308,-0.0065185,0.00047122,-2,1,3
2.3356,0.499,-0.0065185,0.00047122,-2,1,3
4.8545,3.2954,-0.0065185,0.00047122,-2,0,3
-1.3955,-4.1046,-0.0065185,0.00047122,-2,1,3
1.1945,1.2079,3.9935,0.00047122,1,1,3
1.4495,-3.3821,-0.0065185,0.00047122,-2,1,3
2.0045,-1.2104,-0.0065185,0.00047122,-2,0,3
-1.9955,-1.6821,-0.0065185,0.00047122,-2,0,3
-3.6955,-1.7765,-0.0065185,0.00047122,-2,0,3
-6.4405,-2.9104,-0.0065185,0.00047122,-2,0,3
-3.2238,-5.2761,-0.0065185,0.00047122,-2,0,3
-5.0395,-5.0261,-0.0065185,0.00047122,-2,0,3
1.8919,2.3503,-0.0065185,0.00047122,-2,1,3
-1.5998,-1.4733,-4.0065,0.00047122,1,1,3
2.727,4.059,-0.0065185,0.00047122,-2,1,3
2.7045,1.5629,-0.0065185,0.00047122,-2,0,3
-1.8455,-2.2771,-0.0065185,0.00047122,-2,0,3
-1.568,-1.2758,3.9935,0.00047122,1,0,3
4.727,-2.6596,-0.0065185,0.00047122,-2,0,3
0.60447,0.61789,-0.0065185,0.00047122,-2,1,3
-0.88553,-3.6264,-0.0065185,0.00047122,-2,0,3
3.7045,1.4648,-0.0065185,0.00047122,-2,1,3
1.7045,1.7179,-0.0065185,0.00047122,-2,1,3
1.4495,2.6911,-4.0065,0.00047122,1,1,3
-0.76728,-0.75386,-0.0065185,0.00047122,-2,1,3
0.96046,0.92793,-0.0065185,0.00047122,-2,0,3
1.1171,1.0914,-0.0065185,0.00047122,-2,0,3
-0.24123,-0.22781,-0.0065185,0.00047122,-2,0,3
1.8545,0.19852,-0.0065185,0.00047122,-2,0,3
-0.84553,-0.92174,-0.0065185,0.00047122,-2,0,3
-0.71803,-0.70461,2.9935,0.00047122,1,0,3
0.0044729,1.4779,-0.0065185,0.00047122,-2,0,3
2.0045,2.0179,-0.0065185,0.00047122,-2,0,3
1.3045,-2.4696,-0.0065185,0.00047122,-2,0,3
4.5545,1.3485,-0.0065185,0.00047122,-2,0,3
3.172,2.1854,-0.0065185,0.00047122,-2,1,3
3.8545,-0.46573,-0.0065185,0.00047122,-2,1,3
3.277,2.5679,-4.0065,0.00047122,1,1,3
1.6186,-3.3821,-0.0065185,0.00047122,-2,1,3
-2.4735,0.86789,-0.0065185,0.00047122,-2,0,3
-2.5455,-2.0884,-0.0065185,0.00047122,-2,0,3
-2.163,-2.1496,-0.0065185,0.00047122,-2,1,3
1.0045,-0.50412,-0.0065185,0.00047122,-2,0,3
-0.84553,-0.83211,-2.0065,0.00047122,1,0,3
-2.718,-3.6821,-0.0065185,0.00047122,-2,1,3
-4.6955,-0.59624,-0.0065185,0.00047122,-2,1,3
4.4495,2.5679,-0.0065185,0.00047122,-2,1,3
-4.5455,-3.3779,-0.0065185,0.00047122,-2,1,3
-3.863,-3.8496,3.9935,0.00047122,1,0,3
0.84685,-4.3821,-0.0065185,0.00047122,-2,1,3
1.4385,-2.3024,-0.0065185,0.00047122,-2,1,3
3.5545,3.5679,-0.0065185,0.00047122,-2,0,3
-1.8455,-3.0701,-0.0065185,0.00047122,-2,0,3
5.8545,0.27715,-0.0065185,0.00047122,-2,1,3
-4.968,-4.9546,3.9935,0.00047122,1,1,3
0.61697,-6.3821,-0.0065185,0.00047122,-2,1,3
-1.4455,-0.50274,-0.0065185,0.00047122,-2,1,3
-7.3955,-6.5921,-0.0065185,0.00047122,-2,0,3
1.4045,6.3079,-0.0065185,0.00047122,-2,1,3
-0.10553,-0.092111,-0.0065185,0.00047122,-2,1,3
-1.539,-1.5756,-0.0065185,0.00047122,-2,1,3
-1.3075,-1.2941,-4.0065,0.00047122,1,1,3
2.2297,1.6431,-0.0065185,0.00047122,-2,1,3
-3.3955,-3.3821,-0.0065185,0.00047122,-2,0,3
-5.8855,-2.5161,-0.0065185,0.00047122,-2,1,3
-5.5455,-2.5045,-0.0065185,0.00047122,-2,0,3
4.722,4.7354,-4.0065,0.00047122,1,1,3
-5.163,-4.7569,-0.0065185,0.00047122,-2,0,3
-2.8379,1.0655,-0.0065185,0.00047122,-2,0,3
-1.5615,-2.1144,-0.0065185,0.00047122,-2,0,3
-1.3266,-1.3132,-5.0065,0.00047122,1,0,3
-2.127,-1.9086,-0.0065185,0.00047122,-2,1,3
-4.8455,-1.7938,-0.0065185,0.00047122,-2,1,3
3.727,6.0885,-0.0065185,0.00047122,-2,1,3
0.45447,-3.4862,-0.0065185,0.00047122,-2,0,3
0.83697,0.11139,-0.0065185,0.00047122,-2,0,3
2.1621,0.47986,-0.0065185,0.00047122,-2,1,3
1.8385,0.61937,4.9935,0.00047122,1,1,3
3.8945,6.1103,-0.0065185,0.00047122,-2,0,3
3.8545,3.8679,-0.0065185,0.00047122,-2,0,3
3.727,6.0885,-0.0065185,0.00047122,-2,1,3
-1.5455,-2.3711,-0.0065185,0.00047122,-2,0,3
1.172,0.67649,-0.0065185,0.00047122,-2,0,3
0.99685,1.0103,2.9935,0.00047122,1,0,3
-0.71803,-0.70461,-0.0065185,0.00047122,-2,1,3
-2.9955,1.6634,-0.0065185,0.00047122,-2,1,3
-1.9955,-2.5321,-0.0065185,0.00047122,-2,1,3
-1.9955,-1.6821,-0.0065185,0.00047122,-2,1,3
-1.6955,-1.6821,4.9935,0.00047122,1,1,3
4.0045,5.3993,-0.0065185,0.00047122,-2,0,3
4.4045,4.6304,-0.0065185,0.00047122,-2,0,3
3.8945,2.9079,-0.0065185,0.00047122,-2,0,3
0.46097,0.62792,-0.0065185,0.00047122,-2,1,3
4.7045,-2.7926,-0.0065185,0.00047122,-2,0,3
5.4495,3.4038,-0.0065185,0.00047122,-2,1,3
5.4045,5.4179,-0.0065185,0.00047122,-2,1,3
-4.5855,-3.9161,3.9935,0.00047122,1,0,3
-4.452,-4.4386,-0.0065185,0.00047122,-2,0,3
5.0925,-0.78409,-0.0065185,0.00047122,-2,1,3
1.7793,1.7927,-0.0065185,0.00047122,-2,1,3
-1.5041,-3.1113,-4.0065,0.00047122,1,1,3
-0.99553,-4.3821,-0.0065185,0.00047122,-2,0,3
-2.8455,-2.3981,-0.0065185,0.00047122,-2,1,3
0.70447,2.6444,-0.0065185,0.00047122,-2,0,3
-0.59053,-0.26356,4.9935,0.00047122,1,1,3
-0.76728,-3.0039,-0.0065185,0.00047122,-2,0,3
-1.0395,0.90042,-0.0065185,0.00047122,-2,0,3
1.0045,1.0179,-0.0065185,0.00047122,-2,0,3
2.0045,0.49184,-0.0065185,0.00047122,-2,0,3
-0.99553,-0.98211,-0.0065185,0.00047122,-2,0,3
-0.84553,-0.83211,-0.0065185,0.00047122,-2,1,3
3.0045,3.0179,-0.0065185,0.00047122,-2,1,3
-2.5455,1.0619,-3.0065,0.00047122,1,0,3
-1.9955,-1.4371,-0.0065185,0.00047122,-2,1,3
-5.6955,-1.6821,-0.0065185,0.00047122,-2,1,3
4.4495,4.8603,-0.0065185,0.00047122,-2,1,3
-1.5455,-1.8721,-0.0065185,0.00047122,-2,0,3
-1.313,-3.1936,1.9935,0.00047122,1,1,3
-3.273,-4.8695,-0.0065185,0.00047122,-2,1,3
1.6186,-0.31193,-0.0065185,0.00047122,-2,0,3
-1.3675,1.1679,-0.0065185,2.0005,-1,1,3
1.1707,0.19541,3.9935,0.00047122,1,0,3
1.6186,2.3279,-0.0065185,0.00047122,-2,0,3
0.52648,-0.058579,-0.0065185,0.00047122,-2,1,3
-0.43923,-0.42582,1.9935,0.00047122,1,1,3
3.3816,1.0092,-0.0065185,0.00047122,-2,0,3
2.3251,2.3385,-0.0065185,0.00047122,-2,0,3
1.277,1.2904,-0.0065185,0.00047122,-2,0,3
1.0861,0.81625,1.9935,0.00047122,1,0,3
-0.79865,1.9148,-0.0065185,0.00047122,-2,0,3
-1.1629,0.70055,-0.0065185,0.00047122,-2,0,3
1.1545,2.7404,-0.0065185,0.00047122,-2,0,3
1.282,2.632,-0.0065185,0.00047122,-2,0,3
-1.0814,0.16878,2.9935,0.00047122,1,1,3
0.52648,0.53989,-0.0065185,0.00047122,-2,1,3
1.4482,2.6291,-0.0065185,0.00047122,-2,0,3
2.8545,0.54731,-0.0065185,0.00047122,-2,1,3
-3.6955,-1.2756,-0.0065185,0.00047122,-2,0,3
2.4495,1.4863,-0.0065185,0.00047122,-2,1,3
-4.2238,-0.63524,-0.0065185,0.00047122,-2,0,3
-6.0395,-4.8148,-0.0065185,0.00047122,-2,0,3
-5.8829,-4.8399,-0.0065185,0.00047122,-2,1,3
1.2545,5.0222,-0.0065185,0.00047122,-2,0,3
-1.058,-1.0446,2.9935,0.00047122,1,0,3
-2.163,-2.5321,-0.0065185,0.00047122,-2,0,3
4.0045,1.8603,-0.0065185,0.00047122,-2,1,3
4.0045,4.0179,-0.0065185,0.00047122,-2,0,3
1.6045,2.1279,-0.0065185,0.00047122,-2,0,3
5.2545,-2.1773,-0.0065185,0.00047122,-2,1,3
0.15447,0.63201,-0.0065185,0.00047122,-2,1,4
2.282,3.0179,-0.0065185,0.00047122,-2,0,4
-3.5455,-1.7046,-0.0065185,0.00047122,-2,0,4
-1.8455,-1.8321,-0.0065185,0.00047122,-2,0,4
-3.718,-1.3808,-0.0065185,0.00047122,-2,0,4
-3.6097,-2.605,-0.0065185,0.00047122,-2,0,4
-2.5175,-2.6716,-0.0065185,0.00047122,-2,0,4
-1.5518,2.1616,-0.0065185,0.00047122,-2,0,4
-2.2955,-1.1955,-0.0065185,0.00047122,-2,1,4
1.4495,-1.2104,-0.0065185,0.00047122,-2,1,4
1.2327,-1.6439,-0.0065185,0.00047122,-2,0,4
3.0045,3.3618,-0.0065185,0.00047122,-2,1,4
-2.5455,-4.6201,1.9935,0.00047122,1,0,4
-1.9955,-3.7569,-0.0065185,0.00047122,-2,0,4
-1.6955,1.4629,3.9935,0.00047122,1,0,4
0.0044729,1.3002,-0.0065185,0.00047122,-2,1,4
-0.99553,0.10785,-0.0065185,0.00047122,-2,0,4
1.8545,0.86789,-0.0065185,0.00047122,-2,0,4
1.577,2.9559,2.9935,0.00047122,1,0,4
4.727,4.7404,-0.0065185,0.00047122,-2,1,4
1.4045,1.4179,-0.0065185,0.00047122,-2,0,4
1.3045,1.8603,-0.0065185,0.00047122,-2,1,4
0.55447,1.1229,-0.0065185,0.00047122,-2,0,4
-0.46303,-0.084977,-4.0065,0.00047122,1,0,4
2.1621,2.8864,-0.0065185,0.00047122,-2,0,4
-2.5615,-1.9438,-0.0065185,0.00047122,-2,0,4
3.3356,4.4744,-0.0065185,0.00047122,-2,0,4
-2.6955,-2.377,-0.0065185,0.00047122,-2,0,4
2.8545,0.11359,-0.0065185,0.00047122,-2,1,4
-2.418,-2.1841,-1.0065,0.00047122,1,0,4
2.0636,1.2946,-4.0065,0.00047122,1,0,4
-3.7673,-2.8601,-0.0065185,0.00047122,-2,1,4
5.2545,5.2679,-0.0065185,0.00047122,-2,1,4
-5.8455,-4.4601,-0.0065185,0.00047122,-2,0,4
-4.718,-3.5384,-0.0065185,0.00047122,-2,0,4
-4.6097,-3.605,-0.0065185,0.00047122,-2,0,4
5.5265,5.5399,-0.0065185,0.00047122,-2,1,4
4.6982,-2.5384,-0.0065185,-2.9995,-1,1,4
-5.3727,0.41685,-0.0065185,0.00047122,-2,0,4
4.5751,4.5885,-4.0065,0.00047122,1,1,4
-2.268,3.1454,-0.0065185,0.00047122,-2,1,4
-0.69553,-1.5399,-0.0065185,0.00047122,-2,1,4
-2.4405,3.3244,-0.0065185,0.00047122,-2,0,4
2.0827,0.52364,-2.0065,0.00047122,1,1,4
2.282,2.332,-0.0065185,0.00047122,-2,1,4
-0.54553,-0.53211,-0.0065185,0.00047122,-2,1,4
-0.69553,-0.45386,-0.0065185,0.00047122,-2,1,4
-1.1455,-0.9381,-0.0065185,0.00047122,-2,0,4
-0.69553,0.36324,-0.0065185,0.00047122,-2,1,4
-0.59053,-0.57711,-4.0065,0.00047122,1,1,4
-1.273,-2.8601,-0.0065185,0.00047122,-2,1,4
2.6186,2.4616,-0.0065185,0.00047122,-2,0,4
-1.2955,-1.2821,-0.0065185,0.00047122,-2,0,4
-2.5505,-0.76666,-0.0065185,0.00047122,-2,0,4
-3.7673,-3.7539,-0.0065185,0.00047122,-2,0,4
-2.9515,-4.8695,-0.0065185,0.00047122,-2,0,4
2.5171,3.2287,-4.0065,0.00047122,1,1,4
2.2502,3.659,-0.0065185,0.00047122,-2,0,4
1.5545,1.5679,-0.0065185,0.00047122,-2,1,4
2.1545,2.1679,-0.0065185,0.00047122,-2,0,4
-0.54553,-2.0689,-0.0065185,0.00047122,-2,0,4
2.3045,2.3179,-0.0065185,0.00047122,-2,0,4
1.4045,1.4179,-0.0065185,0.00047122,-2,1,4
-1.1855,3.0002,2.9935,0.00047122,1,1,4
3.461,-1.5321,-0.0065185,0.00047122,-2,1,4
-2.8455,0.094357,-0.0065185,0.00047122,-2,1,4
-0.69553,0.98009,-0.0065185,0.00047122,-2,0,4
1.8545,-1.2786,-0.0065185,0.00047122,-2,1,4
-1.1455,-3.2104,-0.0065185,0.00047122,-2,0,4
-0.97303,-0.95961,3.9935,0.00047122,1,0,4
0.55947,0.57289,-0.0065185,0.00047122,-2,0,4
-0.22378,-0.21036,-0.0065185,0.00047122,-2,0,4
-1.9515,-2.8158,-0.0065185,0.00047122,-2,0,4
3.5545,1.2185,-0.0065185,0.00047122,-2,1,4
3.022,3.0354,-3.0065,0.00047122,1,0,4
1.727,-1.5321,-0.0065185,0.00047122,-2,1,4
4.8545,1.482,-0.0065185,0.00047122,-2,0,4
7.4045,7.4179,-0.0065185,0.00047122,-2,0,4
6.2945,3.8344,3.9935,0.00047122,1,1,4
4.8945,5.4179,-0.0065185,0.00047122,-2,0,4
-4.152,-0.97206,-4.0065,0.00047122,1,0,4
4.0925,2.0319,-0.0065185,0.00047122,-2,0,4
0.30447,0.31789,-0.0065185,0.00047122,-2,1,4
0.44947,3.9194,-0.0065185,0.00047122,-2,0,4
-0.22378,-0.36036,-0.0065185,0.00047122,-2,0,4
-0.84553,-0.83211,-0.0065185,0.00047122,-2,1,4
-0.27303,-0.36799,-0.0065185,0.00047122,-2,0,4
0.24035,-0.051255,-4.0065,0.00047122,1,0,4
3.727,0.037417,-0.0065185,0.00047122,-2,0,4
1.3903,4.9079,-0.0065185,0.00047122,-2,1,4
-3.4735,2.5201,-0.0065185,0.00047122,-2,0,4
-3.5518,-3.0976,-0.0065185,0.00047122,-2,0,4
-3.0184,-3.1403,-3.0065,0.00047122,1,0,4
-2.6749,-4.4907,-0.0065185,0.00047122,-2,1,4
-2.273,-1.9749,1.9935,0.00047122,1,0,4
2.7729,1.3179,-0.0065185,0.00047122,-2,1,4
-2.3487,-0.37949,-5.0065,0.00047122,1,0,4
-2.8282,-2.8748,-0.0065185,0.00047122,-2,1,4
-2.4455,2.5864,-0.0065185,0.00047122,-2,0,4
0.83697,0.85039,-0.0065185,0.00047122,-2,1,4
1.1621,1.1755,-0.0065185,0.00047122,-2,1,4
-0.42951,0.23642,-0.0065185,0.00047122,-2,0,4
0.37336,-4.3132,-0.0065185,-2.9995,-1,1,4
0.31802,0.63353,-4.0065,0.00047122,1,1,4
-4.9573,-4.9438,-0.0065185,0.00047122,-2,1,4
3.8219,4.066,-0.0065185,0.00047122,-2,0,4
-2.6904,-3.5165,-0.0065185,0.00047122,-2,0,4
-5.6955,-6.1496,-0.0065185,0.00047122,-2,1,4
-2.3955,-1.9291,-0.0065185,0.00047122,-2,1,4
-2.0355,0.44116,-3.0065,0.00047122,1,0,4
2.282,5.0244,-0.0065185,0.00047122,-2,1,4
0.39035,3.1854,-0.0065185,0.00047122,-2,1,4
0.52648,-3.992,-0.0065185,0.00047122,-2,1,4
0.0044729,-1.3808,-0.0065185,0.00047122,-2,1,4
0.0044729,-1.5481,-4.0065,0.00047122,1,0,4
4.0045,0.017889,-0.0065185,0.00047122,-2,0,4
-2.3955,-6.2721,-0.0065185,0.00047122,-2,1,4
0.11447,0.12789,-0.0065185,0.00047122,-2,1,4
-2.452,0.017889,-0.0065185,0.00047122,-2,1,4
1.9164,4.0179,-0.0065185,0.00047122,-2,0,4
6.4045,6.4179,-0.0065185,0.00047122,-2,0,4
-2.8855,-0.42582,-0.0065185,0.00047122,-2,0,4
2.461,1.1921,-4.0065,0.00047122,1,0,4
2.0925,-3.3821,-0.0065185,0.00047122,-2,1,4
3.0045,1.7927,-0.0065185,0.00047122,-2,1,4
4.0045,2.5679,-0.0065185,0.00047122,-2,1,4
3.4045,3.4179,-2.0065,0.00047122,1,1,4
3.0045,-1.6821,-0.0065185,0.00047122,-2,1,4
3.0045,3.0179,-0.0065185,0.00047122,-2,1,4
-0.99553,-0.98211,-0.0065185,0.00047122,-2,1,4
0.85447,1.8603,1.9935,0.00047122,1,0,4
-0.27303,-0.25961,-0.0065185,0.00047122,-2,0,4
2.6186,2.632,-0.0065185,0.00047122,-2,1,4
3.7045,3.7179,-0.0065185,0.00047122,-2,0,4
1.7045,1.7179,-0.0065185,0.00047122,-2,1,4
-0.99553,-1.8695,-0.0065185,0.00047122,-2,0,4
-3.9955,1.467,-0.0065185,0.00047122,-2,1,4
-1.9955,-1.9821,-0.0065185,0.00047122,-2,0,4
1.7045,2.3629,-3.0065,0.00047122,1,1,4
0.55947,0.11139,-0.0065185,0.00047122,-2,1,4
-0.29553,0.48964,-0.0065185,0.00047122,-2,0,4
1.3045,0.81625,-0.0065185,0.00047122,-2,1,4
1.5545,0.58391,-0.0065185,0.00047122,-2,1,4
-1.313,-0.92136,3.9935,0.00047122,1,0,4
0.84685,0.14934,-0.0065185,0.00047122,-2,0,4
-0.84553,-2.8721,-0.0065185,0.00047122,-2,0,4
-3.273,-0.59073,-0.0065185,0.00047122,-2,1,4
2.7903,1.3299,2.9935,0.00047122,1,0,4
-3.4735,-2.0101,-0.0065185,0.00047122,-2,0,4
3.4045,1.9093,-0.0065185,0.00047122,-2,1,4
0.11447,-1.8245,-0.0065185,0.00047122,-2,1,4
0.45447,-0.075611,-0.0065185,0.00047122,-2,0,4
0.83697,0.40039,-0.0065185,0.00047122,-2,1,4
-0.44553,2.5679,-0.0065185,0.00047122,-2,1,4
-0.37803,-0.68974,-3.0065,0.00047122,1,0,4
-0.16303,-0.14961,-0.0065185,0.00047122,-2,0,4
0.1621,-0.25847,-0.0065185,0.00047122,-2,0,4
-1.4295,0.16026,-0.0065185,0.00047122,-2,1,4
-2.6644,-2.4161,-0.0065185,0.00047122,-2,1,4
0.87302,0.85427,-0.0065185,0.00047122,-2,0,4
1.0427,0.88644,-0.0065185,0.00047122,-2,1,4
-0.69553,-0.42711,-0.0065185,0.00047122,-2,1,4
2.1545,0.61289,-0.0065185,0.00047122,-2,1,4
-1.823,-2.5321,-0.0065185,0.00047122,-1,1,4
1.3903,0.55987,-0.0065185,0.00047122,-2,0,4
2.4825,1.2912,-0.0065185,0.00047122,-2,1,4
6.5545,2.5679,-0.0065185,0.00047122,-2,1,4
-7.163,-6.2104,-0.0065185,0.00047122,-2,0,4
4.8468,4.8603,-0.0065185,0.00047122,-2,1,4
4.1205,4.0404,-4.0065,0.00047122,1,0,4
-1.163,2.6636,-0.0065185,0.00047122,-2,1,4
-0.8379,3.9079,-0.0065185,0.00047122,-2,0,4
2.8545,2.8679,-0.0065185,0.00047122,-2,1,4
-5.6955,0.68607,-0.0065185,0.00047122,-2,1,4
-3.3955,-1.9491,-0.0065185,0.00047122,-2,0,4
-4.9955,1.6375,-0.0065185,0.00047122,-2,1,5
-5.2455,-1.1715,-0.0065185,0.00047122,-2,0,5
2.8545,3.6304,-0.0065185,0.00047122,-2,1,5
0.28197,-2.4046,-0.0065185,0.00047122,-2,0,5
1.3903,1.4038,-0.0065185,0.00047122,-2,1,5
-2.6955,-0.70461,-0.0065185,0.00047122,-2,0,5
-2.4405,-1.5962,-0.0065185,0.00047122,-2,0,5
2.2327,1.2624,-0.0065185,0.00047122,-2,1,5
-4.0395,-1.2758,-0.0065185,0.00047122,-2,0,5
1.8919,2.945,-0.0065185,0.00047122,-2,1,5
3.7588,3.3385,-0.0065185,0.00047122,-2,1,5
-4.6367,-0.9771,-0.0065185,0.00047122,-2,0,5
3.9495,3.6495,4.9935,0.00047122,1,1,5
3.4677,3.2148,-0.0065185,0.00047122,-2,1,5
-4.3893,-3.762,-0.0065185,0.00047122,-2,0,5
3.7392,3.5601,-0.0065185,0.00047122,1,1,5
-2.28,-0.10302,-0.0065185,0.00047122,-2,0,5
0.24628,1.8207,-0.0065185,0.00047122,-2,1,5
-0.20107,-0.069465,1.9935,0.00047122,1,1,5
-2.9955,0.1926,-0.0065185,0.00047122,-2,1,5
1.4545,-3.9771,-0.0065185,0.00047122,-2,1,5
0.83697,3.5441,-0.0065185,0.00047122,-2,1,5
-0.15315,-0.13974,-0.0065185,0.00047122,-2,0,5
0.13845,0.61937,4.9935,0.00047122,1,1,5
-3.3266,-3.3132,-0.0065185,0.00047122,-2,1,5
1.1359,-2.4632,-0.0065185,0.00047122,-2,0,5
-2.9573,0.073896,-0.0065185,0.00047122,-2,0,5
-3.6955,-0.79958,-0.0065185,0.00047122,-2,0,5
4.4495,4.4629,-0.0065185,0.00047122,-2,1,5
-5.2238,-2.6554,-0.0065185,0.00047122,-2,0,5
4.4485,4.4619,4.9935,0.00047122,1,1,5
-4.8829,-3.9821,-0.0065185,0.00047122,-2,0,5
-4.7498,-3.9821,-0.0065185,0.00047122,-2,1,5
5.4045,4.059,-0.0065185,0.00047122,-2,1,5
-3.6955,-3.1371,-0.0065185,0.00047122,-2,0,5
-6.4405,-3.1271,-0.0065185,0.00047122,-2,1,5
-0.24553,2.5729,-0.0065185,0.00047122,-2,0,5
0.60447,4.3526,-0.0065185,0.00047122,-2,1,5
-1.1055,-1.0921,-0.0065185,0.00047122,-2,1,5
-0.93903,-2.834,4.9935,0.00047122,1,0,5
-0.9075,-3.1877,-0.0065185,0.00047122,-2,1,5
-0.44553,-0.52561,-0.0065185,0.00047122,-2,1,5
-2.5455,-2.5321,-0.0065185,0.00047122,-2,1,5
2.172,0.34301,1.9935,0.00047122,1,1,5
4.0045,3.9364,-0.0065185,0.00047122,-2,1,5
4.0045,2.0868,-0.0065185,0.00047122,-2,1,5
3.0045,2.2864,-0.0065185,0.00047122,-2,1,5
1.0045,2.0619,-0.0065185,0.00047122,-2,0,5
-2.8455,-4.1496,-0.0065185,0.00047122,-2,0,5
2.427,0.045538,4.9935,0.00047122,1,1,5
0.44947,-1.5727,-0.0065185,0.00047122,-2,1,5
4.2327,3.1284,-0.0065185,0.00047122,-2,1,5
-2.0395,-2.0261,-0.0065185,0.00047122,-2,0,5
1.8919,1.8227,-0.0065185,0.00047122,-2,1,5
-1.7498,-1.5864,-0.0065185,0.00047122,-2,1,5
-2.1455,0.60583,-0.0065185,0.00047122,-2,0,5
1.832,1.9538,-4.0065,0.00047122,1,1,5
-0.60965,-0.50412,-0.0065185,0.00047122,-2,0,5
-3.9955,-3.9821,-0.0065185,0.00047122,-2,0,5
-3.9955,-3.9821,-0.0065185,0.00047122,-2,0,5
3.0045,2.4831,-0.0065185,0.00047122,-2,1,5
-2.9955,-2.5321,-0.0065185,0.00047122,-2,1,5
-2.4455,3.694,-0.0065185,0.00047122,-2,0,5
2.087,2.4255,4.9935,0.00047122,1,0,5
-0.60803,-2.3897,-0.0065185,0.00047122,-2,0,5
0.55447,-0.41609,-0.0065185,0.00047122,-2,1,5
2.3045,1.4079,-0.0065185,0.00047122,-2,1,5
-1.5505,0.39404,-0.0065185,0.00047122,-2,1,5
-1.4455,0.35566,-0.0065185,0.00047122,-2,1,5
-1.228,-1.2146,4.9935,0.00047122,1,1,5
-2.1055,-1.3421,-0.0065185,0.00047122,-2,1,5
2.2545,3.5136,-0.0065185,0.00047122,-2,0,5
0.39197,-1.3527,-0.0065185,0.00047122,-2,1,5
-0.9249,-0.91149,-0.0065185,0.00047122,-2,1,5
-0.7855,-0.65358,3.9935,0.00047122,1,1,5
1.1145,0.52789,-0.0065185,0.00047122,-2,0,5
-2.3955,-2.3821,-0.0065185,0.00047122,-2,1,5
-3.8855,-3.8721,-0.0065185,0.00047122,-2,1,5
6.461,0.96579,-0.0065185,0.00047122,-2,0,5
4.0925,3.7927,-0.0065185,0.00047122,-2,0,5
-3.4703,-4.6469,-4.0065,0.00047122,1,0,5
-4.4405,-5.4386,-0.0065185,0.00047122,-2,1,5
-1.5455,-1.5321,-0.0065185,0.00047122,-2,1,5
0.17197,3.4009,-0.0065185,0.00047122,-2,1,5
-1.6955,2.1059,-0.0065185,0.00047122,-2,0,5
2.0045,-1.4271,-0.0065185,0.00047122,-2,1,5
-1.2955,3.049,-0.0065185,0.00047122,-2,1,5
-1.1005,-1.0871,3.9935,0.00047122,1,1,5
-1.7673,4.6461,-0.0065185,0.00047122,-2,1,5
-2.9515,-3.2864,-0.0065185,0.00047122,-2,1,5
-0.10812,-0.094701,-0.0065185,0.00047122,-2,0,5
-0.84553,-2.8721,-0.0065185,0.00047122,-2,0,5
0.72697,2.9376,3.9935,0.00047122,1,1,5
-3.3814,-1.8941,-0.0065185,0.00047122,-2,1,5
1.4825,1.4959,-0.0065185,0.00047122,-2,1,5
1.7045,-3.9472,-0.0065185,0.00047122,-2,1,5
1.4495,1.4629,4.9935,0.00047122,1,1,5
-2.7673,-2.7539,-0.0065185,0.00047122,-2,1,5
1.9605,-4.6386,-0.0065185,0.00047122,-2,0,5
-3.1081,-5.2644,-0.0065185,0.00047122,-2,1,5
1.2502,1.2636,-0.0065185,0.00047122,-2,0,5
-0.35437,-2.751,-0.0065185,0.00047122,-2,0,5
-1.1455,0.32291,-0.0065185,0.00047122,-2,0,5
0.98197,-0.84999,2.9935,0.00047122,1,0,5
2.6186,-0.53211,-0.0065185,0.00047122,-2,0,5
1.3045,-2.6438,-0.0065185,0.00047122,-2,1,5
2.5595,3.6119,-0.0065185,0.00047122,-2,1,5
0.77622,2.1896,-0.0065185,0.00047122,-2,1,5
-0.95151,-0.6381,-0.0065185,0.00047122,-2,1,5
0.81706,2.104,-5.0065,0.00047122,1,0,5
2.5595,3.0396,-0.0065185,0.00047122,-2,0,5
-0.39553,-2.3664,-0.0065185,0.00047122,-2,1,5
2.8945,0.53851,-0.0065185,0.00047122,-2,0,5
-5.452,-2.4386,-0.0065185,0.00047122,-2,0,5
-4.6336,-2.2006,-4.0065,0.00047122,1,1,5
-4.7703,-6.3821,-0.0065185,0.00047122,-2,1,5
4.0631,3.4631,1.9935,0.00047122,1,0,5
5.2868,5.3803,-0.0065185,0.00047122,-2,1,5
7.4045,7.4179,-0.0065185,0.00047122,-2,0,5
-6.3955,-4.6104,-0.0065185,0.00047122,-2,0,5
-5.4355,-4.0407,2.9935,0.00047122,1,0,5
4.172,-0.36461,-0.0065185,0.00047122,-2,1,5
-3.5379,-3.5245,1.9935,0.00047122,1,1,5
-1.4405,1.0767,-0.0065185,0.00047122,-2,1,5
-2.2238,-1.2104,-0.0065185,0.00047122,-2,0,5
0.15447,0.39614,-0.0065185,0.00047122,-2,1,5
0.13197,0.86789,-4.0065,0.00047122,1,1,5
1.727,-2.4947,-0.0065185,0.00047122,-2,1,5
2.6186,1.482,-0.0065185,0.00047122,-2,1,5
5.5265,5.5399,-0.0065185,0.00047122,-2,0,5
-4.6892,-4.7771,2.9935,0.00047122,1,0,5
-1.3727,-1.4453,-0.0065185,0.00047122,-2,0,5
0.32505,-2.1496,-0.0065185,0.00047122,-2,1,5
2.277,0.17551,-0.0065185,0.00047122,-2,1,5
-1.2271,-1.2666,-0.0065185,0.00047122,-2,0,5
0.20135,-0.67207,-0.0065185,0.00047122,-2,1,5
-3.8282,-3.7766,-0.0065185,0.00047122,-2,0,5
7.4045,4.0179,-0.0065185,0.00047122,-2,1,5
-6.2855,-3.6896,2.9935,0.00047122,1,1,5
6.8945,-2.5321,-0.0065185,0.00047122,-2,1,5
-7.3955,-3.9727,-0.0065185,0.00047122,-2,0,5
-7.8855,-6.2721,-0.0065185,0.00047122,-2,1,5
-4.2455,-2.8721,-0.0065185,0.00047122,-2,0,5
-3.608,-3.5946,3.9935,0.00047122,1,1,5
6.0751,-3.3821,-0.0065185,0.00047122,-2,0,5
5.6145,0.12789,-0.0065185,0.00047122,-2,1,5
1.5545,1.5679,-0.0065185,0.00047122,-2,1,5
-1.313,-4.0354,3.9935,0.00047122,1,1,5
1.727,-3.151,-0.0065185,0.00047122,-2,1,5
1.6186,-0.34456,-0.0065185,0.00047122,-2,1,5
0.48247,-3.1611,-0.0065185,0.00047122,-2,1,5
-3.8455,-0.35236,-0.0065185,0.00047122,-2,0,5
4.727,2.0459,-0.0065185,0.00047122,-2,1,5
-1.6097,-3.9962,-0.0065185,0.00047122,-2,0,5
-1.3675,-1.3541,3.9935,0.00047122,1,0,5
-0.43923,3.7385,-0.0065185,0.00047122,-2,0,5
3.6273,3.6407,-0.0065185,0.00047122,-2,1,5
7.4045,4.0179,-0.0065185,0.00047122,-2,0,5
6.4045,6.3079,-0.0065185,0.00047122,-2,1,5
3.5545,3.4744,-0.0065185,0.00047122,-2,0,5
-4.8455,-2.2919,-0.0065185,0.00047122,-2,0,5
3.4045,2.5828,-0.0065185,0.00047122,-2,1,5
3.8945,3.9079,-0.0065185,0.00047122,-2,1,5
3.461,2.4744,-0.0065185,0.00047122,-2,1,5
0.91645,1.8864,-0.0065185,0.00047122,-2,1,5
-0.54553,-0.75729,-0.0065185,0.00047122,-2,0,5
-4.163,2.332,-0.0065185,0.00047122,-2,0,5
2.8468,2.8603,-0.0065185,0.00047122,-2,1,5
2.5705,2.5839,-0.0065185,0.00047122,-2,1,5
-2.1766,-2.5415,-3.0065,0.00047122,1,1,5
-0.27303,1.5679,-0.0065185,0.00047122,-2,1,5
3.8545,-0.59703,-0.0065185,0.00047122,-2,1,5
3.5545,0.26359,-0.0065185,0.00047122,-2,1,5
1.172,1.1854,-0.0065185,0.00047122,-2,1,5
3.8468,3.8603,-0.0065185,0.00047122,-2,1,5
6.4495,2.0079,-0.0065185,0.00047122,-2,0,6
2.2545,2.2679,-0.0065185,0.00047122,-2,0,6
0.39197,-3.5946,-0.0065185,0.00047122,-2,1,6
-0.9249,-3.0474,-0.0065185,0.00047122,-2,0,6
1.6145,-3.0976,-0.0065185,0.00047122,-2,0,6
2.223,1.3864,-0.0065185,0.00047122,-2,1,6
-1.9955,-2.7046,-0.0065185,0.00047122,-2,0,6
-2.6955,-0.8074,-0.0065185,0.00047122,-2,0,6
-4.4405,-4.4271,-0.0065185,0.00047122,-2,0,6
-6.2238,-6.2104,-0.0065185,0.00047122,-2,0,6
4.0485,1.0619,-0.0065185,0.00047122,-2,1,6
-3.8829,-3.4195,-0.0065185,0.00047122,-2,0,6
-3.2998,-2.4546,3.9935,0.00047122,1,1,6
2.837,2.8504,-0.0065185,0.00047122,-2,1,6
-2.1532,2.4052,-0.0065185,0.00047122,-2,0,6
2.4385,6.4744,-0.0065185,0.00047122,-2,1,6
-2.6644,-2.651,-0.0065185,0.00047122,-2,0,6
0.87302,3.7927,-0.0065185,0.00047122,-2,1,6
0.74274,3.6145,4.9935,0.00047122,1,1,6
1.187,3.3002,-0.0065185,0.00047122,-2,0,6
2.7045,1.023,-0.0065185,0.00047122,-2,1,6
1.8545,3.9385,-0.0065185,0.00047122,-2,1,6
-3.718,-2.4801,-0.0065185,0.00047122,-2,0,6
3.1686,0.31366,2.9935,0.00047122,1,1,6
0.52648,3.0899,-0.0065185,0.00047122,-2,1,6
-3.4392,-2.6738,-0.0065185,0.00047122,-2,0,6
-2.3727,-1.72,-0.0065185,0.00047122,-2,1,6
-0.29553,0.33847,-0.0065185,0.00047122,-2,0,6
2.4495,2.4629,-0.0065185,0.00047122,-2,1,6
-2.8455,-0.53711,-0.0065185,0.00047122,-2,0,6
2.427,-1.2104,2.9935,0.00047122,1,1,6
-3.6097,-1.4881,-0.0065185,0.00047122,-2,0,6
0.52648,1.6805,-0.0065185,0.00047122,-2,1,6
3.4482,0.46159,-0.0065185,0.00047122,-2,1,6
2.3816,2.945,-0.0065185,0.00047122,-2,1,6
0.32505,0.33847,-0.0065185,0.00047122,-2,0,6
3.0045,4.4629,-0.0065185,0.00047122,-2,1,6
-1.5455,1.4116,-0.0065185,0.00047122,-2,1,6
0.15447,1.3354,-0.0065185,0.00047122,-2,0,6
-0.12303,-0.10961,-4.0065,0.00047122,1,0,6
1.727,0.74039,-0.0065185,0.00047122,-2,1,6
-0.3814,-0.36799,-0.0065185,0.00047122,-2,1,6
-2.4735,3.1969,-0.0065185,0.00047122,-2,0,6
2.1108,-1.0399,-4.0065,0.00047122,1,1,6
0.17197,-2.5041,-0.0065185,0.00047122,-2,1,6
-1.1532,-3.4258,-0.0065185,0.00047122,-2,0,6
4.5545,1.0019,-0.0065185,0.00047122,-2,1,6
-7.163,-3.8496,-0.0065185,0.00047122,-2,0,6
-6.8379,-6.8245,-0.0065185,0.00047122,-2,0,6
5.8205,5.139,-4.0065,0.00047122,1,1,6
3.3356,3.3002,-0.0065185,0.00047122,-2,0,6
-2.6955,1.7764,-0.0065185,0.00047122,-2,0,6
-0.14553,-0.13211,-0.0065185,0.00047122,-2,1,6
0.28197,0.20042,-0.0065185,0.00047122,-2,1,6
-1.8455,1.676,-0.0065185,0.00047122,-2,0,6
0.72697,1.5904,-0.0065185,0.00047122,-2,1,6
-0.60965,0.77219,-5.0065,0.00047122,1,1,6
-1.9955,4.7899,-0.0065185,0.00047122,-2,0,6
-1.9955,1.6304,-0.0065185,0.00047122,-2,0,6
0.0044729,0.017889,-0.0065185,0.00047122,-2,1,6
-3.9955,-1.3721,-0.0065185,0.00047122,-2,0,6
3.4045,-1.1566,3.9935,0.00047122,1,1,6
1.0045,-1.4964,-0.0065185,0.00047122,-2,0,6
-0.84553,-2.435,-2.0065,0.00047122,1,1,6
-1.9955,-3.3446,-0.0065185,0.00047122,-2,0,6
0.30447,0.31789,-0.0065185,0.00047122,-2,0,6
-0.44053,-0.42711,-0.0065185,0.00047122,-2,0,6
-1.2238,-1.0261,-0.0065185,0.00047122,-2,0,6
-2.9515,0.9053,-0.0065185,0.00047122,-2,0,6
2.5171,2.5305,2.9935,0.00047122,1,1,6
0.11447,-2.5321,-0.0065185,0.00047122,-2,1,6
-1.5455,-1.5321,-0.0065185,0.00047122,-2,1,6
-0.14553,-0.13211,-0.0065185,0.00047122,-2,0,6
-0.84553,0.94271,-0.0065185,0.00047122,-2,0,6
-0.71803,-0.70461,-3.0065,0.00047122,1,1,6
0.0044729,-1.4007,-0.0065185,0.00047122,-2,0,6
4.0045,-0.94384,-0.0065185,0.00047122,-2,1,6
-2.9955,-2.5646,-0.0065185,0.00047122,-2,0,6
-1.9955,-1.2873,-0.0065185,0.00047122,-2,0,6
-2.9955,-2.3915,-0.0065185,0.00047122,-2,0,6
2.5545,1.3582,2.9935,0.00047122,1,1,6
0.0044729,0.017889,-0.0065185,0.00047122,-2,0,6
-0.99553,-0.98211,-0.0065185,0.00047122,-2,0,6
0.0044729,-1.8245,-0.0065185,0.00047122,-2,0,6
0.0044729,-1.72,-0.0065185,-1.9995,-1,0,6
1.0045,0.017889,-0.0065185,0.00047122,-2,1,6
2.1545,-0.17145,-0.0065185,0.00047122,-2,0,6
-1.823,-2.5321,3.9935,0.00047122,1,1,6
2.3903,-3.3821,-0.0065185,0.00047122,-2,1,6
-4.5455,3.4299,-0.0065185,0.00047122,-2,0,6
-4.163,-4.1496,-0.0065185,0.00047122,-2,0,6
-3.8379,-3.8245,-0.0065185,0.00047122,-2,0,6
-3.2615,-2.7764,-4.0065,0.00047122,1,0,6
-4.3266,-1.8735,-0.0065185,0.00047122,-2,0,6
4.1359,1.2856,-0.0065185,0.00047122,-2,1,6
-3.9573,-3.9438,-0.0065185,0.00047122,-2,0,6
-3.363,-1.2231,-3.0065,0.00047122,1,0,6
-0.69038,0.80539,-0.0065185,0.00047122,-2,0,6
2.5951,1.516,-0.0065185,0.00047122,-2,1,6
-2.4976,-1.1131,-0.0065185,0.00047122,-2,0,6
-5.4223,-2.1088,-0.0065185,0.00047122,-2,0,6
4.3672,3.6068,-0.0065185,0.00047122,-2,1,6
-3.7038,1.7096,-0.0065185,2.0005,-1,0,6
-3.1476,-2.7557,2.9935,0.00047122,1,1,6
-4.452,2.3451,-0.0065185,0.00047122,-2,1,6
4.0925,-0.44961,-0.0065185,0.00047122,-2,0,6
-4.7703,0.16026,-0.0065185,0.00047122,-2,0,6
4.0631,-0.43211,-0.0065185,-2.9995,-1,1,6
-3.4453,-2.5728,3.9935,0.00047122,1,0,6
-2.9279,2.3739,3.9935,0.00047122,1,1,6
-2.922,1.8519,-0.0065185,0.00047122,-2,1,6
0.79197,-2.4386,-0.0065185,0.00047122,-2,0,6
-2.6649,1.0294,-0.0065185,0.00047122,-2,0,6
-2.6955,0.56446,-0.0065185,0.00047122,-2,0,6
-2.2905,-2.2771,3.9935,0.00047122,1,0,6
5.2327,-2.1539,-0.0065185,0.00047122,-2,1,6
5.0485,5.0619,-0.0065185,0.00047122,-2,1,6
-0.88294,-0.62327,-0.0065185,0.00047122,-2,0,6
3.2502,3.4729,-0.0065185,0.00047122,-2,0,6
2.3633,2.5547,-0.0065185,0.00047122,-2,1,6
5.5545,5.5679,-0.0065185,0.00047122,-2,1,6
5.172,5.1854,-0.0065185,0.00047122,-2,1,6
-4.3879,-1.4307,3.9935,0.00047122,1,0,6
2.4385,2.4519,-0.0065185,0.00047122,-2,0,6
1.6734,1.6868,-0.0065185,0.00047122,-2,1,6
1.5545,1.5679,-0.0065185,0.00047122,-2,1,6
-1.313,-2.7395,3.9935,0.00047122,1,1,6
-0.27303,2.4179,-0.0065185,0.00047122,-2,1,6
2.3903,-1.3061,-0.0065185,0.00047122,-2,0,6
-2.0235,-0.075611,-1.0065,0.00047122,1,1,6
1.7283,-1.2201,-3.0065,0.00047122,1,1,6
-5.8379,2.2709,-0.0065185,0.00047122,-2,0,6
2.5705,4.032,-0.0065185,0.00047122,-2,1,6
-2.3266,1.0103,-0.0065185,0.00047122,-2,0,6
-2.127,0.58391,-0.0065185,0.00047122,-2,0,6
-1.9573,-1.3593,-0.0065185,0.00047122,-2,0,6
-2.813,-2.3027,-0.0065185,0.00047122,-2,0,6
0.30962,1.9796,-0.0065185,0.00047122,-2,1,6
0.26385,0.63627,-4.0065,0.00047122,1,0,6
-3.4976,-3.179,-0.0065185,0.00047122,-2,0,6
-1.4223,-3.8721,-0.0065185,0.00047122,-2,0,6
2.6418,-2.7111,-0.0065185,0.00047122,-2,1,6
1.5545,-1.2137,-0.0065185,0.00047122,-2,1,6
1.322,2.0826,-3.0065,0.00047122,1,1,6
2.1621,4.1852,-0.0065185,0.00047122,-2,1,6
-0.39553,0.85039,-0.0065185,0.00047122,-2,0,6
-0.10553,-0.092111,-0.0065185,0.00047122,-2,0,6
0.097973,1.0019,2.9935,0.00047122,1,1,6
-2.163,-4.6996,-0.0065185,0.00047122,-2,0,6
2.8468,1.8603,-0.0065185,0.00047122,-2,1,6
-1.4295,-2.2873,-0.0065185,0.00047122,-2,1,6
1.6734,-2.0357,-0.0065185,0.00047122,-2,0,6
-1.8641,-1.4007,-0.0065185,0.00047122,-2,0,6
-7.5455,-7.1496,-0.0065185,0.00047122,-2,0,6
-6.413,-1.7869,-5.0065,0.00047122,1,0,6
5.8468,6.1103,-0.0065185,0.00047122,-2,1,6
-5.5615,-4.7132,-0.0065185,0.00047122,-2,0,6
5.3356,4.749,-0.0065185,0.00047122,-2,1,6
-4.127,-4.5136,-0.0065185,0.00047122,-2,0,6
-4.9573,-4.7996,-0.0065185,0.00047122,-2,0,6
1.8219,3.0029,-0.0065185,0.00047122,-2,1,6
-3.6904,-1.527,-0.0065185,0.00047122,-2,0,6
1.5951,3.1585,-0.0065185,0.00047122,-2,1,6
-4.4976,-1.3341,-0.0065185,0.00047122,-2,0,6
-5.4223,-3.7448,-0.0065185,0.00047122,-2,0,6
-4.3582,-4.2904,-0.0065185,0.00047122,-2,0,6
-5.3038,-3.8567,-0.0065185,0.00047122,-2,0,6
-5.2576,-5.2442,-0.0065185,0.00047122,-2,0,6
-1.2183,-1.1715,-0.0065185,0.00047122,-2,0,6
1.0438,3.2779,-2.0065,0.00047122,1,1,6
1.1654,1.1788,-0.0065185,0.00047122,-2,1,6
-1.1323,-1.0984,-0.0065185,0.00047122,-2,0,6
4.1208,4.1342,-0.0065185,0.00047122,-2,1,6
-4.0944,-4.0661,-0.0065185,0.00047122,-2,0,6
4.0885,4.1019,-0.0065185,0.00047122,-2,1,6
4.0427,1.2461,-0.0065185,0.00047122,-2,0,7
-7.2455,-7.2321,-0.0065185,0.00047122,-2,1,7
2.617,2.9355,-0.0065185,0.00047122,-2,0,7
3.0751,3.0885,-0.0065185,0.00047122,-2,1,7
-3.9955,-0.063457,-0.0065185,0.00047122,-2,1,7
-3.9955,-3.9821,-0.0065185,0.00047122,-2,1,7
-2.9955,-2.9821,-0.0065185,0.00047122,-2,0,7
4.5545,2.9181,-0.0065185,0.00047122,-2,1,7
-5.163,-3.7701,-0.0065185,0.00047122,-2,0,7
-5.8379,-5.7569,-0.0065185,0.00047122,-2,1,7
4.4045,3.1854,-0.0065185,0.00047122,-2,0,7
-5.8855,-5.8721,-0.0065185,0.00047122,-2,0,7
5.011,4.1339,3.9935,0.00047122,1,1,7
-1.163,0.056157,-0.0065185,0.00047122,-2,0,7
2.8468,2.8603,-0.0065185,0.00047122,-2,1,7
-0.56155,0.32304,-0.0065185,0.00047122,-2,1,7
3.8545,0.92986,-0.0065185,0.00047122,-2,1,7
-2.718,0.42684,-0.0065185,0.00047122,-2,0,7
2.3186,2.332,-4.0065,0.00047122,1,0,7
-1.5505,0.18058,-0.0065185,0.00047122,-2,0,7
-0.76728,-1.3039,-0.0065185,0.00047122,-2,0,7
2.9605,6.4744,-0.0065185,0.00047122,-2,1,7
2.1171,5.1059,-0.0065185,0.00047122,-2,1,7
-1.7912,-2.9852,3.9935,0.00047122,1,0,7
-0.63668,-1.8735,-0.0065185,0.00047122,-2,0,7
1.0045,1.0179,-0.0065185,0.00047122,-2,1,7
1.0045,2.9376,-0.0065185,0.00047122,-2,1,7
1.0045,3.1059,-0.0065185,0.00047122,-2,1,7
2.0045,3.7927,-0.0065185,0.00047122,-2,1,7
-0.99553,-2.1048,-0.0065185,0.00047122,-2,1,7
0.85447,0.86789,3.9935,0.00047122,1,1,7
0.0044729,3.4179,-0.0065185,0.00047122,-2,1,7
3.0045,0.39504,-0.0065185,0.00047122,-2,0,7
0.55447,5.0244,-0.0065185,0.00047122,-2,1,7
-3.6955,0.10591,-0.0065185,0.00047122,-2,1,7
2.4495,-1.9885,-0.0065185,0.00047122,-2,1,7
4.8545,3.821,-0.0065185,0.00047122,-2,1,7
4.727,3.8505,-0.0065185,0.00047122,-2,1,7
-4.6097,-4.5962,-0.0065185,0.00047122,-2,1,7
-3.9175,-0.6155,-2.0065,0.00047122,1,0,7
1.4482,2.8051,-0.0065185,0.00047122,-2,1,7
0.38162,-0.069465,-0.0065185,0.00047122,-2,1,7
-2.3161,-3.2104,-0.0065185,0.00047122,-2,0,7
-1.968,-0.53312,2.9935,0.00047122,1,0,7
-3.2271,-2.9285,-0.0065185,0.00047122,-2,0,7
-3.1924,1.4311,-0.0065185,0.00047122,-2,1,7
-0.54553,-2.4934,-0.0065185,0.00047122,-2,1,7
1.837,3.2839,-0.0065185,0.00047122,-2,1,7
1.1621,4.349,-0.0065185,0.00047122,-2,0,7
0.98845,1.0019,-5.0065,0.00047122,1,1,7
-2.3266,-5.2321,-0.0065185,0.00047122,-2,0,7
-1.8455,-1.8321,-0.0065185,0.00047122,-2,0,7
2.727,0.24307,-0.0065185,0.00047122,-2,0,7
-2.6955,-1.7996,-0.0065185,0.00047122,-2,0,7
-1.1455,2.3129,-0.0065185,0.00047122,-2,0,7
3.7045,-1.6541,-0.0065185,0.00047122,-2,1,7
-3.1405,-0.6381,-5.0065,0.00047122,1,1,7
1.5595,1.5729,-0.0065185,0.00047122,-2,1,7
1.3262,2.7896,-0.0065185,4.0005,-1,1,7
2.9605,2.9739,-0.0065185,0.00047122,-2,1,7
3.1171,3.1305,-0.0065185,0.00047122,-2,0,7
-4.3955,-0.34096,-0.0065185,0.00047122,-2,0,7
-5.8455,-5.8321,-0.0065185,0.00047122,-2,0,7
4.977,3.1969,-2.0065,0.00047122,1,1,7
-2.6097,1.1038,-0.0065185,0.00047122,-2,1,7
0.30447,-0.52403,-0.0065185,0.00047122,-2,0,7
2.3045,2.3179,-0.0065185,0.00047122,-2,1,7
-2.5505,-3.1454,-0.0065185,0.00047122,-2,0,7
1.7762,1.7896,-0.0065185,0.00047122,-2,1,7
-1.5015,1.3767,1.9935,0.00047122,1,0,7
0.11706,-2.5695,-0.0065185,0.00047122,-2,0,7
1.1545,1.1679,-0.0065185,0.00047122,-2,1,7
4.282,1.6174,-0.0065185,0.00047122,-2,0,7
-0.24553,-0.23211,-0.0065185,0.00047122,-2,1,7
0.21697,-0.23589,1.9935,0.00047122,1,1,7
-0.10553,-4.7527,-0.0065185,0.00047122,-2,1,7
1.4545,1.4079,-0.0065185,0.00047122,-2,1,7
-1.228,1.8648,-2.0065,0.00047122,1,0,7
-1.1532,0.16026,-0.0065185,0.00047122,-2,1,7
4.5545,-0.14,-0.0065185,0.00047122,-2,1,7
-3.863,-3.8496,-5.0065,0.00047122,1,0,7
5.4495,3.1098,-0.0065185,0.00047122,-2,1,7
-4.2238,-4.6104,-0.0065185,0.00047122,-2,1,7
-6.5455,-6.5321,-0.0065185,0.00047122,-2,0,7
7.4045,3.3067,-0.0065185,0.00047122,-2,0,7
-5.3955,-4.0701,-0.0065185,0.00047122,-2,1,7
-3.8855,-4.2134,-0.0065185,0.00047122,-2,1,7
-3.302,-2.3407,-4.0065,0.00047122,1,0,7
0.28197,-5.4701,-0.0065185,0.00047122,-2,1,7
-3.1455,-3.1321,-0.0065185,0.00047122,-2,0,7
4.4045,2.0485,-0.0065185,0.00047122,-2,1,7
-3.8855,-3.8721,-0.0065185,0.00047122,-2,1,7
-3.302,-1.0818,-4.0065,0.00047122,1,0,7
-2.0836,-4.1046,-0.0065185,0.00047122,-2,1,7
3.0045,0.9045,-0.0065185,0.00047122,-2,1,7
-0.44553,-2.7505,-0.0065185,0.00047122,-2,1,7
0.38697,-0.17899,3.9935,0.00047122,1,1,7
-0.82803,-2.9821,-0.0065185,0.00047122,-2,0,7
-1.5455,-1.5321,-0.0065185,0.00047122,-2,1,7
0.15447,-1.4386,-0.0065185,0.00047122,-2,1,7
-1.8455,-0.10961,-0.0065185,0.00047122,-2,1,7
3.8545,3.8679,-0.0065185,0.00047122,-2,0,7
-3.718,-2.4601,-0.0065185,0.00047122,-2,1,7
-3.1597,-0.23326,-3.0065,0.00047122,1,0,7
4.172,3.0899,-0.0065185,0.00047122,-2,1,7
-5.8379,-4.4841,-0.0065185,0.00047122,-2,0,7
-5.5615,-4.4088,-0.0065185,0.00047122,-2,1,7
-5.3955,-5.3821,-0.0065185,0.00047122,-2,0,7
-0.69553,-2.7261,-0.0065185,0.00047122,-2,0,7
0.59947,0.29934,4.9935,0.00047122,1,1,7
-1.2238,-1.2104,-0.0065185,0.00047122,-2,1,7
4.0045,4.0179,-0.0065185,0.00047122,-2,1,7
5.0045,-3.7476,-0.0065185,0.00047122,-2,0,7
8.2545,4.2679,-0.0065185,0.00047122,-2,1,7
-7.008,0.51992,3.9935,0.00047122,1,1,7
0.075098,-6.3821,-0.0065185,0.00047122,-2,0,7
0.39444,3.3806,-0.0065185,0.00047122,-2,1,7
-2.2141,0.3262,-0.0065185,0.00047122,-2,1,7
0.11873,2.28,-0.0065185,0.00047122,-2,0,7
0.70447,0.71789,-0.0065185,0.00047122,-2,1,7
-3.8455,-3.8321,-0.0065185,0.00047122,-2,0,7
-4.5455,-4.5321,-0.0065185,0.00047122,-2,0,7
3.872,1.0954,-4.0065,0.00047122,1,0,7
-1.4405,3.4179,-0.0065185,0.00047122,-2,1,7
-1.2238,2.9079,-0.0065185,0.00047122,-2,1,7
1.0485,-0.65148,-0.0065185,0.00047122,-2,1,7
-0.88294,2.1059,3.9935,0.00047122,1,1,7
3.2502,5.7927,-0.0065185,0.00047122,-2,1,7
-4.3544,-1.1413,-0.0065185,0.00047122,-2,0,7
3.4595,5.5502,-0.0065185,0.00047122,-2,0,7
-2.9323,-5.4701,4.9935,0.00047122,1,1,7
0.11447,-0.052736,-0.0065185,0.00047122,-2,1,7
1.461,-0.98458,-0.0065185,0.00047122,-2,1,7
3.8545,3.8679,-0.0065185,0.00047122,-2,1,7
1.5545,0.8531,-0.0065185,0.00047122,-2,0,7
3.1545,1.3354,-0.0065185,0.00047122,-2,1,7
3.4045,1.8603,-0.0065185,0.00047122,-2,1,7
-2.8855,-3.151,-0.0065185,0.00047122,-2,0,7
2.461,1.349,4.9935,0.00047122,1,0,7
2.0045,-2.2321,-0.0065185,0.00047122,-2,1,7
3.0045,-0.59461,-0.0065185,0.00047122,-2,1,7
-2.9955,-2.9821,-0.0065185,0.00047122,-2,0,7
-3.9955,-3.9821,-0.0065185,0.00047122,-2,1,7
3.4045,1.1994,3.9935,0.00047122,1,0,7
0.89447,0.90789,-0.0065185,0.00047122,-2,0,7
-1.452,-5.3286,-0.0065185,0.00047122,-2,0,7
1.8545,-1.7692,-0.0065185,0.00047122,-2,0,7
1.577,-1.2201,-3.0065,0.00047122,1,0,7
3.6186,-1.918,-0.0065185,0.00047122,-2,0,7
1.5265,1.0593,-0.0065185,0.00047122,-2,0,7
-2.4392,-2.4258,-0.0065185,0.00047122,-2,0,7
5.7045,4.7404,-0.0065185,0.00047122,-2,1,7
6.4495,5.632,-0.0065185,0.00047122,-2,1,7
-4.2238,-4.2104,-0.0065185,0.00047122,-2,0,7
3.5985,-0.20778,3.9935,0.00047122,1,0,7
-5.163,-4.2695,-0.0065185,0.00047122,-2,1,7
5.8468,3.5343,-0.0065185,0.00047122,-2,1,7
-2.3955,-5.8386,-0.0065185,0.00047122,-2,0,7
1.8945,0.86026,-0.0065185,0.00047122,-2,1,7
1.461,1.7519,-0.0065185,0.00047122,-2,0,7
-1.8455,0.499,-0.0065185,0.00047122,-2,0,7
-1.718,-1.3541,-0.0065185,0.00047122,-2,1,7
-3.8455,-3.7046,-0.0065185,0.00047122,-2,0,7
-0.44553,-2.4601,-0.0065185,0.00047122,-2,0,7
1.5545,-2.7637,-0.0065185,0.00047122,-2,0,7
3.1545,3.1679,-0.0065185,0.00047122,-2,0,7
-0.27303,-1.102,-0.0065185,0.00047122,-2,1,7
1.3903,0.68677,-0.0065185,0.00047122,-2,0,7
-0.47352,-0.46011,-0.0065185,0.00047122,-2,1,7
0.41077,-0.32972,-5.0065,0.00047122,1,0,7
0.38162,4.645,-0.0065185,0.00047122,-2,0,7
-2.9955,-2.9821,-0.0065185,0.00047122,-2,1,7
-0.99553,-0.98211,-0.0065185,0.00047122,-2,0,7
-3.1455,3.4779,-0.0065185,0.00047122,-2,0,7
1.4045,-2.6274,-0.0065185,0.00047122,-2,1,7
-0.20107,-0.10302,-0.0065185,0.00047122,-2,0,11
4.1792,4.1926,-0.0065185,0.00047122,-2,1,11
-4.144,-4.0695,-0.0065185,0.00047122,-2,0,11
2.1307,1.2236,-0.0065185,0.00047122,-2,1,11
-2.1028,-1.7452,-0.0065185,0.00047122,-2,0,11
4.0957,4.1091,-0.0065185,0.00047122,-2,1,11
1.082,1.0954,-0.0065185,0.00047122,-2,1,11
-0.061418,-0.020871,-0.0065185,0.00047122,-2,0,11
-0.051535,-0.015057,-0.0065185,0.00047122,-2,0,11
0.052079,0.065495,-0.0065185,0.00047122,-2,0,11
-0.99553,-0.0059144,-0.0065185,0.00047122,-2,0,11
-2.8455,-2.0023,-0.0065185,0.00047122,-2,0,11
2.427,1.2854,4.9935,0.00047122,1,1,11
-1.3814,-1.9675,-0.0065185,0.00047122,-2,1,11
-1.4735,-1.9697,-0.0065185,0.00047122,-2,1,11
-0.55182,3.5322,-0.0065185,0.00047122,-2,0,11
-1.1455,-2.6011,-0.0065185,0.00047122,-2,1,11
-2.718,0.99539,-0.0065185,0.00047122,-2,0,11
-2.3097,-2.2962,-5.0065,0.00047122,1,0,11
1.5265,-0.585,-0.0065185,0.00047122,-2,1,11
2.4482,0.65544,-0.0065185,0.00047122,-2,1,11
-4.3727,-4.3593,-0.0065185,0.00047122,-2,0,11
-0.3161,-1.6078,-0.0065185,0.00047122,-2,0,11
-0.26802,-0.2546,3.9935,0.00047122,1,1,11
0.0044729,-0.69332,-0.0065185,0.00047122,-2,0,11
0.0044729,2.9079,-0.0065185,0.00047122,-2,1,11
-0.99553,0.017889,-0.0065185,0.00047122,-2,0,11
5.8545,5.8679,-0.0065185,0.00047122,-2,1,11
-3.718,1.7927,-0.0065185,0.00047122,-2,0,11
-2.6097,-2.5321,-0.0065185,0.00047122,-2,0,11
-2.2175,-1.6821,3.9935,0.00047122,1,1,11
3.4495,-2.9384,-0.0065185,0.00047122,-2,0,11
1.2327,-2.8721,-0.0065185,0.00047122,-2,0,11
-0.03954,-0.026124,-0.0065185,0.00047122,-2,1,11
-3.1081,-6.0701,-0.0065185,0.00047122,-2,0,11
2.2502,2.2636,-0.0065185,0.00047122,-2,1,11
-0.35437,-2.4907,-0.0065185,0.00047122,-2,0,11
-1.4505,-3.2644,-0.0065185,0.00047122,-2,1,11
4.7045,1.2547,-0.0065185,0.00047122,-2,1,11
3.9995,2.0229,-4.0065,0.00047122,1,1,11
1.172,-3.7168,-0.0065185,0.00047122,-2,1,11
0.1621,0.17551,-0.0065185,0.00047122,-2,1,11
-2.2955,-2.2821,-0.0065185,0.00047122,-2,0,11
1.9595,2.8038,4.9935,0.00047122,1,1,11
2.8945,2.9079,-0.0065185,0.00047122,-2,1,11
4.461,4.4744,-0.0065185,0.00047122,-2,1,11
1.0925,-1.1083,-0.0065185,0.00047122,-2,1,11
-2.7703,-4.367,-0.0065185,0.00047122,-2,0,11
-0.48693,2.3765,-0.0065185,0.00047122,-2,1,11
0.42216,0.43558,-3.0065,0.00047122,1,0,11
1.9145,1.9279,-0.0065185,0.00047122,-2,0,11
0.93094,-0.038119,-0.0065185,0.00047122,-2,1,11
-0.20803,-1.0297,-0.0065185,0.00047122,-2,0,11
-2.8455,-0.41609,-0.0065185,0.00047122,-2,0,11
2.727,0.17142,-0.0065185,0.00047122,-2,1,11
-3.6097,-2.2962,-0.0065185,0.00047122,-2,0,11
3.0765,3.0899,-4.0065,0.00047122,1,1,11
-0.43923,4.2354,-0.0065185,0.00047122,-2,0,11
1.3816,0.39504,-0.0065185,0.00047122,-2,1,11
3.3251,3.3385,-0.0065185,0.00047122,-2,1,11
4.277,4.2904,-0.0065185,0.00047122,-2,1,11
-2.2271,-1.5554,-0.0065185,0.00047122,-2,0,11
2.2013,2.2148,-0.0065185,0.00047122,-2,1,11
-1.8629,-0.59316,-3.0065,0.00047122,1,0,11
-1.1378,-2.27,-0.0065185,0.00047122,-2,0,11
4.1254,4.1388,-0.0065185,0.00047122,-2,1,11
3.1072,3.1207,-0.0065185,0.00047122,-2,1,11
-2.6329,-3.8212,-0.0065185,-3.9995,-1,0,11
-2.0698,-1.8453,-0.0065185,0.00047122,-2,0,11
-1.7586,-0.30954,-3.0065,0.00047122,1,0,11
-0.049173,-0.035758,-0.0065185,0.00047122,-2,0,11
-0.94993,2.231,-0.0065185,0.00047122,-2,1,11
-3.0343,0.82913,-0.0065185,0.00047122,-2,0,11
-1.0285,-2.4714,-0.0065185,0.00047122,-2,0,11
-0.87353,-0.78052,-3.0065,0.00047122,1,0,11
-2.0193,-1.9383,-0.0065185,0.00047122,-2,0,11
0.024706,2.2056,-0.0065185,0.00047122,-2,1,11
0.021671,0.035087,-0.0065185,0.00047122,-2,1,11
3.9899,0.044821,-0.0065185,0.00047122,-2,0,11
2.992,3.0408,-0.0065185,0.00047122,-2,0,11
-2.535,-2.8615,-4.0065,0.00047122,1,1,11
1.9955,3.4344,-0.0065185,0.00047122,-2,1,11
-4.6955,-1.6745,-0.0065185,0.00047122,-2,0,11
6.4495,4.0129,-0.0065185,0.00047122,-2,1,11
4.2327,6.3559,-0.0065185,0.00047122,-2,1,11
6.0485,6.7927,-0.0065185,0.00047122,-2,1,11
-4.8829,-4.8695,-0.0065185,0.00047122,-2,0,11
4.1588,3.1426,-4.0065,0.00047122,1,0,11
1.8945,-4.3821,-0.0065185,0.00047122,-2,0,11
-3.452,2.3629,-0.0065185,0.00047122,-2,1,11
3.0925,1.9993,-0.0065185,0.00047122,-2,0,11
3.7793,-0.070136,-0.0065185,0.00047122,-2,1,11
3.2131,2.5354,2.9935,0.00047122,1,1,11
5.4495,5.4629,-0.0065185,0.00047122,-2,1,11
-5.2238,-2.6716,-0.0065185,0.00047122,-2,0,11
-0.03954,0.57418,-0.0065185,0.00047122,-2,0,11
0.041884,3.285,4.9935,0.00047122,1,1,11
-2.2412,5.0222,-0.0065185,0.00047122,-2,1,11
2.3633,2.7454,-0.0065185,0.00047122,-2,0,11
1.4595,1.7863,-0.0065185,0.00047122,-2,1,11
1.3045,1.1755,-0.0065185,0.00047122,-2,1,11
-3.5455,-1.0871,-0.0065185,0.00047122,-2,0,11
1.172,-0.64742,-0.0065185,0.00047122,-2,0,11
0.99685,2.5828,3.9935,0.00047122,1,1,11
-0.42951,1.4179,-0.0065185,0.00047122,-2,0,11
2.3045,-0.351,-0.0065185,0.00047122,-2,0,11
1.5595,2.8959,-0.0065185,0.00047122,-2,0,11
0.77622,0.78964,-0.0065185,0.00047122,-2,1,11
-1.2955,-0.81461,-0.0065185,0.00047122,-2,0,11
-1.1005,-1.0871,1.9935,0.00047122,1,1,11
0.77622,-1.4096,-0.0065185,0.00047122,-2,0,11
-1.0395,-1.4271,-0.0065185,0.00047122,-2,0,11
-1.1081,-1.0947,-0.0065185,0.00047122,-2,0,11
3.7045,0.67388,-0.0065185,0.00047122,-2,1,11
-3.1405,-2.7261,-5.0065,0.00047122,1,0,11
-0.76728,5.4961,-0.0065185,0.00047122,-2,1,11
1.9605,0.67388,-0.0065185,0.00047122,-2,1,11
-0.54553,-0.53211,-0.0065185,0.00047122,-2,0,11
-1.828,1.6404,-0.0065185,0.00047122,-2,0,11
-3.3955,-0.44535,-0.0065185,0.00047122,-2,0,11
-2.8855,0.51155,-0.0065185,0.00047122,-2,0,11
3.461,2.4744,-0.0065185,0.00047122,-2,1,11
-2.9336,-2.9201,-5.0065,0.00047122,1,0,11
-6.7703,-6.7569,-0.0065185,0.00047122,-2,0,11
5.5131,5.139,-0.0065185,0.00047122,-2,1,11
3.2868,3.3002,-0.0065185,0.00047122,-2,1,11
-2.7855,-3.9621,-5.0065,0.00047122,1,0,11
3.9309,5.1944,-0.0065185,0.00047122,-2,1,11
-1.783,-2.6394,-0.0065185,0.00047122,-2,0,11
4.6738,1.5373,-0.0065185,0.00047122,-2,1,11
-3.9645,-3.4596,-5.0065,0.00047122,1,0,11
4.4881,4.7515,-0.0065185,0.00047122,-2,1,11
-2.4066,-3.7932,-0.0065185,0.00047122,-2,0,11
1.6551,1.9703,-0.0065185,0.00047122,-2,1,11
4.7045,1.4209,-0.0065185,0.00047122,-2,1,11
-4.4405,-1.7539,-0.0065185,0.00047122,-2,0,11
4.2327,4.2461,-0.0065185,0.00047122,-2,1,11
3.0485,0.97285,-0.0065185,0.00047122,-2,1,11
2.5919,2.6053,-3.0065,0.00047122,1,0,11
-3.5505,-3.1733,-0.0065185,0.00047122,-2,0,11
-1.7673,-6.3996,-0.0065185,0.00047122,-2,0,11
0.048485,0.061901,-0.0065185,0.00047122,-2,0,11
0.89188,0.9053,-0.0065185,0.00047122,-2,0,11
-0.74983,1.106,-4.0065,0.00047122,1,0,11
1.0045,4.4179,-0.0065185,0.00047122,-2,1,11
0.0044729,1.9462,-0.0065185,0.00047122,-2,1,11
-1.9955,1.1493,-0.0065185,0.00047122,-2,0,11
1.7045,3.8059,-4.0065,0.00047122,1,1,11
3.0045,4.2354,-0.0065185,0.00047122,-2,1,11
-1.5455,-1.3635,-0.0065185,0.00047122,-2,0,11
1.172,1.6244,-0.0065185,0.00047122,-2,1,11
-0.8379,-0.97449,-0.0065185,0.00047122,-2,1,11
-3.1455,-3.2596,-0.0065185,0.00047122,-2,0,11
-1.3955,0.50929,-0.0065185,0.00047122,-2,1,11
-1.1855,-2.258,-4.0065,0.00047122,1,0,11
2.461,3.4179,-0.0065185,0.00047122,-2,1,11
-7.0836,-1.6439,-0.0065185,0.00047122,-2,0,11
-5.7703,-6.4386,-0.0065185,0.00047122,-2,0,11
-5.5041,-5.1032,-0.0065185,0.00047122,-2,0,11
-5.2778,-5.2644,-0.0065185,0.00047122,-2,0,11
-3.0855,-3.9621,-0.0065185,0.00047122,-2,0,11
-0.92199,-1.2644,-0.0065185,0.00047122,-2,0,11
-0.78302,-0.76961,-0.0065185,0.00047122,-2,0,11
2.6738,2.1726,-0.0065185,0.00047122,-2,1,11
-2.5645,-2.4696,-0.0065185,0.00047122,-2,0,11
1.4881,2.3873,-0.0065185,0.00047122,-2,1,11
0.41555,0.58686,-0.0065185,0.00047122,-2,1,11
-0.34494,-0.33153,-0.0065185,0.00047122,-2,0,11
-0.69852,-0.57103,-0.0065185,0.00047122,-2,1,11
0.60202,-0.85353,-5.0065,0.00047122,1,0,11
2.7899,2.7209,-0.0065185,0.00047122,-2,0,11
2.8221,2.8355,-0.0065185,0.00047122,-2,1,11
2.5545,-3.0527,-0.0065185,0.00047122,-2,1,11
3.172,-1.5921,-0.0065185,0.00047122,-2,1,11
1.8468,-2.2006,-0.0065185,0.00047122,-2,0,11
0.30447,0.31789,-0.0065185,0.00047122,-2,0,12
-1.5505,-1.5481,-0.0065185,0.00047122,-2,1,12
1.2327,0.017889,-0.0065185,0.00047122,-2,1,12
-1.0395,-1.0261,-0.0065185,0.00047122,-2,1,12
5.0045,5.0179,-0.0065185,0.00047122,-2,1,12
5.0045,6.5839,-0.0065185,0.00047122,-2,1,12
-4.9955,0.017889,-0.0065185,0.00047122,-2,0,12
4.0045,5.3993,-0.0065185,0.00047122,-2,1,12
3.0045,3.0179,-0.0065185,0.00047122,-2,1,12
1.0045,1.8354,-0.0065185,0.00047122,-2,1,12
4.0045,3.1692,-0.0065185,0.00047122,-2,1,12
-0.99553,3.4179,-0.0065185,0.00047122,-2,0,12
-0.84553,-0.33008,-5.0065,0.00047122,1,0,12
0.72697,4.9904,-0.0065185,0.00047122,-2,0,12
2.0045,-1.5066,-0.0065185,0.00047122,-2,1,12
3.0045,3.0179,-0.0065185,0.00047122,-2,1,12
-1.9955,1.1829,-0.0065185,0.00047122,-2,0,12
5.0045,5.0179,-0.0065185,0.00047122,-2,1,12
4.2545,-0.42286,4.9935,0.00047122,1,1,12
3.0045,1.415,-0.0065185,0.00047122,-2,1,12
-3.9955,-2.2322,-0.0065185,0.00047122,-2,0,12
-1.9955,-0.82403,-0.0065185,0.00047122,-2,0,12
3.0045,3.0179,-0.0065185,0.00047122,-2,1,12
2.5545,1.6377,4.9935,0.00047122,1,1,12
-0.99553,-1.6933,-0.0065185,0.00047122,-2,0,12
-1.8455,-0.83211,-0.0065185,0.00047122,-2,0,12
2.727,-2.2027,-0.0065185,0.00047122,-2,1,12
4.6186,1.4079,-0.0065185,0.00047122,-2,1,12
-5.5175,-1.9491,-0.0065185,0.00047122,-2,0,12
-3.4392,-1.0964,-0.0065185,0.00047122,-2,0,12
-2.9227,-3.9718,-5.0065,0.00047122,1,0,12
-2.3161,-2.8697,-0.0065185,0.00047122,-2,0,12
0.27696,0.5598,-0.0065185,0.00047122,-2,1,12
-0.22714,1.0023,-0.0065185,0.00047122,-2,1,12
-0.99553,-0.98211,-0.0065185,0.00047122,-2,0,12
0.0044729,0.017889,-0.0065185,0.00047122,-2,1,12
4.0045,3.8756,-0.0065185,0.00047122,-2,1,12
5.4045,5.4179,-0.0065185,0.00047122,-2,1,12
4.8945,0.017889,-0.0065185,0.00047122,-2,1,12
4.161,1.7179,4.9935,0.00047122,1,1,12
3.0925,1.0179,-0.0065185,0.00047122,-2,1,12
5.7793,3.6304,-0.0065185,0.00047122,-2,1,12
-4.9041,-3.4907,-0.0065185,-1.9995,-1,0,12
4.1768,4.1902,4.9935,0.00047122,1,1,12
-5.0855,-5.3221,-0.0065185,0.00047122,-2,0,12
-1.922,-1.9086,-0.0065185,0.00047122,-2,0,12
-3.783,-3.7696,-0.0065185,0.00047122,-2,0,12
2.6738,2.4744,-0.0065185,0.00047122,-2,1,12
4.5734,4.5869,-0.0065185,0.00047122,-2,1,12
-3.8791,-1.9107,2.9935,0.00047122,1,1,12
5.8945,0.46789,-0.0065185,0.00047122,-2,1,12
4.5545,2.0179,-0.0065185,0.00047122,-2,1,12
1.172,-0.98211,-0.0065185,0.00047122,-2,0,12
-1.1455,-2.5788,-0.0065185,0.00047122,-2,0,12
3.7045,0.86141,-0.0065185,0.00047122,-2,1,12
-5.4405,-3.0132,-0.0065185,0.00047122,-2,0,12
4.6327,4.5493,-3.0065,0.00047122,1,0,12
5.8945,-1.4881,-0.0065185,0.00047122,-2,1,12
6.5545,3.3618,-0.0065185,0.00047122,-2,1,12
-4.163,-5.5496,-0.0065185,0.00047122,-2,0,12
-1.1532,3.5603,-0.0065185,0.00047122,-2,0,12
-3.5455,2.0079,-0.0065185,0.00047122,-2,0,12
-7.163,-7.1496,-0.0065185,0.00047122,-2,0,12
6.0968,2.5828,2.9935,0.00047122,1,1,12
5.5705,5.5839,-0.0065185,0.00047122,-2,1,12
5.3356,5.349,-0.0065185,0.00047122,-2,1,12
-4.127,-2.341,-0.0065185,0.00047122,-2,1,12
-0.44553,3.5296,-0.0065185,0.00047122,-2,0,12
-0.82803,-0.81461,-0.0065185,0.00047122,-2,0,12
0.7121,1.0539,-4.0065,0.00047122,1,1,12
-3.4295,4.9839,-0.0065185,0.00047122,-2,0,12
2.6734,2.9368,-0.0065185,0.00047122,-2,1,12
-2.8641,-2.2507,-0.0065185,0.00047122,-2,0,12
-2.0338,-2.0204,-0.0065185,0.00047122,-2,0,12
1.737,2.4059,4.9935,0.00047122,1,1,12
-0.69038,3.8412,-0.0065185,0.00047122,-2,1,12
-0.58615,-0.34483,-0.0065185,0.00047122,-2,0,12
-1.9955,-1.9821,-0.0065185,0.00047122,-2,0,12
-0.99553,-0.98211,-0.0065185,0.00047122,-2,0,12
1.0045,0.38061,-0.0065185,0.00047122,-2,1,12
-0.84553,-0.83211,-5.0065,0.00047122,1,0,12
0.0044729,0.017889,-0.0065185,0.00047122,-2,1,12
-3.9955,-3.9821,-0.0065185,0.00047122,-2,0,12
-4.3955,-3.0527,-0.0065185,0.00047122,-2,0,12
-1.1055,-1.0921,-0.0065185,0.00047122,-2,0,12
-0.59553,-0.70461,-0.0065185,0.00047122,-2,0,12
-2.3955,2.9079,-0.0065185,0.00047122,-2,0,12
-2.0355,0.86789,-5.0065,0.00047122,1,0,12
-0.53903,6.7244,-0.0065185,0.00047122,-2,0,12
3.5545,3.5679,-0.0065185,0.00047122,-2,1,12
0.83697,6.0885,-0.0065185,0.00047122,-2,1,12
6.5545,6.5679,-0.0065185,0.00047122,-2,1,12
-5.563,1.5839,-5.0065,0.00047122,1,0,12
-2.8379,-0.98211,-0.0065185,0.00047122,-2,0,12
-3.5615,-1.9821,-0.0065185,0.00047122,-2,0,12
-3.3266,-3.3132,-0.0065185,0.00047122,-2,0,12
-2.827,-2.5921,-4.0065,0.00047122,1,0,12
-2.9573,-4.3438,-0.0065185,0.00047122,-2,0,12
-3.813,-3.7996,-0.0065185,0.00047122,-2,0,12
3.2493,2.1577,1.9935,0.00047122,1,1,12
-2.5862,-1.9821,-0.0065185,0.00047122,-2,0,12
1.5065,1.5199,-0.0065185,0.00047122,-2,1,12
2.4312,2.4446,-0.0065185,0.00047122,-2,1,12
-2.0582,-1.3888,-4.0065,0.00047122,1,0,12
1.3128,3.7262,-0.0065185,0.00047122,-2,1,12
-0.25759,-1.0942,-0.0065185,0.00047122,-2,1,12
-0.99553,-0.70461,-0.0065185,0.00047122,-2,0,12
0.15447,0.017889,-0.0065185,0.00047122,-2,1,12
-4.8455,0.74039,-0.0065185,0.00047122,-2,0,12
4.127,3.4179,3.9935,0.00047122,1,1,12
4.6186,4.632,-0.0065185,0.00047122,-2,1,12
-5.5175,-2.8721,-0.0065185,0.00047122,-2,1,12
4.6982,1.2679,-0.0065185,-2.9995,-1,1,12
2.3816,2.4831,-0.0065185,0.00047122,-2,1,12
2.0251,-0.44961,4.9935,0.00047122,1,1,12
1.277,-0.82449,-0.0065185,0.00047122,-2,1,12
-1.0771,-2.0286,-3.0065,0.00047122,1,0,12
-0.1924,1.349,-0.0065185,0.00047122,-2,1,12
1.0045,3.1854,-0.0065185,0.00047122,-2,1,12
1.8545,1.8679,-0.0065185,0.00047122,-2,1,12
2.727,2.1388,-0.0065185,0.00047122,-2,1,12
2.6186,2.1207,-0.0065185,0.00047122,-2,1,12
2.2265,0.10524,4.9935,0.00047122,1,1,12
0.44818,0.09214,-0.0065185,0.00047122,-2,0,12
4.0045,4.0179,-0.0065185,0.00047122,-2,1,12
-6.3955,-3.3027,-0.0065185,0.00047122,-2,0,12
5.4445,5.5179,-4.0065,0.00047122,1,0,12
2.172,2.468,-0.0065185,0.00047122,-2,0,12
0.1621,4.9079,-0.0065185,0.00047122,-2,1,12
-0.42951,1.6208,-0.0065185,0.00047122,-2,0,12
-0.36441,-0.31966,-4.0065,0.00047122,1,0,12
-2.8641,-5.1569,-0.0065185,0.00047122,-2,0,12
-0.033796,-2.3977,-0.0065185,0.00047122,-2,0,12
-3.1781,0.004605,-0.0065185,0.00047122,-2,0,12
-0.30068,-2.0721,-0.0065185,0.00047122,-2,1,12
-2.1455,-0.092111,-0.0065185,0.00047122,-2,0,12
-4.273,-2.5256,-0.0065185,0.00047122,-2,0,12
2.3903,2.4038,-0.0065185,0.00047122,-2,1,12
2.0325,-1.3857,-2.0065,0.00047122,1,0,12
0.17197,-2.1258,-0.0065185,0.00047122,-2,0,12
3.1621,3.1629,-0.0065185,0.00047122,-2,1,12
1.4385,4.2461,-0.0065185,0.00047122,-2,1,12
-1.6644,-3.4008,-0.0065185,0.00047122,-2,1,12
1.423,3.4553,-4.0065,0.00047122,1,0,12
1.837,1.4079,-0.0065185,0.00047122,-2,1,12
2.1621,0.68936,-0.0065185,0.00047122,-2,1,12
3.4385,1.5321,-0.0065185,0.00047122,-2,1,12
2.9234,2.9368,-4.0065,0.00047122,1,0,12
0.39197,7.4179,-0.0065185,0.00047122,-2,1,12
3.0751,-4.0302,-0.0065185,0.00047122,-2,1,12
2.0045,2.6279,-0.0065185,0.00047122,-2,1,12
3.0045,0.88117,-0.0065185,0.00047122,-2,1,12
2.0045,1.3067,-0.0065185,0.00047122,-2,1,12
1.7045,2.1854,-4.0065,0.00047122,1,0,12
-1.5505,-1.1397,-0.0065185,0.00047122,-2,0,12
0.77622,4.9079,-0.0065185,0.00047122,-2,0,12
-5.6955,-4.3534,-0.0065185,0.00047122,-2,0,12
-6.3955,-6.3821,-0.0065185,0.00047122,-2,0,12
-3.8855,-0.24863,-0.0065185,0.00047122,-2,0,12
-4.452,-3.2886,-0.0065185,0.00047122,-2,0,12
5.0925,3.8059,-0.0065185,0.00047122,-2,0,12
0.45447,-0.83649,-0.0065185,0.00047122,-2,1,12
0.83697,1.7896,-0.0065185,0.00047122,-2,0,12
-1.5455,-1.1496,-0.0065185,0.00047122,-2,1,12
2.172,0.61937,-0.0065185,0.00047122,-2,1,12
2.0045,0.25279,-0.0065185,0.00047122,-2,1,12
4.0045,2.8864,-0.0065185,0.00047122,-2,1,12
1.0045,0.056157,-0.0065185,0.00047122,-2,0,12
-0.84553,-0.83211,3.9935,0.00047122,1,1,12
0.28197,0.29539,-0.0065185,0.00047122,-2,1,12
0.39035,0.40376,-0.0065185,0.00047122,-2,1,12
2.5265,2.7722,-0.0065185,0.00047122,-2,1,12
-0.69553,-2.1258,-0.0065185,0.00047122,-2,0,12
-0.44053,-0.42711,-0.0065185,0.00047122,-2,1,12
-2.6955,-1.6821,-0.0065185,0.00047122,-2,0,13
-3.4405,-3.4271,-0.0065185,0.00047122,-2,0,13
-3.2238,0.11286,-0.0065185,0.00047122,-2,0,13
-0.03954,-0.98726,-0.0065185,0.00047122,-2,1,13
0.041884,0.055299,2.9935,0.00047122,1,1,13
0.75877,0.77219,-0.0065185,0.00047122,-2,1,13
-3.6367,-5.1496,-0.0065185,0.00047122,-2,0,13
-4.5405,-1.4145,-0.0065185,0.00047122,-2,0,13
-2.4588,-2.4453,-0.0065185,0.00047122,-2,0,13
-5.3893,-4.2032,-0.0065185,0.00047122,-2,1,13
-0.24553,1.5614,-0.0065185,0.00047122,-2,0,13
-0.39553,3.3024,-0.0065185,0.00047122,-2,0,13
0.34447,0.35789,-4.0065,0.00047122,1,1,13
2.172,5.5854,-0.0065185,0.00047122,-2,0,13
3.8468,3.8603,-0.0065185,0.00047122,-2,1,13
0.30447,2.0179,-0.0065185,0.00047122,-2,0,13
-0.44053,1.0179,-0.0065185,0.00047122,-2,0,13
0.23272,0.24614,-0.0065185,0.00047122,-2,0,13
-0.18954,0.86789,4.9935,0.00047122,1,0,13
2.1171,3.2835,-0.0065185,0.00047122,-2,1,13
0.55447,-2.8188,-0.0065185,0.00047122,-2,0,13
-1.2955,-0.44961,-0.0065185,0.00047122,-2,0,13
0.55447,2.5679,-0.0065185,0.00047122,-2,1,13
-0.46303,0.15187,3.9935,0.00047122,1,1,13
-0.55053,-0.53711,-0.0065185,0.00047122,-2,0,13
-2.2955,-1.1721,-0.0065185,0.00047122,-2,0,13
-1.9505,-1.1075,-3.0065,0.00047122,1,1,13
-0.22378,5.4579,-0.0065185,0.00047122,-2,1,13
-2.1455,-0.52561,-0.0065185,0.00047122,-2,1,13
1.282,0.11286,-0.0065185,0.00047122,-2,0,13
1.0903,1.1038,-5.0065,0.00047122,1,0,13
1.5265,2.5265,-0.0065185,0.00047122,-2,1,13
0.56077,-4.0383,-0.0065185,0.00047122,-2,0,13
-3.3727,0.49074,-0.0065185,0.00047122,-2,0,13
-1.3161,-2.8527,-0.0065185,0.00047122,-2,0,13
-0.26802,-0.76961,-0.0065185,0.00047122,-2,0,13
2.7729,2.7863,-0.0065185,0.00047122,-2,1,13
-5.5455,1.201,-0.0065185,0.00047122,-2,1,13
-0.44553,-0.43211,-0.0065185,0.00047122,-2,1,13
0.38697,2.979,2.9935,0.00047122,1,0,13
0.17197,0.18539,-0.0065185,0.00047122,-2,1,13
-1.2955,3.049,-0.0065185,0.00047122,-2,0,13
0.44947,0.46289,-0.0065185,0.00047122,-2,0,13
-0.37378,0.95714,-4.0065,0.00047122,1,1,13
-1.9515,4.4619,-0.0065185,0.00047122,-2,1,13
1.4545,6.9079,-0.0065185,0.00047122,-2,1,13
0.83697,-3.1113,-0.0065185,0.00047122,-2,1,13
-3.1532,-0.68974,-0.0065185,0.00047122,-2,0,13
3.4385,6.7927,-0.0065185,0.00047122,-2,1,13
2.9234,2.2993,2.9935,0.00047122,1,1,13
1.873,3.8502,-0.0065185,0.00047122,-2,1,13
2.0427,3.6579,-0.0065185,0.00047122,-2,1,13
-0.17806,-1.7146,-0.0065185,0.00047122,-2,0,13
0.15962,1.8054,-0.0065185,1.0005,-1,1,13
1.4138,1.4098,-0.0065185,0.00047122,-2,1,13
1.5024,2.5869,-0.0065185,0.00047122,-2,0,13
1.2777,1.2912,3.9935,0.00047122,1,1,13
-0.35824,-0.34483,-0.0065185,0.00047122,-2,1,13
4.3128,-0.71781,-0.0065185,0.00047122,-2,1,13
1.4045,-2.8695,-0.0065185,0.00047122,-2,0,13
-1.2955,-0.89409,-0.0065185,0.00047122,-2,0,13
0.45447,-0.99361,-0.0065185,0.00047122,-2,1,13
1.5545,1.5679,-0.0065185,0.00047122,-2,1,13
1.322,0.34301,-3.0065,0.00047122,1,0,13
3.282,2.4519,-0.0065185,0.00047122,-2,1,13
7.4045,7.4179,-0.0065185,0.00047122,-2,1,13
6.8945,6.9079,-0.0065185,0.00047122,-2,1,13
4.461,0.90837,-0.0065185,0.00047122,-2,1,13
4.0925,3.8059,-0.0065185,0.00047122,-2,1,13
3.4793,3.4927,-4.0065,0.00047122,1,1,13
4.5131,-1.8735,-0.0065185,0.00047122,-2,1,13
4.2868,4.3002,-0.0065185,0.00047122,-2,1,13
3.0944,3.2754,-0.0065185,0.00047122,-2,1,13
2.9309,2.6444,-0.0065185,0.00047122,-2,1,13
2.492,1.8926,-4.0065,0.00047122,1,1,13
-2.3262,-2.8336,-0.0065185,0.00047122,-2,1,13
-0.42656,-2.3031,-0.0065185,0.00047122,-2,0,13
2.8545,2.3671,-0.0065185,0.00047122,-2,1,13
-0.27303,1.1059,-0.0065185,0.00047122,-2,1,13
-2.3814,-1.2073,-0.0065185,0.00047122,-2,1,13
2.0325,-2.719,-5.0065,0.00047122,1,1,13
0.17197,-3.0261,-0.0065185,0.00047122,-2,0,13
-0.69553,-3.9718,-0.0065185,0.00047122,-2,0,13
1.5595,-0.57711,-0.0065185,0.00047122,-2,0,13
0.77622,0.78964,-0.0065185,0.00047122,-2,1,13
0.30447,-0.14961,-0.0065185,0.00047122,-2,0,13
1.5595,1.1755,-0.0065185,0.00047122,-2,1,13
-1.3173,1.0788,-5.0065,0.00047122,1,0,13
-3.163,-3.1496,-0.0065185,0.00047122,-2,1,13
-2.8455,-2.8321,-0.0065185,0.00047122,-2,0,13
1.3045,-3.1555,-0.0065185,0.00047122,-2,0,13
2.5595,1.1229,-0.0065185,0.00047122,-2,1,13
2.1762,2.1111,2.9935,0.00047122,1,1,13
-0.10553,4.4103,-0.0065185,0.00047122,-2,0,13
-1.5455,3.1854,-0.0065185,0.00047122,-2,0,13
-1.163,2.8603,-0.0065185,0.00047122,-2,0,13
-0.9879,-0.049665,3.9935,0.00047122,1,1,13
0.72697,1.5265,-0.0065185,0.00047122,-2,0,13
2.0045,2.0179,-0.0065185,0.00047122,-2,0,13
-2.9955,-3.9438,-0.0065185,0.00047122,-2,0,13
6.5545,6.1059,-0.0065185,0.00047122,-2,1,13
6.172,2.1854,-0.0065185,0.00047122,-2,0,13
4.4045,1.0179,-0.0065185,0.00047122,-2,0,13
3.7445,4.1902,-5.0065,0.00047122,1,1,13
3.727,-4.2321,-0.0065185,0.00047122,-2,1,13
-4.6097,1.0804,-0.0065185,0.00047122,-2,0,13
-3.5175,0.088514,-0.0065185,0.00047122,-2,0,13
4.4482,4.6873,-0.0065185,0.00047122,-2,1,13
4.3816,3.0434,-0.0065185,0.00047122,-2,1,13
3.7251,3.9015,2.9935,0.00047122,1,0,13
-4.8855,-1.2692,-0.0065185,0.00047122,-2,0,13
1.7045,1.7179,-0.0065185,0.00047122,-2,1,13
-1.4405,1.176,-0.0065185,0.00047122,-2,0,13
2.2327,2.2461,-0.0065185,0.00047122,-2,1,13
1.8985,2.393,4.9935,0.00047122,1,1,13
1.8919,1.9053,-0.0065185,0.00047122,-2,1,13
0.75877,4.3847,-0.0065185,0.00047122,-2,1,13
3.6456,0.65904,-0.0065185,0.00047122,-2,1,13
-2.5405,-2.0953,-0.0065185,0.00047122,-2,0,13
3.4677,3.4811,-0.0065185,0.00047122,-2,1,13
4.3982,1.8566,-0.0065185,0.00047122,-2,1,13
5.3392,5.3526,-0.0065185,0.00047122,-2,1,13
4.539,3.1924,2.9935,0.00047122,1,1,13
2.2463,2.2597,-0.0065185,0.00047122,-2,1,13
-2.2011,-1.8174,-0.0065185,0.00047122,-2,0,13
0.17918,2.035,-0.0065185,0.00047122,-2,1,13
0.15298,0.16639,-3.0065,0.00047122,1,1,13
-4.1218,-3.8809,-0.0065185,0.00047122,-2,0,13
-3.1028,-2.8961,-0.0065185,0.00047122,-2,0,13
3.0957,3.1091,-0.0065185,0.00047122,-2,1,13
2.632,-1.4706,-4.0065,0.00047122,1,1,13
4.0704,3.9651,-0.0065185,0.00047122,-2,1,13
0.06048,-2.8161,-0.0065185,0.00047122,-2,1,13
3.9569,4.056,-0.0065185,0.00047122,-2,0,13
-2.9551,-0.014542,-0.0065185,0.00047122,-2,0,13
-1.5455,0.052284,-0.0065185,0.00047122,-2,1,13
1.1545,1.3354,-0.0065185,0.00047122,-2,1,13
-0.69553,-1.7996,-0.0065185,0.00047122,-2,1,13
-0.59053,-0.57711,4.9935,0.00047122,1,1,13
0.72697,0.035843,-0.0065185,0.00047122,-2,1,13
-1.3814,3.6457,-0.0065185,0.00047122,-2,1,13
0.52648,-1.6691,-0.0065185,0.00047122,-2,1,13
0.44818,0.028915,-0.0065185,0.00047122,-2,1,13
0.38162,0.027261,-3.0065,0.00047122,1,0,13
2.0045,-0.30269,-0.0065185,0.00047122,-2,0,13
-1.6955,-1.6821,-0.0065185,0.00047122,-2,1,13
-1.4405,-3.2695,-4.0065,0.00047122,1,1,13
1.2327,3.221,3.9935,0.00047122,1,0,13
-2.0395,-3.2148,-0.0065185,0.00047122,-2,0,13
2.8545,2.8679,-0.0065185,0.00047122,-2,1,13
1.282,-0.43861,-0.0065185,0.00047122,-2,0,13
0.39035,-2.7113,-0.0065185,0.00047122,-2,0,13
1.4825,1.4959,-0.0065185,0.00047122,-2,1,13
-2.2955,-2.2821,-0.0065185,0.00047122,-2,0,13
-1.9505,-0.65029,-3.0065,0.00047122,1,1,13
-0.22378,2.3859,-0.0065185,0.00047122,-2,0,13
-0.95151,-2.9996,-0.0065185,0.00047122,-2,0,13
1.3045,1.3179,-0.0065185,0.00047122,-2,0,13
0.55947,1.4038,-0.0065185,0.00047122,-2,0,13
0.77622,1.4959,-0.0065185,0.00047122,-2,1,13
-0.29553,-1.7505,-0.0065185,0.00047122,-2,1,13
0.55947,0.70842,-0.0065185,0.00047122,-2,0,13
2.7762,3.8505,-0.0065185,0.00047122,-2,0,13
1.0485,-1.2849,-0.0065185,0.00047122,-2,0,13
-3.9955,-5.2104,-0.0065185,0.00047122,-2,0,13
-2.9955,-4.0261,-0.0065185,0.00047122,-2,0,13
-4.9955,0.65904,-0.0065185,0.00047122,-2,1,13
-8.2455,-0.19143,-0.0065185,0.00047122,-2,0,13
-2.3955,-4.2358,-0.0065185,0.00047122,-2,0,13
-2.0355,-2.0221,3.9935,0.00047122,1,0,13
-4.452,2.9547,-0.0065185,0.00047122,-2,1,13
5.7045,-0.78409,-0.0065185,0.00047122,-2,1,13
-6.3955,-6.3821,-0.0065185,0.00047122,-2,0,13
-4.8855,-2.719,-0.0065185,0.00047122,-2,0,13
-5.452,-5.4386,-0.0065185,0.00047122,-2,0,13
2.172,-0.36462,-0.0065185,0.00047122,-2,0,14
0.0044729,-1.3025,-0.0065185,0.00047122,-2,0,14
-1.9955,-3.5481,-0.0065185,0.00047122,-2,0,14
-3.9955,0.017889,-0.0065185,0.00047122,-2,0,14
4.0045,3.4179,-0.0065185,0.00047122,-2,1,14
-3.9955,-4.9438,-0.0065185,0.00047122,-2,0,14
0.0044729,-2.8721,-0.0065185,0.00047122,-2,1,14
4.0045,1.5614,-0.0065185,0.00047122,-2,1,14
3.0045,0.92986,-0.0065185,0.00047122,-2,1,14
-2.9955,-2.9821,-0.0065185,0.00047122,-2,0,14
4.0045,2.5093,-0.0065185,0.00047122,-2,1,14
3.4045,-0.34483,-1.0065,0.00047122,1,1,14
-2.8855,0.86789,2.9935,0.00047122,1,0,14
-1.9955,-2.9086,-0.0065185,0.00047122,-2,0,14
1.3045,-2.1496,-0.0065185,0.00047122,-2,1,14
2.5545,2.5679,-0.0065185,0.00047122,-2,1,14
-6.163,1.2461,-0.0065185,0.00047122,-2,0,14
5.8468,5.8603,-0.0065185,0.00047122,-2,1,14
4.9705,4.4739,4.9935,0.00047122,1,1,14
5.3356,5.349,-0.0065185,0.00047122,-2,1,14
3.1359,2.0179,-0.0065185,0.00047122,-2,1,14
-1.0338,-1.9821,-0.0065185,0.00047122,-2,0,14
3.7045,-0.59214,-0.0065185,0.00047122,-2,1,14
-3.1405,2.9313,-5.0065,0.00047122,1,0,14
-4.2238,-5.4604,-0.0065185,0.00047122,-2,0,14
0.048485,-2.585,-0.0065185,0.00047122,-2,0,14
-0.032938,0.85039,-0.0065185,3.0005,-1,1,14
-1.273,-3.8245,-0.0065185,0.00047122,-2,0,14
-0.29553,1.1038,-0.0065185,0.00047122,-2,1,14
-0.55053,-0.53711,-0.0065185,0.00047122,-2,0,14
0.47622,1.2547,-2.0065,0.00047122,1,1,14
-0.44053,0.27289,-0.0065185,0.00047122,-2,1,14
-1.8455,-1.8321,-0.0065185,0.00047122,-2,0,14
-0.27303,0.24614,-0.0065185,0.00047122,-2,0,14
-2.1455,0.25376,-0.0065185,0.00047122,-2,0,14
0.45447,2.4959,-0.0065185,0.00047122,-2,0,14
-0.16303,1.5742,-0.0065185,0.00047122,-2,1,14
2.7045,-1.3613,-0.0065185,0.00047122,-2,1,14
2.4495,2.3129,-0.0065185,0.00047122,-2,1,14
-2.0738,-2.0604,-5.0065,0.00047122,1,0,14
0.96046,0.97388,-0.0065185,0.00047122,-2,1,14
-0.69553,4.6304,-0.0065185,0.00047122,-2,0,14
3.4495,3.4629,-0.0065185,0.00047122,-2,1,14
-2.9238,-1.0357,-4.0065,0.00047122,1,0,14
5.0485,4.4619,-0.0065185,0.00047122,-2,1,14
-5.8829,-1.4964,-0.0065185,0.00047122,-2,0,14
1.2502,-2.6292,-0.0065185,0.00047122,-2,0,14
-2.6367,3.0803,-0.0065185,0.00047122,-2,1,14
-2.2405,0.91791,4.9935,0.00047122,1,0,14
2.5412,2.8229,-0.0065185,0.00047122,-2,1,14
-4.5455,1.6399,-0.0065185,0.00047122,-2,1,14
-0.29553,-0.28211,-0.0065185,0.00047122,-2,1,14
-0.29553,2.0024,-0.0065185,0.00047122,-2,0,14
2.4495,2.4629,-0.0065185,0.00047122,-2,0,14
-0.22378,2.349,-0.0065185,0.00047122,-2,1,14
1.9605,4.1493,-0.0065185,0.00047122,-2,1,14
1.6671,0.17449,2.9935,0.00047122,1,1,14
4.2502,3.3854,-0.0065185,0.00047122,-2,1,14
3.3633,4.9627,-0.0065185,0.00047122,-2,1,14
1.4595,1.4729,-0.0065185,0.00047122,-2,1,14
-0.45876,-0.44535,-0.0065185,0.00047122,-2,0,14
0.39822,-1.4386,-0.0065185,1.0005,-1,1,14
-4.9955,2.4686,-0.0065185,0.00047122,-2,0,14
4.2545,2.4931,-3.0065,0.00047122,1,1,14
-1.9955,4.0765,-0.0065185,0.00047122,-2,0,14
-1.9955,-0.6998,-0.0065185,0.00047122,-2,0,14
-3.9955,-1.4271,-0.0065185,0.00047122,-2,0,14
2.0045,1.0914,-0.0065185,0.00047122,-2,1,14
-3.9955,-2.0846,-0.0065185,0.00047122,-2,0,14
3.4045,2.7485,-4.0065,0.00047122,1,1,14
1.0045,0.44892,-0.0065185,0.00047122,-2,1,14
0.0044729,-0.46573,-0.0065185,0.00047122,-2,0,14
-3.9955,-3.9821,-0.0065185,0.00047122,-2,0,14
2.0045,4.1059,-0.0065185,0.00047122,-2,1,14
1.7045,1.7927,-4.0065,0.00047122,1,1,14
3.0045,-1.8735,-0.0065185,0.00047122,-2,1,14
1.0045,2.3002,-0.0065185,0.00047122,-2,1,14
-2.9955,-2.9821,-0.0065185,0.00047122,-2,0,14
-0.99553,-0.98211,-0.0065185,0.00047122,-2,0,14
0.0044729,1.5839,-0.0065185,0.00047122,-2,0,14
0.0044729,0.68726,1.9935,0.00047122,1,0,14
-4.9955,2.8493,-0.0065185,0.00047122,-2,0,14
-4.9955,-4.0204,-0.0065185,0.00047122,-2,0,14
-2.9955,-2.7771,-0.0065185,0.00047122,-2,0,14
-0.99553,-0.28726,-0.0065185,0.00047122,-2,0,14
-3.9955,-1.559,-0.0065185,0.00047122,-2,0,14
4.0045,4.0179,-0.0065185,0.00047122,-2,1,14
-3.3955,-2.4454,-5.0065,0.00047122,1,0,14
5.0045,4.2679,-0.0065185,0.00047122,-2,1,14
2.0045,2.0179,-0.0065185,0.00047122,-2,1,14
-0.99553,-0.72005,-0.0065185,0.00047122,-2,0,14
1.0045,-3.0527,-0.0065185,0.00047122,-2,1,14
0.85447,-2.4028,-4.0065,0.00047122,1,1,14
1.727,-5.6006,-0.0065185,0.00047122,-2,1,14
0.6186,-1.8679,-0.0065185,0.00047122,-2,1,14
1.5265,1.2624,-0.0065185,0.00047122,-2,1,14
1.2982,-0.49456,-3.0065,0.00047122,1,1,14
-4.3727,-4.3593,-0.0065185,0.00047122,-2,0,14
4.3251,3.0335,-0.0065185,0.00047122,-2,1,14
-3.268,-3.2546,-0.0065185,0.00047122,-2,0,14
1.2361,0.30668,-0.0065185,0.00047122,-2,0,14
-4.8455,-1.029,-0.0065185,0.00047122,-2,1,14
-4.118,-2.7046,-0.0065185,-1.9995,-1,0,14
2.8945,2.9079,-0.0065185,0.00047122,-2,0,14
1.0045,0.20042,-0.0065185,0.00047122,-2,1,14
1.1545,-1.2104,-0.0065185,0.00047122,-2,1,14
0.30447,-0.95961,-0.0065185,0.00047122,-2,0,14
0.55947,0.57289,-0.0065185,0.00047122,-2,1,14
2.3045,-1.4271,-0.0065185,0.00047122,-2,1,14
-1.9505,-1.9371,3.9935,0.00047122,1,0,14
-0.10553,-3.3821,-0.0065185,0.00047122,-2,0,14
0.55447,0.45139,-0.0065185,0.00047122,-2,1,14
-0.82803,0.48539,-0.0065185,0.00047122,-2,0,14
0.45447,1.5729,-0.0065185,0.00047122,-2,1,14
0.38697,0.40039,4.9935,0.00047122,1,1,14
-2.163,-5.7407,-0.0065185,0.00047122,-2,0,14
2.8468,2.8603,-0.0065185,0.00047122,-2,1,14
2.5705,2.5839,-0.0065185,0.00047122,-2,1,14
0.67336,1.0914,-0.0065185,0.00047122,-2,1,14
-3.6955,-1.9821,-0.0065185,0.00047122,-2,0,14
6.4495,6.4629,-0.0065185,0.00047122,-2,1,14
-5.2238,-0.39289,-0.0065185,0.00047122,-2,0,14
4.4485,4.4619,3.9935,0.00047122,1,1,14
3.8919,3.9053,-0.0065185,0.00047122,-2,1,14
1.7588,1.7722,-0.0065185,0.00047122,-2,1,14
2.3633,-2.4386,-0.0065185,0.00047122,-2,1,14
2.0095,-2.6151,4.9935,0.00047122,1,1,14
0.17197,2.4931,-0.0065185,0.00047122,-2,0,14
-5.6955,5.4728,-0.0065185,0.00047122,-2,0,14
5.4495,5.4629,-0.0065185,0.00047122,-2,1,14
-4.6238,-0.26208,-5.0065,0.00047122,1,0,14
0.048485,5.3119,-0.0065185,0.00047122,-2,0,14
-2.8455,1.6304,-0.0065185,0.00047122,-2,0,14
3.727,-1.4499,-0.0065185,0.00047122,-2,1,14
3.1686,3.182,2.9935,0.00047122,1,1,14
2.5265,2.5399,-0.0065185,0.00047122,-2,1,14
3.4482,2.6291,-0.0065185,0.00047122,-2,1,14
2.3816,2.945,-0.0065185,0.00047122,-2,1,14
-5.3161,-3.6197,-0.0065185,0.00047122,-2,0,14
5.277,1.7354,-0.0065185,0.00047122,-2,1,14
3.2361,2.0335,-0.0065185,0.00047122,-2,1,14
3.2013,2.1812,-0.0065185,0.00047122,-2,1,14
-4.1629,-2.3415,-0.0065185,0.00047122,-2,0,14
3.5467,2.8134,4.9935,0.00047122,1,1,14
-3.1164,-3.7183,-0.0065185,0.00047122,-2,0,14
-5.0983,-4.5453,-0.0065185,0.00047122,-2,0,14
-1.0829,-0.61086,-0.0065185,0.00047122,-2,0,14
0.92872,1.9345,4.9935,0.00047122,1,1,14
-2.0586,-3.9639,-0.0065185,0.00047122,-2,0,14
0.95083,1.2459,-0.0065185,0.00047122,-2,1,14
-0.79993,-0.78651,-4.0065,0.00047122,1,0,14
-3.718,-1.7539,-0.0065185,0.00047122,-2,0,14
-4.6097,-4.5962,-0.0065185,0.00047122,-2,0,14
-4.5175,-4.5041,-0.0065185,0.00047122,-2,0,14
-3.8392,-1.3158,2.9935,0.00047122,1,1,14
2.1145,2.1907,-0.0065185,0.00047122,-2,1,14
2.548,6.4354,-0.0065185,0.00047122,-2,1,14
-1.9075,-2.9498,-0.0065185,0.00047122,-2,0,14
2.2297,2.3279,-0.0065185,0.00047122,-2,1,14
-0.50413,4.749,-0.0065185,0.00047122,-2,0,14
-0.84553,-2.0846,-0.0065185,0.00047122,-2,1,14
2.727,2.7404,-0.0065185,0.00047122,-2,1,14
2.7045,1.0179,-0.0065185,0.00047122,-2,1,14
-1.5505,1.7927,-0.0065185,0.00047122,-2,0,14
-1.5455,-1.5321,-0.0065185,0.00047122,-2,0,14
1.172,-2.3084,-0.0065185,0.00047122,-2,1,14
-0.8379,1.9579,-0.0065185,0.00047122,-2,0,14
-4.5615,-0.69813,-0.0065185,0.00047122,-2,0,14
-3.3266,-1.7446,-0.0065185,0.00047122,-2,0,14
2.8359,1.0485,4.9935,0.00047122,1,1,14
3.0427,3.0562,-0.0065185,0.00047122,-2,1,14
6.4045,-3.111,-0.0065185,0.00047122,-2,1,14
5.8945,-0.50274,-0.0065185,0.00047122,-2,1,14
-5.452,-4.9886,-0.0065185,0.00047122,-2,0,14
2.0925,-2.2006,-0.0065185,0.00047122,-2,0,14
-0.44053,-2.2771,-0.0065185,0.00047122,-2,0,15
5.2327,1.2559,-0.0065185,0.00047122,-2,1,15
-3.0395,-4.4261,-0.0065185,0.00047122,-2,0,15
0.89188,3.2265,-0.0065185,0.00047122,-2,1,15
-2.7498,-0.73641,-0.0065185,0.00047122,-2,0,15
4.6456,2.8079,-0.0065185,0.00047122,-2,1,15
-1.5405,-4.3086,-0.0065185,0.00047122,-2,0,15
-1.4588,-1.4453,-0.0065185,0.00047122,-2,0,15
-3.3893,-1.0984,-0.0065185,0.00047122,-2,0,15
-3.3302,-3.3168,-0.0065185,0.00047122,-2,0,15
-2.83,-2.4341,-1.0065,0.00047122,1,0,15
-2.2373,-2.2239,-0.0065185,0.00047122,-2,0,15
1.91,1.0898,4.9935,0.00047122,1,1,15
-5.1702,-4.4068,-0.0065185,0.00047122,-2,0,15
-4.144,-4.1306,-0.0065185,0.00047122,-2,0,15
-3.1218,-3.1083,-0.0065185,0.00047122,-2,0,15
-0.10282,-0.16451,-0.0065185,0.00047122,-2,0,15
-3.0867,-3.1371,-0.0065185,0.00047122,-2,0,15
-2.623,-2.2782,3.9935,0.00047122,1,0,15
2.0704,2.1299,-0.0065185,0.00047122,-2,1,15
1.0605,1.1131,-0.0065185,0.00047122,-2,1,15
-0.043133,-0.029718,-0.0065185,0.00047122,-2,1,15
-0.99553,2.0371,-0.0065185,0.00047122,-2,0,15
0.85447,0.076361,2.9935,0.00047122,1,1,15
3.282,3.2954,-0.0065185,0.00047122,-2,0,15
-0.60965,-2.7637,-0.0065185,0.00047122,-2,0,15
3.4825,-0.50412,-0.0065185,0.00047122,-2,0,15
2.9608,3.3874,-3.0065,0.00047122,1,0,15
3.6273,-2.9093,-0.0065185,0.00047122,-2,1,15
0.40447,3.3958,-0.0065185,0.00047122,-2,0,15
-0.33553,1.879,-4.0065,0.00047122,1,1,15
1.172,-0.96618,-0.0065185,0.00047122,-2,1,15
2.1621,2.1755,-0.0065185,0.00047122,-2,1,15
-4.3955,-3.3706,-0.0065185,0.00047122,-2,0,15
-3.8855,-3.8721,-0.0065185,0.00047122,-2,0,15
5.461,2.5152,-0.0065185,0.00047122,-2,1,15
-3.0836,-4.6201,-0.0065185,0.00047122,-2,0,15
3.7793,3.3002,-0.0065185,0.00047122,-2,1,15
-6.5041,-6.4907,-0.0065185,0.00047122,-2,0,15
5.5368,1.5585,-2.0065,0.00047122,1,0,15
0.61697,-4.6821,-0.0065185,0.00047122,-2,0,15
-0.9249,-5.4271,-0.0065185,0.00047122,-2,0,15
-1.3855,-5.2104,-0.0065185,0.00047122,-2,0,15
-1.177,1.0078,1.9935,0.00047122,1,0,15
-3.8813,-1.0947,-0.0065185,0.00047122,-2,0,15
-6.6955,-6.6821,-0.0065185,0.00047122,-2,0,15
3.4495,3.2461,-0.0065185,0.00047122,-2,0,15
-3.6955,-2.9104,-0.0065185,0.00047122,-2,1,15
-2.4405,-2.4271,-0.0065185,0.00047122,-2,0,15
2.0827,1.5838,4.9935,0.00047122,1,0,15
-0.03954,-4.9546,-0.0065185,0.00047122,-2,1,15
-1.1081,2.7804,-0.0065185,0.00047122,-2,1,15
-5.6955,-4.7046,-0.0065185,0.00047122,-2,0,15
-8.3955,-4.919,-0.0065185,0.00047122,-2,1,15
6.2545,4.1361,-0.0065185,0.00047122,-2,1,15
-6.6955,-5.2946,-0.0065185,0.00047122,-2,1,15
-5.6905,-5.1408,3.9935,0.00047122,1,1,15
0.39197,1.4079,-0.0065185,0.00047122,-2,1,15
1.9338,-0.16274,-0.0065185,0.00047122,-2,1,15
1.3944,2.3821,-0.0065185,0.00047122,-2,0,15
-6.3955,-1.3761,-0.0065185,0.00047122,-2,0,15
5.5545,5.5679,-0.0065185,0.00047122,-2,1,15
5.172,0.8715,-0.0065185,0.00047122,-2,1,15
-4.3879,-1.1697,-4.0065,0.00047122,1,1,15
5.172,6.4179,-0.0065185,0.00047122,-2,0,15
4.8468,4.239,-0.0065185,0.00047122,-2,0,15
4.5705,4.5839,-0.0065185,0.00047122,-2,1,15
3.5545,4.2734,-0.0065185,0.00047122,-2,1,15
-4.163,-2.6745,-0.0065185,0.00047122,-2,0,15
3.5468,3.5603,-3.0065,0.00047122,1,0,15
5.4495,5.4629,-0.0065185,0.00047122,-2,1,15
6.4045,4.1493,-0.0065185,0.00047122,-2,0,15
-4.5455,-0.13974,-0.0065185,0.00047122,-2,0,15
-0.69553,-0.68211,-0.0065185,0.00047122,-2,1,15
0.59947,1.2559,-5.0065,0.00047122,1,0,15
2.282,-2.6661,-0.0065185,0.00047122,-2,1,15
3.5545,-2.5946,-0.0065185,0.00047122,-2,0,15
4.8545,4.8679,-0.0065185,0.00047122,-2,1,15
-2.3955,-2.9384,-0.0065185,0.00047122,-2,0,15
1.8945,0.58391,-0.0065185,0.00047122,-2,0,15
-1.602,-1.5886,-4.0065,0.00047122,1,1,15
-1.273,-1.2596,-0.0065185,0.00047122,-2,0,15
-2.6955,-2.6821,-0.0065185,0.00047122,-2,0,15
2.4495,3.4744,-0.0065185,0.00047122,-2,1,15
-1.2238,-1.2104,-0.0065185,0.00047122,-2,0,15
3.0485,0.74132,-0.0065185,0.00047122,-2,1,15
1.8919,3.2265,-0.0065185,0.00047122,-2,1,15
1.6088,1.6222,-4.0065,0.00047122,1,1,15
-3.6367,2.7767,-0.0065185,0.00047122,-2,0,15
-4.5405,-4.5271,-0.0065185,0.00047122,-2,0,15
3.4677,3.8054,-0.0065185,0.00047122,-2,1,15
-5.3893,-5.3759,-0.0065185,0.00047122,-2,0,15
4.5892,2.1529,2.9935,0.00047122,1,1,15
2.289,3.0515,-0.0065185,0.00047122,-2,1,15
0.24628,0.42897,-0.0065185,0.00047122,-2,0,15
5.0045,-0.18765,-0.0065185,0.00047122,-2,1,15
-4.2455,-3.0039,3.9935,0.00047122,1,0,15
-1.9955,4.4619,-0.0065185,0.00047122,-2,0,15
-4.9955,-1.6821,-0.0065185,0.00047122,-2,0,15
4.0045,4.2679,-0.0065185,0.00047122,-2,1,15
2.0045,2.0179,-0.0065185,0.00047122,-2,1,15
2.0045,2.0179,-0.0065185,0.00047122,-2,1,15
-1.9955,-2.4386,-0.0065185,0.00047122,-2,1,15
-1.6955,-1.2884,-3.0065,0.00047122,1,0,15
5.0045,7.5679,-0.0065185,0.00047122,-2,1,15
2.0045,4.1854,-0.0065185,0.00047122,-2,1,15
0.0044729,0.2597,-0.0065185,0.00047122,-2,1,15
1.0045,1.0179,-0.0065185,0.00047122,-2,1,15
4.0045,-2.2397,-0.0065185,0.00047122,-2,1,15
3.4045,3.4179,2.9935,0.00047122,1,1,15
-3.9955,-2.5321,-0.0065185,0.00047122,-2,0,15
0.0044729,2.8489,-0.0065185,0.00047122,-2,0,15
3.0045,2.9079,-0.0065185,0.00047122,-2,1,15
0.55447,2.5679,-0.0065185,0.00047122,-2,1,15
0.47197,0.48539,4.9935,0.00047122,1,1,15
-1.1532,-2.9821,-0.0065185,0.00047122,-2,0,15
-1.5455,-1.5321,-0.0065185,0.00047122,-2,1,15
-2.1455,-1.651,-0.0065185,0.00047122,-2,0,15
-1.4455,-3.3146,-0.0065185,0.00047122,-2,1,15
1.837,5.6364,-0.0065185,0.00047122,-2,1,15
1.4045,1.5755,-0.0065185,0.00047122,-2,0,15
-0.69553,-0.54813,-0.0065185,0.00047122,-2,1,15
0.59947,0.61289,-3.0065,0.00047122,1,0,15
-3.273,4.3427,-0.0065185,0.00047122,-2,1,15
-3.3814,-3.368,-0.0065185,0.00047122,-2,0,15
-5.3955,-1.5898,-0.0065185,0.00047122,-2,1,15
-4.5855,-4.5721,3.9935,0.00047122,1,1,15
-2.4405,-2.4271,-0.0065185,0.00047122,-2,0,15
-3.8455,3.6954,-0.0065185,0.00047122,-2,1,15
0.55447,0.56789,-0.0065185,0.00047122,-2,0,15
-0.46303,-2.7637,-3.0065,0.00047122,1,0,15
0.55947,4.5679,-0.0065185,0.00047122,-2,1,15
1.2327,-1.7385,-0.0065185,0.00047122,-2,1,15
-0.99553,-0.63269,-0.0065185,0.00047122,-2,0,15
-1.1455,0.86789,-0.0065185,0.00047122,-2,1,15
0.28197,0.99539,-0.0065185,0.00047122,-2,1,15
-0.2314,2.1679,-0.0065185,3.0005,-1,1,15
-5.5175,-1.3039,-0.0065185,0.00047122,-2,0,15
4.6982,6.4354,-4.0065,0.00047122,1,1,15
-2.3727,1.5755,-0.0065185,0.00047122,-2,0,15
0.32505,3.2839,-0.0065185,0.00047122,-2,1,15
-2.268,-1.3132,-0.0065185,0.00047122,-2,0,15
3.2361,2.8493,-0.0065185,0.00047122,-2,1,15
-2.7424,-2.6064,3.9935,0.00047122,1,1,15
-3.163,-3.1496,-0.0065185,0.00047122,-2,1,15
-2.8379,-2.5193,-0.0065185,0.00047122,-2,1,15
1.4385,1.4519,-0.0065185,0.00047122,-2,1,15
1.2234,-2.0357,-3.0065,0.00047122,1,0,15
5.172,0.46789,-0.0065185,0.00047122,-2,0,15
4.8468,1.0045,-0.0065185,0.00047122,-2,0,15
-4.5615,-1.1397,-0.0065185,0.00047122,-2,0,15
1.5545,1.1854,-0.0065185,0.00047122,-2,0,15
3.1545,3.6973,-0.0065185,0.00047122,-2,1,15
-4.3955,-1.102,-0.0065185,0.00047122,-2,0,15
3.7445,3.7579,-3.0065,0.00047122,1,1,15
3.461,-0.075611,-0.0065185,0.00047122,-2,1,15
2.0925,2.9559,-0.0065185,0.00047122,-2,0,15
-2.9955,-0.94384,-0.0065185,0.00047122,-2,0,15
2.5545,3.182,-0.0065185,0.00047122,-2,1,15
1.172,-0.28726,-0.0065185,0.00047122,-2,1,15
-2.8379,-0.57273,-0.0065185,0.00047122,-2,0,15
1.5705,1.5839,-0.0065185,0.00047122,-2,1,15
-2.3266,-1.4088,-0.0065185,0.00047122,-2,0,15
-4.127,-3.3448,-0.0065185,0.00047122,-2,0,15
5.9662,5.9796,-0.0065185,0.00047122,-2,1,15
4.8219,1.2791,-0.0065185,0.00047122,-2,1,15
-4.6904,-3.6049,-0.0065185,0.00047122,-2,0,15
-3.5862,-3.1715,-0.0065185,0.00047122,-2,0,15
3.5065,3.0688,-0.0065185,0.00047122,-2,1,15
-2.9723,-2.6689,3.9935,0.00047122,1,1,15
-4.163,-4.1496,-0.0065185,0.00047122,-2,1,15
1.8468,-2.5638,-0.0065185,0.00047122,-2,1,15
5.0045,5.0179,-0.0065185,0.00047122,-2,1,15
4.2545,1.5718,-2.0065,0.00047122,1,1,15
4.0045,4.2072,-0.0065185,0.00047122,-2,1,15
3.3633,3.3767,-0.0065185,0.00047122,-2,1,17
0.45949,0.47291,-0.0065185,0.00047122,-2,1,17
1.4677,-2.4062,-0.0065185,0.00047122,-2,0,17
2.3982,1.8432,-0.0065185,0.00047122,-2,1,17
-4.6955,-2.0168,-0.0065185,0.00047122,-2,0,17
-2.4405,-3.1462,-0.0065185,0.00047122,-2,0,17
2.2327,2.2461,-0.0065185,0.00047122,-2,0,17
-1.8455,-1.7046,-0.0065185,0.00047122,-2,0,17
0.15447,-1.0818,-0.0065185,0.00047122,-2,1,17
0.85447,0.14539,-0.0065185,0.00047122,-2,1,17
4.727,0.74039,-0.0065185,0.00047122,-2,1,17
4.6186,4.032,-0.0065185,0.00047122,-2,1,17
3.9265,3.0407,4.9935,0.00047122,1,0,17
1.1145,-0.23211,-0.0065185,0.00047122,-2,1,17
-0.53903,-0.52561,-0.0065185,0.00047122,-2,1,17
0.55447,-0.50274,-0.0065185,0.00047122,-2,1,17
-1.2955,2.9004,-0.0065185,0.00047122,-2,0,17
1.1095,0.34936,4.9935,0.00047122,1,0,17
-3.163,-5.2321,-0.0065185,0.00047122,-2,0,17
-1.8455,-0.78047,-0.0065185,0.00047122,-2,0,17
-5.718,-4.0947,-0.0065185,0.00047122,-2,0,17
4.8686,3.632,-0.0065185,3.0005,-1,1,17
-4.13,0.044918,-4.0065,0.00047122,1,1,17
7.0751,3.8616,-0.0065185,0.00047122,-2,1,17
-1.3955,-3.8258,-0.0065185,0.00047122,-2,0,17
2.8945,-1.3615,-0.0065185,0.00047122,-2,1,17
-2.452,-0.2546,-0.0065185,0.00047122,-2,1,17
4.0045,4.0179,-0.0065185,0.00047122,-2,1,17
-5.3955,-1.7569,-0.0065185,0.00047122,-2,0,17
-4.5855,-3.1907,3.9935,0.00047122,1,0,17
-4.452,-3.2644,-0.0065185,0.00047122,-2,0,17
-3.0836,0.81986,-0.0065185,0.00047122,-2,0,17
-3.7703,-1.7586,-0.0065185,0.00047122,-2,0,17
-2.5041,-3.1907,-0.0065185,0.00047122,-2,0,17
2.2868,2.1502,-0.0065185,0.00047122,-2,1,17
-2.0855,-1.5511,-0.0065185,0.00047122,-2,1,17
-3.8455,-3.7046,-0.0065185,0.00047122,-2,0,17
-4.5455,-3.2546,-0.0065185,0.00047122,-2,0,17
-3.863,-2.3515,2.9935,0.00047122,1,1,17
1.5595,1.5729,-0.0065185,0.00047122,-2,0,17
2.5545,-1.5481,-0.0065185,0.00047122,-2,1,17
1.0045,2.1854,-0.0065185,0.00047122,-2,1,17
0.85447,2.4339,3.9935,0.00047122,1,1,17
1.0045,3.4179,-0.0065185,0.00047122,-2,1,17
2.0045,2.0179,-0.0065185,0.00047122,-2,1,17
-0.99553,-1.9438,-0.0065185,0.00047122,-2,0,17
2.0045,0.63201,-0.0065185,0.00047122,-2,1,17
4.0045,4.7127,-0.0065185,0.00047122,-2,1,17
-3.3955,-2.0177,3.9935,0.00047122,1,0,17
-0.99553,-1.4841,-0.0065185,0.00047122,-2,0,17
-0.84553,1.5912,-0.0065185,2.0005,-1,1,17
-3.273,-1.6821,-0.0065185,0.00047122,-2,0,17
-4.3814,-6.4271,-0.0065185,0.00047122,-2,0,17
3.4825,4.1361,-0.0065185,0.00047122,-2,0,17
-1.5955,-2.5256,-0.0065185,0.00047122,-2,0,17
1.3645,-3.3524,3.9935,0.00047122,1,1,17
1.548,0.96139,-0.0065185,0.00047122,-2,0,17
0.40447,-0.092111,-0.0065185,0.00047122,-2,1,17
0.55447,-0.6998,-0.0065185,0.00047122,-2,0,17
-0.16303,-0.14961,-0.0065185,0.00047122,-2,1,17
-1.8379,-1.8245,-0.0065185,0.00047122,-2,0,17
2.0045,0.80539,-0.0065185,0.00047122,-2,0,17
-1.6955,-0.17351,2.9935,0.00047122,1,0,17
-4.9955,0.73123,-0.0065185,0.00047122,-2,0,17
5.0045,2.8504,-0.0065185,0.00047122,-2,1,17
-2.9955,-1.7522,-0.0065185,0.00047122,-2,0,17
-3.9955,-1.7446,-0.0065185,0.00047122,-2,1,17
-0.39553,-2.051,-0.0065185,0.00047122,-2,1,17
-0.33553,-0.32211,-3.0065,0.00047122,1,0,17
-4.163,4.1339,-0.0065185,0.00047122,-2,0,17
6.7045,0.52915,-0.0065185,0.00047122,-2,1,17
6.4495,5.7129,-0.0065185,0.00047122,-2,1,17
6.2327,5.4961,-0.0065185,0.00047122,-2,1,17
-5.2895,-3.4146,-5.0065,0.00047122,1,1,17
5.617,5.1553,-0.0065185,0.00047122,-2,1,17
4.7045,4.7179,-0.0065185,0.00047122,-2,1,17
5.4495,5.4629,-0.0065185,0.00047122,-2,1,17
3.2327,3.2461,-0.0065185,0.00047122,-2,1,17
-6.0395,-2.9119,-0.0065185,0.00047122,-2,0,17
5.1419,4.6616,-2.0065,0.00047122,1,0,17
6.617,4.3847,-0.0065185,0.00047122,-2,1,17
3.5545,1.1229,-0.0065185,0.00047122,-2,1,17
-6.163,-4.5271,-0.0065185,0.00047122,-2,0,17
-2.8379,-1.4453,-0.0065185,0.00047122,-2,0,17
2.5705,2.198,-0.0065185,0.00047122,-2,1,17
0.67336,-1.1668,-0.0065185,0.00047122,-2,1,17
-0.56408,-0.55066,-5.0065,0.00047122,1,1,17
1.9662,-3.2321,-0.0065185,0.00047122,-2,0,17
0.85447,0.86789,-0.0065185,0.00047122,-2,1,17
0.0044729,-0.42582,-0.0065185,0.00047122,-2,1,17
-2.9955,-3.3593,-0.0065185,0.00047122,-2,0,17
2.5545,0.51992,3.9935,0.00047122,1,0,17
0.0044729,3.4179,-0.0065185,0.00047122,-2,1,17
0.0044729,0.017889,-0.0065185,0.00047122,-2,1,17
0.0044729,0.017889,-0.0065185,0.00047122,-2,1,17
0.0044729,1.349,-4.0065,0.00047122,1,1,17
4.0045,2.2864,-0.0065185,0.00047122,-2,1,17
-1.3955,-1.3821,-0.0065185,0.00047122,-2,0,17
3.8945,3.4744,-0.0065185,0.00047122,-2,0,17
-4.8455,-3.9821,-0.0065185,0.00047122,-2,0,17
5.4045,4.1404,-0.0065185,0.00047122,-2,1,17
-3.8855,-4.5721,-0.0065185,0.00047122,-2,0,17
3.311,3.3244,-4.0065,0.00047122,1,1,17
-0.083552,0.73558,-0.0065185,0.00047122,-2,1,17
-1.6955,0.09271,-0.0065185,0.00047122,-2,1,17
0.0044729,0.96579,-0.0065185,0.00047122,-2,1,17
0.0044729,2.1059,-0.0065185,0.00047122,-2,0,17
-2.9955,0.017889,-0.0065185,0.00047122,-2,1,17
2.5545,2.5679,-3.0065,0.00047122,1,1,17
-5.163,-0.43211,-0.0065185,0.00047122,-2,0,17
-4.8379,-0.81461,-0.0065185,0.00047122,-2,0,17
4.5705,1.5839,-0.0065185,0.00047122,-2,1,17
-4.3266,-0.96609,-0.0065185,0.00047122,-2,0,17
3.6859,3.6993,-4.0065,0.00047122,1,1,17
2.9662,-2.4204,-0.0065185,0.00047122,-2,1,17
1.8219,1.8354,-0.0065185,0.00047122,-2,1,17
1.6993,2.1577,-0.0065185,0.00047122,-2,1,17
4.5951,1.4585,-0.0065185,0.00047122,-2,1,17
5.5065,5.5199,-0.0065185,0.00047122,-2,1,17
-2.4223,-1.4801,-0.0065185,0.00047122,-2,0,17
2.3672,2.3806,-0.0065185,0.00047122,-2,1,17
2.0128,1.7432,4.9935,0.00047122,1,1,17
-0.25759,-3.9238,-0.0065185,0.00047122,-2,0,17
2.2272,-0.24417,-0.0065185,0.00047122,-2,1,17
0.19381,0.20723,-0.0065185,0.00047122,-2,0,17
-0.15647,-1.2378,4.9935,0.00047122,1,0,17
-3.1323,-2.8212,-0.0065185,0.00047122,-2,0,17
2.1208,-3.5946,-0.0065185,0.00047122,-2,1,17
1.1033,0.90161,-0.0065185,0.00047122,-2,0,17
0.93848,-1.7421,-4.0065,0.00047122,1,0,17
2.282,2.1896,-0.0065185,0.00047122,-2,1,17
-2.3814,-1.4881,-0.0065185,0.00047122,-2,0,17
0.52648,-2.0101,-0.0065185,0.00047122,-2,0,17
3.4482,0.46159,-0.0065185,0.00047122,-2,0,17
-0.37268,-3.1733,-0.0065185,0.00047122,-2,0,17
-2.9955,0.33847,-0.0065185,0.00047122,-2,0,17
-2.5455,2.1328,3.9935,0.00047122,1,1,17
0.0044729,0.61937,-0.0065185,0.00047122,-2,1,17
5.0045,6.8603,-0.0065185,0.00047122,-2,1,17
-1.9955,0.90837,-0.0065185,0.00047122,-2,1,17
1.3045,2.1059,-0.0065185,0.00047122,-2,1,17
-1.1005,-1.0871,1.9935,0.00047122,1,1,17
-2.163,-2.1496,-0.0065185,0.00047122,-2,0,17
3.0045,4.3002,-0.0065185,0.00047122,-2,1,17
3.0045,-1.2104,-0.0065185,0.00047122,-2,1,17
-2.5455,-2.5321,-5.0065,0.00047122,1,0,17
-1.9955,-1.9821,-0.0065185,0.00047122,-2,0,17
1.7045,1.6873,-0.0065185,1.0005,-1,0,17
-1.5505,3.0885,-0.0065185,0.00047122,-2,0,17
3.7762,4.2954,-0.0065185,0.00047122,-2,1,17
-3.9515,0.068915,-0.0065185,0.00047122,-2,0,17
3.1171,3.7459,-0.0065185,0.00047122,-2,0,17
-2.6412,-1.9917,-3.0065,0.00047122,1,1,17
-5.8855,-5.4221,-0.0065185,0.00047122,-2,0,17
-5.002,-0.53211,-0.0065185,2.0005,-1,0,17
-7.163,-7.1496,-0.0065185,0.00047122,-2,0,17
-6.8379,-6.8245,-0.0065185,0.00047122,-2,0,17
-6.5615,-6.5481,-0.0065185,0.00047122,-2,0,17
-5.3266,-5.3132,-0.0065185,0.00047122,-2,0,17
-2.127,-2.1136,-0.0065185,0.00047122,-2,0,17
-3.9573,-1.9282,-0.0065185,0.00047122,-2,0,17
4.8219,4.7127,-0.0065185,0.00047122,-2,1,17
-4.6904,-2.7402,-0.0065185,0.00047122,-2,1,17
-6.3955,-4.8245,-0.0065185,0.00047122,-2,0,17
-5.5455,-5.5321,-0.0065185,0.00047122,-2,0,17
3.172,4.6419,-0.0065185,0.00047122,-2,1,17
-3.8379,-2.6745,-0.0065185,0.00047122,-2,0,17
3.2705,3.2839,2.9935,0.00047122,1,1,17
4.3356,4.349,-0.0065185,0.00047122,-2,1,17
5.1359,5.1493,-0.0065185,0.00047122,-2,1,17
3.9662,3.9796,-0.0065185,0.00047122,-2,0,17
-2.4455,-2.4321,-0.0065185,0.00047122,-2,0,17
1.837,2.6868,-0.0065185,0.00047122,-2,1,17
-0.99553,-0.98211,-0.0065185,0.00047122,-2,0,18
4.0045,1.8603,-0.0065185,0.00047122,-2,1,18
-3.9955,-3.3821,-0.0065185,0.00047122,-2,0,18
-1.9955,-3.3821,-0.0065185,0.00047122,-2,0,18
1.0045,1.0179,-0.0065185,0.00047122,-2,1,18
1.0045,-1.4271,-0.0065185,0.00047122,-2,0,18
-0.99553,-0.83211,-0.0065185,0.00047122,-2,1,18
-1.9955,-1.9821,-0.0065185,0.00047122,-2,1,18
4.0045,0.74039,-0.0065185,0.00047122,-2,1,18
-5.3955,-3.3821,-0.0065185,0.00047122,-2,0,18
-3.8855,-3.8721,-0.0065185,0.00047122,-2,0,18
-5.452,-5.4386,-0.0065185,0.00047122,-2,0,18
4.6425,1.6233,-4.0065,0.00047122,1,0,18
-6.163,1.6431,-0.0065185,0.00047122,-2,1,18
4.8468,4.3053,-0.0065185,0.00047122,-2,1,18
1.5545,1.9079,-0.0065185,0.00047122,-2,1,18
4.172,0.38636,-0.0065185,0.00047122,-2,1,18
4.8468,5.1059,-0.0065185,0.00047122,-2,1,18
4.1205,3.0289,-4.0065,0.00047122,1,1,18
-1.3266,2.0868,-0.0065185,0.00047122,-2,0,18
-0.12698,-0.11356,-0.0065185,0.00047122,-2,0,18
0.042742,0.056157,-0.0065185,0.00047122,-2,1,18
-2.1455,-2.1321,-0.0065185,0.00047122,-2,0,18
1.832,0.80539,2.9935,0.00047122,1,0,18
-0.60965,2.5679,-0.0065185,0.00047122,-2,0,18
2.4825,3.0179,-0.0065185,0.00047122,-2,1,18
-1.5455,-3.3905,-0.0065185,0.00047122,-2,1,18
1.1545,1.1679,-0.0065185,0.00047122,-2,1,18
1.7045,3.1914,-0.0065185,0.00047122,-2,1,18
1.4495,1.5839,-0.0065185,0.00047122,-2,1,18
1.2327,1.2461,-4.0065,0.00047122,1,1,18
-1.9515,-1.8507,-0.0065185,0.00047122,-2,0,18
-5.5455,-1.6447,-0.0065185,0.00047122,-2,0,18
-6.163,-4.6996,-0.0065185,0.00047122,-2,0,18
-6.8379,-5.2245,-0.0065185,0.00047122,-2,0,18
-4.5615,-6.0069,-0.0065185,0.00047122,-2,0,18
-2.3266,-2.4907,-0.0065185,0.00047122,-2,0,18
-3.127,-3.2811,-0.0065185,0.00047122,-2,0,18
-2.9573,-2.7721,-0.0065185,0.00047122,-2,0,18
-2.513,-2.4996,3.9935,0.00047122,1,0,18
-1.6904,2.6304,-0.0065185,0.00047122,-2,0,18
-2.5862,-1.4227,-0.0065185,0.00047122,-2,0,18
5.5065,5.5869,-0.0065185,0.00047122,-2,1,18
-4.6723,-1.8538,-4.0065,0.00047122,1,0,18
4.3672,3.829,-0.0065185,0.00047122,-2,1,18
-3.7038,-2.2904,-0.0065185,-1.9995,-1,0,18
4.2665,4.3149,-0.0065185,0.00047122,-2,1,18
3.2272,3.2703,-0.0065185,0.00047122,-2,0,18
-1.4455,-1.4321,-0.0065185,0.00047122,-2,1,18
1.237,-1.9179,-5.0065,0.00047122,1,0,18
2.8945,2.9079,-0.0065185,0.00047122,-2,0,18
2.461,2.4744,-0.0065185,0.00047122,-2,0,18
-4.0836,1.0005,-0.0065185,0.00047122,-2,0,18
6.7045,6.7179,-0.0065185,0.00047122,-2,1,18
4.4495,1.3915,-0.0065185,0.00047122,-2,1,18
6.2327,6.2461,-0.0065185,0.00047122,-2,1,18
-5.2895,-0.54673,3.9935,0.00047122,1,1,18
4.617,-2.3821,-0.0065185,0.00047122,-2,1,18
0.15447,-2.3981,-0.0065185,0.00047122,-2,0,18
-1.273,-0.10961,-0.0065185,0.00047122,-2,0,18
0.30447,1.2954,-0.0065185,0.00047122,-2,0,18
0.55947,-0.96388,-0.0065185,0.00047122,-2,0,18
1.7762,1.1959,-0.0065185,0.00047122,-2,1,18
-1.5015,-0.3831,2.9935,0.00047122,1,0,18
-1.163,-0.21036,-0.0065185,0.00047122,-2,0,18
-4.8379,-4.0261,-0.0065185,0.00047122,-2,0,18
5.5705,5.5839,-0.0065185,0.00047122,-2,1,18
3.3356,-0.21701,-0.0065185,0.00047122,-2,1,18
4.1359,3.659,-0.0065185,0.00047122,-2,1,18
-3.5073,-1.9721,1.9935,0.00047122,1,0,18
4.8219,4.8354,-0.0065185,0.00047122,-2,1,18
-4.6904,-4.3759,-0.0065185,0.00047122,-2,0,18
-4.5862,-4.3168,-0.0065185,0.00047122,-2,0,18
-1.4976,-1.2666,-0.0065185,0.00047122,-2,0,18
1.2812,-0.62771,-4.0065,0.00047122,1,1,18
4.3672,-3.0194,-0.0065185,0.00047122,-2,1,18
4.3128,3.5926,-0.0065185,0.00047122,-2,1,18
4.2665,4.1664,-0.0065185,0.00047122,-2,1,18
-5.2183,-2.9983,-0.0065185,0.00047122,-2,0,18
4.1938,4.4572,-0.0065185,0.00047122,-2,1,18
-3.5565,-3.4733,2.9935,0.00047122,1,1,18
6.8945,3.0447,-0.0065185,0.00047122,-2,1,18
4.4045,1.1342,-0.0065185,0.00047122,-2,1,18
5.8945,-1.7256,-0.0065185,0.00047122,-2,1,18
-4.452,-4.9886,-0.0065185,0.00047122,-2,0,18
5.0925,3.8059,-0.0065185,0.00047122,-2,1,18
-5.7703,-4.3069,-0.0065185,0.00047122,-2,0,18
4.9131,3.4695,2.9935,0.00047122,1,1,18
3.2868,2.6117,-0.0065185,0.00047122,-2,1,18
3.0944,2.0552,-0.0065185,0.00047122,-2,1,18
-2.0691,-2.9504,-0.0065185,0.00047122,-2,0,18
-0.54553,2.0336,-0.0065185,0.00047122,-2,0,18
-0.46303,2.7619,-4.0065,0.00047122,1,1,18
-2.5505,-2.5371,-0.0065185,0.00047122,-2,0,18
1.4045,4.4739,-0.0065185,0.00047122,-2,1,18
-0.88553,0.38677,-0.0065185,0.00047122,-2,1,18
-0.75203,-0.99361,4.9935,0.00047122,1,1,18
5.4495,5.4961,-0.0065185,0.00047122,-2,1,18
-6.2238,-6.2104,-0.0065185,0.00047122,-2,0,18
5.2985,3.7953,-2.0065,0.00047122,1,1,18
4.8919,-0.92781,-0.0065185,0.00047122,-2,1,18
5.7588,4.1722,-0.0065185,0.00047122,-2,1,18
4.6456,4.659,-0.0065185,0.00047122,-2,1,18
-3.9405,-4.1396,3.9935,0.00047122,1,0,18
3.4677,-2.9189,-0.0065185,0.00047122,-2,1,18
1.3982,2.9026,-0.0065185,0.00047122,-2,1,18
-0.66084,-0.69763,-0.0065185,0.00047122,-2,1,18
-2.28,-2.2666,-0.0065185,0.00047122,-2,0,18
-1.2373,-1.2239,-0.0065185,0.00047122,-2,0,18
1.06,0.74543,-4.0065,0.00047122,1,1,18
0.17918,0.1926,-0.0065185,0.00047122,-2,1,18
-1.847,-1.8559,-0.0065185,0.00047122,-2,1,18
-1.8693,-1.8559,-0.0065185,0.00047122,-2,0,18
-1.5882,-1.6821,-0.0065185,0.00047122,-1,0,18
-1.3493,-1.3496,-3.0065,0.00047122,1,0,18
-2.2238,-3.7604,-0.0065185,0.00047122,-2,0,18
-0.03954,-2.1144,-0.0065185,0.00047122,-2,0,18
1.8919,0.25785,-0.0065185,0.00047122,-2,1,18
2.7588,2.9444,-0.0065185,0.00047122,-2,1,18
-0.63668,-1.3458,-0.0065185,0.00047122,-2,0,18
-0.54051,-0.52709,1.9935,0.00047122,1,1,18
-3.9955,0.58686,-0.0065185,0.00047122,-2,0,18
3.4045,4.8629,2.9935,0.00047122,1,1,18
3.0045,3.7961,-0.0065185,0.00047122,-2,1,18
4.0045,3.6119,-0.0065185,0.00047122,-2,1,18
5.0045,4.3053,-0.0065185,0.00047122,-2,1,18
4.2545,5.0222,-4.0065,0.00047122,1,0,18
-0.38303,-0.36961,-0.0065185,0.00047122,-2,0,18
1.9338,2.9079,-0.0065185,0.00047122,-2,1,18
1.3944,6.4744,-0.0065185,0.00047122,-2,1,18
-1.177,-1.3761,3.9935,0.00047122,1,0,18
-3.1098,5.3036,-0.0065185,0.00047122,-2,0,18
-0.59841,2.5265,-0.0065185,0.00047122,-2,1,18
2.642,5.3002,-0.0065185,0.00047122,-2,1,18
-2.8374,-2.824,-0.0065185,0.00047122,-2,0,18
-0.011155,0.0022608,-0.0065185,0.00047122,-2,0,18
-0.15881,-2.9881,-0.0065185,0.00047122,-2,0,18
-2.2843,-0.1209,-0.0065185,0.00047122,-2,0,18
-1.941,-1.9276,-5.0065,0.00047122,1,0,18
3.4906,4.7515,-0.0065185,0.00047122,-2,1,18
-0.55876,-2.9453,-0.0065185,0.00047122,-2,0,18
1.6332,1.2173,-0.0065185,0.00047122,-2,1,18
0.32004,-1.3665,-0.0065185,0.00047122,-2,0,18
-0.26376,0.27034,4.9935,0.00047122,1,1,18
1.7765,2.2325,-0.0065185,0.00047122,-2,1,18
-0.80173,-3.4008,-0.0065185,0.00047122,-2,0,18
-0.8308,-0.66738,-0.0065185,0.00047122,-2,0,18
-0.70551,-0.69209,-5.0065,0.00047122,1,0,18
-0.87651,-4.1131,-0.0065185,0.00047122,-2,0,18
-0.096691,0.1131,-0.0065185,0.00047122,-2,1,18
0.91848,1.0988,-0.0065185,0.00047122,-2,1,18
-2.9224,-2.909,-0.0065185,0.00047122,-2,0,18
-1.9334,-0.44199,-0.0065185,0.00047122,-2,0,18
-2.9427,-3.0318,-0.0065185,0.00047122,-2,0,18
2.5096,1.5051,2.9935,0.00047122,1,1,18
-1.9574,-2.568,-0.0065185,0.00047122,-2,0,18
-2.9631,-3.0126,-0.0065185,0.00047122,-2,0,18
1.032,1.0455,-0.0065185,0.00047122,-2,1,18
3.1545,1.2682,-0.0065185,0.00047122,-2,1,18
0.40447,-2.9634,-0.0065185,0.00047122,-2,0,18
0.55447,-0.32211,-0.0065185,0.00047122,-2,0,18
-0.29553,-0.28211,-0.0065185,0.00047122,-2,0,18
-0.29553,-1.6264,-0.0065185,0.00047122,-2,0,18
2.7045,0.27289,-0.0065185,0.00047122,-2,1,18
-0.44053,-0.49071,-0.0065185,0.00047122,-2,0,18
3.2327,3.2461,-0.0065185,0.00047122,-2,1,18
-3.0395,-1.6402,-0.0065185,0.00047122,-2,0,18
0.11706,0.091421,-0.0065185,0.00047122,-2,0,18
-0.74983,-0.76961,-0.0065185,0.00047122,-2,0,18
0.64563,1.8873,4.9935,0.00047122,1,1,18
2.5495,2.5629,-0.0065185,0.00047122,-2,1,18
2.4677,2.4811,-0.0065185,0.00047122,-2,1,18
-0.38928,-3.4465,-0.0065185,0.00047122,-2,0,18
1.6698,-0.33153,-0.0065185,0.00047122,-2,0,18
-3.711,-3.6976,-0.0065185,0.00047122,-2,1,18
-0.9075,-0.76358,-0.0065185,0.00047122,-2,1,19
1.4545,1.4679,-0.0065185,0.00047122,-2,1,19
-2.163,1.5265,-0.0065185,0.00047122,-2,0,19
3.0045,0.57796,-0.0065185,0.00047122,-2,0,19
-2.4455,-3.4161,-0.0065185,0.00047122,-2,0,19
-0.82803,-1.651,-0.0065185,0.00047122,-2,1,19
2.4545,2.4679,-0.0065185,0.00047122,-2,0,19
0.25447,0.26789,-0.0065185,0.00047122,-2,0,19
-3.608,-3.5946,-0.0065185,0.00047122,-2,0,19
-0.99553,-0.98211,-0.0065185,0.00047122,-2,0,19
-2.8455,-2.8321,-0.0065185,0.00047122,-2,0,19
1.727,0.74039,-0.0065185,0.00047122,-2,1,19
1.4686,0.17304,2.9935,0.00047122,1,0,19
-2.273,-2.2596,-0.0065185,0.00047122,-2,1,19
0.45447,0.46789,-0.0065185,0.00047122,-2,1,19
-0.82803,-3.3593,-0.0065185,0.00047122,-2,0,19
1.1621,1.9045,-0.0065185,0.00047122,-2,1,19
-1.4295,-2.8046,-0.0065185,0.00047122,-2,0,19
1.2234,2.7995,-4.0065,0.00047122,1,0,19
-4.163,1.4179,-0.0065185,0.00047122,-2,0,19
4.7045,2.0562,-0.0065185,0.00047122,-2,0,19
-4.5455,-3.9771,-0.0065185,0.00047122,-2,0,19
1.7045,2.5773,-0.0065185,0.00047122,-2,0,19
1.4495,2.5943,3.9935,0.00047122,1,0,19
1.0045,4.3796,-0.0065185,0.00047122,-2,0,19
2.0045,1.6854,-0.0065185,0.00047122,-2,0,19
1.7045,4.0179,-0.0065185,4.0005,-1,0,19
2.0045,2.0179,-0.0065185,0.00047122,-2,1,19
-1.6955,1.7896,-0.0065185,3.0005,-1,0,19
-2.4405,-2.0261,-0.0065185,0.00047122,-2,0,19
2.0827,1.268,3.9935,0.00047122,1,1,19
1.0485,1.0619,-0.0065185,0.00047122,-2,1,19
5.8919,5.9053,-0.0065185,0.00047122,-2,1,19
4.7588,4.5629,-0.0065185,0.00047122,-2,1,19
-4.6367,-2.5334,-0.0065185,0.00047122,-2,0,19
5.5495,5.5629,-0.0065185,0.00047122,-2,1,19
-4.4588,-4.3168,-0.0065185,0.00047122,-2,0,19
3.3982,3.4116,-0.0065185,0.00047122,-2,1,19
2.8892,2.3526,-0.0065185,2.0005,-1,1,19
2.4565,1.9982,4.9935,0.00047122,1,1,19
-2.7537,-2.8074,-0.0065185,0.00047122,-2,1,19
1.21,1.2234,-0.0065185,0.00047122,-2,1,19
-0.17024,-3.179,-0.0065185,0.00047122,-2,0,19
0.15298,0.16639,4.9935,0.00047122,1,0,19
-0.99553,-4.3233,-0.0065185,0.00047122,-2,0,19
-3.1455,0.095408,-0.0065185,0.00047122,-2,1,19
-1.273,-2.6596,-0.0065185,0.00047122,-2,1,19
-3.3814,-3.368,-0.0065185,0.00047122,-2,0,19
-4.3955,-2.4271,-0.0065185,0.00047122,-2,0,19
-3.7355,-1.1699,3.9935,0.00047122,1,0,19
-2.452,-1.0261,-0.0065185,0.00047122,-2,1,19
-3.9955,0.81986,-0.0065185,0.00047122,-2,1,19
4.0045,4.0179,-0.0065185,0.00047122,-2,1,19
-1.3955,-0.78409,-0.0065185,0.00047122,-2,1,19
0.30447,1.2079,-0.0065185,0.00047122,-2,0,19
2.5595,2.5729,-0.0065185,0.00047122,-2,1,19
-2.1673,-2.0998,2.9935,0.00047122,1,0,19
-2.8855,1.3396,-0.0065185,0.00047122,-2,0,19
3.461,3.4744,-0.0065185,0.00047122,-2,1,19
6.0925,6.1059,-0.0065185,0.00047122,-2,1,19
5.1793,-0.20729,-0.0065185,-1.9995,-1,1,19
1.5131,1.5265,-0.0065185,0.00047122,-2,1,19
5.2868,5.3002,-0.0065185,0.00047122,-2,1,19
-4.4855,-1.0721,2.9935,0.00047122,1,0,19
-1.922,2.1741,-0.0065185,0.00047122,-2,0,19
2.217,-1.6196,-0.0065185,0.00047122,-2,0,19
3.3351,3.3485,-0.0065185,0.00047122,-2,1,19
-4.3955,-3.1496,-0.0065185,0.00047122,-2,0,19
2.8945,2.7023,-0.0065185,0.00047122,-2,1,19
-2.452,-1.5481,3.9935,0.00047122,1,0,19
-0.9075,-1.2941,-0.0065185,0.00047122,-2,0,19
-6.5455,-6.8721,-0.0065185,0.00047122,-2,1,19
-5.3955,-5.5496,-0.0065185,0.00047122,-2,0,19
-0.69553,-0.68211,-0.0065185,0.00047122,-2,1,19
0.59947,0.88906,3.9935,0.00047122,1,0,19
-3.273,-3.2596,-0.0065185,0.00047122,-2,0,19
3.4045,2.9159,-0.0065185,0.00047122,-2,1,19
1.8945,1.9079,-0.0065185,0.00047122,-2,0,19
1.1545,1.1679,-0.0065185,0.00047122,-2,1,19
4.7045,4.7179,-0.0065185,0.00047122,-2,1,19
-3.9905,-1.4907,3.9935,0.00047122,1,1,19
-1.163,1.0179,-0.0065185,0.00047122,-2,0,19
-1.1455,-1.1321,-0.0065185,0.00047122,-2,0,19
-1.273,3.1969,-0.0065185,0.00047122,-2,1,19
2.3045,2.3179,-0.0065185,0.00047122,-2,1,19
-3.5505,-1.1158,-0.0065185,0.00047122,-2,0,19
3.0262,-4.2104,-0.0065185,-2.9995,-1,1,19
2.573,2.5864,-4.0065,0.00047122,1,0,19
0.075098,4.1785,-0.0065185,0.00047122,-2,1,19
0.45447,-5.4221,-0.0065185,0.00047122,-2,1,19
-2.828,-5.7696,-0.0065185,0.00047122,-2,0,19
3.1621,3.1755,-0.0065185,0.00047122,-2,0,19
2.6885,2.4292,3.9935,0.00047122,1,0,19
6.617,4.9839,-0.0065185,0.00047122,-2,1,19
-6.5455,-5.6027,-0.0065185,0.00047122,-2,0,19
6.172,5.5854,-0.0065185,0.00047122,-2,0,19
5.2468,5.5059,-3.0065,0.00047122,1,0,19
3.8945,3.9079,-0.0065185,0.00047122,-2,1,19
4.8545,2.9559,-0.0065185,0.00047122,-2,0,19
4.4045,-0.049665,-0.0065185,0.00047122,-2,1,19
2.8545,3.7579,-0.0065185,0.00047122,-2,1,19
-2.273,0.38677,-0.0065185,0.00047122,-2,0,19
-2.5455,-1.918,-0.0065185,0.00047122,-2,1,19
-2.163,1.7681,-2.0065,0.00047122,1,1,19
4.0045,1.7179,-0.0065185,0.00047122,-2,1,19
-6.3955,-6.3821,-0.0065185,0.00047122,-2,0,19
6.8945,5.2461,-0.0065185,0.00047122,-2,0,19
3.4045,3.4179,-0.0065185,0.00047122,-2,1,19
4.0045,4.0179,-0.0065185,0.00047122,-2,0,19
-3.3955,-5.1569,-4.0065,0.00047122,1,1,19
-5.8855,-3.2148,-0.0065185,0.00047122,-2,0,19
-5.5455,-5.8721,-0.0065185,0.00047122,-2,0,19
-1.163,-1.4386,-0.0065185,0.00047122,-2,0,19
-3.8379,-3.5993,-0.0065185,0.00047122,-2,0,19
-3.2615,-3.4569,-4.0065,0.00047122,1,0,19
-1.3266,-4.7132,-0.0065185,0.00047122,-2,1,19
0.0044729,4.1902,-0.0065185,0.00047122,-2,1,19
4.0045,5.1079,-0.0065185,0.00047122,-2,0,19
5.4045,5.4179,-0.0065185,0.00047122,-2,1,19
0.70447,0.71789,-0.0065185,0.00047122,-2,0,19
1.8545,0.86789,-0.0065185,0.00047122,-2,1,19
-4.718,-1.5546,-0.0065185,0.00047122,-2,1,19
4.0186,3.4179,-5.0065,0.00047122,1,1,19
-3.5175,3.6538,-0.0065185,0.00047122,-2,1,19
-2.4455,0.53989,-0.0065185,0.00047122,-2,1,19
-0.24553,2.1854,-0.0065185,0.00047122,-2,0,19
-0.20803,-1.7522,-5.0065,0.00047122,1,0,19
4.8945,-2.6661,-0.0065185,0.00047122,-2,1,19
-4.6955,-4.1386,-0.0065185,0.00047122,-2,0,19
4.4495,-0.052736,-0.0065185,0.00047122,-2,0,19
-3.7738,-3.7604,4.9935,0.00047122,1,0,19
-1.9515,2.9043,-0.0065185,0.00047122,-2,1,19
-1.6581,-3.5946,-0.0065185,0.00047122,-1,1,19
-0.74983,1.4311,-0.0065185,0.00047122,-2,1,19
5.0045,6.8603,-0.0065185,0.00047122,-2,0,19
-1.2455,-4.2321,-0.0065185,0.00047122,-2,1,19
3.617,1.0804,-0.0065185,0.00047122,-2,1,19
-3.9955,-3.9821,-0.0065185,0.00047122,-2,1,19
3.4045,1.5755,-4.0065,0.00047122,1,0,19
0.89447,0.90789,-0.0065185,0.00047122,-2,1,19
2.3045,2.3179,-0.0065185,0.00047122,-2,1,19
-0.55053,1.6377,-0.0065185,0.00047122,-2,0,19
1.2327,1.2461,-0.0065185,0.00047122,-2,1,19
1.0485,1.7927,4.9935,0.00047122,1,1,19
5.0045,3.7896,-0.0065185,0.00047122,-2,1,19
4.2545,3.6304,4.9935,0.00047122,1,0,19
1.392,-2.1653,-0.0065185,0.00047122,-2,1,19
-1.1749,-1.6221,-5.0065,0.00047122,1,1,19
-7.608,-0.52399,-0.0065185,0.00047122,-2,0,19
-3.3955,2.6279,-0.0065185,0.00047122,-2,0,19
2.8945,5.9785,-0.0065185,0.00047122,-2,1,19
2.461,2.4744,-0.0065185,0.00047122,-2,0,19
-2.9955,-2.9821,-0.0065185,0.00047122,-2,1,19
-2.9955,1.3803,-0.0065185,0.00047122,-2,1,19
-2.5455,-2.5321,2.9935,0.00047122,1,1,19
-0.99553,2.5679,-0.0065185,0.00047122,-2,0,19
3.1545,2.1854,-0.0065185,0.00047122,-2,1,19
1.4045,-1.9821,-0.0065185,0.00047122,-2,1,19
-3.8855,0.63201,-0.0065185,0.00047122,-2,1,19
1.8545,3.3244,-0.0065185,0.00047122,-2,0,19
1.727,1.5904,-0.0065185,0.00047122,-2,1,19
2.8545,2.7404,-0.0065185,0.00047122,-2,0,19
0.70447,2.4404,-0.0065185,0.00047122,-2,0,19
-0.55053,-0.53711,-0.0065185,0.00047122,-2,1,19
-1.6955,-1.6821,-0.0065185,0.00047122,-2,0,19
3.0045,0.82889,-0.0065185,0.00047122,-2,0,19
0.55447,-1.4601,-0.0065185,0.00047122,-2,1,19
0.30447,0.31789,-0.0065185,0.00047122,-2,0,19
1.3045,-1.6821,-0.0065185,0.00047122,-2,0,19
1.1095,1.0019,3.9935,0.00047122,1,1,19
-0.22378,-0.31323,-0.0065185,0.00047122,-2,0,19
-2.1455,-2.1321,-0.0065185,0.00047122,-2,1,19
-5.5455,-2.5321,-0.0065185,0.00047122,-2,1,19
5.172,0.47986,-0.0065185,0.00047122,-2,1,19
5.5545,5.1854,-0.0065185,0.00047122,-2,0,19
-5.6955,-0.23711,-0.0065185,0.00047122,-2,0,20
3.4045,3.4179,-0.0065185,0.00047122,-2,0,20
4.0045,0.95461,-0.0065185,0.00047122,-2,0,20
4.4045,1.9053,-0.0065185,0.00047122,-2,1,20
-2.1455,-2.1321,-0.0065185,0.00047122,-2,1,20
0.28197,-2.4386,-0.0065185,0.00047122,-2,0,20
-0.2314,4.632,-0.0065185,4.0005,-1,1,20
-1.4735,-1.4601,-0.0065185,0.00047122,-2,0,20
0.30447,-0.59624,-0.0065185,0.00047122,-2,0,20
3.4495,3.4629,-0.0065185,0.00047122,-2,1,20
1.2327,1.2461,-0.0065185,0.00047122,-2,1,20
-2.0395,0.86899,-0.0065185,0.00047122,-2,0,20
-1.7329,-1.1527,-3.0065,0.00047122,1,0,20
-2.7498,-2.8046,-0.0065185,0.00047122,-2,1,20
-2.3367,-4.1496,-0.0065185,-1.9995,-1,0,20
1.4595,-3.1271,-0.0065185,0.00047122,-2,1,20
2.7045,-0.21036,-0.0065185,0.00047122,-2,1,20
3.4495,3.4629,-0.0065185,0.00047122,-2,1,20
-2.9238,1.24,2.9935,0.00047122,1,0,20
2.0485,-1.4881,-0.0065185,0.00047122,-2,1,20
2.8919,1.3767,-0.0065185,0.00047122,-2,0,20
2.7045,1.4947,-0.0065185,0.00047122,-2,1,20
-2.2905,-5.8321,-0.0065185,-4.9995,-1,1,20
1.9552,4.8129,-4.0065,0.00047122,1,0,20
1.0485,3.6304,-0.0065185,0.00047122,-2,0,20
0.89188,-1.9847,-0.0065185,0.00047122,-2,0,20
0.25017,-1.5921,-0.0065185,0.00047122,-2,0,20
0.15447,-0.19096,-0.0065185,0.00047122,-2,0,20
-2.1455,0.86789,-0.0065185,0.00047122,-2,1,20
3.5545,3.5679,-0.0065185,0.00047122,-2,0,20
-3.013,0.41164,4.9935,0.00047122,1,1,20
-1.8379,0.017889,-0.0065185,0.00047122,-2,0,20
-1.9955,-1.5481,-0.0065185,0.00047122,-2,0,20
0.0044729,-3.0527,-0.0065185,0.00047122,-2,0,20
-4.9955,-4.9821,-0.0065185,0.00047122,-2,0,20
-4.2455,-2.9821,-0.0065185,-2.9995,-1,1,20
7.617,-1.0261,-0.0065185,0.00047122,-2,0,20
5.0751,3.4179,-0.0065185,0.00047122,-2,0,20
-3.6056,-2.8245,-0.0065185,0.00047122,-2,1,20
3.073,1.4629,-4.0065,0.00047122,1,0,20
3.8902,-3.3821,-0.0065185,0.00047122,-2,1,20
3.7045,2.8493,-0.0065185,0.00047122,-2,1,20
-1.4405,2.4744,-0.0065185,0.00047122,-2,1,20
1.2327,2.6911,-3.0065,0.00047122,1,0,20
-2.9955,2.5679,-0.0065185,0.00047122,-2,1,20
2.0045,2.5679,-0.0065185,0.00047122,-2,1,20
-1.2955,2.6053,-0.0065185,0.00047122,-2,1,20
-0.44053,1.1229,-0.0065185,0.00047122,-2,0,20
0.23272,0.73391,-0.0065185,0.00047122,-2,1,20
0.19849,0.499,4.9935,0.00047122,1,0,20
3.282,5.1553,-0.0065185,0.00047122,-2,0,20
2.3903,6.6304,-0.0065185,0.00047122,-2,1,20
4.5545,4.5679,-0.0065185,0.00047122,-2,0,20
4.7045,4.1744,-0.0065185,0.00047122,-2,0,20
3.9995,-1.3593,-0.0065185,-0.99953,-1,0,20
4.2327,2.6973,-0.0065185,0.00047122,-2,1,20
3.5985,2.9043,-4.0065,0.00047122,1,1,20
5.172,5.1854,-0.0065185,0.00047122,-2,0,20
0.45447,1.5768,-0.0065185,0.00047122,-2,0,20
5.5545,1.8864,-0.0065185,0.00047122,-2,1,20
3.5545,3.5679,-0.0065185,0.00047122,-2,1,20
0.83697,-3.992,-0.0065185,0.00047122,-2,1,20
0.45447,0.46789,-0.0065185,0.00047122,-2,1,20
-0.37803,-3.8632,-5.0065,0.00047122,1,1,20
-1.1532,-3.2704,-0.0065185,0.00047122,-2,0,20
-4.5455,-3.4938,-0.0065185,0.00047122,-2,1,20
2.7045,2.7179,-0.0065185,0.00047122,-2,1,20
2.8545,2.8679,-0.0065185,0.00047122,-2,0,20
-2.6955,-1.1801,-0.0065185,0.00047122,-2,1,20
2.2995,2.3129,-5.0065,0.00047122,1,0,20
-1.2238,3.0396,-0.0065185,0.00047122,-2,0,20
-3.9955,-0.36961,-0.0065185,0.00047122,-2,0,20
-3.9955,-0.29042,-0.0065185,0.00047122,-2,0,20
4.0045,3.4179,-0.0065185,0.00047122,-2,1,20
-3.3955,-3.3821,-5.0065,0.00047122,1,0,20
2.0045,4.2679,-0.0065185,0.00047122,-2,1,20
-3.9955,-0.079226,-0.0065185,0.00047122,-2,0,20
-4.9955,-4.9821,-0.0065185,0.00047122,-2,0,20
-1.9955,-1.714,-0.0065185,0.00047122,-2,0,20
1.0045,1.0179,-0.0065185,0.00047122,-2,1,20
-0.84553,-0.5904,-5.0065,0.00047122,1,0,20
-3.9955,-3.5209,-0.0065185,0.00047122,-2,0,20
-3.9955,-2.7776,-0.0065185,0.00047122,-2,0,20
-1.9955,-1.4683,-0.0065185,0.00047122,-2,0,20
-1.9955,-2.4353,-0.0065185,0.00047122,-2,0,20
-1.9955,-1.6109,-0.0065185,0.00047122,-2,0,20
-2.9955,-1.4271,-0.0065185,0.00047122,-2,0,20
-2.5455,-2.2639,3.9935,0.00047122,1,0,20
0.0044729,3.6459,-0.0065185,0.00047122,-2,1,20
2.0045,2.0179,-0.0065185,0.00047122,-2,1,20
0.0044729,0.017889,-0.0065185,0.00047122,-2,1,20
2.0045,2.0179,-0.0065185,0.00047122,-2,1,20
-1.6955,-1.6821,-4.0065,0.00047122,1,1,20
1.0045,4.4179,-0.0065185,0.00047122,-2,1,20
-2.1455,-2.1321,-0.0065185,0.00047122,-2,1,20
-1.273,-0.89215,-0.0065185,0.00047122,-2,1,20
1.0903,-0.59624,2.9935,0.00047122,1,0,20
-3.4735,-1.7446,-0.0065185,0.00047122,-2,0,20
2.4045,2.9742,-0.0065185,0.00047122,-2,1,20
-1.8855,-0.82449,-0.0065185,0.00047122,-2,1,20
0.85447,0.86789,-0.0065185,0.00047122,-2,1,20
-2.718,1.3834,-0.0065185,0.00047122,-2,0,20
2.3186,2.5399,-0.0065185,2.0005,-1,0,20
-1.9625,-2.2041,3.9935,0.00047122,1,1,20
-2.7673,-2.1539,-0.0065185,0.00047122,-2,0,20
0.048485,0.061901,-0.0065185,0.00047122,-2,0,20
-3.1081,-1.9847,-0.0065185,0.00047122,-2,0,20
1.2502,1.1305,-0.0065185,0.00047122,-2,1,20
-3.3544,-2.231,-0.0065185,0.00047122,-2,1,20
2.8595,2.7767,-5.0065,0.00047122,1,1,20
-1.5323,-1.5252,-0.0065185,0.00047122,-2,1,20
1.3045,1.9304,-0.0065185,0.00047122,-2,1,20
1.4495,-1.0871,-0.0065185,0.00047122,-2,0,20
-0.22378,-1.2104,-0.0065185,0.00047122,-2,1,20
0.19849,0.2119,-5.0065,0.00047122,1,1,20
-2.273,-0.18608,-0.0065185,0.00047122,-2,1,20
-3.5455,1.0804,-0.0065185,0.00047122,-2,0,20
-0.84553,3.0885,-0.0065185,0.00047122,-2,0,20
0.28197,2.059,-0.0065185,0.00047122,-2,1,20
0.85447,-1.0799,-0.0065185,0.00047122,-2,1,20
3.727,2.6068,-0.0065185,0.00047122,-2,0,20
-3.1597,-3.1462,4.9935,0.00047122,1,0,20
2.5265,0.53989,-0.0065185,0.00047122,-2,1,20
-2.4392,-2.1258,-0.0065185,0.00047122,-2,0,20
-2.3727,-2.3593,-0.0065185,0.00047122,-2,0,20
2.0251,-1.1471,-4.0065,0.00047122,1,0,20
3.4495,-1.3821,-0.0065185,0.00047122,-2,1,20
-5.6955,-4.2137,-0.0065185,0.00047122,-2,0,20
-6.4405,-5.179,-0.0065185,0.00047122,-2,0,20
5.4827,0.93953,-3.0065,0.00047122,1,1,20
4.0485,-1.4881,-0.0065185,0.00047122,-2,1,20
5.8919,5.9053,-0.0065185,0.00047122,-2,1,20
2.7588,2.2882,-0.0065185,0.00047122,-2,0,20
-4.6955,-4.6821,-0.0065185,0.00047122,-2,1,20
5.4495,2.0079,-0.0065185,0.00047122,-2,1,20
-1.3955,-1.3821,-0.0065185,0.00047122,-2,1,20
2.3045,-1.2884,-0.0065185,0.00047122,-2,0,20
1.9595,4.3796,3.9935,0.00047122,1,0,20
0.77622,2.8354,-0.0065185,0.00047122,-2,0,20
-1.9515,-1.9381,-0.0065185,0.00047122,-2,0,20
0.55447,0.47439,-0.0065185,0.00047122,-2,1,20
-0.82803,2.6874,-0.0065185,0.00047122,-2,0,20
-0.70315,2.2194,1.9935,0.00047122,1,0,20
-5.163,-2.6194,-0.0065185,0.00047122,-2,0,20
3.8468,0.41526,-0.0065185,0.00047122,-2,1,20
-2.5615,-1.42,-0.0065185,0.00047122,-2,0,20
-2.1766,-0.60936,-3.0065,0.00047122,1,1,20
-1.718,-1.7046,-0.0065185,0.00047122,-2,0,20
-1.1455,-1.0204,-0.0065185,0.00047122,-2,0,20
4.7045,1.1755,-0.0065185,0.00047122,-2,1,20
5.4495,2.4519,-0.0065185,0.00047122,-2,0,20
4.4045,4.4179,-0.0065185,0.00047122,-2,1,20
5.8545,5.8679,-0.0065185,0.00047122,-2,1,20
4.977,0.52815,-4.0065,0.00047122,1,1,20
1.3903,2.6636,-0.0065185,0.00047122,-2,1,20
1.7045,2.9079,-0.0065185,0.00047122,-2,1,20
1.5595,-0.98341,-0.0065185,0.00047122,-2,1,20
-3.5455,-0.44409,-0.0065185,0.00047122,-2,1,20
-0.84553,1.7927,-0.0065185,0.00047122,-2,1,20
1.727,1.0129,-0.0065185,0.00047122,-2,1,20
3.1545,0.4502,-0.0065185,0.00047122,-2,1,20
-4.3955,-4.3821,-0.0065185,0.00047122,-2,0,20
-6.8855,-6.8721,-0.0065185,0.00047122,-2,1,20
-6.3955,-0.62737,-0.0065185,0.00047122,-2,0,20
-0.54553,1.3485,-0.0065185,0.00047122,-2,1,20
-5.6955,-1.5256,-0.0065185,0.00047122,-2,1,20
-0.39553,-0.38211,-0.0065185,0.00047122,-2,1,20
0.89447,-0.31988,-0.0065185,0.00047122,-2,1,20
-0.75203,-0.73861,-4.0065,0.00047122,1,0,20
-0.55053,-0.53711,-0.0065185,0.00047122,-2,0,20
1.2327,1.2461,-0.0065185,0.00047122,-2,1,20
1.0045,1.0179,-0.0065185,0.00047122,-2,1,20
-2.9955,2.6509,-0.0065185,0.00047122,-2,0,20
2.0045,2.5679,-0.0065185,0.00047122,-2,0,20
-0.4575,-0.64374,-5.0065,0.00047122,1,0,21
0.77929,-2.1441,-0.0065185,0.00047122,-2,1,21
1.8545,1.8679,-0.0065185,0.00047122,-2,1,21
3.8545,3.8679,-0.0065185,0.00047122,-2,1,21
4.727,4.7404,-0.0065185,0.00047122,-2,1,21
2.6186,2.632,-0.0065185,0.00047122,-2,0,21
-3.6955,-1.7894,-0.0065185,0.00047122,-2,0,21
-3.6955,-2.0733,-0.0065185,0.00047122,-2,0,21
-4.4405,-2.7896,-0.0065185,0.00047122,-2,0,21
-2.2238,-2.2104,-0.0065185,0.00047122,-2,0,21
-1.0395,-1.0261,-0.0065185,0.00047122,-2,1,21
1.0045,2.8603,-0.0065185,0.00047122,-2,1,21
-0.84553,-0.83211,1.9935,0.00047122,1,0,21
-1.718,-1.7046,-0.0065185,0.00047122,-2,0,21
-0.60965,1.4337,-0.0065185,0.00047122,-2,1,21
3.0045,3.0179,-0.0065185,0.00047122,-2,1,21
1.0045,-0.42582,-0.0065185,0.00047122,-2,1,21
4.0045,0.86789,-0.0065185,0.00047122,-2,0,21
3.4045,1.4947,3.9935,0.00047122,1,0,21
3.8945,6.3079,-0.0065185,0.00047122,-2,0,21
3.461,1.3899,-0.0065185,0.00047122,-2,1,21
4.8545,2.9559,-0.0065185,0.00047122,-2,1,21
3.727,4.032,-0.0065185,0.00047122,-2,1,21
-3.1597,-3.0541,-5.0065,0.00047122,1,0,21
5.5265,5.5399,-0.0065185,0.00047122,-2,1,21
4.4482,4.4616,-0.0065185,0.00047122,-2,1,21
2.3816,2.395,-0.0065185,0.00047122,-2,1,21
-1.6749,2.9485,-0.0065185,0.00047122,-2,0,21
2.7045,1.4863,-0.0065185,0.00047122,-2,1,21
0.55947,3.9036,-0.0065185,0.00047122,-2,1,21
0.47622,-1.9329,-4.0065,0.00047122,1,0,21
2.9605,-1.9371,-0.0065185,0.00047122,-2,1,21
5.4045,3.2461,-0.0065185,0.00047122,-2,1,21
-4.8855,-0.27182,-0.0065185,0.00047122,-2,0,21
5.461,2.6053,-0.0065185,0.00047122,-2,1,21
-4.0836,-3.2864,-0.0065185,0.00047122,-2,0,21
3.4793,2.359,-3.0065,0.00047122,1,1,21
5.5131,4.5629,-0.0065185,0.00047122,-2,1,21
6.2868,5.4811,-0.0065185,0.00047122,-2,1,21
-5.3355,1.4665,-3.0065,0.00047122,1,0,21
4.9309,4.9444,-0.0065185,0.00047122,-2,1,21
2.792,2.9729,-0.0065185,0.00047122,-2,1,21
3.6738,3.2597,-0.0065185,0.00047122,-2,1,21
-3.1145,-1.6327,2.9935,0.00047122,1,0,21
-4.4791,-4.1568,-0.0065185,0.00047122,-2,0,21
-4.4066,-4.1306,-0.0065185,0.00047122,-2,0,21
4.3539,-1.6983,-0.0065185,0.00047122,-2,1,21
-3.2925,-3.4894,-0.0065185,0.00047122,-2,0,21
2.2569,2.6591,-0.0065185,0.00047122,-2,1,21
-1.9101,-1.7596,-3.0065,0.00047122,1,0,21
2.1869,2.6338,-0.0065185,0.00047122,-2,1,21
3.1595,3.0739,-0.0065185,0.00047122,-2,1,21
-5.1273,-1.4747,-0.0065185,0.00047122,-2,0,21
-3.1075,-3.0226,-0.0065185,0.00047122,-2,0,21
3.0997,3.7256,-0.0065185,0.00047122,-2,1,21
1.0854,2.6488,-0.0065185,0.00047122,-2,1,21
0.92326,0.89274,2.9935,0.00047122,1,1,21
2.0629,2.6264,-0.0065185,0.00047122,-2,1,21
0.054175,1.7358,-0.0065185,0.00047122,-2,0,21
1.0045,1.0179,-0.0065185,0.00047122,-2,1,21
-1.9955,-0.75386,-0.0065185,0.00047122,-2,0,21
3.0045,3.0179,-0.0065185,0.00047122,-2,1,21
5.0045,5.0179,-0.0065185,0.00047122,-2,1,21
-4.2455,0.79424,-3.0065,0.00047122,1,0,21
-2.9955,-1.891,-0.0065185,0.00047122,-2,0,21
-3.9955,-2.5321,-0.0065185,0.00047122,-2,0,21
2.0045,3.4179,-0.0065185,0.00047122,-2,1,21
0.0044729,0.017889,-0.0065185,0.00047122,-2,1,21
0.0044729,0.35258,-0.0065185,0.00047122,-2,1,21
0.0044729,-1.2104,-2.0065,0.00047122,1,1,21
-1.9955,-2.7261,-0.0065185,0.00047122,-2,0,21
-4.6955,-1.4271,-0.0065185,0.00047122,-2,0,21
-6.4405,-3.7604,-0.0065185,0.00047122,-2,0,21
5.2327,5.4961,-0.0065185,0.00047122,-2,1,21
-4.4395,-4.4261,-3.0065,0.00047122,1,0,21
-0.88294,-3.2864,-0.0065185,0.00047122,-2,0,21
-0.74983,-0.62327,-0.0065185,0.00047122,-2,0,21
0.64563,0.65904,-0.0065185,0.00047122,-2,1,21
0.54945,0.56287,-0.0065185,0.00047122,-2,0,21
3.0045,3.0179,-0.0065185,0.00047122,-2,1,21
-2.5455,-2.5321,2.9935,0.00047122,1,0,21
-0.82803,-0.36461,-0.0065185,0.00047122,-2,0,21
1.5545,1.5679,-0.0065185,0.00047122,-2,0,21
-1.8455,-1.8321,-0.0065185,0.00047122,-2,0,21
-0.71803,-0.15682,-0.0065185,0.00047122,-2,0,21
0.6186,-0.6991,-2.0065,0.00047122,1,1,21
1.4825,1.1959,-0.0065185,0.00047122,-2,1,21
1.2608,1.6106,-4.0065,0.00047122,1,1,21
5.4495,5.4629,-0.0065185,0.00047122,-2,1,21
5.2327,-1.8281,-0.0065185,0.00047122,-2,1,21
2.0485,4.3053,-0.0065185,0.00047122,-2,1,21
4.8919,1.6222,-0.0065185,0.00047122,-2,1,21
4.1588,4.1722,-2.0065,0.00047122,1,1,21
-4.6367,1.0767,-0.0065185,0.00047122,-2,0,21
4.5495,4.4811,-0.0065185,0.00047122,-2,1,21
4.4677,4.4116,-0.0065185,0.00047122,-2,1,21
3.7982,2.8091,-2.0065,0.00047122,1,1,21
-3.3302,1.3832,-0.0065185,0.00047122,-2,0,21
1.289,2.8097,-0.0065185,0.00047122,-2,1,21
0.24628,1.0734,-0.0065185,0.00047122,-2,1,21
3.21,0.22343,-0.0065185,0.00047122,-2,1,21
-3.1702,-2.7068,-0.0065185,0.00047122,-2,0,21
5.153,2.7164,-0.0065185,0.00047122,-2,1,21
4.3807,4.3752,-3.0065,0.00047122,1,0,21
4.617,-2.4248,-0.0065185,0.00047122,-2,1,21
-5.8455,-3.1439,-0.0065185,0.00047122,-2,0,21
-5.718,-5.0596,-0.0065185,0.00047122,-2,0,21
-3.6097,-3.048,-0.0065185,0.00047122,-2,0,21
-3.5175,-3.0381,-0.0065185,0.00047122,-2,0,21
2.9982,3.0716,-4.0065,0.00047122,1,1,21
-5.3727,3.3774,-0.0065185,0.00047122,-2,0,21
5.3251,4.3023,-0.0065185,0.00047122,-2,1,21
4.277,4.0471,-0.0065185,0.00047122,-2,1,21
3.6361,3.862,0.99348,0.00047122,1,1,21
3.0913,0.88901,2.9935,0.00047122,1,1,21
2.1718,2.1852,-0.0065185,0.00047122,-2,1,21
1.1467,1.0332,-0.0065185,0.00047122,-2,1,21
-0.87462,-0.96914,-0.0065185,0.00047122,-2,0,21
-0.84553,-0.83211,-0.0065185,0.00047122,-2,0,21
0.72697,-1.3132,-0.0065185,0.00047122,-2,1,21
-1.6097,-1.5962,-0.0065185,0.00047122,-2,0,21
-1.5175,1.0427,-0.0065185,0.00047122,-2,0,21
-1.2892,-1.2758,-4.0065,0.00047122,1,0,21
-0.37268,-0.35926,-0.0065185,0.00047122,-2,0,21
0.32505,-0.57273,-0.0065185,0.00047122,-2,1,21
-0.26802,-0.2546,-0.0065185,0.00047122,-2,0,21
-0.22714,-1.6434,2.9935,0.00047122,1,0,21
-0.1924,2.371,-0.0065185,0.00047122,-2,1,21
0.0044729,0.3262,-0.0065185,0.00047122,-2,1,21
-0.99553,1.8603,-0.0065185,0.00047122,-2,0,21
-0.84553,0.017889,3.9935,0.00047122,1,0,21
1.282,3.4179,-0.0065185,0.00047122,-2,1,21
-0.29553,0.90789,-0.0065185,0.00047122,-2,0,21
-4.6955,0.94088,-0.0065185,0.00047122,-2,0,21
1.4495,3.0116,-0.0065185,0.00047122,-2,1,21
-1.2238,-1.2104,-0.0065185,0.00047122,-2,0,21
-3.0395,-1.0261,-0.0065185,0.00047122,-2,0,21
3.8919,1.9904,-0.0065185,0.00047122,-2,1,21
-3.2998,-2.7637,-4.0065,0.00047122,1,0,21
-2.3544,3.6148,-0.0065185,0.00047122,-2,0,21
0.45447,5.9079,-0.0065185,0.00047122,-2,1,21
1.5545,1.5679,-0.0065185,0.00047122,-2,0,21
3.1545,3.1679,-0.0065185,0.00047122,-2,1,21
-2.673,-1.8161,-5.0065,0.00047122,1,0,21
-5.8855,-3.2666,-0.0065185,0.00047122,-2,0,21
-6.452,-4.2239,-0.0065185,0.00047122,-2,0,21
-6.0836,-3.2583,-0.0065185,0.00047122,-2,0,21
-5.1703,-3.5568,-5.0065,0.00047122,1,0,21
5.5131,5.7765,-0.0065185,0.00047122,-2,1,21
-6.2778,-3.5083,-0.0065185,0.00047122,-2,0,21
5.0944,5.3579,-0.0065185,0.00047122,-2,1,21
0.078005,0.92669,-0.0065185,0.00047122,-2,0,21
4.792,4.8054,-0.0065185,0.00047122,-2,1,21
-4.0649,-1.048,-0.0065185,-0.99953,-1,0,21
-3.4545,-2.1261,3.9935,0.00047122,1,0,21
-2.4791,-2.4657,-0.0065185,0.00047122,-2,0,21
-2.4066,2.8674,-0.0065185,0.00047122,-2,0,21
-2.3449,-1.7165,-0.0065185,0.00047122,-2,0,21
-1.2925,-1.7113,-0.0065185,0.00047122,-2,0,21
1.752,-1.0846,-0.0065185,0.00047122,-2,0,21
0.21906,-1.4675,-0.0065185,0.00047122,-2,1,21
1.8221,-0.16451,-0.0065185,0.00047122,-2,1,21
-6.6955,-6.6821,-0.0065185,0.00047122,-2,0,21
-4.4405,-4.4271,-0.0065185,0.00047122,-2,0,21
0.23272,0.0068623,-0.0065185,0.00047122,-2,1,21
-0.95151,-1.9821,-0.0065185,0.00047122,-2,0,21
-2.6955,-2.6821,-0.0065185,0.00047122,-2,0,21
-3.4405,-3.4271,-0.0065185,0.00047122,-2,0,21
-4.2238,-4.2104,-0.0065185,0.00047122,-2,0,21
-3.5895,-0.48114,2.9935,0.00047122,1,1,21
-0.16303,2.1907,-0.0065185,0.00047122,-2,1,21
-1.8379,2.1116,-0.0065185,0.00047122,-2,1,21
2.5705,-0.3168,-0.0065185,0.00047122,-2,1,21
-0.84553,0.73391,-0.0065185,0.00047122,-2,0,21
-0.71803,0.017889,-0.0065185,0.00047122,-2,0,21
-3.6097,-2.0333,-0.0065185,0.00047122,-2,1,22
-1.5175,-0.88327,-0.0065185,0.00047122,-2,0,22
-0.84553,-0.83211,-0.0065185,0.00047122,-2,1,22
2.0045,2.395,-0.0065185,0.00047122,-2,0,22
-1.9955,-1.5481,-0.0065185,0.00047122,-2,0,22
-3.6955,-1.5857,-0.0065185,0.00047122,-2,0,22
4.4495,4.4629,-0.0065185,0.00047122,-2,1,22
-5.2238,-2.6554,-0.0065185,0.00047122,-2,0,22
-1.0395,-1.0261,-0.0065185,0.00047122,-2,0,22
-0.10812,3.7953,-0.0065185,0.00047122,-2,0,22
1.1545,4.4744,-0.0065185,0.00047122,-2,1,22
-1.6955,-0.48414,-0.0065185,0.00047122,-2,0,22
-1.4405,-0.81299,-3.0065,0.00047122,1,0,22
5.2327,3.7961,-0.0065185,0.00047122,-2,1,22
5.0485,5.0619,-0.0065185,0.00047122,-2,0,22
-4.3955,-3.8721,-0.0065185,0.00047122,-2,0,22
-3.8455,-3.8321,-0.0065185,0.00047122,-2,0,22
5.727,3.1969,-0.0065185,0.00047122,-2,1,22
-4.8597,-4.3931,1.9935,0.00047122,1,0,22
-3.5175,-3.1189,-0.0065185,0.00047122,-2,0,22
0.44818,-0.98341,-0.0065185,0.00047122,-2,1,22
1.6273,-0.35926,-0.0065185,0.00047122,-2,0,22
-2.6749,-1.3615,-0.0065185,0.00047122,-2,1,22
2.282,2.4965,-5.0065,0.00047122,1,0,22
1.2361,4.4995,-0.0065185,0.00047122,-2,0,22
0.15447,0.16789,-0.0065185,0.00047122,-2,1,22
-0.27303,2.0885,-0.0065185,0.00047122,-2,0,22
0.39035,-0.63351,-0.0065185,0.00047122,-2,0,22
-0.14553,-2.2323,-0.0065185,0.00047122,-2,0,22
-1.273,-0.85904,-0.0065185,0.00047122,-2,1,22
-1.0814,-0.090486,4.9935,0.00047122,1,0,22
-1.4735,-1.4601,-0.0065185,0.00047122,-2,1,22
2.7045,2.2461,-0.0065185,0.00047122,-2,1,22
3.1545,1.6435,-0.0065185,0.00047122,-2,0,22
2.282,2.2954,-0.0065185,0.00047122,-2,1,22
-4.5455,-4.8721,-0.0065185,0.00047122,-2,0,22
-3.863,-5.4386,-0.0065185,-2.9995,-1,0,22
3.8468,3.4631,-0.0065185,0.00047122,-2,1,22
-3.5615,-3.4569,-0.0065185,0.00047122,-2,0,22
3.0356,3.2265,3.9935,0.00047122,1,1,22
-2.127,-4.6644,-0.0065185,0.00047122,-2,0,22
-0.033796,1.9579,-0.0065185,0.00047122,-2,0,22
-2.1455,-2.1321,-0.0065185,0.00047122,-2,1,22
1.832,-0.0097604,-3.0065,0.00047122,1,0,22
1.3903,1.4038,-0.0065185,0.00047122,-2,1,22
0.30447,4.1854,-0.0065185,0.00047122,-2,1,22
1.3045,1.84,-0.0065185,0.00047122,-2,1,22
0.45447,-1.0871,-0.0065185,0.00047122,-2,0,22
0.17197,-0.36461,-0.0065185,0.00047122,-2,1,22
-0.1379,-0.12449,3.9935,0.00047122,1,0,22
0.43845,0.45187,-0.0065185,0.00047122,-2,1,22
-0.29553,-0.28211,-0.0065185,0.00047122,-2,0,22
-1.2955,-0.73861,-0.0065185,0.00047122,-2,1,22
0.44947,-0.51888,-0.0065185,0.00047122,-2,0,22
-0.84553,0.39614,-0.0065185,0.00047122,-2,0,22
-2.273,-1.1397,-0.0065185,0.00047122,-2,1,22
1.9403,-0.59624,1.9935,0.00047122,1,1,22
-0.16303,-0.351,-0.0065185,0.00047122,-2,1,22
0.70447,0.14934,-0.0065185,0.00047122,-2,1,22
-1.4405,-0.94384,-0.0065185,0.00047122,-2,1,22
1.0045,-1.2104,-0.0065185,0.00047122,-2,1,22
-2.9955,-0.83211,-0.0065185,0.00047122,-2,0,22
-0.99553,2.5679,-0.0065185,0.00047122,-2,0,22
-0.84553,2.1854,-3.0065,0.00047122,1,1,22
1.0045,0.74039,-0.0065185,0.00047122,-2,0,22
-0.99553,-0.98211,-0.0065185,0.00047122,-2,1,22
-1.8455,-1.8321,-0.0065185,0.00047122,-2,1,22
0.28197,0.29539,-0.0065185,0.00047122,-2,1,22
-1.3814,-0.6991,-0.0065185,0.00047122,-2,1,22
-1.1735,-1.5573,-3.0065,0.00047122,1,1,22
-4.4405,-3.9438,-0.0065185,0.00047122,-2,1,22
5.2327,3.4136,-0.0065185,0.00047122,-2,0,22
-5.0395,-4.4261,-0.0065185,0.00047122,-2,0,22
-8.3955,-3.9727,-0.0065185,0.00047122,-2,0,22
7.1445,7.1579,3.9935,0.00047122,1,1,22
-4.452,-5.8386,-0.0065185,0.00047122,-2,0,22
-6.0836,-6.0701,-0.0065185,0.00047122,-2,0,22
-5.7703,-5.4907,-0.0065185,0.00047122,-2,0,22
3.5131,2.7547,-0.0065185,0.00047122,-2,0,22
-2.9778,-2.6821,-0.0065185,-0.99953,-1,0,22
-2.5305,-1.796,1.9935,0.00047122,1,1,22
-0.76728,1.4947,-0.0065185,0.00047122,-2,0,22
3.9605,1.0767,-0.0065185,0.00047122,-2,1,22
0.11706,5.4961,-0.0065185,0.00047122,-2,1,22
2.7588,2.4811,-0.0065185,0.00047122,-2,0,22
3.6456,3.4116,-0.0065185,0.00047122,-2,1,22
0.45447,-1.7778,-0.0065185,0.00047122,-2,1,22
0.38697,1.181,3.9935,0.00047122,1,1,22
0.17197,0.18539,-0.0065185,0.00047122,-2,1,22
-2.8379,-4.7145,-0.0065185,0.00047122,-2,1,22
1.8545,2.8681,-0.0065185,0.00047122,-2,0,22
1.727,1.5904,-0.0065185,0.00047122,-2,1,22
-1.4597,-2.4794,-4.0065,0.00047122,1,0,22
-4.718,-4.5962,-0.0065185,0.00047122,-2,0,22
4.6186,3.4299,-0.0065185,0.00047122,-2,1,22
5.5265,3.9399,-0.0065185,0.00047122,-2,1,22
4.6982,4.7116,-4.0065,0.00047122,1,1,22
3.3816,3.395,-0.0065185,0.00047122,-2,1,22
0.6839,2.6354,-0.0065185,0.00047122,-2,1,22
2.1545,2.1679,-0.0065185,0.00047122,-2,0,22
0.28197,0.29539,-0.0065185,0.00047122,-2,0,22
-0.3814,0.79271,-0.0065185,0.00047122,-2,0,22
4.8545,4.1852,-0.0065185,0.00047122,-2,1,22
4.127,-0.28357,3.9935,0.00047122,1,1,22
-2.6097,-3.9962,-0.0065185,0.00047122,-2,0,22
2.5265,2.2399,-0.0065185,0.00047122,-2,1,22
-1.4392,-2.1258,-0.0065185,0.00047122,-2,0,22
3.3816,3.0921,-0.0065185,0.00047122,-2,1,22
-3.3161,-3.3027,-0.0065185,0.00047122,-2,0,22
2.827,0.9045,-2.0065,0.00047122,1,0,22
4.172,2.5399,-0.0065185,0.00047122,-2,1,22
-0.69553,-0.23711,-0.0065185,0.00047122,-2,1,22
-3.8455,-0.79917,-0.0065185,0.00047122,-2,0,22
-3.718,-3.2546,-0.0065185,0.00047122,-2,0,22
-3.1597,-3.1462,3.9935,0.00047122,1,1,22
-4.163,-2.9039,-0.0065185,0.00047122,-2,0,22
2.7045,-2.231,-0.0065185,0.00047122,-2,1,22
1.4495,0.56287,-0.0065185,0.00047122,-2,1,22
-1.2238,-1.2104,-0.0065185,0.00047122,-2,1,22
1.0485,0.41164,0.99348,0.00047122,1,0,22
-0.99553,-0.98211,-0.0065185,0.00047122,-2,0,22
2.0045,-0.70461,-0.0065185,0.00047122,-2,1,22
1.7045,1.3407,-4.0065,0.00047122,1,1,22
-1.9955,-1.9821,-0.0065185,0.00047122,-2,0,22
3.0045,2.7454,-0.0065185,0.00047122,-2,0,22
0.55447,-4.4386,-0.0065185,0.00047122,-2,0,22
-0.46303,-2.1496,-4.0065,0.00047122,1,1,22
0.84685,5.2603,-0.0065185,0.00047122,-2,1,22
3.1545,6.9079,-0.0065185,0.00047122,-2,1,22
-1.273,-1.2596,-0.0065185,0.00047122,-2,0,22
1.0903,1.016,-4.0065,0.00047122,1,1,22
1.4825,3.7927,-0.0065185,0.00047122,-2,0,22
4.7045,0.12789,-0.0065185,0.00047122,-2,1,22
2.5545,2.5679,-0.0065185,0.00047122,-2,1,22
-1.163,1.3385,-0.0065185,0.00047122,-2,1,22
-3.8455,2.9043,-0.0065185,0.00047122,-2,0,22
2.727,3.2904,-0.0065185,0.00047122,-2,1,22
-5.6097,-4.2278,-0.0065185,0.00047122,-2,0,22
-4.7675,-0.78596,2.9935,0.00047122,1,0,22
-3.4392,-2.4371,-0.0065185,0.00047122,-2,0,22
3.3816,-1.7725,-0.0065185,0.00047122,-2,1,22
-5.3161,-2.8527,-0.0065185,0.00047122,-2,0,22
2.277,4.5404,-0.0065185,0.00047122,-2,0,22
-1.9271,-1.3976,2.9935,0.00047122,1,1,22
-5.4405,1.1229,-0.0065185,0.00047122,-2,0,22
7.4045,0.46042,-0.0065185,0.00047122,-2,1,22
-5.8855,-5.8721,-0.0065185,0.00047122,-2,0,22
-5.002,-5.3286,-5.0065,0.00047122,1,0,22
3.0925,2.9368,-0.0065185,0.00047122,-2,0,22
-0.84553,-0.83211,-0.0065185,0.00047122,-2,0,22
-2.9955,-4.4907,-0.0065185,0.00047122,-2,1,22
4.5545,2.6279,-0.0065185,0.00047122,-2,1,22
-0.69553,-2.1496,-0.0065185,0.00047122,-2,0,22
-1.4405,-0.57711,-0.0065185,0.00047122,-2,0,22
-1.2238,-1.2104,-4.0065,0.00047122,1,0,22
-1.0395,-4.4261,-0.0065185,0.00047122,-2,1,22
0.89188,2.9079,-4.0065,0.00047122,1,0,22
4.0045,6.4744,-0.0065185,0.00047122,-2,0,22
0.0044729,0.81986,-0.0065185,0.00047122,-2,1,22
3.0045,0.017889,-0.0065185,0.00047122,-2,0,22
1.4545,1.5265,-0.0065185,0.00047122,-2,1,22
1.837,4.0179,-0.0065185,0.00047122,-2,1,22
-3.1532,-2.8721,-0.0065185,0.00047122,-2,0,22
2.4385,4.2679,-0.0065185,0.00047122,-2,1,22
1.3356,-3.3821,-0.0065185,0.00047122,-2,0,22
-1.8641,1.1493,-0.0065185,0.00047122,-2,0,22
1.0427,2.0179,-0.0065185,0.00047122,-2,1,22
-4.1781,-2.1496,-0.0065185,0.00047122,-2,0,22
-4.3007,-4.9821,-0.0065185,0.00047122,-2,0,22
3.6638,3.6304,3.9935,0.00047122,1,0,22
-2.608,-2.5507,-0.0065185,0.00047122,-2,0,22
-3.1455,-3.5554,-0.0065185,0.00047122,-2,0,22
-4.273,-1.7161,-0.0065185,0.00047122,-2,0,22
2.3903,3.6538,-0.0065185,0.00047122,-2,1,22
2.0325,-0.50412,-0.0065185,0.00047122,-1,0,22
-3.4586,-3.4452,2.9935,0.00047122,1,1,23
2.9481,3.0447,1.9935,0.00047122,1,0,23
-2.4976,-4.1386,0.99348,0.00047122,1,1,23
1.0925,1.2559,-0.0065185,0.00047122,-2,0,23
-1.2207,-1.2073,-0.0065185,0.00047122,-2,0,23
-3.4869,-6.3132,-0.0065185,0.00047122,-2,0,23
3.7222,-0.65029,-0.0065185,0.00047122,-2,1,23
-2.9056,-3.1421,-0.0065185,0.00047122,-2,0,23
-3.0691,-4.7996,-0.0065185,0.00047122,-2,0,23
-3.208,-3.567,-0.0065185,0.00047122,-2,0,23
-2.3262,-3.9727,-0.0065185,0.00047122,-2,0,23
2.4355,1.9989,-0.0065185,0.00047122,-2,1,23
-2.0619,-2.9588,-5.0065,0.00047122,1,0,23
-1.5844,-2.3448,-0.0065185,0.00047122,-2,0,23
-0.64611,-3.9029,-0.0065185,0.00047122,-2,0,23
-3.6985,-4.2442,-0.0065185,0.00047122,-2,0,23
2.752,2.7654,-0.0065185,0.00047122,-2,1,23
-0.21011,-0.1967,-0.0065185,0.00047122,-2,1,23
0.18687,-0.66506,3.9935,0.00047122,1,1,23
1.0045,-3.5371,-0.0065185,0.00047122,-2,1,23
-1.1455,-2.1139,-0.0065185,0.00047122,-2,1,23
0.28197,-0.19067,-0.0065185,0.00047122,-2,1,23
-2.1455,-3.2546,-0.0065185,0.00047122,-2,0,23
1.832,1.8454,4.9935,0.00047122,1,0,23
-1.3814,-6.2321,-0.0065185,0.00047122,-2,1,23
-2.4735,0.16275,-0.0065185,0.00047122,-2,0,23
-1.5455,-5.6027,-0.0065185,0.00047122,-2,0,23
1.837,1.8504,-0.0065185,0.00047122,-2,1,23
4.4045,3.1863,-0.0065185,0.00047122,-2,1,23
3.8945,3.7579,-0.0065185,0.00047122,-2,1,23
3.311,3.3244,-3.0065,0.00047122,1,1,23
6.0925,-0.44409,-0.0065185,0.00047122,-2,1,23
2.7793,3.795,-0.0065185,0.00047122,-2,1,23
2.3631,-2.6615,-0.0065185,-2.9995,-1,1,23
1.2868,2.0227,-0.0065185,0.00047122,-2,1,23
-0.085489,0.78627,-0.0065185,0.00047122,-2,0,23
-0.071995,2.821,-0.0065185,3.0005,-1,0,23
-2.208,0.80539,-0.0065185,0.00047122,-2,0,23
0.45447,0.46789,-0.0065185,0.00047122,-2,0,23
0.38697,0.13879,-3.0065,0.00047122,1,1,23
1.172,-4.3745,-0.0065185,0.00047122,-2,1,23
0.84685,-3.1496,-0.0065185,0.00047122,-2,1,23
-1.5615,-0.056362,-0.0065185,0.00047122,-2,0,23
1.3356,-0.53312,4.9935,0.00047122,1,1,23
-2.127,-4.2858,-0.0065185,0.00047122,-2,0,23
-0.033796,-2.1136,-0.0065185,0.00047122,-2,1,23
-1.1781,-2.9438,-0.0065185,0.00047122,-2,0,23
0.30447,0.31789,-0.0065185,0.00047122,-2,0,23
-1.4405,0.5679,-0.0065185,0.00047122,-2,0,23
-1.2238,-1.2104,-4.0065,0.00047122,1,0,23
1.0485,4.4619,-0.0065185,0.00047122,-2,0,23
-3.9955,-1.0921,-0.0065185,0.00047122,-2,0,23
-1.9955,0.47439,-0.0065185,0.00047122,-2,0,23
-3.9955,-1.8941,-0.0065185,0.00047122,-2,0,23
-0.99553,0.79271,-0.0065185,0.00047122,-2,0,23
0.0044729,-1.3234,-0.0065185,0.00047122,-2,1,23
0.0044729,1.3002,3.9935,0.00047122,1,0,23
1.0045,2.1079,-0.0065185,0.00047122,-2,0,23
2.0045,-3.7986,-0.0065185,0.00047122,-2,1,23
1.0045,1.7179,-0.0065185,0.00047122,-2,1,23
-0.99553,-0.31274,-0.0065185,0.00047122,-2,0,23
1.0045,0.17142,-0.0065185,0.00047122,-2,1,23
-0.99553,0.86789,-0.0065185,0.00047122,-2,1,23
-0.84553,-0.83211,-4.0065,0.00047122,1,1,23
3.0045,3.7673,-0.0065185,0.00047122,-2,1,23
-7.5455,-7.5321,-0.0065185,0.00047122,-2,0,23
-4.163,-2.1496,-0.0065185,0.00047122,-2,0,23
-3.8379,-3.5245,-0.0065185,0.00047122,-2,0,23
-2.5615,-2.5481,-0.0065185,0.00047122,-2,0,23
-2.1766,-2.7582,-5.0065,0.00047122,1,0,23
-1.127,-1.2644,-0.0065185,0.00047122,-2,1,23
-2.9955,0.63039,-0.0065185,0.00047122,-2,0,23
4.0045,4.0179,-0.0065185,0.00047122,-2,1,23
5.0045,5.0179,-0.0065185,0.00047122,-2,1,23
4.2545,-0.57273,2.9935,0.00047122,1,1,23
2.0045,2.5679,-0.0065185,0.00047122,-2,1,23
-0.99553,0.115,-0.0065185,0.00047122,-2,0,23
1.8545,1.8679,-0.0065185,0.00047122,-2,1,23
-1.568,-0.70461,0.99348,0.00047122,1,0,23
1.6186,-0.21799,-0.0065185,0.00047122,-2,1,23
-1.3675,-1.3541,-4.0065,0.00047122,1,0,23
2.4482,3.8616,-0.0065185,0.00047122,-2,1,23
2.6273,3.659,-0.0065185,0.00047122,-2,1,23
6.5545,6.5679,-0.0065185,0.00047122,-2,1,23
7.172,-1.4829,-0.0065185,0.00047122,-2,1,23
4.8468,1.9739,-0.0065185,0.00047122,-2,1,23
2.5705,5.1964,-0.0065185,0.00047122,-2,1,23
-2.1766,-2.1632,-5.0065,0.00047122,1,0,23
5.1359,3.3767,-0.0065185,0.00047122,-2,1,23
-1.9573,-1.9438,-0.0065185,0.00047122,-2,0,23
-1.813,-1.7996,-0.0065185,0.00047122,-2,0,23
-0.30068,-1.3759,-0.0065185,0.00047122,-2,0,23
0.26385,0.27727,4.9935,0.00047122,1,1,23
1.282,-4.9546,-0.0065185,0.00047122,-2,1,23
1.3045,1.3179,-0.0065185,0.00047122,-2,1,23
-1.1005,-1.6903,-1.0065,0.00047122,1,0,23
-0.93478,0.32597,1.9935,0.00047122,1,0,23
0.1621,-0.12449,-0.0065185,0.00047122,-2,1,23
1.7045,2.5546,-0.0065185,0.00047122,-2,0,23
-0.99553,-0.2709,-0.0065185,0.00047122,-2,0,23
0.0044729,1.6664,-0.0065185,0.00047122,-2,0,23
0.0044729,0.017889,-0.0065185,0.00047122,-2,0,23
-1.9955,-1.9821,-0.0065185,0.00047122,-2,0,23
1.7045,1.7179,4.9935,0.00047122,1,1,23
0.55947,-5.6771,-0.0065185,0.00047122,-2,1,23
0.70447,1.9861,-0.0065185,0.00047122,-2,1,23
-1.5505,-6.0527,-0.0065185,0.00047122,-2,0,23
0.45447,2.2954,-0.0065185,0.00047122,-2,0,23
1.172,-0.412,-0.0065185,0.00047122,-2,1,23
-0.9879,0.34588,-5.0065,0.00047122,1,0,23
1.4385,-5.7981,-0.0065185,0.00047122,-2,1,23
-3.5455,4.0075,-0.0065185,0.00047122,-2,0,23
-0.16303,5.0885,-0.0065185,0.00047122,-2,0,23
5.8468,5.8603,-0.0065185,0.00047122,-2,1,23
4.9705,-1.5865,4.9935,0.00047122,1,1,23
4.3356,1.1321,-0.0065185,0.00047122,-2,1,23
4.1359,4.1493,-0.0065185,0.00047122,-2,1,23
2.9662,0.65544,-0.0065185,0.00047122,-2,1,23
-3.813,-1.4341,-0.0065185,0.00047122,-2,0,23
3.6993,3.2627,-0.0065185,0.00047122,-2,1,23
3.5951,2.1812,-0.0065185,0.00047122,-2,1,23
2.5065,1.3067,-0.0065185,0.00047122,-2,1,23
-2.1223,-1.22,1.9935,0.00047122,1,0,23
4.3672,-2.196,-0.0065185,0.00047122,-2,1,23
4.3128,3.7262,-0.0065185,0.00047122,-2,1,23
3.2665,3.28,-0.0065185,0.00047122,-2,1,23
2.7772,2.5923,3.9935,0.00047122,1,1,23
4.1938,3.6072,-0.0065185,0.00047122,-2,1,23
-4.1565,-3.7541,-0.0065185,0.00047122,-2,0,23
-3.1323,-2.7883,-0.0065185,0.00047122,-2,0,23
2.6708,2.3097,-4.0065,0.00047122,1,1,23
3.1033,2.8779,-0.0065185,0.00047122,-2,1,23
3.0885,2.8989,-0.0065185,0.00047122,-2,1,23
3.0759,-2.3672,-0.0065185,0.00047122,-2,1,23
-5.0562,-4.8961,-0.0065185,0.00047122,-2,0,23
2.0561,2.1123,-0.0065185,0.00047122,-2,1,23
3.0483,3.0617,-0.0065185,0.00047122,-2,1,23
3.0417,2.9651,-0.0065185,0.00047122,-2,1,23
2.5862,1.2778,4.9935,0.00047122,1,1,23
-3.0225,-2.944,-0.0065185,0.00047122,-2,0,23
4.0274,3.598,-0.0065185,0.00047122,-2,1,23
3.0239,2.9903,-0.0065185,0.00047122,-2,1,23
4.021,2.9244,-0.0065185,0.00047122,-2,1,23
3.4185,3.398,4.9935,0.00047122,1,1,23
-0.007477,-4.2152,-0.0065185,0.00047122,-2,0,23
2.0146,2.028,-0.0065185,0.00047122,-2,1,23
-0.98689,-0.97348,-0.0065185,0.00047122,-2,1,23
-0.83819,0.0074922,4.9935,0.00047122,1,1,23
-0.98929,-0.97587,-0.0065185,0.00047122,-2,0,23
1.1545,-0.83962,-0.0065185,0.00047122,-2,0,23
2.282,4.7885,-0.0065185,0.00047122,-2,0,23
1.3903,1.9538,-0.0065185,0.00047122,-2,1,23
2.3045,-4.3681,-0.0065185,0.00047122,-2,0,23
1.9595,-2.8245,-0.0065185,-0.99953,-1,0,23
-1.6573,-1.6439,3.9935,0.00047122,1,1,23
-4.0395,-4.7132,-0.0065185,0.00047122,-2,0,23
-5.8829,-6.1136,-0.0065185,0.00047122,-2,0,23
5.7588,5.7722,-0.0065185,0.00047122,-2,1,23
5.6456,5.659,-0.0065185,0.00047122,-2,1,23
2.5495,2.1289,-0.0065185,0.00047122,-2,1,23
2.4677,2.4811,-0.0065185,0.00047122,-2,1,23
3.3982,3.4116,-0.0065185,0.00047122,-2,1,23
3.3392,1.5808,-0.0065185,0.00047122,-2,1,23
4.289,2.9306,-0.0065185,0.00047122,-2,1,23
2.2463,2.2597,-0.0065185,0.00047122,-2,1,23
4.21,3.1134,-0.0065185,0.00047122,-2,1,23
4.1792,3.6406,-0.0065185,0.00047122,-2,1,23
4.153,4.2072,-0.0065185,0.00047122,-2,1,23
4.1307,4.1788,-0.0065185,0.00047122,-2,1,23
3.5118,2.5817,-4.0065,0.00047122,1,1,23
5.0957,5.1091,-0.0065185,0.00047122,-2,1,23
5.082,-2.7946,-0.0065185,0.00047122,-2,1,23
-4.0614,-4.3161,-0.0065185,0.00047122,-2,0,23
4.0605,3.4893,-0.0065185,0.00047122,-2,1,23
5.0521,5.0786,-0.0065185,0.00047122,-2,1,23
-4.5175,-4.5041,-0.0065185,0.00047122,-2,0,24
-2.4392,-2.4258,-0.0065185,0.00047122,-2,0,24
2.3816,1.9611,-0.0065185,0.00047122,-2,1,24
-0.3161,-1.6821,-0.0065185,0.00047122,-2,1,24
-2.9955,0.29038,-0.0065185,0.00047122,-2,0,24
2.0045,0.78964,-0.0065185,0.00047122,-2,1,24
3.0045,2.1854,-0.0065185,0.00047122,-2,1,24
5.0045,1.6805,-0.0065185,0.00047122,-2,1,24
3.0045,3.5136,-0.0065185,0.00047122,-2,1,24
1.0045,0.37673,-0.0065185,0.00047122,-2,0,24
3.8545,0.86789,-0.0065185,0.00047122,-2,1,24
5.5545,4.4103,-0.0065185,0.00047122,-2,1,24
4.722,2.5679,-4.0065,0.00047122,1,1,24
-6.8379,3.4179,-0.0065185,0.00047122,-2,0,24
-5.5615,-3.9821,-0.0065185,0.00047122,-2,0,24
5.3356,3.6304,-0.0065185,0.00047122,-2,1,24
-4.127,-3.3821,-0.0065185,0.00047122,-2,0,24
0.042742,1.0179,-0.0065185,0.00047122,-2,1,24
-0.028056,-0.01464,3.9935,0.00047122,1,1,24
-2.3007,-2.2873,-0.0065185,0.00047122,-2,0,24
2.5545,-0.32211,-0.0065185,0.00047122,-2,0,24
0.0044729,-2.4386,-0.0065185,0.00047122,-2,1,24
-4.9955,-3.8507,-0.0065185,0.00047122,-2,0,24
-4.2455,0.97962,-5.0065,0.00047122,1,1,24
-3.608,-4.2321,-0.0065185,0.00047122,-2,0,24
-1.9955,-1.9821,-0.0065185,0.00047122,-2,0,24
2.0045,0.017889,-0.0065185,0.00047122,-2,1,24
2.7045,0.017889,-0.0065185,0.00047122,-2,1,24
-2.4405,-2.4271,-0.0065185,0.00047122,-2,0,24
2.2327,1.0179,-0.0065185,0.00047122,-2,1,24
1.8985,1.676,3.9935,0.00047122,1,1,24
0.89188,0.9053,-0.0065185,0.00047122,-2,0,24
-2.9955,-5.8721,-0.0065185,0.00047122,-2,0,24
3.5545,2.5679,-0.0065185,0.00047122,-2,1,24
-0.82803,0.86789,-0.0065185,0.00047122,-2,0,24
3.5545,-2.547,-0.0065185,0.00047122,-2,1,24
-3.163,-0.21799,-0.0065185,0.00047122,-2,0,24
-5.8379,-2.6745,-0.0065185,0.00047122,-2,0,24
-6.5615,-2.9384,-0.0065185,0.00047122,-2,0,24
5.5856,3.8907,-4.0065,0.00047122,1,0,24
-5.608,1.4179,-0.0065185,0.00047122,-2,0,24
-5.6955,-5.6821,-0.0065185,0.00047122,-2,0,24
-4.4405,-4.4271,-0.0065185,0.00047122,-2,0,24
3.7827,3.4647,-2.0065,0.00047122,1,0,24
-5.163,1.1273,-0.0065185,0.00047122,-2,0,24
0.55447,4.1708,-0.0065185,0.00047122,-2,0,24
-0.29553,-0.28211,-0.0065185,0.00047122,-2,0,24
-1.6955,-1.6821,-0.0065185,0.00047122,-2,1,24
-3.9955,-0.29042,-0.0065185,0.00047122,-2,0,24
3.4045,4.2546,4.9935,0.00047122,1,1,24
-6.8855,-4.2049,-0.0065185,0.00047122,-2,0,24
4.461,4.4744,-0.0065185,0.00047122,-2,1,24
-5.0836,-3.2137,-0.0065185,0.00047122,-2,0,24
5.7793,4.3427,-0.0065185,0.00047122,-2,1,24
4.5131,4.5265,-0.0065185,0.00047122,-2,1,24
2.2868,2.3002,-0.0065185,0.00047122,-2,1,24
-1.9355,-2.5226,-5.0065,0.00047122,1,0,24
3.9309,5.1944,-0.0065185,0.00047122,-2,1,24
0.21698,0.95719,-0.0065185,0.00047122,-2,1,24
-1.1455,-2.819,-0.0065185,0.00047122,-2,1,24
-1.273,-3.8245,-0.0065185,0.00047122,-2,0,24
-0.69553,-0.42711,-0.0065185,0.00047122,-2,0,24
1.5595,-0.68836,-0.0065185,0.00047122,-2,1,24
1.3262,1.3396,3.9935,0.00047122,1,0,24
0.96046,5.4179,-0.0065185,0.00047122,-2,1,24
4.7045,3.3385,-0.0065185,0.00047122,-2,1,24
3.4495,3.4629,-0.0065185,0.00047122,-2,1,24
-5.2238,0.42743,-0.0065185,0.00047122,-2,0,24
-5.0395,-4.179,-0.0065185,0.00047122,-2,0,24
4.2919,3.0752,4.9935,0.00047122,1,0,24
-0.10553,5.0222,-0.0065185,0.00047122,-2,0,24
-2.539,-2.8941,-0.0065185,0.00047122,-2,0,24
1.9164,-0.88524,-0.0065185,0.00047122,-2,0,24
5.4045,3.8603,-0.0065185,0.00047122,-2,1,24
-4.5855,-4.5721,-4.0065,0.00047122,1,0,24
-5.4405,-2.8921,-0.0065185,0.00047122,-2,0,24
-4.2238,-4.2104,-0.0065185,0.00047122,-2,0,24
-4.0395,-2.1946,-0.0065185,0.00047122,-2,0,24
3.8919,2.9933,-0.0065185,0.00047122,-2,1,24
-4.7498,-3.4131,-0.0065185,0.00047122,-2,0,24
-4.0367,-2.7908,3.9935,0.00047122,1,0,24
0.54945,-2.8371,-0.0065185,0.00047122,-2,0,24
-1.9955,-1.9821,-0.0065185,0.00047122,-2,0,24
4.7045,-0.73861,-0.0065185,0.00047122,-2,1,24
1.4495,1.4629,-0.0065185,0.00047122,-2,1,24
2.2327,2.2461,-0.0065185,0.00047122,-2,1,24
-0.95151,-0.9381,-0.0065185,0.00047122,-2,0,24
0.81706,-1.3931,3.9935,0.00047122,1,0,24
-0.74983,3.4179,-0.0065185,0.00047122,-2,1,24
-2.9955,-2.9821,-0.0065185,0.00047122,-2,0,24
-1.5455,1.1131,-0.0065185,0.00047122,-2,1,24
-1.8455,1.298,-0.0065185,0.00047122,-2,0,24
1.577,1.6222,-4.0065,0.00047122,1,1,24
-2.3814,-2.768,-0.0065185,0.00047122,-2,0,24
-2.5455,-2.8721,-0.0065185,0.00047122,-2,0,24
5.172,2.0112,-0.0065185,0.00047122,-2,1,24
-4.3879,-4.6201,3.9935,0.00047122,1,0,24
-4.5615,1.8519,-0.0065185,0.00047122,-2,0,24
3.3356,3.5265,-0.0065185,0.00047122,-2,1,24
-1.127,-3.2811,-0.0065185,0.00047122,-2,1,24
3.0045,1.1079,-0.0065185,0.00047122,-2,0,24
4.0045,4.0179,-0.0065185,0.00047122,-2,1,24
3.4045,3.4179,-0.0065185,0.00047122,-2,1,24
-2.8855,-4.0036,3.9935,0.00047122,1,1,24
2.0045,-1.3821,-0.0065185,0.00047122,-2,1,24
1.3045,-2.4996,-0.0065185,0.00047122,-2,1,24
-0.44553,1.4364,-0.0065185,0.00047122,-2,1,24
1.172,1.1854,-0.0065185,0.00047122,-2,0,24
-2.1455,-0.81461,-0.0065185,0.00047122,-2,0,24
1.832,1.8454,2.9935,0.00047122,1,1,24
-0.16303,-4.6996,-0.0065185,0.00047122,-2,1,24
2.3045,2.3179,-0.0065185,0.00047122,-2,0,24
0.55947,1.5982,-0.0065185,0.00047122,-2,1,24
-1.2955,0.48964,-0.0065185,0.00047122,-2,0,24
-1.1005,-1.2155,1.9935,0.00047122,1,0,24
-2.163,-2.1496,-0.0065185,0.00047122,-2,1,24
-1.9955,0.70859,-0.0065185,0.00047122,-2,1,24
-3.9955,-2.7539,-0.0065185,0.00047122,-2,0,24
-3.3955,-1.4271,-0.0065185,0.00047122,-2,0,24
-2.8855,-1.2104,-0.0065185,0.00047122,-2,0,24
0.46097,1.0619,-0.0065185,0.00047122,-2,1,24
-2.0836,0.83048,-0.0065185,0.00047122,-2,1,24
-1.7703,-1.7569,2.9935,0.00047122,1,0,24
0.51307,-3.5321,-0.0065185,0.00047122,-2,0,24
0.15447,0.16789,-0.0065185,0.00047122,-2,1,24
-1.1455,-1.1321,-0.0065185,0.00047122,-2,0,24
-0.97303,-6.6821,-0.0065185,-4.9995,-1,0,24
3.4495,-0.12845,-0.0065185,0.00047122,-2,1,24
-4.2238,-2.9104,-0.0065185,0.00047122,-2,0,24
3.5985,3.0311,4.9935,0.00047122,1,0,24
5.172,7.2679,-0.0065185,0.00047122,-2,1,24
7.5545,4.4103,-0.0065185,0.00047122,-2,1,24
-6.163,-4.8733,-0.0065185,0.00047122,-2,0,24
4.8468,3.9629,-0.0065185,0.00047122,-2,1,24
4.5705,4.1339,-0.0065185,0.00047122,-2,1,24
3.3356,2.9616,-0.0065185,0.00047122,-2,1,24
1.1359,1.1493,-0.0065185,0.00047122,-2,0,24
-0.95726,-1.7116,-4.0065,0.00047122,1,0,24
1.8219,4.4179,-0.0065185,0.00047122,-2,1,24
-1.6904,-1.1877,-0.0065185,0.00047122,-2,0,24
1.4451,2.4744,-2.0065,0.00047122,1,1,24
-1.4935,0.10591,-0.0065185,0.00047122,-2,1,24
-1.2688,0.34771,-3.0065,0.00047122,1,0,24
-4.4405,-4.2104,-0.0065185,0.00047122,-2,0,24
1.2327,0.9707,-0.0065185,0.00047122,-2,1,24
-5.0395,-5.8245,-0.0065185,0.00047122,-2,0,24
-4.2829,-0.73641,3.9935,0.00047122,1,1,24
4.8945,-1.3821,-0.0065185,0.00047122,-2,1,24
-4.6955,-4.1136,-0.0065185,0.00047122,-2,0,24
-6.4405,-1.4271,-0.0065185,0.00047122,-2,0,24
-6.2238,-6.2104,-0.0065185,0.00047122,-2,1,24
-1.2455,-1.2321,-0.0065185,0.00047122,-2,1,24
-2.608,-3.6434,-0.0065185,0.00047122,-2,1,24
2.2251,1.7779,-5.0065,0.00047122,1,0,24
1.6145,1.2364,-0.0065185,0.00047122,-2,0,24
-2.777,-3.0964,-0.0065185,0.00047122,-2,0,24
3.1187,1.2028,-0.0065185,0.00047122,-2,1,24
1.4016,1.6554,-0.0065185,0.00047122,-2,1,24
-0.35798,2.2679,-0.0065185,0.00047122,-2,0,24
0.85447,3.0885,-0.0065185,0.00047122,-2,1,24
3.0045,-0.096327,-0.0065185,0.00047122,-2,1,24
-1.9955,-1.8209,-0.0065185,0.00047122,-2,0,24
2.0045,1.7179,-0.0065185,0.00047122,-2,1,24
3.0045,1.7179,-0.0065185,0.00047122,-2,1,24
4.0045,2.1311,-0.0065185,0.00047122,-2,1,24
-2.9955,-3.0109,-0.0065185,0.00047122,-2,0,24
4.0045,2.2523,-0.0065185,0.00047122,-2,1,24
-2.9955,-3.1139,-0.0065185,0.00047122,-2,0,24
2.5545,2.5679,-3.0065,0.00047122,1,1,24
-0.99553,2.7617,-0.0065185,0.00047122,-2,1,24
-2.1455,0.86789,-0.0065185,0.00047122,-2,0,24
-3.273,-1.8096,-0.0065185,0.00047122,-2,0,24
-4.3814,-4.368,-0.0065185,0.00047122,-2,0,24
-2.4735,-4.2032,-0.0065185,0.00047122,-2,0,24
-3.3727,-3.3593,-0.0065185,0.00047122,-2,0,25
4.3251,-0.18466,-0.0065185,0.00047122,-2,1,25
3.277,2.4914,-0.0065185,0.00047122,-2,1,25
4.2361,2.7995,-0.0065185,0.00047122,-2,1,25
-4.1924,-3.579,-0.0065185,0.00047122,-2,0,25
-1.1629,-1.1495,-0.0065185,0.00047122,-2,0,25
1.1467,3.0501,-0.0065185,0.00047122,-2,1,25
1.1254,0.45681,-0.0065185,0.00047122,-2,1,25
3.1072,2.6685,-0.0065185,0.00047122,-2,1,25
4.0918,0.44338,-0.0065185,0.00047122,-2,1,25
3.0787,3.0921,-0.0065185,0.00047122,-2,1,25
4.0676,2.6933,-0.0065185,0.00047122,-2,1,25
3.4581,3.4715,-4.0065,0.00047122,1,1,25
3.0501,3.0635,-0.0065185,0.00047122,-2,1,25
-0.034287,2.8691,-0.0065185,0.00047122,-2,0,25
1.9715,1.9849,-0.0065185,0.00047122,-2,1,25
5.7045,5.7179,-0.0065185,0.00047122,-2,1,25
-5.4405,-1.508,-0.0065185,0.00047122,-2,0,25
4.6327,4.6461,2.9935,0.00047122,1,1,25
-4.0395,-2.9821,-0.0065185,0.00047122,-2,0,25
4.8919,4.9053,-0.0065185,0.00047122,-2,1,25
-3.7498,-2.5788,-0.0065185,0.00047122,-2,0,25
-0.63668,-0.62327,-0.0065185,0.00047122,-2,1,25
-0.54051,-2.1496,-4.0065,0.00047122,1,1,25
-1.9955,5.2603,-0.0065185,0.00047122,-2,0,25
-2.9955,-1.4161,-0.0065185,0.00047122,-2,0,25
-4.9955,-3.651,-0.0065185,0.00047122,-2,0,25
5.0045,5.0179,-0.0065185,0.00047122,-2,1,25
2.0045,2.0179,-0.0065185,0.00047122,-2,1,25
4.0045,0.087828,-0.0065185,0.00047122,-2,1,25
-3.3955,-2.6873,-3.0065,0.00047122,1,0,25
4.0045,2.5679,-0.0065185,0.00047122,-2,1,25
3.4045,1.0179,-0.0065185,1.0005,-1,1,25
-1.9955,-2.4454,-0.0065185,0.00047122,-2,0,25
-3.9955,-3.6194,-0.0065185,0.00047122,-2,0,25
-3.9955,-3.6738,-0.0065185,0.00047122,-2,0,25
4.0045,0.98408,-0.0065185,0.00047122,-2,1,25
3.0045,3.4179,-0.0065185,0.00047122,-2,1,25
-1.9955,-1.7928,-0.0065185,0.00047122,-2,0,25
1.7045,2.1854,-4.0065,0.00047122,1,1,25
3.0045,-3.3821,-0.0065185,0.00047122,-2,1,25
-2.9955,-2.8658,-0.0065185,0.00047122,-2,0,25
5.0045,2.1854,-0.0065185,0.00047122,-2,1,25
4.2545,4.2679,-2.0065,0.00047122,1,0,25
4.617,-1.7535,-0.0065185,0.00047122,-2,1,25
-0.14553,3.9385,-0.0065185,0.00047122,-2,0,25
2.1545,2.1679,-0.0065185,0.00047122,-2,1,25
4.5545,4.7864,-0.0065185,0.00047122,-2,1,25
-1.163,1.0552,-0.0065185,0.00047122,-2,0,25
0.99685,3.3053,-4.0065,0.00047122,1,0,25
3.282,0.61789,-0.0065185,0.00047122,-2,1,25
2.4045,1.039,-0.0065185,0.00047122,-2,0,25
1.1545,3.7953,-0.0065185,0.00047122,-2,1,25
1.7045,1.7179,-0.0065185,0.00047122,-2,1,25
2.4495,1.4918,-0.0065185,0.00047122,-2,1,25
3.2327,2.0961,-0.0065185,0.00047122,-2,1,25
2.7485,3.2265,-4.0065,0.00047122,1,0,25
-2.5505,-7.3821,-0.0065185,0.00047122,-2,0,25
2.2327,-2.1178,-0.0065185,0.00047122,-2,0,25
2.0485,-1.5886,-0.0065185,0.00047122,-2,1,25
5.8545,1.6278,-0.0065185,0.00047122,-2,1,25
2.727,4.9904,-0.0065185,0.00047122,-2,1,25
-1.3814,-1.4601,-0.0065185,0.00047122,-2,0,25
1.1825,-1.9491,3.9935,0.00047122,1,1,25
4.4495,1.7896,-0.0065185,0.00047122,-2,1,25
-3.2238,-3.2104,-0.0065185,0.00047122,-2,0,25
-2.0395,-1.5512,-0.0065185,0.00047122,-2,0,25
1.1171,2.7722,-0.0065185,0.00047122,-2,1,25
0.30447,2.7404,-0.0065185,0.00047122,-2,1,25
-0.25053,-0.23711,1.9935,0.00047122,1,1,25
-1.7673,1.1729,-0.0065185,0.00047122,-2,0,25
-1.4455,-1.4321,-0.0065185,0.00047122,-2,0,25
5.4045,0.51155,-0.0065185,0.00047122,-2,1,25
-2.8855,-4.5721,-0.0065185,0.00047122,-2,0,25
2.461,2.4744,3.9935,0.00047122,1,1,25
-1.9075,-1.8941,-0.0065185,0.00047122,-2,0,25
-1.3955,-1.3821,-0.0065185,0.00047122,-2,1,25
1.7045,1.7179,-0.0065185,0.00047122,-2,1,25
-1.4405,-3.5151,-0.0065185,0.00047122,-2,0,25
-0.22378,-0.21036,-0.0065185,0.00047122,-2,1,25
0.19849,-0.5903,-4.0065,0.00047122,1,0,25
-1.718,-0.98211,-0.0065185,0.00047122,-2,0,25
1.6186,3.522,-0.0065185,0.00047122,-2,1,25
1.5265,1.5399,-0.0065185,0.00047122,-2,1,25
1.5608,-1.1483,-0.0065185,0.00047122,-2,1,25
0.70447,1.7179,-0.0065185,0.00047122,-2,0,25
0.15447,-1.3541,-0.0065185,0.00047122,-2,1,25
0.13197,0.86789,2.9935,0.00047122,1,1,25
3.727,2.6407,-0.0065185,0.00047122,-2,1,25
3.6186,2.6973,-0.0065185,0.00047122,-2,1,25
0.52648,0.53989,-0.0065185,0.00047122,-2,1,25
2.4482,1.7863,-0.0065185,0.00047122,-2,1,25
-2.0727,-1.6904,-3.0065,0.00047122,1,0,25
1.3251,2.8885,-0.0065185,0.00047122,-2,1,25
2.277,0.72565,-0.0065185,0.00047122,-2,1,25
1.2361,0.89698,-0.0065185,0.00047122,-2,1,25
1.0513,1.6598,3.9935,0.00047122,1,1,25
-2.1629,-3.5495,-0.0065185,0.00047122,-2,0,25
-3.1378,-3.1244,-0.0065185,0.00047122,-2,0,25
2.1254,1.5838,-0.0065185,0.00047122,-2,1,25
0.10724,0.12066,-0.0065185,0.00047122,-2,0,25
-0.082881,0.57289,-0.0065185,2.0005,-1,1,25
-1.9955,-1.9821,-0.0065185,0.00047122,-2,0,25
-1.6955,1.029,-4.0065,0.00047122,1,0,25
-1.9955,-1.0947,-0.0065185,0.00047122,-2,0,25
-4.9955,-2.8721,-0.0065185,0.00047122,-2,0,25
-4.9955,-4.9821,-0.0065185,0.00047122,-2,0,25
-0.99553,-0.98211,-0.0065185,0.00047122,-2,0,25
-0.84553,-3.0527,3.9935,0.00047122,1,1,25
-0.71803,-2.1984,-4.0065,0.00047122,1,1,25
-2.6097,-0.49211,-0.0065185,0.00047122,-2,0,25
-4.6955,-3.5679,-0.0065185,0.00047122,-2,0,25
-6.4405,-6.4271,-0.0065185,0.00047122,-2,0,25
5.2327,3.4136,-0.0065185,0.00047122,-2,1,25
-4.4395,-5.1569,-4.0065,0.00047122,1,0,25
-4.8829,-4.8695,-0.0065185,0.00047122,-2,0,25
3.7588,3.6622,-0.0065185,0.00047122,-2,1,25
1.6456,1.659,-0.0065185,0.00047122,-2,1,25
-1.5405,-2.6946,-0.0065185,0.00047122,-2,0,25
2.5412,2.2304,-0.0065185,0.00047122,-2,1,25
3.5545,2.1741,-0.0065185,0.00047122,-2,1,25
-3.163,-0.36799,-0.0065185,0.00047122,-2,0,25
2.6968,2.5828,2.9935,0.00047122,1,1,25
5.5705,5.5839,-0.0065185,0.00047122,-2,1,25
-4.3266,-1.7725,-0.0065185,0.00047122,-2,0,25
-6.127,-4.6615,-0.0065185,0.00047122,-2,0,25
5.2162,3.1471,4.9935,0.00047122,1,1,25
0.187,-4.0005,-0.0065185,0.00047122,-2,1,25
-2.8455,-0.13726,-0.0065185,0.00047122,-2,0,25
-0.71803,-2.4046,-0.0065185,0.00047122,-2,1,25
-0.60965,2.6279,3.9935,0.00047122,1,1,25
-2.9955,-2.9821,-0.0065185,0.00047122,-2,0,25
-6.5455,-1.0921,-0.0065185,0.00047122,-2,0,25
-4.163,1.587,-0.0065185,0.00047122,-2,0,25
1.8468,1.8603,-0.0065185,0.00047122,-2,0,25
-1.9955,1.7927,-0.0065185,0.00047122,-2,1,25
1.0045,1.7179,-0.0065185,0.00047122,-2,1,25
-3.8455,-1.8761,-0.0065185,0.00047122,-2,0,25
3.277,3.7961,4.9935,0.00047122,1,1,25
2.6186,3.0619,-0.0065185,0.00047122,-2,1,25
5.5265,5.9053,-0.0065185,0.00047122,-2,1,25
-3.4392,-3.4258,-0.0065185,0.00047122,-2,0,25
2.3816,2.659,-0.0065185,0.00047122,-2,1,25
-2.0161,-2.5212,-3.0065,0.00047122,1,0,25
-0.26802,-0.2546,-0.0065185,0.00047122,-2,1,25
2.0045,2.5791,-0.0065185,0.00047122,-2,1,25
-0.69553,-0.3168,-0.0065185,0.00047122,-2,1,25
-0.59053,-1.4271,-4.0065,0.00047122,1,0,25
1.7762,1.7896,-0.0065185,0.00047122,-2,1,25
-1.5455,2.2938,-0.0065185,0.00047122,-2,1,25
-0.14553,1.4744,-0.0065185,0.00047122,-2,0,25
0.85447,1.8603,-0.0065185,0.00047122,-2,1,25
-1.718,-1.7046,-0.0065185,0.00047122,-2,0,25
-2.3814,-1.651,-0.0065185,0.00047122,-2,1,25
-2.0235,0.70563,-4.0065,0.00047122,1,1,25
-3.4392,2.9742,-0.0065185,0.00047122,-2,0,25
-5.3727,-5.3593,-0.0065185,0.00047122,-2,0,25
0.32505,0.71274,-0.0065185,0.00047122,-2,0,25
-2.9955,-0.2546,-0.0065185,0.00047122,-2,1,25
-1.9955,-1.9821,-0.0065185,0.00047122,-2,1,25
-1.9955,-1.9821,-0.0065185,0.00047122,-2,0,25
1.3045,1.3179,-0.0065185,0.00047122,-2,1,25
-1.5455,1.9796,-0.0065185,0.00047122,-2,0,25
-0.16303,-0.8185,-0.0065185,0.00047122,-2,1,25
-1.6955,-1.6821,-0.0065185,0.00047122,-2,0,25
0.44947,1.5702,-0.0065185,0.00047122,-2,0,25
-1.8455,-0.48008,-0.0065185,0.00047122,-2,0,25
3.282,4.4446,-0.0065185,0.00047122,-2,1,25
-7.3955,-0.2554,-0.0065185,0.00047122,-2,0,25
6.2945,6.3079,4.9935,0.00047122,1,1,25
6.461,4.659,-0.0065185,0.00047122,-2,1,25
-4.0836,-4.1396,-0.0065185,0.00047122,-2,0,25
5.7793,3.4927,-0.0065185,0.00047122,-2,1,25
-6.5041,-3.7759,-0.0065185,0.00047122,-2,0,25
-3.2778,-2.3168,-0.0065185,0.00047122,-2,0,25
3.0485,1.676,-0.0065185,0.00047122,-2,0,26
0.30447,1.2079,-0.0065185,0.00047122,-2,1,26
1.4495,0.46159,-0.0065185,0.00047122,-2,1,26
-3.9955,-5.4271,-0.0065185,0.00047122,-2,0,26
-4.3955,0.061901,-0.0065185,0.00047122,-2,0,26
0.11447,3.9053,-0.0065185,0.00047122,-2,1,26
-0.54553,2.0179,-0.0065185,0.00047122,-2,1,26
-0.69553,0.097364,-0.0065185,0.00047122,-2,1,26
3.1545,0.61289,-0.0065185,0.00047122,-2,1,26
1.4045,-0.75386,-0.0065185,0.00047122,-2,1,26
-0.10553,-1.9381,-0.0065185,0.00047122,-2,0,26
1.5545,0.14934,-0.0065185,0.00047122,-2,0,26
-1.313,-1.2996,-3.0065,0.00047122,1,0,26
-2.1532,0.79307,-0.0065185,0.00047122,-2,1,26
1.4385,1.8519,-0.0065185,0.00047122,-2,1,26
-1.4455,-1.0921,-0.0065185,0.00047122,-2,1,26
-2.163,-0.87259,-0.0065185,0.00047122,-2,0,26
0.84685,2.1059,-0.0065185,0.00047122,-2,1,26
-0.71155,-0.69813,3.9935,0.00047122,1,1,26
0.28197,-1.8735,-0.0065185,0.00047122,-2,0,26
0.6186,2.0579,-0.0065185,0.00047122,-2,1,26
3.5265,0.53989,-0.0065185,0.00047122,-2,1,26
3.4482,4.6559,-0.0065185,0.00047122,-2,1,26
2.9316,2.945,-2.0065,0.00047122,1,1,26
4.3251,-1.3615,-0.0065185,0.00047122,-2,1,26
5.277,6.3002,-0.0065185,0.00047122,-2,1,26
1.2361,1.2495,-0.0065185,0.00047122,-2,0,26
-3.1455,-1.5256,-0.0065185,0.00047122,-2,0,26
-3.273,1.5279,-0.0065185,0.00047122,-2,0,26
-1.3814,-1.6073,-0.0065185,0.00047122,-2,0,26
1.1825,0.20929,-3.0065,0.00047122,1,0,26
-2.4405,1.5679,-0.0065185,0.00047122,-2,1,26
0.77622,4.1854,-0.0065185,0.00047122,-2,1,26
1.9605,4.8603,-0.0065185,0.00047122,-2,1,26
4.1171,-0.59703,-0.0065185,0.00047122,-2,1,26
4.2502,4.2636,-0.0065185,0.00047122,-2,1,26
3.6133,4.7618,-2.0065,0.00047122,1,0,26
-0.38303,-0.91149,-0.0065185,0.00047122,-2,0,26
2.0751,-1.8903,-0.0065185,0.00047122,-2,0,26
1.7645,1.3864,-3.0065,0.00047122,1,0,26
2.223,-3.5761,-0.0065185,0.00047122,-2,0,26
-0.10978,-2.8695,-0.0065185,0.00047122,-2,0,26
-0.39264,-2.7364,-0.0065185,0.00047122,-2,0,26
-0.33307,-0.62327,-3.0065,0.00047122,1,0,26
-2.8374,-2.9977,-0.0065185,0.00047122,-2,1,26
0.60447,-3.8453,-0.0065185,0.00047122,-2,1,26
2.1145,0.52789,-0.0065185,0.00047122,-2,1,26
2.461,1.5839,-0.0065185,0.00047122,-2,0,26
-0.083552,-0.070136,-0.0065185,0.00047122,-2,1,26
-0.070348,1.9571,4.9935,0.00047122,1,1,26
-1.5041,-1.4907,-0.0065185,0.00047122,-2,1,26
-4.2778,-3.7996,-0.0065185,0.00047122,-2,0,26
5.5545,-0.052736,-0.0065185,0.00047122,-2,1,26
6.172,1.4079,-0.0065185,0.00047122,-2,1,26
5.8468,1.7994,-0.0065185,0.00047122,-2,1,26
-5.5615,-5.5481,-0.0065185,0.00047122,-2,0,26
-4.7266,1.0518,3.9935,0.00047122,1,0,26
3.1359,-4.7446,-0.0065185,0.00047122,-2,1,26
-1.0338,-3.1402,-0.0065185,0.00047122,-2,0,26
2.3045,2.3179,-0.0065185,0.00047122,-2,0,26
-1.5505,-4.2104,-0.0065185,0.00047122,-2,0,26
1.4545,1.4679,-0.0065185,0.00047122,-2,1,26
5.4045,0.55987,-0.0065185,0.00047122,-2,1,26
-4.5855,-2.5695,3.9935,0.00047122,1,0,26
6.461,6.4744,-0.0065185,0.00047122,-2,1,26
-6.0836,-4.6233,-0.0065185,0.00047122,-2,0,26
-5.1703,-0.52709,-0.0065185,0.00047122,-1,0,26
-5.5041,-4.4453,-0.0065185,0.00047122,-2,0,26
-4.2778,-3.3759,-0.0065185,0.00047122,-2,0,26
3.6444,-0.40075,-2.0065,0.00047122,1,0,26
2.172,-1.6821,-0.0065185,0.00047122,-2,0,26
3.8468,-0.83026,-0.0065185,0.00047122,-2,0,26
-1.5615,1.2461,-0.0065185,0.00047122,-2,1,26
3.3356,0.41888,-0.0065185,0.00047122,-2,1,26
2.8359,1.0485,2.9935,0.00047122,1,1,26
-0.55053,3.6119,-0.0065185,0.00047122,-2,1,26
-1.7673,-0.45386,-0.0065185,0.00047122,-2,0,26
2.5545,2.5679,-0.0065185,0.00047122,-2,0,26
-2.9955,-1.2104,-0.0065185,0.00047122,-2,0,26
-4.5455,-3.0261,-0.0065185,0.00047122,-2,0,26
-3.863,-0.40629,3.9935,0.00047122,1,1,26
-0.44053,-1.4307,-0.0065185,0.00047122,-2,1,26
2.7762,4.3526,-0.0065185,0.00047122,-2,1,26
2.9605,1.0249,-0.0065185,0.00047122,-2,0,26
5.4045,5.4179,-0.0065185,0.00047122,-2,0,26
2.8945,2.9079,-0.0065185,0.00047122,-2,0,26
-5.452,-3.9472,-0.0065185,0.00047122,-2,0,26
4.6425,1.6773,-3.0065,0.00047122,1,1,26
7.172,-0.36461,-0.0065185,0.00047122,-2,1,26
6.0968,6.1103,1.9935,0.00047122,1,1,26
-6.5615,-2.4696,-0.0065185,0.00047122,-2,0,26
5.5856,4.9373,2.9935,0.00047122,1,0,26
4.7484,3.6993,-5.0065,0.00047122,1,0,26
-0.9249,-1.1615,-0.0065185,0.00047122,-2,0,26
1.3944,2.1755,-0.0065185,0.00047122,-2,1,26
-1.777,-1.3061,-0.0065185,0.00047122,-2,0,26
-1.5098,-1.4964,-5.0065,0.00047122,1,0,26
-2.3926,-2.6292,-0.0065185,0.00047122,-2,0,26
-0.63307,-0.61966,-0.0065185,0.00047122,-2,0,26
-0.15361,2.0904,-0.0065185,0.00047122,-2,0,26
0.15447,-1.4542,-0.0065185,0.00047122,-2,1,26
1.282,0.14539,-0.0065185,0.00047122,-2,1,26
-3.3814,-2.2073,-0.0065185,0.00047122,-2,0,26
2.8825,0.94088,4.9935,0.00047122,1,1,26
2.5608,1.7356,-0.0065185,0.00047122,-2,1,26
1.6273,0.92793,-0.0065185,0.00047122,-2,1,26
4.3251,-2.1263,-0.0065185,0.00047122,-2,1,26
4.4045,-1.5921,-0.0065185,0.00047122,-2,1,26
-4.8855,-3.1037,-0.0065185,0.00047122,-2,0,26
4.161,-0.16786,4.9935,0.00047122,1,1,26
-2.0836,-6.3201,-0.0065185,0.00047122,-2,1,26
-1.9955,-1.3446,-0.0065185,0.00047122,-2,0,26
-3.9955,-3.9821,-0.0065185,0.00047122,-2,1,26
0.40447,-1.1471,-0.0065185,0.00047122,-2,0,26
0.34447,-1.3039,-5.0065,0.00047122,1,0,26
3.461,-3.1881,-0.0065185,0.00047122,-2,0,26
3.0925,1.9053,-0.0065185,0.00047122,-2,1,26
-0.14553,2.6427,-0.0065185,0.00047122,-2,0,26
-3.8455,-0.21799,-0.0065185,0.00047122,-2,1,26
2.5545,-1.7864,-0.0065185,0.00047122,-2,1,26
-2.9955,-2.1496,-0.0065185,0.00047122,-2,0,26
1.0045,1.6414,-0.0065185,0.00047122,-2,1,26
-0.84553,-0.83211,3.9935,0.00047122,1,1,26
-2.273,-4.0515,-0.0065185,0.00047122,-2,0,26
4.3903,1.9538,-0.0065185,0.00047122,-2,1,26
3.4825,6.4744,-0.0065185,0.00047122,-2,0,26
2.9608,3.1867,2.9935,0.00047122,1,0,26
2.1145,-5.6027,-0.0065185,0.00047122,-2,1,26
-0.53903,-1.6221,-0.0065185,0.00047122,-2,0,26
2.9164,0.34936,-0.0065185,0.00047122,-2,1,26
-2.4707,-2.4573,-5.0065,0.00047122,1,0,26
-3.4869,-3.3792,-0.0065185,0.00047122,-2,0,26
-1.7132,-1.6197,-0.0065185,0.00047122,-2,0,26
-0.085489,1.9304,-0.0065185,0.00047122,-2,0,26
-2.1455,-0.37208,-0.0065185,0.00047122,-2,0,26
-3.273,-1.7636,-0.0065185,0.00047122,-2,0,26
3.3903,-1.1985,-0.0065185,0.00047122,-2,1,26
-0.47352,-1.7792,-0.0065185,0.00047122,-2,0,26
0.41077,-0.49456,3.9935,0.00047122,1,0,26
2.727,2.7404,-0.0065185,0.00047122,-2,0,26
3.6186,3.632,-0.0065185,0.00047122,-2,1,26
5.5545,2.2019,-0.0065185,0.00047122,-2,1,26
4.172,2.3363,-0.0065185,0.00047122,-2,1,26
-3.5379,-3.5245,-5.0065,0.00047122,1,0,26
1.5705,5.8339,-0.0065185,0.00047122,-2,0,26
1.0045,1.0179,-0.0065185,0.00047122,-2,1,26
-0.99553,-0.98211,-0.0065185,0.00047122,-2,1,26
0.85447,2.5252,2.9935,0.00047122,1,1,26
-1.273,-0.069465,-0.0065185,0.00047122,-2,1,26
1.3903,-0.14961,-0.0065185,0.00047122,-2,1,26
-4.6955,-1.7452,-0.0065185,0.00047122,-2,0,26
-4.4405,-4.2104,-0.0065185,0.00047122,-2,0,26
6.2327,3.4136,-0.0065185,0.00047122,-2,0,26
4.2545,1.8603,-0.0065185,0.00047122,-2,0,26
-3.608,-2.3024,-4.0065,0.00047122,1,0,26
-0.99553,-6.4527,-0.0065185,0.00047122,-2,1,26
-0.84553,-1.3771,-0.0065185,0.00047122,-2,1,26
-2.718,-4.2006,-0.0065185,0.00047122,-2,0,26
-4.6955,-2.2962,-0.0065185,0.00047122,-2,0,26
6.4495,5.0179,-0.0065185,0.00047122,-2,0,26
-2.2455,-3.3779,-0.0065185,0.00047122,-2,1,26
2.617,1.9304,-0.0065185,0.00047122,-2,1,26
-4.1455,-0.10313,-0.0065185,0.00047122,-2,0,26
1.282,3.0396,-0.0065185,0.00047122,-2,0,26
1.0903,5.6304,-0.0065185,2.0005,-1,0,26
-1.4405,-1.4271,-0.0065185,0.00047122,-2,1,26
-2.2238,-2.2104,-0.0065185,0.00047122,-2,0,26
-0.14553,3.0864,-0.0065185,0.00047122,-2,0,26
-1.1455,-1.5473,-0.0065185,0.00047122,-2,0,26
-0.97303,-0.95961,-4.0065,0.00047122,1,0,26
-0.44053,1.2495,-0.0065185,0.00047122,-2,1,26
3.1545,4.1361,-0.0065185,0.00047122,-2,1,26
-1.3955,-0.30362,-0.0065185,0.00047122,-2,1,26
-2.2955,-2.258,-0.0065185,0.00047122,-2,0,26
-4.3955,-0.99361,-0.0065185,0.00047122,-2,0,26
-0.84553,-1.2073,-0.0065185,-2.9995,-1,0,27
-4.9955,-4.9821,-0.0065185,0.00047122,-2,0,27
-3.9955,-3.9821,-0.0065185,0.00047122,-2,0,27
2.0045,2.0179,-0.0065185,0.00047122,-2,0,27
-2.9955,-0.17899,-0.0065185,0.00047122,-2,1,27
3.0045,3.3554,-0.0065185,0.00047122,-2,1,27
3.5545,3.1854,-0.0065185,0.00047122,-2,1,27
-6.163,-2.1496,-0.0065185,0.00047122,-2,0,27
3.8468,5.2603,-0.0065185,0.00047122,-2,1,27
-0.42951,3.049,-0.0065185,0.00047122,-2,0,27
-2.6955,-2.6821,-0.0065185,0.00047122,-2,0,27
-6.4405,-0.29566,-0.0065185,0.00047122,-2,0,27
-5.4738,-5.4604,-5.0065,0.00047122,1,1,27
6.617,3.3805,-0.0065185,0.00047122,-2,1,27
-5.5455,-5.6027,-0.0065185,0.00047122,-2,0,27
-5.163,-2.341,-0.0065185,0.00047122,-2,0,27
-4.8379,-4.8245,-0.0065185,0.00047122,-2,0,27
-5.5615,-3.3905,-0.0065185,0.00047122,-2,1,27
4.7356,1.1902,2.9935,0.00047122,1,0,27
4.8945,3.349,-0.0065185,0.00047122,-2,0,27
2.461,1.1493,-0.0065185,0.00047122,-2,1,27
-2.9955,-2.0701,-0.0065185,0.00047122,-2,0,27
-2.9955,-4.5481,-0.0065185,0.00047122,-2,0,27
-2.5455,-3.4807,3.9935,0.00047122,1,0,27
-3.9955,-5.1136,-0.0065185,0.00047122,-2,0,27
-4.9955,2.9079,-0.0065185,0.00047122,-2,0,27
-3.9955,-3.9821,-0.0065185,0.00047122,-2,0,27
2.0045,3.6304,-0.0065185,0.00047122,-2,1,27
2.0045,2.0179,-0.0065185,0.00047122,-2,1,27
-0.99553,-1.4841,-0.0065185,0.00047122,-2,0,27
-0.84553,-1.6371,-5.0065,0.00047122,1,0,27
0.0044729,4.2679,-0.0065185,0.00047122,-2,1,27
-4.9955,0.017889,-0.0065185,0.00047122,-2,0,27
-3.9955,-3.9821,-0.0065185,0.00047122,-2,0,27
3.0045,3.6304,-0.0065185,0.00047122,-2,1,27
-0.99553,-2.7215,-0.0065185,0.00047122,-2,0,27
0.0044729,-0.14305,-0.0065185,0.00047122,-2,0,27
-2.9955,-0.84141,-0.0065185,0.00047122,-2,0,27
3.0045,3.0179,-0.0065185,0.00047122,-2,1,27
-2.5455,-2.2484,-3.0065,0.00047122,1,0,27
2.0045,2.5679,-0.0065185,0.00047122,-2,1,27
2.0045,-1.7535,-0.0065185,0.00047122,-2,1,27
-1.2955,-1.2821,-0.0065185,0.00047122,-2,0,27
-1.1005,-1.2104,2.9935,0.00047122,1,0,27
-0.82803,-2.5321,-0.0065185,0.00047122,-2,0,27
0.55447,0.72551,-0.0065185,0.00047122,-2,0,27
1.3045,0.29424,-0.0065185,0.00047122,-2,0,27
1.5595,1.2368,-0.0065185,0.00047122,-2,0,27
-1.7673,-1.3039,-0.0065185,0.00047122,-2,0,27
1.5105,1.2237,-2.0065,0.00047122,1,1,27
-1.828,-1.8146,-0.0065185,0.00047122,-2,0,27
1.4045,-0.10313,-0.0065185,0.00047122,-2,0,27
2.3045,2.6868,-0.0065185,0.00047122,-2,0,27
-2.5505,-0.99361,-0.0065185,0.00047122,-2,0,27
4.4045,2.4562,-0.0065185,0.00047122,-2,1,27
-3.8855,-2.6069,-0.0065185,0.00047122,-2,0,27
3.311,3.3244,-2.0065,0.00047122,1,1,27
5.0925,5.1059,-0.0065185,0.00047122,-2,1,27
-1.7703,-0.31193,-0.0065185,0.00047122,-2,0,27
0.51307,1.5265,-0.0065185,0.00047122,-2,1,27
1.7222,-0.41442,-0.0065185,0.00047122,-2,1,27
-2.5455,-2.5321,-0.0065185,0.00047122,-2,0,27
1.172,1.6164,-0.0065185,0.00047122,-2,0,27
0.99685,-0.31011,-3.0065,0.00047122,1,0,27
-3.273,3.2904,-0.0065185,0.00047122,-2,0,27
4.4045,-2.499,-0.0065185,0.00047122,-2,1,27
1.8945,3.7579,-0.0065185,0.00047122,-2,0,27
1.8545,0.86141,-0.0065185,0.00047122,-2,1,27
-3.718,-3.7046,-0.0065185,0.00047122,-2,0,27
-3.1597,-1.3187,-5.0065,0.00047122,1,0,27
-4.5175,-4.5041,-0.0065185,0.00047122,-2,0,27
2.4482,3.2532,-0.0065185,0.00047122,-2,1,27
2.3816,1.6973,-0.0065185,0.00047122,-2,1,27
-3.3161,-1.7477,-0.0065185,0.00047122,-2,0,27
-2.818,-2.8046,3.9935,0.00047122,1,1,27
4.172,1.9885,-0.0065185,0.00047122,-2,1,27
-6.6955,-6.6821,-0.0065185,0.00047122,-2,0,27
5.4495,3.8756,-0.0065185,0.00047122,-2,1,27
-4.6238,2.2268,-3.0065,0.00047122,1,0,27
3.0485,2.4651,-0.0065185,0.00047122,-2,1,27
-2.5829,-1.5948,-5.0065,0.00047122,1,0,27
-1.7498,-0.90786,-0.0065185,0.00047122,-2,0,27
2.6456,3.5673,-0.0065185,0.00047122,-2,1,27
-2.5405,-2.2271,-0.0065185,0.00047122,-2,0,27
-5.4588,-4.9365,-0.0065185,0.00047122,-2,0,27
0.39822,1.4241,-0.0065185,0.00047122,-2,1,27
0.33916,-0.015057,-0.0065185,0.00047122,-2,1,27
-0.28001,-0.26659,-5.0065,0.00047122,1,0,27
0.76266,-4.4739,-0.0065185,0.00047122,-2,0,27
-0.78999,-1.0023,-0.0065185,0.00047122,-2,0,27
-2.8455,-2.8321,-0.0065185,0.00047122,-2,0,27
2.282,2.2954,-0.0065185,0.00047122,-2,1,27
-1.9314,-2.0101,3.9935,0.00047122,1,1,27
-0.47352,-0.53841,-0.0065185,0.00047122,-2,1,27
2.5608,0.12789,-0.0065185,0.00047122,-2,1,27
-4.5455,-2.2115,-0.0065185,0.00047122,-2,0,27
3.872,3.8854,3.9935,0.00047122,1,1,27
-2.8379,-1.0381,-0.0065185,0.00047122,-2,0,27
-3.5615,-4.4381,-0.0065185,0.00047122,-2,0,27
-1.3266,-1.7226,-0.0065185,0.00047122,-2,0,27
0.13592,0.14934,-0.0065185,0.00047122,-2,0,27
-0.14553,-0.98211,-0.0065185,0.00047122,-2,0,27
-3.8455,0.71554,-0.0065185,0.00047122,-2,0,27
-3.268,-2.5532,-5.0065,0.00047122,1,0,27
-4.6097,-4.0001,-0.0065185,0.00047122,-2,0,27
-3.5175,-3.5041,-0.0065185,0.00047122,-2,0,27
-3.4392,-2.9951,-0.0065185,0.00047122,-2,0,27
-3.3727,-2.9931,-0.0065185,0.00047122,-2,0,27
3.3251,2.557,-0.0065185,0.00047122,-2,1,27
-2.818,-2.8046,1.9935,0.00047122,1,0,27
-5.2271,-5.2137,-0.0065185,0.00047122,-2,0,27
-4.1924,-4.179,-0.0065185,0.00047122,-2,0,27
-2.1629,1.2412,-0.0065185,0.00047122,-2,0,27
-0.13777,-1.8244,-0.0065185,0.00047122,-2,0,27
-0.11643,0.014354,-5.0065,0.00047122,1,0,27
-3.0983,-4.3349,-0.0065185,0.00047122,-2,0,27
4.0918,2.6552,-0.0065185,0.00047122,-2,1,27
4.0787,4.0921,-0.0065185,0.00047122,-2,1,27
-2.0586,-2.9352,-0.0065185,0.00047122,-2,0,27
4.0581,1.7715,-0.0065185,0.00047122,-2,1,27
-5.0411,-4.9834,-0.0065185,0.00047122,-2,0,27
-4.0343,-3.9832,-0.0065185,0.00047122,-2,0,27
-3.4285,-2.4716,-5.0065,0.00047122,1,0,27
-2.0235,-4.2329,-0.0065185,0.00047122,-2,0,27
2.0283,2.0417,-0.0065185,0.00047122,-2,1,27
3.0247,3.0381,-0.0065185,0.00047122,-2,1,27
-2.5627,-1.2276,-3.0065,0.00047122,1,0,27
-0.010145,0.0032706,-0.0065185,0.00047122,-2,0,27
-1.008,-0.99454,-0.0065185,0.00047122,-2,0,27
-0.0060887,-1.8248,-0.0065185,0.00047122,-2,0,27
-0.0045044,0.017626,-3.0065,0.00047122,1,0,27
3.0121,2.5755,-0.0065185,0.00047122,-2,1,27
-4.002,-2.5323,-0.0065185,0.00047122,-2,0,27
4.01,3.4234,-0.0065185,0.00047122,-2,1,27
-4.0002,-3.3868,-0.0065185,0.00047122,-2,0,27
-2.9995,-3.3822,-0.0065185,0.00047122,-2,0,27
-3.9989,-3.9822,-0.0065185,0.00047122,-2,0,27
-4.9984,-2.1497,-0.0065185,0.00047122,-2,0,27
-4.248,-4.2322,-4.0065,0.00047122,1,0,27
-2.9976,-2.9822,-0.0065185,0.00047122,-2,0,27
-2.5473,-2.8739,-4.0065,0.00047122,1,0,27
3.006,3.4194,-0.0065185,0.00047122,-2,1,27
2.0057,2.0192,-0.0065185,0.00047122,-2,1,27
-1.6966,-2.1507,-4.0065,0.00047122,1,0,27
1.0036,1.0179,-0.0065185,0.00047122,-2,0,27
3.0037,3.0171,-0.0065185,0.00047122,-2,1,27
-2.5455,2.4744,-0.0065185,0.00047122,-2,0,27
2.172,-2.0702,4.9935,0.00047122,1,1,27
2.8468,2.8603,-0.0065185,0.00047122,-2,1,27
-2.5615,-2.086,-0.0065185,0.00047122,-2,0,27
-0.66441,-0.41442,-0.0065185,0.00047122,-2,0,27
-0.29553,-0.28211,-0.0065185,0.00047122,-2,0,27
0.70447,2.332,-0.0065185,0.00047122,-2,0,27
-1.8455,1.3574,-0.0065185,0.00047122,-2,0,27
-1.568,-0.38841,-5.0065,0.00047122,1,0,27
-0.60965,-4.8462,-0.0065185,0.00047122,-2,0,27
-1.5175,-0.66153,-0.0065185,0.00047122,-2,0,27
-1.4392,-1.4258,-0.0065185,0.00047122,-2,0,27
-2.3727,0.24951,-0.0065185,0.00047122,-2,0,27
-3.3161,-1.4852,-0.0065185,0.00047122,-2,0,27
-3.268,-2.3648,-0.0065185,0.00047122,-2,0,27
-5.2271,-2.7637,-0.0065185,0.00047122,-2,0,27
5.2013,4.4648,-0.0065185,0.00047122,-2,1,27
-5.1629,-4.3995,-0.0065185,0.00047122,-2,0,27
-4.1378,-4.1448,-0.0065185,0.00047122,-2,0,27
-4.1164,-3.503,-0.0065185,0.00047122,-2,0,27
-4.0983,-3.919,-0.0065185,0.00047122,-2,0,27
-3.4829,-3.0695,-0.0065185,-2.9995,-1,0,27
3.0787,2.5486,-0.0065185,0.00047122,-2,1,27
-2.6086,-2.5952,-5.0065,0.00047122,1,0,27
-3.0492,-4.1992,-0.0065185,0.00047122,-2,0,27
-1.0411,-2.5777,-0.0065185,0.00047122,-2,0,27
-1.0343,-0.95831,-0.0065185,0.00047122,-2,0,27
-1.0285,-0.68438,-0.0065185,0.00047122,-2,0,27
1.0325,1.0459,-0.0065185,0.00047122,-2,1,27
-5.8455,-5.8321,-0.0065185,0.00047122,-2,0,28
1.282,-0.87537,-0.0065185,0.00047122,-2,1,28
-0.29553,1.1038,-0.0065185,0.00047122,-2,1,28
-0.25053,-1.9503,3.9935,0.00047122,1,1,28
-0.76728,4.6461,-0.0065185,0.00047122,-2,0,28
-2.6955,1.9079,-0.0065185,0.00047122,-2,0,28
5.4495,-2.2739,-0.0065185,0.00047122,-2,1,28
-5.2238,-4.6104,-0.0065185,0.00047122,-2,0,28
-5.0395,-2.2073,-0.0065185,0.00047122,-2,0,28
-2.8829,-0.47351,-0.0065185,0.00047122,-2,0,28
-3.7498,-3.7364,-0.0065185,0.00047122,-2,0,28
-4.6367,-2.7113,-0.0065185,0.00047122,-2,0,28
-3.9405,-2.4556,1.9935,0.00047122,1,0,28
1.4677,-2.4696,-0.0065185,0.00047122,-2,1,28
0.39822,-0.65148,-0.0065185,0.00047122,-2,0,28
-0.33021,-1.0393,-2.0065,0.00047122,1,1,28
1.0045,-2.2962,-0.0065185,0.00047122,-2,1,28
2.0045,0.34588,-0.0065185,0.00047122,-2,1,28
1.7045,1.2742,-4.0065,0.00047122,1,1,28
1.0045,0.64074,-0.0065185,0.00047122,-2,1,28
0.0044729,0.017889,-0.0065185,0.00047122,-2,1,28
2.0045,-0.43861,-0.0065185,0.00047122,-2,1,28
-4.6955,-1.6821,-0.0065185,0.00047122,-2,0,28
3.9995,2.371,-2.0065,0.00047122,1,1,28
5.2327,5.2461,-0.0065185,0.00047122,-2,1,28
-5.0395,0.41888,-0.0065185,0.00047122,-2,0,28
4.8919,4.3053,-0.0065185,0.00047122,-2,1,28
4.7588,3.3151,-0.0065185,0.00047122,-2,1,28
-4.6367,-4.6233,-0.0065185,0.00047122,-2,0,28
3.9495,3.4529,1.9935,0.00047122,1,1,28
-3.3488,-2.1453,-4.0065,0.00047122,1,0,28
-0.60178,3.8116,-0.0065185,0.00047122,-2,0,28
-0.14553,-0.13211,-0.0065185,0.00047122,-2,1,28
1.282,4.4744,-0.0065185,0.00047122,-2,1,28
2.7045,-0.62918,-0.0065185,0.00047122,-2,1,28
2.4495,2.3129,-0.0065185,0.00047122,-2,1,28
-3.2238,-2.0604,-0.0065185,0.00047122,-2,0,28
3.0485,2.7619,-0.0065185,0.00047122,-2,1,28
3.8919,1.7007,-0.0065185,0.00047122,-2,1,28
3.3088,2.5533,-4.0065,0.00047122,1,1,28
-1.3544,-1.341,-0.0065185,0.00047122,-2,0,28
-1.2955,-0.092111,-0.0065185,0.00047122,-2,0,28
-1.5455,-1.5321,-0.0065185,0.00047122,-2,0,28
1.322,0.95714,-3.0065,0.00047122,1,1,28
1.8468,-2.5386,-0.0065185,0.00047122,-2,0,28
3.0045,0.85039,-0.0065185,0.00047122,-2,1,28
1.5545,1.349,-0.0065185,0.00047122,-2,1,28
-0.16303,-0.26356,-0.0065185,0.00047122,-2,1,28
-2.6955,1.1378,-0.0065185,0.00047122,-2,0,28
2.2995,1.482,-3.0065,0.00047122,1,1,28
-3.2238,2.0459,-0.0065185,0.00047122,-2,0,28
-3.0395,-3.0261,-0.0065185,0.00047122,-2,0,28
0.89188,1.84,-0.0065185,0.00047122,-2,1,28
1.2502,-0.73641,-0.0065185,0.00047122,-2,0,28
-1.3544,-1.4096,-0.0065185,0.00047122,-2,0,28
4.7045,1.1729,-0.0065185,0.00047122,-2,1,28
3.9995,4.0129,4.9935,0.00047122,1,1,28
3.2327,3.2461,-0.0065185,0.00047122,-2,1,28
2.0485,4.6744,-0.0065185,0.00047122,-2,1,28
-3.1081,1.7553,-0.0065185,0.00047122,-2,1,28
0.25017,0.37673,-0.0065185,0.00047122,-2,1,28
1.1545,-0.19096,-0.0065185,0.00047122,-2,0,28
-0.71803,-0.70461,-0.0065185,0.00047122,-2,0,28
-0.60965,-0.62514,-5.0065,0.00047122,1,0,28
3.5265,3.5399,-0.0065185,0.00047122,-2,1,28
-4.4392,-4.0383,-0.0065185,0.00047122,-2,0,28
-2.3727,-4.6644,-0.0065185,0.00047122,-2,0,28
-2.3161,-3.0721,-0.0065185,0.00047122,-2,0,28
-4.268,-1.6996,-0.0065185,0.00047122,-2,0,28
3.6361,3.6495,-2.0065,0.00047122,1,1,28
0.20135,0.21476,-0.0065185,0.00047122,-2,1,28
-2.1629,0.89392,-0.0065185,0.00047122,-2,0,28
-4.1378,-2.1657,-0.0065185,0.00047122,-2,0,28
-4.1164,-3.7932,-0.0065185,0.00047122,-2,0,28
3.5072,3.5207,2.9935,0.00047122,1,1,28
-2.0829,-2.8291,-0.0065185,0.00047122,-2,0,28
-3.0698,-1.9346,-0.0065185,0.00047122,-2,0,28
-4.0586,-2.5952,-0.0065185,0.00047122,-2,0,28
3.0581,3.4715,-0.0065185,0.00047122,-2,1,28
-0.041127,-0.13715,-0.0065185,0.00047122,-2,0,28
-0.034287,-2.2814,-4.0065,0.00047122,1,0,28
-2.0285,-3.4941,-0.0065185,0.00047122,-2,0,28
0.032477,0.045893,-0.0065185,0.00047122,-2,1,28
1.9807,1.937,-0.0065185,0.00047122,-2,1,28
5.7045,2.7896,-0.0065185,0.00047122,-2,1,28
-6.4405,-1.4099,-0.0065185,0.00047122,-2,0,28
-4.2238,-4.2104,-0.0065185,0.00047122,-2,0,28
3.5985,4.6744,-2.0065,0.00047122,1,1,28
3.8919,-2.3233,-0.0065185,0.00047122,-2,1,28
5.7588,4.4729,-0.0065185,0.00047122,-2,1,28
4.6456,2.8265,-0.0065185,0.00047122,-2,1,28
-3.5405,-3.9271,-0.0065185,0.00047122,-2,0,28
3.0177,3.0311,-4.0065,0.00047122,1,1,28
-1.3893,3.0241,-0.0065185,0.00047122,-2,0,28
0.33916,1.2026,-0.0065185,0.00047122,-2,1,28
-0.71104,-0.69763,-0.0065185,0.00047122,-2,0,28
-0.60372,-0.15682,1.9935,0.00047122,1,0,28
-5.718,0.99539,-0.0065185,0.00047122,-2,0,28
4.6186,4.0179,-0.0065185,0.00047122,-2,1,28
-3.5175,-3.5946,-0.0065185,0.00047122,-2,0,28
-4.4392,-3.9821,-0.0065185,0.00047122,-2,0,28
-3.3727,-2.9821,-0.0065185,0.00047122,-2,0,28
-4.3161,-2.1451,-0.0065185,0.00047122,-2,0,28
-3.668,-3.3821,3.9935,0.00047122,1,0,28
-4.2271,-4.2137,-0.0065185,0.00047122,-2,0,28
-5.1924,-5.179,-0.0065185,0.00047122,-2,0,28
-4.1629,-3.9821,-0.0065185,0.00047122,-2,0,28
3.1467,-2.0701,-0.0065185,0.00047122,-2,1,28
-1.1164,-2.653,-0.0065185,0.00047122,-2,0,28
0.95724,0.86789,-3.0065,0.00047122,1,1,28
-2.9082,-2.9821,-0.0065185,0.00047122,-2,0,28
3.5545,2.4936,-0.0065185,0.00047122,-2,1,28
3.172,2.8603,-0.0065185,0.00047122,-2,1,28
-0.15315,-0.13974,-0.0065185,0.00047122,-2,0,28
-0.12951,1.9631,2.9935,0.00047122,1,0,28
-1.4405,0.53989,-0.0065185,0.00047122,-2,0,28
0.23272,-2.5933,-0.0065185,0.00047122,-2,0,28
1.8545,-0.17612,-0.0065185,0.00047122,-2,1,28
-4.718,-2.3981,-0.0065185,0.00047122,-2,0,28
-4.0097,1.6868,-0.0065185,3.0005,-1,0,28
1.5265,4.0393,-0.0065185,0.00047122,-2,1,28
4.4482,1.3116,-0.0065185,0.00047122,-2,1,28
3.7816,4.2354,-2.0065,0.00047122,1,1,28
-2.3161,1.023,-0.0065185,0.00047122,-2,0,28
0.27696,2.3085,-0.0065185,0.00047122,-2,1,28
0.77286,-0.48414,-0.0065185,0.00047122,-2,1,28
-0.64865,-0.63524,-5.0065,0.00047122,1,0,28
1.282,2.0179,-0.0065185,0.00047122,-2,1,28
1.7045,1.7179,-0.0065185,0.00047122,-2,1,28
-3.4405,1.0885,-0.0065185,0.00047122,-2,0,28
2.9327,-3.0358,4.9935,0.00047122,1,1,28
4.0485,4.0619,-0.0065185,0.00047122,-2,1,28
-3.8829,-1.7089,-0.0065185,0.00047122,-2,0,28
2.7588,3.3222,-0.0065185,0.00047122,-2,1,28
2.6456,2.359,-0.0065185,0.00047122,-2,1,28
-3.5405,-1.824,-0.0065185,0.00047122,-2,0,28
4.4677,1.9261,-0.0065185,0.00047122,-2,1,28
2.3982,1.1812,-0.0065185,0.00047122,-2,1,28
-2.0302,-2.1609,-4.0065,0.00047122,1,0,28
-4.28,-3.3776,-0.0065185,0.00047122,-2,0,28
-5.2373,-4.4683,-0.0065185,0.00047122,-2,0,28
3.21,2.0376,-0.0065185,0.00047122,-2,1,28
-2.7202,-2.1609,-2.0065,0.00047122,1,0,28
2.3205,1.4023,4.9935,0.00047122,1,1,28
1.1307,1.1441,-0.0065185,0.00047122,-2,1,28
0.11177,0.12518,-0.0065185,0.00047122,-2,0,28
3.0045,-0.17591,-0.0065185,0.00047122,-2,1,28
-2.5455,-2.4274,-3.0065,0.00047122,1,0,28
1.837,4.1579,-0.0065185,0.00047122,-2,1,28
-2.3955,-1.5397,-0.0065185,0.00047122,-2,0,28
5.8945,2.0579,-0.0065185,0.00047122,-2,1,28
-5.452,-1.4161,-0.0065185,0.00047122,-2,0,28
-7.0836,-4.2376,-0.0065185,0.00047122,-2,0,28
-4.7703,-3.1007,-0.0065185,0.00047122,-2,0,28
-4.0541,-1.5704,1.9935,0.00047122,1,1,28
-6.163,-2.2821,-0.0065185,0.00047122,-2,0,28
-8.3955,-2.9144,-0.0065185,0.00047122,-2,0,28
5.8945,5.1944,-0.0065185,0.00047122,-2,1,28
-5.452,-5.4386,-0.0065185,0.00047122,-2,0,28
-7.0836,-4.2376,-0.0065185,0.00047122,-2,0,28
-5.7703,-6.0069,-0.0065185,0.00047122,-2,0,28
-6.5041,-6.4907,-0.0065185,0.00047122,-2,0,28
-5.2778,-3.2832,-0.0065185,0.00047122,-2,0,28
-4.0855,-3.3315,-0.0065185,0.00047122,-2,0,28
-2.922,-3.7986,-0.0065185,0.00047122,-2,0,28
-2.783,-2.4696,-0.0065185,0.00047122,-2,0,28
1.6738,1.9325,-0.0065185,0.00047122,-2,1,28
-1.4266,-1.7997,-0.0065185,0.00047122,-2,1,28
2.5209,2.5343,-0.0065185,0.00047122,-2,1,28
-2.1344,-2.4003,-5.0065,0.00047122,1,0,28
-6.163,-6.1496,-0.0065185,0.00047122,-2,0,28
-6.8379,-6.8245,-0.0065185,0.00047122,-2,0,28
-5.5615,-5.5481,-0.0065185,0.00047122,-2,0,28
-5.3266,-5.3132,-0.0065185,0.00047122,-2,0,28
-3.127,-3.1136,-0.0065185,0.00047122,-2,0,28
0.15447,-2.8721,-0.0065185,0.00047122,-2,1,29
3.727,-0.10961,-0.0065185,0.00047122,-2,1,29
-0.54553,-0.53211,-0.0065185,0.00047122,-2,1,29
-1.2955,-1.1428,-0.0065185,0.00047122,-2,0,29
0.55447,-1.9491,-0.0065185,0.00047122,-2,1,29
-0.16303,2.1616,-0.0065185,0.00047122,-2,0,29
0.1621,0.17551,-0.0065185,0.00047122,-2,1,29
-0.69553,-1.7477,-0.0065185,0.00047122,-2,1,29
0.59947,3.1679,-0.0065185,4.0005,-1,1,29
-1.7673,1.4778,-0.0065185,0.00047122,-2,0,29
0.55447,-3.069,-0.0065185,0.00047122,-2,1,29
-0.16303,-0.14961,-0.0065185,0.00047122,-2,1,29
0.14685,-1.8244,3.9935,0.00047122,1,0,29
0.44947,-1.9371,-0.0065185,0.00047122,-2,1,29
0.23272,0.2119,-0.0065185,0.00047122,-2,1,29
-2.9515,-3.0947,-0.0065185,0.00047122,-2,0,29
-5.3955,0.1828,-0.0065185,0.00047122,-2,0,29
-4.8855,-2.5962,-0.0065185,0.00047122,-2,0,29
-4.152,-3.8836,-4.0065,0.00047122,1,1,29
2.4495,4.4179,-0.0065185,0.00047122,-2,1,29
-2.8455,-2.3593,-0.0065185,0.00047122,-2,0,29
3.727,3.7404,-0.0065185,0.00047122,-2,1,29
-4.6097,-4.2546,-0.0065185,0.00047122,-2,0,29
-3.9175,-1.1453,-5.0065,0.00047122,1,0,29
4.4482,4.7116,-0.0065185,0.00047122,-2,1,29
-3.3727,-3.7593,-0.0065185,0.00047122,-2,0,29
-2.3161,-2.1244,-0.0065185,0.00047122,-2,0,29
-3.268,-2.2705,-0.0065185,0.00047122,-2,0,29
-1.2271,-1.0849,-0.0065185,0.00047122,-2,0,29
-0.79865,-0.78524,-0.0065185,0.00047122,-2,0,29
0.68713,0.79364,-4.0065,0.00047122,1,1,29
-0.71803,2.6954,-0.0065185,0.00047122,-2,0,29
2.6186,-1.3132,-0.0065185,0.00047122,-2,1,29
0.52648,0.58644,-0.0065185,0.00047122,-2,1,29
-0.43923,-0.42582,-0.0065185,0.00047122,-2,0,29
1.6273,1.6407,-0.0065185,0.00047122,-2,1,29
0.30447,-0.67696,-0.0065185,0.00047122,-2,1,29
-1.2955,-1.2821,-0.0065185,0.00047122,-2,0,29
1.4545,-1.7124,-0.0065185,0.00047122,-2,1,29
1.237,1.2504,-4.0065,0.00047122,1,1,29
2.8945,2.9079,-0.0065185,0.00047122,-2,1,29
4.461,4.4744,-0.0065185,0.00047122,-2,1,29
-3.0836,0.38636,-0.0065185,0.00047122,-2,0,29
2.6293,0.64514,2.9935,0.00047122,1,1,29
4.5131,2.3785,-0.0065185,0.00047122,-2,1,29
4.2868,2.4069,-0.0065185,0.00047122,-2,1,29
-6.0855,-3.6221,-0.0065185,0.00047122,-2,0,29
-4.922,-4.9086,-0.0065185,0.00047122,-2,0,29
-2.783,-2.7696,-0.0065185,0.00047122,-2,0,29
2.3738,3.0045,-3.0065,0.00047122,1,0,29
-0.55053,3.1969,-0.0065185,0.00047122,-2,0,29
-2.7673,-1.7636,-0.0065185,0.00047122,-2,0,29
-3.9515,-3.0964,-0.0065185,0.00047122,-2,0,29
-4.1081,0.39252,-0.0065185,0.00047122,-2,0,29
-3.2412,-5.3132,-0.0065185,0.00047122,-2,1,29
2.4045,2.6304,-0.0065185,0.00047122,-2,0,29
-2.0355,-2.0684,4.9935,0.00047122,1,1,29
-1.452,-1.5921,-0.0065185,0.00047122,-2,1,29
2.9164,2.7994,-0.0065185,0.00047122,-2,1,29
0.77929,-1.167,-0.0065185,0.00047122,-2,1,29
-3.1455,1.1193,-0.0065185,0.00047122,-2,0,29
1.282,1.1994,-0.0065185,0.00047122,-2,1,29
-0.3814,-1.068,-0.0065185,0.00047122,-2,1,29
-0.32352,0.17577,-4.0065,0.00047122,1,0,29
-3.5518,-7.3821,-0.0065185,0.00047122,-2,1,29
-0.39553,-0.38211,-0.0065185,0.00047122,-2,1,29
0.89447,-0.44448,-0.0065185,0.00047122,-2,1,29
-0.29553,-1.6019,-0.0065185,0.00047122,-2,0,29
-0.25053,-3.5371,-0.0065185,-4.9995,-1,1,29
-0.21228,-3.6276,4.9935,0.00047122,1,1,29
0.77622,-1.5946,-0.0065185,0.00047122,-2,0,29
-3.2955,2.5864,-0.0065185,0.00047122,-2,0,29
-3.5505,-2.7871,-0.0065185,0.00047122,-2,0,29
-1.7673,-0.37208,-0.0065185,0.00047122,-2,0,29
-1.5015,-1.3761,1.9935,0.00047122,1,1,29
0.17197,2.2011,-0.0065185,0.00047122,-2,0,29
0.84685,1.6279,-0.0065185,0.00047122,-2,1,29
1.8545,2.4629,-0.0065185,0.00047122,-2,1,29
0.85447,1.0619,-0.0065185,0.00047122,-2,1,29
3.727,3.9053,-0.0065185,0.00047122,-2,1,29
3.1686,1.2942,-4.0065,0.00047122,1,0,29
6.172,-2.8601,-0.0065185,0.00047122,-2,1,29
3.4045,0.46159,-0.0065185,0.00047122,-2,1,29
1.8945,3.2285,-0.0065185,0.00047122,-2,0,29
0.15447,0.16789,-0.0065185,0.00047122,-2,1,29
-1.1455,-1.7096,-0.0065185,0.00047122,-2,0,29
-5.6955,-5.6821,-0.0065185,0.00047122,-2,0,29
-4.8405,-0.81299,-5.0065,0.00047122,1,0,29
4.2327,4.1256,-0.0065185,0.00047122,-2,1,29
-2.0395,-2.0261,-0.0065185,0.00047122,-2,1,29
-0.14553,0.76512,-0.0065185,0.00047122,-2,1,29
3.1545,3.9305,-0.0065185,0.00047122,-2,1,29
-2.673,-1.4739,-4.0065,0.00047122,1,0,29
3.3903,3.3548,-0.0065185,0.00047122,-2,1,29
-2.4735,-3.3285,-0.0065185,0.00047122,-2,0,29
-0.55182,-2.0884,-0.0065185,0.00047122,-2,0,29
-0.46838,-0.45496,2.9935,0.00047122,1,0,29
-2.6749,2.8885,-0.0065185,0.00047122,-2,0,29
-4.723,-4.7096,-0.0065185,0.00047122,-2,0,29
-4.7639,-4.7505,-0.0065185,0.00047122,-2,0,29
2.8076,2.9977,-0.0065185,0.00047122,-2,1,29
-3.8282,-1.5309,-0.0065185,0.00047122,-2,0,29
-3.8533,-3.2399,-0.0065185,0.00047122,-2,0,29
-3.2746,-3.3697,-4.0065,0.00047122,1,0,29
2.1072,-3.2793,-0.0065185,0.00047122,-2,1,29
1.3045,2.8989,-0.0065185,0.00047122,-2,0,29
1.5595,5.4744,-0.0065185,0.00047122,-2,1,29
0.45447,-1.3039,-0.0065185,0.00047122,-2,0,29
-1.163,0.72551,-0.0065185,0.00047122,-2,0,29
-0.9879,-0.97449,-4.0065,0.00047122,1,0,29
-3.5615,-3.3132,-0.0065185,0.00047122,-2,0,29
-2.3266,-4.0036,-0.0065185,0.00047122,-2,0,29
-4.127,-3.9438,-0.0065185,0.00047122,-2,0,29
-1.9573,-1.7996,-0.0065185,0.00047122,-2,0,29
-1.663,-1.4137,-5.0065,0.00047122,1,0,29
-1.6904,-4.8227,-0.0065185,0.00047122,-2,0,29
-1.5862,-1.3341,-0.0065185,0.00047122,-2,0,29
2.5065,1.3699,-0.0065185,0.00047122,-2,1,29
-1.4223,-1.3448,-0.0065185,0.00047122,-2,0,29
-1.3582,-1.7898,-0.0065185,0.00047122,-2,1,29
-1.8455,-1.4724,-0.0065185,0.00047122,-2,0,29
5.8545,1.5904,-0.0065185,0.00047122,-2,1,29
-4.968,-4.9546,-3.0065,0.00047122,1,0,29
-2.6097,-2.6931,-0.0065185,0.00047122,-2,0,29
3.5265,3.5399,-0.0065185,0.00047122,-2,1,29
-3.4392,-1.5434,-0.0065185,0.00047122,-2,0,29
2.9316,2.945,4.9935,0.00047122,1,0,29
0.17197,0.18539,-0.0065185,0.00047122,-2,1,29
1.7045,-3.666,-0.0065185,0.00047122,-2,0,29
1.4495,1.4629,-0.0065185,0.00047122,-2,1,29
1.2327,-0.033705,4.9935,0.00047122,1,1,29
-3.9955,-4.2321,-0.0065185,0.00047122,-2,0,29
2.0045,3.4179,-0.0065185,0.00047122,-2,1,29
0.0044729,1.7179,-0.0065185,0.00047122,-2,0,29
0.0044729,0.017889,-0.0065185,0.00047122,-2,1,29
0.0044729,0.017889,-0.0065185,0.00047122,-2,1,29
-3.9955,-1.0261,-0.0065185,0.00047122,-2,1,29
7.4045,0.9053,-0.0065185,0.00047122,-2,1,29
6.2945,6.3079,-4.0065,0.00047122,1,1,29
3.8945,-3.3821,-0.0065185,0.00047122,-2,1,29
-5.452,-5.4386,-0.0065185,0.00047122,-2,0,29
4.0925,0.74039,-0.0065185,0.00047122,-2,1,29
1.7793,1.7179,-0.0065185,0.00047122,-2,1,29
1.5131,1.5265,2.9935,0.00047122,1,1,29
1.2868,2.5679,-0.0065185,0.00047122,-2,1,29
2.0944,1.1079,-0.0065185,0.00047122,-2,1,29
-2.0691,0.86789,-0.0065185,0.00047122,-2,0,29
1.767,-1.4921,3.9935,0.00047122,1,1,29
3.172,0.40376,-0.0065185,0.00047122,-2,1,29
-1.8379,-2.3501,-0.0065185,0.00047122,-2,1,29
1.0045,-1.5481,-0.0065185,0.00047122,-2,1,29
-1.9955,-4.0701,-0.0065185,0.00047122,-2,0,29
0.70447,-0.70461,-0.0065185,0.00047122,-2,0,29
-4.8455,-3.9821,-0.0065185,0.00047122,-2,0,29
4.127,-1.2104,4.9935,0.00047122,1,0,29
-0.10553,-0.412,-0.0065185,0.00047122,-2,1,29
1.4545,4.1524,-0.0065185,0.00047122,-2,1,29
2.837,1.2504,-0.0065185,0.00047122,-2,1,29
2.1621,4.395,-0.0065185,0.00047122,-2,0,29
-2.3955,-2.0286,-0.0065185,0.00047122,-2,1,29
0.11447,-0.052736,-0.0065185,0.00047122,-2,1,29
2.461,2.4744,-0.0065185,0.00047122,-2,0,29
3.0925,1.6223,-0.0065185,0.00047122,-2,1,29
-2.1455,-3.5041,-0.0065185,0.00047122,-2,0,29
5.5545,1.8454,-0.0065185,0.00047122,-2,1,29
-6.163,-2.6998,-0.0065185,0.00047122,-2,1,29
-3.3955,-3.992,-0.0065185,0.00047122,-2,0,29
2.0045,4.4739,-0.0065185,0.00047122,-2,1,29
-1.9955,-1.9821,-0.0065185,0.00047122,-2,0,29
-1.6955,-1.4271,-5.0065,0.00047122,1,1,29
-3.5505,5.2296,-0.0065185,0.00047122,-2,1,29
7.2545,7.2679,-0.0065185,0.00047122,-2,1,29
6.5545,6.5679,-0.0065185,0.00047122,-2,1,29
6.172,6.1854,-0.0065185,0.00047122,-2,1,29
3.8468,1.3767,-0.0065185,0.00047122,-2,1,29
-3.9955,-3.9821,-0.0065185,0.00047122,-2,0,30
2.0045,0.74039,-0.0065185,0.00047122,-2,1,30
1.0045,1.632,-0.0065185,0.00047122,-2,1,30
0.0044729,1.9849,-0.0065185,0.00047122,-2,0,30
0.0044729,0.017889,-0.0065185,0.00047122,-2,0,30
-3.9955,0.017889,-0.0065185,0.00047122,-2,0,30
-0.99553,-3.3821,-0.0065185,0.00047122,-2,0,30
-0.84553,-0.22781,-0.0065185,-0.99953,-1,1,30
-1.273,-1.2596,-0.0065185,0.00047122,-2,0,30
-2.3814,-2.368,-0.0065185,0.00047122,-2,0,30
1.4825,-0.59624,-0.0065185,0.00047122,-2,1,30
-2.5518,-1.2384,-0.0065185,0.00047122,-2,0,30
2.1773,2.1242,4.9935,0.00047122,1,1,30
-1.3161,3.8907,-0.0065185,0.00047122,-2,0,30
-3.8455,-1.1046,-0.0065185,0.00047122,-2,0,30
-4.718,-4.7046,-0.0065185,0.00047122,-2,0,30
-1.6097,-2.7637,-0.0065185,0.00047122,-2,1,30
-1.1455,-1.3506,-0.0065185,0.00047122,-2,0,30
0.98197,0.99539,-4.0065,0.00047122,1,1,30
-1.6097,-1.5962,-0.0065185,0.00047122,-2,0,30
-3.8455,-4.0036,-0.0065185,0.00047122,-2,0,30
-1.718,-3.2546,-0.0065185,0.00047122,-2,0,30
1.6186,3.1059,-0.0065185,0.00047122,-2,1,30
-1.3675,-2.4794,3.9935,0.00047122,1,1,30
2.727,-1.3821,-0.0065185,0.00047122,-2,1,30
-0.69553,-0.88127,-0.0065185,0.00047122,-2,0,30
-0.59053,0.54731,1.9935,0.00047122,1,0,30
-1.2238,-0.2546,-0.0065185,0.00047122,-2,0,30
1.9605,2.7863,-0.0065185,0.00047122,-2,1,30
1.4545,-1.6447,-0.0065185,0.00047122,-2,1,30
-1.228,0.3076,3.9935,0.00047122,1,1,30
-1.1532,-1.9847,-0.0065185,0.00047122,-2,0,30
-3.5455,0.45139,-0.0065185,0.00047122,-2,0,30
3.172,3.1854,-0.0065185,0.00047122,-2,1,30
0.84685,0.86026,-0.0065185,0.00047122,-2,0,30
-0.14553,-1.5962,-0.0065185,0.00047122,-2,0,30
-3.8455,-0.54192,-0.0065185,0.00047122,-2,0,30
-5.718,-3.6221,-0.0065185,0.00047122,-2,0,30
-3.6097,-3.9086,-0.0065185,0.00047122,-2,0,30
3.0765,4.1524,-2.0065,0.00047122,1,1,30
-4.4392,1.0485,-0.0065185,0.00047122,-2,0,30
-3.3727,-3.3593,-0.0065185,0.00047122,-2,0,30
2.3251,3.2285,-0.0065185,0.00047122,-2,1,30
-1.968,-1.9546,2.9935,0.00047122,1,0,30
4.2361,-2.3005,-0.0065185,0.00047122,-2,0,30
2.4045,-3.1496,-0.0065185,0.00047122,-2,1,30
-1.1455,-2.2346,-0.0065185,0.00047122,-2,0,30
-2.273,-1.7161,-0.0065185,0.00047122,-2,0,30
-0.3814,-1.1645,-0.0065185,0.00047122,-2,1,30
-0.32352,-0.31011,-3.0065,0.00047122,1,1,30
-3.273,-2.1397,-0.0065185,0.00047122,-2,1,30
3.4045,2.8038,-0.0065185,0.00047122,-2,1,30
4.0045,3.4959,-0.0065185,0.00047122,-2,1,30
4.0045,-1.5481,-0.0065185,0.00047122,-2,1,30
3.0045,3.0179,-0.0065185,0.00047122,-2,1,30
3.0045,3.0179,-0.0065185,0.00047122,-2,1,30
-2.5455,-2.4386,3.9935,0.00047122,1,0,30
1.0045,-3.3821,-0.0065185,0.00047122,-2,0,30
2.8545,-0.87211,-0.0065185,0.00047122,-2,1,30
3.7045,0.57305,-0.0065185,0.00047122,-2,1,30
3.4495,3.1629,-0.0065185,0.00047122,-2,1,30
3.2327,1.897,-0.0065185,0.00047122,-2,1,30
3.0485,1.9151,-0.0065185,0.00047122,-2,1,30
-2.5829,-2.0978,-5.0065,0.00047122,1,0,30
0.75877,-0.056362,-0.0065185,0.00047122,-2,0,30
-2.9955,4.2715,-0.0065185,0.00047122,-2,0,30
-2.9955,-2.5321,-0.0065185,0.00047122,-2,0,30
-3.9955,-3.9821,-0.0065185,0.00047122,-2,0,30
-3.9955,-3.9821,-0.0065185,0.00047122,-2,0,30
-3.3955,0.061261,-3.0065,0.00047122,1,0,30
-1.9955,-0.92923,-0.0065185,0.00047122,-2,0,30
0.0044729,1.7179,-0.0065185,0.00047122,-2,1,30
-3.9955,1.176,-0.0065185,0.00047122,-2,0,30
-4.9955,-2.3977,-0.0065185,0.00047122,-2,0,30
-4.2455,-4.2321,3.9935,0.00047122,1,0,30
5.0045,-3.3821,-0.0065185,0.00047122,-2,0,30
-2.2455,-2.2321,-0.0065185,0.00047122,-2,0,30
-0.29553,-0.28211,-0.0065185,0.00047122,-2,0,30
-2.5505,-3.5453,-0.0065185,0.00047122,-2,0,30
2.7762,-2.9852,-0.0065185,0.00047122,-2,0,30
-2.3515,-3.0665,-4.0065,0.00047122,1,0,30
2.1171,2.1356,-0.0065185,0.00047122,-2,1,30
-2.2412,-2.7541,-0.0065185,0.00047122,-2,0,30
-0.35437,-1.9558,-0.0065185,0.00047122,-2,0,30
-4.5405,2.9559,-0.0065185,0.00047122,-2,1,30
-2.4588,-0.20729,-0.0065185,0.00047122,-2,0,30
5.7045,1.8369,-0.0065185,0.00047122,-2,1,30
4.8495,5.8744,2.9935,0.00047122,1,0,30
3.8945,3.7961,-0.0065185,0.00047122,-2,1,30
1.8545,3.3244,-0.0065185,0.00047122,-2,1,30
-0.27303,-0.25961,-0.0065185,0.00047122,-2,0,30
-0.84553,1.4947,-0.0065185,0.00047122,-2,0,30
-0.71803,-0.70461,3.9935,0.00047122,1,1,30
-4.9955,-8.3821,-0.0065185,0.00047122,-2,0,30
2.0045,3.3516,-0.0065185,0.00047122,-2,1,30
3.0045,1.7179,-0.0065185,0.00047122,-2,1,30
2.5545,4.6559,2.9935,0.00047122,1,0,30
4.172,2.5679,-0.0065185,0.00047122,-2,1,30
5.7045,3.5603,-0.0065185,0.00047122,-2,1,30
3.4495,3.4629,-0.0065185,0.00047122,-2,1,30
-2.7673,-3.9821,-0.0065185,0.00047122,-2,0,30
-0.59553,-3.4826,-0.0065185,0.00047122,-2,0,30
3.4045,0.52789,-0.0065185,0.00047122,-2,1,30
2.8945,2.9079,3.9935,0.00047122,1,0,30
-0.99553,4.059,-0.0065185,0.00047122,-2,0,30
2.0045,2.0579,-0.0065185,0.00047122,-2,1,30
-0.29553,-0.28211,-0.0065185,0.00047122,-2,0,30
-0.69553,-0.59624,-0.0065185,0.00047122,-2,1,30
2.1545,2.1679,-0.0065185,0.00047122,-2,0,30
-1.823,-0.48786,-4.0065,0.00047122,1,0,30
0.83697,1.9739,-0.0065185,0.00047122,-2,1,30
1.4545,0.35789,-0.0065185,0.00047122,-2,1,30
-1.3955,-2.7111,-0.0065185,0.00047122,-2,1,30
-1.6955,-1.6821,-0.0065185,0.00047122,-2,0,30
1.4495,-0.99361,-3.0065,0.00047122,1,1,30
0.23272,-2.6995,-0.0065185,0.00047122,-2,1,30
4.0485,2.8756,-0.0065185,0.00047122,-2,1,30
-0.10812,-1.103,-0.0065185,0.00047122,-2,0,30
-1.8455,-1.5962,-0.0065185,0.00047122,-2,0,30
-1.568,-2.5041,-0.0065185,-1.9995,-1,0,30
0.6186,0.087033,-0.0065185,0.00047122,-2,1,30
-4.5175,-0.35926,-0.0065185,0.00047122,-2,0,30
3.8482,3.8616,-4.0065,0.00047122,1,1,30
-2.3727,3.1454,-0.0065185,0.00047122,-2,0,30
1.3251,2.0385,-0.0065185,0.00047122,-2,1,30
-0.26802,-1.029,-0.0065185,0.00047122,-2,1,30
-0.22714,-0.93623,-4.0065,0.00047122,1,0,30
2.8076,-3.3821,-0.0065185,0.00047122,-2,1,30
2.3871,2.4005,-3.0065,0.00047122,1,1,30
-0.82803,-2.5321,-0.0065185,0.00047122,-2,0,30
-0.70315,-0.68974,3.9935,0.00047122,1,0,30
-6.163,1.5755,-0.0065185,0.00047122,-2,0,30
6.8468,6.8603,-0.0065185,0.00047122,-2,1,30
-6.5615,-4.2032,-0.0065185,0.00047122,-2,0,30
-6.3266,-5.3636,-0.0065185,0.00047122,-2,0,30
-4.127,-3.9438,-0.0065185,0.00047122,-2,0,30
-2.9573,-4.5563,-0.0065185,0.00047122,-2,0,30
-2.513,-5.677,-0.0065185,-4.9995,-1,0,30
-2.1354,-2.0177,-5.0065,0.00047122,1,0,30
2.5951,2.6085,-0.0065185,0.00047122,-2,1,30
-2.4976,-4.0213,-0.0065185,0.00047122,-2,0,30
1.4312,2.1446,-0.0065185,0.00047122,-2,1,30
3.3672,3.3806,-0.0065185,0.00047122,-2,1,30
-2.8538,-0.96667,3.9935,0.00047122,1,1,30
-4.163,-0.8583,-0.0065185,0.00047122,-2,0,30
-4.6955,1.2079,-0.0065185,0.00047122,-2,0,30
-5.4405,-5.4271,-0.0065185,0.00047122,-2,0,30
-4.6238,-2.3106,-5.0065,0.00047122,1,1,30
-0.88553,0.17551,-0.0065185,0.00047122,-2,0,30
3.7045,-4.482,-0.0065185,0.00047122,-2,1,30
-6.6955,1.6435,-0.0065185,0.00047122,-2,0,30
-6.4405,-2.3721,-0.0065185,0.00047122,-2,0,30
3.2327,3.2461,-0.0065185,0.00047122,-2,1,30
-3.0395,-0.096364,-0.0065185,0.00047122,-2,0,30
2.5919,1.025,4.9935,0.00047122,1,1,30
-1.7498,-2.8697,-0.0065185,0.00047122,-2,1,30
-0.14553,1.509,-0.0065185,0.00047122,-2,1,30
0.15447,1.5629,-0.0065185,0.00047122,-2,1,30
0.72697,-1.8696,-0.0065185,0.00047122,-2,1,30
1.0045,0.41164,-0.0065185,0.00047122,-2,1,30
2.1545,-2.7179,-0.0065185,0.00047122,-2,0,30
2.282,2.2954,-0.0065185,0.00047122,-2,1,30
0.45447,-1.9078,-0.0065185,0.00047122,-2,0,30
-2.163,-2.1496,-0.0065185,0.00047122,-2,0,30
-1.8379,0.61937,-0.0065185,0.00047122,-2,0,30
0.43845,-1.5481,-0.0065185,0.00047122,-2,1,30
-2.2955,-1.1136,-0.0065185,0.00047122,-2,0,30
2.4045,1.9729,-0.0065185,0.00047122,-2,0,30
0.15447,-0.21036,-0.0065185,0.00047122,-2,1,30
-0.12303,-0.10961,-5.0065,0.00047122,1,0,30
1.282,1.2954,-0.0065185,0.00047122,-2,1,30
4.7045,-4.0966,-0.0065185,0.00047122,-2,1,30
3.4495,-1.0527,-0.0065185,0.00047122,-2,1,30
4.2327,0.40786,-0.0065185,0.00047122,-2,1,30
0.96046,0.39404,-0.0065185,0.00047122,-2,1,30
-0.95151,-0.9381,-0.0065185,0.00047122,-2,0,31
-0.88294,-0.30724,-0.0065185,0.00047122,-2,1,31
3.2502,3.2636,-0.0065185,0.00047122,-2,1,31
4.3633,-1.5481,-0.0065185,0.00047122,-2,1,31
3.4595,2.6868,-0.0065185,0.00047122,-2,0,31
-1.3955,-2.9189,-0.0065185,0.00047122,-2,1,31
-0.88553,-0.87211,-0.0065185,0.00047122,-2,1,31
1.461,1.0294,-0.0065185,0.00047122,-2,0,31
1.0925,1.3864,-0.0065185,0.00047122,-2,0,31
-0.22071,0.94271,-0.0065185,0.00047122,-2,1,31
1.3045,2.2954,-0.0065185,0.00047122,-2,1,31
2.5595,3.4038,-0.0065185,0.00047122,-2,1,31
2.1762,0.65397,3.9935,0.00047122,1,1,31
1.9605,2.5742,-0.0065185,0.00047122,-2,0,31
-0.54553,-1.9847,-0.0065185,0.00047122,-2,0,31
2.3045,1.4311,-0.0065185,0.00047122,-2,0,31
1.6045,1.6179,-0.0065185,0.00047122,-2,1,31
-1.1055,-2.4161,-0.0065185,0.00047122,-2,1,31
-0.93903,1.4304,4.9935,0.00047122,1,0,31
-0.9075,1.2679,-0.0065185,0.00047122,-2,0,31
-1.2207,0.63039,-0.0065185,0.00047122,-2,1,31
-1.4455,0.59732,-0.0065185,0.00047122,-2,1,31
-1.5955,-0.8673,-0.0065185,0.00047122,-2,0,31
-1.3555,-1.3421,-5.0065,0.00047122,1,1,31
-3.608,-3.5946,-0.0065185,0.00047122,-2,1,31
-3.0662,-2.8071,1.9935,0.00047122,1,0,31
3.0045,-0.89214,-0.0065185,0.00047122,-2,0,31
-1.9955,3.1369,-0.0065185,0.00047122,-2,0,31
-1.9955,1.2343,-0.0065185,0.00047122,-2,1,31
1.0045,0.60681,-0.0065185,0.00047122,-2,1,31
-0.84553,1.8123,-5.0065,0.00047122,1,1,31
3.282,5.2461,-0.0065185,0.00047122,-2,0,31
2.4045,-2.9535,-0.0065185,0.00047122,-2,1,31
-1.8455,-4.0527,-0.0065185,0.00047122,-2,1,31
-0.71803,1.7519,-0.0065185,0.00047122,-2,0,31
0.0044729,0.017889,-0.0065185,0.00047122,-2,0,31
0.0044729,-1.8679,-0.0065185,0.00047122,-2,0,31
1.0045,1.0179,-0.0065185,0.00047122,-2,1,31
0.85447,0.017889,-0.0065185,0.00047122,-2,1,31
0.72697,1.1079,4.9935,0.00047122,1,0,31
-2.9955,-1.5227,-0.0065185,0.00047122,-2,1,31
4.0045,7.6304,-0.0065185,0.00047122,-2,1,31
3.4045,7.1854,-0.0065185,5.0005,-1,1,31
-5.8855,-3.4411,-0.0065185,0.00047122,-2,0,31
3.461,2.5839,-0.0065185,0.00047122,-2,0,31
3.8545,5.1854,-0.0065185,0.00047122,-2,1,31
0.45447,-2.4794,-0.0065185,0.00047122,-2,1,31
-0.37803,2.7995,-3.0065,0.00047122,1,1,31
-2.1532,-4.6996,-0.0065185,0.00047122,-2,1,31
-1.8295,-1.8161,3.9935,0.00047122,1,0,31
2.8945,4.7503,-0.0065185,0.00047122,-2,0,31
-1.9955,2.9079,-0.0065185,0.00047122,-2,1,31
-0.99553,-0.98211,-0.0065185,0.00047122,-2,0,31
-2.8455,-2.8321,-0.0065185,0.00047122,-2,0,31
-4.718,-5.2104,-0.0065185,0.00047122,-2,0,31
-4.6097,-4.5962,-0.0065185,0.00047122,-2,0,31
-3.9175,-1.199,-3.0065,0.00047122,1,0,31
-3.4392,-3.2864,-0.0065185,0.00047122,-2,0,31
-1.3727,-1.6233,-0.0065185,0.00047122,-2,0,31
-1.3161,-2.4702,-0.0065185,0.00047122,-2,0,31
-0.26802,-1.2953,-0.0065185,0.00047122,-2,1,31
2.0045,-0.21373,-0.0065185,0.00047122,-2,1,31
-1.9955,-1.6821,-0.0065185,0.00047122,-2,0,31
1.7045,1.7179,-2.0065,0.00047122,1,0,31
3.5595,6.7179,-0.0065185,0.00047122,-2,1,31
-2.7673,-2.7539,-0.0065185,0.00047122,-2,0,31
-0.03954,2.2461,-0.0065185,0.00047122,-2,1,31
-0.10812,-0.094701,-0.0065185,0.00047122,-2,0,31
-2.2412,0.54057,-0.0065185,0.00047122,-2,0,31
1.9133,3.3222,2.9935,0.00047122,1,1,31
3.4595,4.659,-0.0065185,0.00047122,-2,1,31
1.5412,2.5629,-0.0065185,0.00047122,-2,1,31
1.3107,1.4811,-0.0065185,1.0005,-1,1,31
1.6698,2.4116,-0.0065185,0.00047122,-2,1,31
-1.411,-1.6479,1.9935,0.00047122,1,1,31
-2.5505,-5.6821,-0.0065185,0.00047122,-2,0,31
2.7762,3.0562,-0.0065185,0.00047122,-2,1,31
2.9605,1.4208,-0.0065185,0.00047122,-2,1,31
-3.1081,-4.4261,-0.0065185,0.00047122,-2,0,31
2.2502,4.3053,-0.0065185,0.00047122,-2,1,31
-1.9044,-3.2864,1.9935,0.00047122,1,1,31
-1.828,-2.1088,-0.0065185,0.00047122,-2,0,31
1.8468,-1.4271,-0.0065185,0.00047122,-2,1,31
4.0045,1.5839,-0.0065185,0.00047122,-2,1,31
-4.9955,-2.5256,-0.0065185,0.00047122,-2,0,31
5.0045,2.9079,-0.0065185,0.00047122,-2,1,31
-3.9955,-2.4573,-0.0065185,0.00047122,-2,0,31
3.4045,1.9093,-4.0065,0.00047122,1,0,31
1.8945,2.9079,-0.0065185,0.00047122,-2,0,31
-0.53903,-5.8721,-0.0065185,0.00047122,-2,0,31
-1.0836,3.1969,-0.0065185,0.00047122,-2,1,31
0.77929,0.79271,-0.0065185,0.00047122,-2,0,31
-0.65413,4.7927,-0.0065185,3.0005,-1,1,31
-1.7132,-2.1048,-0.0065185,0.00047122,-2,0,31
0.094435,-2.2644,-0.0065185,0.00047122,-2,0,31
3.078,3.2754,-0.0065185,0.00047122,-2,1,31
-2.608,-2.5946,3.9935,0.00047122,1,1,31
3.8945,-2.5946,-0.0065185,0.00047122,-2,0,31
-6.452,2.0579,-0.0065185,0.00047122,-2,0,31
-2.3955,0.29539,-0.0065185,0.00047122,-2,1,31
-2.1455,-2.1321,-0.0065185,0.00047122,-2,1,31
2.282,1.7519,-0.0065185,0.00047122,-2,0,31
-2.3814,-4.2644,-0.0065185,0.00047122,-2,0,31
2.0325,2.0459,4.9935,0.00047122,1,1,31
-2.163,-1.8245,-0.0065185,0.00047122,-2,0,31
-0.8379,-0.54813,-0.0065185,0.00047122,-2,0,31
-0.42951,-0.41609,-0.0065185,0.00047122,-2,0,31
1.3045,1.3179,-0.0065185,0.00047122,-2,1,31
5.5545,5.5679,-0.0065185,0.00047122,-2,1,31
-4.713,-2.6853,-5.0065,0.00047122,1,0,31
2.8468,6.1103,-0.0065185,0.00047122,-2,1,31
-1.5615,-1.4227,-0.0065185,0.00047122,-2,0,31
-2.3266,-0.48414,-0.0065185,0.00047122,-2,0,31
3.1359,3.1493,-0.0065185,0.00047122,-2,1,31
-2.6573,-1.6663,3.9935,0.00047122,1,1,31
4.4495,-0.38211,-0.0065185,0.00047122,-2,1,31
-2.5455,-0.76618,-0.0065185,0.00047122,-2,0,31
-1.163,0.79514,-0.0065185,0.00047122,-2,1,31
-0.14553,-0.13211,-0.0065185,0.00047122,-2,0,31
3.1545,2.4519,-0.0065185,0.00047122,-2,1,31
-2.673,0.017889,-0.0065185,0.00047122,-1,0,31
-1.8855,1.0179,-0.0065185,0.00047122,-2,1,31
1.611,1.9524,1.9935,0.00047122,1,0,31
-0.71803,-0.42582,-0.0065185,0.00047122,-2,0,31
1.3903,1.4038,-0.0065185,0.00047122,-2,1,31
0.70447,0.92556,-0.0065185,0.00047122,-2,1,31
-0.59053,-0.17612,3.9935,0.00047122,1,0,31
-0.22378,0.13048,-0.0065185,0.00047122,-2,0,31
-1.9515,-1.9381,-0.0065185,0.00047122,-2,0,31
5.5545,1.9267,-0.0065185,0.00047122,-2,1,31
-4.713,-4.6996,-4.0065,0.00047122,1,0,31
-2.8379,-2.8245,-0.0065185,0.00047122,-2,0,31
-1.5615,-1.5481,-0.0065185,0.00047122,-2,1,31
1.0045,1.0179,-0.0065185,0.00047122,-2,1,31
-0.99553,-1.0721,-0.0065185,0.00047122,-2,0,31
-3.1455,2.6427,-0.0065185,0.00047122,-2,0,31
1.4045,1.4179,-0.0065185,0.00047122,-2,1,31
-0.10553,-1.9338,-0.0065185,0.00047122,-2,0,31
-0.089027,-0.075611,2.9935,0.00047122,1,0,31
0.83697,0.85039,-0.0065185,0.00047122,-2,1,31
-0.44553,1.7743,-0.0065185,0.00047122,-2,0,31
0.55447,0.56789,-0.0065185,0.00047122,-2,1,31
1.837,3.7209,-0.0065185,0.00047122,-2,0,31
1.5621,1.3315,3.9935,0.00047122,1,1,31
-0.88553,-1.8161,-0.0065185,0.00047122,-2,0,31
-1.539,-2.8507,-0.0065185,0.00047122,-2,0,31
0.40447,0.96139,-0.0065185,0.00047122,-2,1,31
-0.33553,-0.32211,3.9935,0.00047122,1,0,31
1.461,-0.92561,-0.0065185,0.00047122,-2,1,31
-2.0836,-0.019522,-0.0065185,0.00047122,-2,0,31
-2.2207,1.7927,-0.0065185,0.00047122,-2,0,31
1.4045,1.4179,-0.0065185,0.00047122,-2,0,31
-1.2955,1.7179,-0.0065185,0.00047122,-2,0,31
-2.5455,0.017889,-0.0065185,0.00047122,-2,1,31
2.172,2.1854,3.9935,0.00047122,1,1,31
-2.8379,-4.3821,-0.0065185,0.00047122,-2,0,31
-3.5615,-4.8721,-0.0065185,0.00047122,-2,0,31
-3.3266,-4.4386,-0.0065185,0.00047122,-2,0,31
-2.827,0.92986,-0.0065185,3.0005,-1,0,31
4.9662,0.80491,-0.0065185,0.00047122,-2,1,31
3.8219,3.8354,-0.0065185,0.00047122,-2,1,31
2.6993,3.3002,-0.0065185,0.00047122,-2,1,31
2.2951,3.065,0.99348,0.00047122,1,1,31
-0.4935,-0.48008,-0.0065185,0.00047122,-2,0,31
-2.8455,-1.2596,-0.0065185,0.00047122,-2,0,31
-1.718,1.3014,-0.0065185,0.00047122,-2,1,31
-0.14553,0.063047,-0.0065185,0.00047122,-2,1,31
-0.84553,0.53989,-0.0065185,0.00047122,-2,0,31
4.0045,0.74039,-0.0065185,0.00047122,-2,1,31
-3.3955,-3.3821,-5.0065,0.00047122,1,0,31
-2.9955,-2.9821,-0.0065185,0.00047122,-2,1,31
-3.5455,-3.5321,-0.0065185,0.00047122,-2,0,31
4.8545,3.6973,-0.0065185,0.00047122,-2,1,31
4.727,3.3504,-0.0065185,0.00047122,-2,1,31
-2.6097,-3.9962,-0.0065185,0.00047122,-2,0,31
-2.6412,3.7722,-0.0065185,3.0005,-1,1,32
-2.8855,3.2373,-0.0065185,0.00047122,-2,1,32
-5.452,-5.4386,-0.0065185,0.00047122,-2,0,32
-0.54553,1.8603,-0.0065185,0.00047122,-2,0,32
3.172,-1.6821,-0.0065185,0.00047122,-2,1,32
-6.8379,-0.83211,-0.0065185,0.00047122,-2,0,32
-6.5615,-6.5481,-0.0065185,0.00047122,-2,0,32
-5.5766,-4.9821,-0.0065185,-4.9995,-1,0,32
2.1359,3.0885,-0.0065185,0.00047122,-2,0,32
1.1545,-1.7938,-0.0065185,0.00047122,-2,1,32
1.282,-0.20064,-0.0065185,0.00047122,-2,1,32
-0.60965,-1.8679,-0.0065185,0.00047122,-2,0,32
-0.51753,-0.50412,-5.0065,0.00047122,1,0,32
0.0044729,1.0619,-0.0065185,0.00047122,-2,0,32
1.0045,2.743,-0.0065185,0.00047122,-2,1,32
-4.9955,-0.83211,-0.0065185,0.00047122,-2,0,32
1.0045,3.6267,-0.0065185,0.00047122,-2,0,32
-1.8455,-0.83211,-0.0065185,0.00047122,-2,0,32
1.577,3.9385,-4.0065,0.00047122,1,1,32
1.727,1.7404,-0.0065185,0.00047122,-2,1,32
-2.6097,-1.9821,-0.0065185,0.00047122,-2,0,32
-4.5175,1.9524,-0.0065185,0.00047122,-2,0,32
-4.4392,-3.9821,-0.0065185,0.00047122,-2,0,32
-3.7727,-2.8721,3.9935,0.00047122,1,0,32
-3.3161,-2.9821,-0.0065185,0.00047122,-2,0,32
3.277,3.2904,-0.0065185,0.00047122,-2,1,32
-2.2271,2.2428,-0.0065185,0.00047122,-2,1,32
-4.6955,-0.89409,-0.0065185,0.00047122,-2,0,32
-3.9905,-1.4271,1.9935,0.00047122,1,0,32
4.172,4.1854,-0.0065185,0.00047122,-2,1,32
-3.5379,-0.37949,1.9935,0.00047122,1,0,32
-2.5615,1.7179,-0.0065185,0.00047122,-2,0,32
0.33559,0.349,-0.0065185,0.00047122,-2,0,32
-4.8455,-4.8321,-0.0065185,0.00047122,-2,0,32
5.727,-0.59624,-0.0065185,0.00047122,-2,1,32
5.6186,3.7459,-0.0065185,0.00047122,-2,1,32
4.5265,4.7899,-0.0065185,0.00047122,-2,1,32
3.4482,3.0407,-0.0065185,0.00047122,-2,1,32
-1.3727,-1.3593,-0.0065185,0.00047122,-2,0,32
1.1751,2.506,-4.0065,0.00047122,1,1,32
-0.72304,-3.6137,-0.0065185,0.00047122,-2,0,32
-0.61391,-2.8721,-0.0065185,0.00047122,-1,0,32
0.28197,-0.50774,-0.0065185,0.00047122,-2,1,32
0.24035,-1.2201,-3.0065,0.00047122,1,1,32
0.28197,0.87565,-0.0065185,0.00047122,-2,1,32
-3.1455,-3.1321,-0.0065185,0.00047122,-2,0,32
7.4045,-1.3025,-0.0065185,0.00047122,-2,1,32
5.8945,3.4616,-0.0065185,0.00047122,-2,1,32
3.461,3.4744,-0.0065185,0.00047122,-2,1,32
-2.9336,-4.5266,-3.0065,0.00047122,1,0,32
2.7793,4.3427,-0.0065185,0.00047122,-2,1,32
-2.5041,-2.3407,-0.0065185,0.00047122,-2,0,32
5.2868,1.0648,-0.0065185,0.00047122,-2,1,32
6.0944,6.1079,-0.0065185,0.00047122,-2,1,32
1.9309,1.9444,-0.0065185,0.00047122,-2,1,32
1.792,1.1388,-0.0065185,0.00047122,-2,1,32
1.5238,2.2087,2.9935,0.00047122,1,1,32
5.5734,5.1052,-0.0065185,0.00047122,-2,1,32
-4.4791,-4.4657,-0.0065185,0.00047122,-2,0,32
5.4156,5.081,-0.0065185,0.00047122,-2,1,32
2.3539,1.6376,-0.0065185,0.00047122,-2,1,32
0.30148,0.31489,-0.0065185,0.00047122,-2,0,32
4.0045,4.0179,-0.0065185,0.00047122,-2,1,32
-3.3955,-4.6104,-3.0065,0.00047122,1,0,32
5.8945,3.0459,-0.0065185,0.00047122,-2,1,32
6.461,4.0417,-0.0065185,0.00047122,-2,1,32
7.0925,1.8805,-0.0065185,0.00047122,-2,1,32
5.7793,5.7927,-0.0065185,0.00047122,-2,1,32
-5.5041,-5.1032,-0.0065185,0.00047122,-2,0,32
4.6868,4.7002,-4.0065,0.00047122,1,1,32
2.0944,2.1079,-0.0065185,0.00047122,-2,1,32
1.9309,1.9444,-0.0065185,0.00047122,-2,1,32
1.792,-2.431,-0.0065185,0.00047122,-2,1,32
-4.6649,-4.6515,-0.0065185,0.00047122,-2,0,32
3.9734,1.3094,-4.0065,0.00047122,1,1,32
4.4881,-3.3774,-0.0065185,0.00047122,-2,1,32
-3.4066,-3.3932,-0.0065185,0.00047122,-2,0,32
2.3539,2.9113,-0.0065185,0.00047122,-2,1,32
0.30148,1.7208,-0.0065185,0.00047122,-2,1,32
0.25693,0.27034,-0.0065185,0.00047122,-2,1,32
0.21906,0.019968,-4.0065,0.00047122,1,1,32
4.1869,4.0197,-0.0065185,0.00047122,-2,1,32
3.1595,-2.7171,-0.0065185,0.00047122,-2,1,32
1.1363,1.1497,-0.0065185,0.00047122,-2,1,32
-1.1075,-2.2616,-0.0065185,0.00047122,-2,0,32
4.0997,0.9631,-0.0065185,0.00047122,-2,1,32
-1.0765,-3.463,-0.0065185,0.00047122,-2,0,32
0.92326,0.86856,-4.0065,0.00047122,1,1,32
-2.9371,-2.9815,-0.0065185,0.00047122,-2,0,32
-2.5455,-2.4824,-0.0065185,0.00047122,-2,0,32
-1.163,-1.1496,-0.0065185,0.00047122,-2,1,32
2.1545,1.2559,-0.0065185,0.00047122,-2,1,32
-1.823,-1.7569,3.9935,0.00047122,1,0,32
-0.16303,1.2504,-0.0065185,0.00047122,-2,1,32
2.7045,0.43558,-0.0065185,0.00047122,-2,1,32
5.4495,3.3244,-0.0065185,0.00047122,-2,1,32
-4.6238,-5.4701,-3.0065,0.00047122,1,0,32
2.0485,3.6119,-0.0065185,0.00047122,-2,1,32
0.89188,1.7553,-0.0065185,0.00047122,-2,1,32
4.7588,4.7722,-0.0065185,0.00047122,-2,1,32
1.6456,1.659,-0.0065185,0.00047122,-2,1,32
2.5495,2.5629,-0.0065185,0.00047122,-2,1,32
0.46771,0.48112,-0.0065185,0.00047122,-2,1,32
-0.38928,-0.65148,-3.0065,0.00047122,1,0,32
3.3392,3.3526,-0.0065185,0.00047122,-2,1,32
2.289,2.669,-0.0065185,0.00047122,-2,1,32
0.76266,-2.0932,-0.0065185,0.00047122,-2,1,32
-1.8455,-1.8321,-0.0065185,0.00047122,-2,0,32
-1.718,1.4208,-0.0065185,0.00047122,-2,0,32
-1.4597,-1.4462,-5.0065,0.00047122,1,0,32
-0.51753,-0.50412,-0.0065185,0.00047122,-2,0,32
-4.4392,-2.8403,-0.0065185,0.00047122,-2,0,32
-1.3727,-0.34096,-0.0065185,0.00047122,-2,0,32
2.3251,2.3629,-0.0065185,0.00047122,-2,1,32
-1.968,-1.2189,3.9935,0.00047122,1,0,32
-4.2271,-3.5884,-0.0065185,0.00047122,-2,0,32
-4.1924,2.711,-0.0065185,0.00047122,-2,0,32
-1.1629,-3.0976,-0.0065185,0.00047122,-2,0,32
3.1467,0.62608,-0.0065185,0.00047122,-2,1,32
4.1254,3.8123,-0.0065185,0.00047122,-2,1,32
-2.0983,-1.9749,-0.0065185,0.00047122,-2,0,32
-3.0829,-2.8336,-0.0065185,0.00047122,-2,0,32
-2.6198,-1.5014,-5.0065,0.00047122,1,0,32
-1.0586,-4.2952,-0.0065185,0.00047122,-2,0,32
2.9508,3.1091,-0.0065185,0.00047122,-2,1,32
6.5545,2.5223,-0.0065185,0.00047122,-2,1,32
-5.563,-2.768,-5.0065,0.00047122,1,0,32
3.8468,3.8603,-0.0065185,0.00047122,-2,1,32
-2.5615,-0.53841,-0.0065185,0.00047122,-2,0,32
-2.3266,-0.60496,-0.0065185,0.00047122,-2,0,32
1.9859,3.7594,-3.0065,0.00047122,1,1,32
4.9662,3.7454,-0.0065185,0.00047122,-2,1,32
5.8219,5.8354,-0.0065185,0.00047122,-2,1,32
0.69932,0.71274,-0.0065185,0.00047122,-2,1,32
3.5951,2.8505,-0.0065185,0.00047122,-2,1,32
3.5065,3.5199,-0.0065185,0.00047122,-2,1,32
2.9812,-1.103,-0.0065185,-0.99953,-1,1,32
1.3672,-0.58113,-0.0065185,0.00047122,-2,1,32
1.1628,0.78053,-4.0065,0.00047122,1,1,32
-4.2576,3.4921,-0.0065185,0.00047122,-2,0,32
3.2272,3.2406,-0.0065185,0.00047122,-2,1,32
4.1938,4.2072,-0.0065185,0.00047122,-2,1,32
3.1654,2.4288,-0.0065185,0.00047122,-2,1,32
-2.6823,-2.4934,-5.0065,0.00047122,1,0,32
4.1208,4.1342,-0.0065185,0.00047122,-2,1,32
-4.0944,-3.9541,-0.0065185,0.00047122,-2,0,32
5.0885,3.0647,-0.0065185,0.00047122,-2,1,32
4.3259,4.3393,-2.0065,0.00047122,1,1,32
3.0652,3.0786,-0.0065185,0.00047122,-2,1,32
2.0561,-1.4417,-0.0065185,0.00047122,-2,1,32
-0.039381,-1.6697,-0.0065185,0.00047122,-2,0,32
-0.032803,0.02845,-0.0065185,0.00047122,-2,0,32
1.9728,2.0269,-0.0065185,0.00047122,-2,1,32
-5.6955,0.044821,-0.0065185,0.00047122,-2,0,32
-4.8405,-3.3821,3.9935,0.00047122,1,0,32
5.2327,5.2461,-0.0065185,0.00047122,-2,1,32
-5.0395,2.9079,-0.0065185,0.00047122,-2,0,32
-3.8829,-3.8695,-0.0065185,0.00047122,-2,0,32
1.7588,3.6622,-0.0065185,0.00047122,-2,1,32
-1.6367,-0.83211,-0.0065185,0.00047122,-2,0,32
0.45949,1.0179,-0.0065185,0.00047122,-2,1,32
-1.1455,-2.7046,-0.0065185,0.00047122,-2,0,32
0.30447,-0.95961,-0.0065185,0.00047122,-2,0,32
1.5595,0.27289,-0.0065185,0.00047122,-2,0,32
-1.7673,-2.6976,-0.0065185,0.00047122,-2,0,32
-0.44553,1.5239,-0.0065185,0.00047122,-2,1,32
-3.163,0.40039,-0.0065185,0.00047122,-2,0,32
-0.15315,-0.41609,-0.0065185,0.00047122,-2,0,32
2.3045,4.7404,-0.0065185,0.00047122,-2,0,32
1.9595,1.9631,-4.0065,0.00047122,1,0,32
2.7762,-2.8601,-0.0065185,0.00047122,-2,1,32
5.4045,5.4179,-0.0065185,0.00047122,-2,1,32
4.8945,4.9079,-0.0065185,0.00047122,-2,1,32
5.461,-2.8244,-0.0065185,0.00047122,-2,1,32
-7.0836,-7.0701,-0.0065185,0.00047122,-2,0,32
2.727,2.7404,-0.0065185,0.00047122,-2,0,33
-2.6955,-0.92781,-0.0065185,0.00047122,-2,1,33
2.4495,1.2406,-0.0065185,0.00047122,-2,1,33
-0.14553,1.9686,-0.0065185,0.00047122,-2,1,33
3.727,-0.10961,-0.0065185,0.00047122,-2,1,33
-2.6097,-3.1462,-0.0065185,0.00047122,-2,0,33
2.5265,2.4616,-0.0065185,0.00047122,-2,1,33
4.4482,1.9066,-0.0065185,0.00047122,-2,1,33
4.3816,4.3385,-0.0065185,0.00047122,-2,1,33
1.6839,-3.1927,-0.0065185,0.00047122,-2,1,33
0.30447,0.31789,-0.0065185,0.00047122,-2,0,33
-3.4405,2.3028,-0.0065185,0.00047122,-2,0,33
2.9327,-0.056933,-4.0065,0.00047122,1,0,33
0.55947,-2.4711,-0.0065185,0.00047122,-2,1,33
0.47622,-3.2104,-0.0065185,-1.9995,-1,0,33
0.40546,0.31789,-0.0065185,2.0005,-1,1,33
1.1171,3.3342,-0.0065185,0.00047122,-2,1,33
1.2502,3.7927,-0.0065185,0.00047122,-2,1,33
1.0633,2.6911,-4.0065,0.00047122,1,1,33
-4.4505,2.3739,-0.0065185,0.00047122,-2,1,33
7.2545,5.3579,-0.0065185,0.00047122,-2,1,33
-6.5455,-0.075611,-0.0065185,0.00047122,-2,1,33
-7.3955,-1.8941,-0.0065185,0.00047122,-2,0,33
6.2945,6.3079,3.9935,0.00047122,1,1,33
6.8945,3.9869,-0.0065185,0.00047122,-2,0,33
1.4045,0.90789,-0.0065185,0.00047122,-2,1,33
-0.69553,-0.68211,-0.0065185,0.00047122,-2,1,33
-3.4405,4.2492,-0.0065185,0.00047122,-2,0,33
-2.6955,0.87766,-0.0065185,0.00047122,-2,1,33
1.1545,0.97388,-0.0065185,0.00047122,-2,0,33
0.98197,0.99539,-5.0065,0.00047122,1,0,33
0.44947,-5.2761,-0.0065185,0.00047122,-2,0,33
1.2327,1.2461,-0.0065185,0.00047122,-2,1,33
1.0485,-0.73641,-2.0065,0.00047122,1,1,33
2.0045,-1.6821,-0.0065185,0.00047122,-2,1,33
-4.9955,-1.1601,-0.0065185,0.00047122,-2,1,33
2.2545,2.2679,-0.0065185,0.00047122,-2,0,33
2.617,1.2461,-0.0065185,0.00047122,-2,1,33
0.85447,0.86789,-0.0065185,0.00047122,-2,0,33
-0.71803,1.9054,-4.0065,0.00047122,1,0,33
-4.9955,2.2364,-0.0065185,0.00047122,-2,0,33
-3.9955,-2.0964,-0.0065185,0.00047122,-2,0,33
4.0045,6.0869,-0.0065185,0.00047122,-2,1,33
-3.3955,-5.4701,3.9935,0.00047122,1,0,33
-1.9955,-0.82403,-0.0065185,0.00047122,-2,1,33
0.30447,4.9079,-0.0065185,0.00047122,-2,1,33
0.55947,0.57289,-0.0065185,0.00047122,-2,1,33
2.7762,-2.3003,-0.0065185,0.00047122,-2,1,33
0.96046,2.3739,-0.0065185,0.00047122,-2,1,33
-0.80812,-3.1907,3.9935,0.00047122,1,1,33
5.4495,0.70859,-0.0065185,0.00047122,-2,0,33
-4.2238,-4.6104,-0.0065185,0.00047122,-2,0,33
-3.5895,-5.8721,-0.0065185,-2.9995,-1,0,33
0.17197,0.18539,-0.0065185,0.00047122,-2,0,33
-1.6955,-1.6821,-0.0065185,0.00047122,-2,1,33
4.0045,2.2431,-0.0065185,0.00047122,-2,1,33
-3.3955,-1.2644,2.9935,0.00047122,1,0,33
-3.8855,-3.8721,-0.0065185,0.00047122,-2,0,33
-3.302,-1.4386,-0.0065185,1.0005,-1,0,33
-0.9075,0.26354,-0.0065185,0.00047122,-2,0,33
-1.5455,-0.54813,-0.0065185,0.00047122,-2,1,33
0.15447,1.3354,-0.0065185,0.00047122,-2,0,33
2.282,2.2954,-0.0065185,0.00047122,-2,1,33
1.9403,0.32931,2.9935,0.00047122,1,1,33
4.172,2.632,-0.0065185,0.00047122,-2,1,33
5.8468,4.0278,-0.0065185,0.00047122,-2,1,33
5.5705,3.8616,-0.0065185,0.00047122,-2,1,33
3.3356,4.749,-0.0065185,0.00047122,-2,1,33
3.1359,2.8493,-0.0065185,0.00047122,-2,1,33
-2.6573,-1.9546,3.9935,0.00047122,1,1,33
2.4495,-2.3821,-0.0065185,0.00047122,-2,0,33
-0.76728,-2.1773,-0.0065185,0.00047122,-2,0,33
0.048485,-3.4386,-0.0065185,0.00047122,-2,0,33
-3.1081,-3.5151,-0.0065185,0.00047122,-2,0,33
-2.6412,-5.1569,1.9935,0.00047122,1,0,33
-3.3544,-5.4907,-0.0065185,0.00047122,-2,0,33
-3.4505,0.18058,-0.0065185,0.00047122,-2,0,33
2.5412,2.5547,-0.0065185,0.00047122,-2,1,33
0.39822,-2.4784,-0.0065185,0.00047122,-2,1,33
-3.9955,-3.9821,-0.0065185,0.00047122,-2,0,33
3.4045,-2.7395,4.9935,0.00047122,1,1,33
0.0044729,-4.2321,-0.0065185,0.00047122,-2,1,33
0.0044729,-3.5946,-0.0065185,0.00047122,-2,1,33
2.0045,1.8062,-0.0065185,0.00047122,-2,1,33
-4.6955,-4.6821,-0.0065185,0.00047122,-2,0,33
4.4495,1.4629,-0.0065185,0.00047122,-2,1,33
3.7827,1.7804,4.9935,0.00047122,1,1,33
3.216,3.5985,4.9935,0.00047122,1,1,33
2.8919,1.4489,-0.0065185,0.00047122,-2,1,33
-2.7498,-4.3489,-0.0065185,0.00047122,-2,0,33
-3.6367,-3.6233,-0.0065185,0.00047122,-2,0,33
4.5495,2.0079,-0.0065185,0.00047122,-2,1,33
3.8677,3.1209,3.9935,0.00047122,1,0,33
-1.1055,3.8116,-0.0065185,0.00047122,-2,0,33
-1.539,-0.92561,-0.0065185,0.00047122,-2,0,33
-1.9075,-1.8941,-0.0065185,0.00047122,-2,0,33
-1.6207,-0.78409,-5.0065,0.00047122,1,0,33
0.49587,0.50929,-0.0065185,0.00047122,-2,1,33
1.2868,-2.3123,-0.0065185,0.00047122,-2,0,33
3.0944,3.1079,-0.0065185,0.00047122,-2,1,33
2.7045,1.1079,-0.0065185,0.00047122,-2,1,33
2.4495,2.4629,-0.0065185,0.00047122,-2,0,33
-0.14553,0.86789,-0.0065185,0.00047122,-2,0,33
-0.12303,-0.10961,3.9935,0.00047122,1,0,33
2.3903,-3.9041,-0.0065185,0.00047122,-2,1,33
-3.4735,-3.4601,-0.0065185,0.00047122,-2,0,33
1.5608,1.6407,-0.0065185,0.00047122,-2,1,33
1.6273,1.6973,-0.0065185,0.00047122,-2,1,33
-0.67495,-1.2756,-0.0065185,0.00047122,-2,0,33
-0.57304,-4.7505,-0.0065185,-4.9995,-1,0,33
-1.2271,0.54351,-0.0065185,0.00047122,-2,0,33
-3.1455,-0.39936,-0.0065185,0.00047122,-2,0,33
0.40447,0.41789,-0.0065185,0.00047122,-2,0,33
-0.33553,2.7101,4.9935,0.00047122,1,1,33
-0.82803,4.7899,-0.0065185,0.00047122,-2,1,33
1.1621,1.1755,-0.0065185,0.00047122,-2,1,33
2.5545,2.5679,-0.0065185,0.00047122,-2,1,33
4.172,4.1854,-0.0065185,0.00047122,-2,0,33
-4.6955,-3.2481,-0.0065185,0.00047122,-2,0,33
-2.5455,-2.3005,-0.0065185,0.00047122,-2,0,33
0.17197,2.1854,-0.0065185,0.00047122,-2,1,33
-0.1379,-0.12449,-5.0065,0.00047122,1,0,33
-0.56155,0.20042,-0.0065185,0.00047122,-2,0,33
0.67336,0.68677,-0.0065185,0.00047122,-2,0,33
0.87302,1.4273,-0.0065185,0.00047122,-2,1,33
-0.7338,3.5897,3.9935,0.00047122,1,1,33
-2.1781,-2.1646,-0.0065185,0.00047122,-2,0,33
-1.4455,-0.32211,-0.0065185,0.00047122,-2,1,33
-0.82803,-1.9381,-0.0065185,0.00047122,-2,1,33
0.7121,1.0655,2.9935,0.00047122,1,0,33
-1.4295,-0.96609,-0.0065185,0.00047122,-2,0,33
3.5545,3.5679,-0.0065185,0.00047122,-2,1,33
-6.163,-5.8245,-0.0065185,0.00047122,-2,0,33
4.8468,4.8603,-0.0065185,0.00047122,-2,1,33
-4.5615,-1.1544,-0.0065185,0.00047122,-2,0,33
-2.3266,-3.6636,-0.0065185,0.00047122,-2,0,33
-1.127,-1.9636,-0.0065185,0.00047122,-2,1,33
-0.95726,-0.79958,-3.0065,0.00047122,1,1,33
3.0045,3.0179,-0.0065185,0.00047122,-2,1,33
-2.9955,2.1854,-0.0065185,0.00047122,-2,0,33
1.0045,2.1242,-0.0065185,0.00047122,-2,1,33
1.0045,1.0179,-0.0065185,0.00047122,-2,1,33
-0.84553,-0.70461,-5.0065,0.00047122,1,1,33
-2.273,1.2679,-0.0065185,0.00047122,-2,1,33
-1.9314,0.30828,3.9935,0.00047122,1,1,33
0.83697,1.2504,-0.0065185,0.00047122,-2,1,33
0.7121,2.4005,4.9935,0.00047122,1,1,33
0.57049,0.58391,-0.0065185,0.00047122,-2,0,33
0.33559,0.349,-0.0065185,0.00047122,-2,0,33
1.1359,1.1493,-0.0065185,0.00047122,-2,0,33
-1.9573,-1.0695,-0.0065185,0.00047122,-2,0,33
-1.663,-2.7636,-0.0065185,-4.9995,-1,0,33
-0.27303,1.4352,-0.0065185,0.00047122,-2,1,33
0.24035,0.25376,-5.0065,0.00047122,1,1,33
3.727,-2.8697,-0.0065185,0.00047122,-2,1,33
-0.60965,1.0804,-0.0065185,0.00047122,-2,1,33
0.0044729,0.017889,-0.0065185,0.00047122,-2,0,33
1.0045,1.0179,-0.0065185,0.00047122,-2,1,33
0.15447,-2.3981,-0.0065185,0.00047122,-2,0,33
-3.273,-3.6615,-0.0065185,0.00047122,-2,0,33
-0.59553,2.8038,-0.0065185,0.00047122,-2,0,33
4.4045,4.4179,-0.0065185,0.00047122,-2,1,33
0.11447,2.5742,-0.0065185,0.00047122,-2,1,33
-1.5455,0.57418,-0.0065185,0.00047122,-2,0,33
-1.163,0.64074,-0.0065185,0.00047122,-2,1,33
-0.14553,-0.13211,-0.0065185,0.00047122,-2,0,33
-0.84553,-0.039532,-0.0065185,0.00047122,-2,1,33
-0.71803,6.3002,-0.0065185,5.0005,-1,1,33
-0.60965,0.49373,4.9935,0.00047122,1,0,33
4.5265,-4.2321,-0.0065185,0.00047122,-2,0,33
-5.3955,-5.3821,-0.0065185,0.00047122,-2,0,33
3.7045,1.7179,-0.0065185,0.00047122,-2,1,33
-3.4405,-2.0027,-0.0065185,0.00047122,-2,0,33
-5.2238,-1.9546,-0.0065185,0.00047122,-2,0,33
-0.44053,-0.42711,-0.0065185,0.00047122,-2,0,34
-3.2238,-1.0681,-0.0065185,0.00047122,-2,0,34
-3.0395,-3.0261,-0.0065185,0.00047122,-2,0,34
3.8919,1.3079,-0.0065185,0.00047122,-2,1,34
-3.2998,0.26359,-0.0065185,1.0005,-1,0,34
4.6456,3.9059,-0.0065185,0.00047122,-2,1,34
-3.9405,-1.7293,-1.0065,0.00047122,1,0,34
-4.4588,-1.2953,-0.0065185,0.00047122,-2,0,34
-1.3893,-1.3759,-0.0065185,0.00047122,-2,0,34
0.66979,-3.2068,-0.0065185,0.00047122,-2,0,34
-0.28001,0.06759,-0.0065185,0.00047122,-2,0,34
2.7627,0.49858,-0.0065185,0.00047122,-2,0,34
2.3489,2.6038,3.9935,0.00047122,1,0,34
2.8298,3.2432,-0.0065185,0.00047122,-2,0,34
-1.847,-2.0081,-0.0065185,0.00047122,-2,0,34
4.7045,5.1854,-0.0065185,0.00047122,-2,1,34
5.4495,1.753,-0.0065185,0.00047122,-2,1,34
5.2327,5.5839,-0.0065185,0.00047122,-2,1,34
4.4485,4.239,-4.0065,0.00047122,1,1,34
2.8919,-2.4947,-0.0065185,0.00047122,-2,1,34
1.7588,1.7722,-0.0065185,0.00047122,-2,1,34
1.6456,2.2804,-0.0065185,0.00047122,-2,1,34
1.5495,1.7127,-0.0065185,0.00047122,-2,1,34
1.3177,1.331,-2.0065,0.00047122,1,1,34
1.6107,1.3241,-0.0065185,0.00047122,-2,1,34
-1.6955,-1.0004,-0.0065185,0.00047122,-2,0,34
1.4495,1.2461,-0.0065185,0.00047122,-2,1,34
0.77622,0.78964,-0.0065185,0.00047122,-2,1,34
-2.6955,-0.7947,-0.0065185,0.00047122,-2,0,34
4.4495,2.3129,-0.0065185,0.00047122,-2,1,34
3.7827,2.5679,-3.0065,0.00047122,1,0,34
6.172,-1.4881,-0.0065185,0.00047122,-2,1,34
4.4045,5.2603,-0.0065185,0.00047122,-2,1,34
2.8945,2.9079,-0.0065185,0.00047122,-2,1,34
2.461,2.4744,-0.0065185,0.00047122,-2,0,34
4.0045,-0.52709,-0.0065185,0.00047122,-2,0,34
5.4045,1.5547,-0.0065185,0.00047122,-2,1,34
5.7045,5.7179,-0.0065185,0.00047122,-2,1,34
-2.4405,-3.8836,-0.0065185,0.00047122,-2,0,34
-2.0738,-0.51153,3.9935,0.00047122,1,1,34
-2.718,-2.7046,-0.0065185,0.00047122,-2,0,34
0.30447,0.31789,-0.0065185,0.00047122,-2,1,34
1.3045,-0.92781,-0.0065185,0.00047122,-2,1,34
-1.1005,-0.44409,-5.0065,0.00047122,1,0,34
0.83697,-6.3996,-0.0065185,0.00047122,-2,0,34
1.1621,1.1755,-0.0065185,0.00047122,-2,1,34
2.5545,2.5679,-0.0065185,0.00047122,-2,0,34
2.0045,2.0179,-0.0065185,0.00047122,-2,0,34
1.0045,1.5839,-0.0065185,0.00047122,-2,1,34
0.85447,1.1072,-2.0065,0.00047122,1,0,34
-3.9955,-0.49907,-0.0065185,0.00047122,-2,1,34
4.0045,1.9729,-0.0065185,0.00047122,-2,0,34
4.0045,3.8694,-0.0065185,0.00047122,-2,1,34
0.40447,0.41789,-0.0065185,0.00047122,-2,1,34
1.8945,1.587,-0.0065185,0.00047122,-2,1,34
3.461,1.6244,-0.0065185,0.00047122,-2,1,34
2.9425,2.9559,4.9935,0.00047122,1,0,34
2.727,2.7404,-0.0065185,0.00047122,-2,0,34
3.6186,6.6304,-0.0065185,0.00047122,-2,1,34
-0.54553,0.92793,-0.0065185,0.00047122,-2,0,34
-0.82803,-0.81461,-0.0065185,0.00047122,-2,0,34
-3.5455,1.1825,-0.0065185,0.00047122,-2,0,34
0.17197,0.18539,-0.0065185,0.00047122,-2,0,34
-0.1379,1.9904,4.9935,0.00047122,1,0,34
-1.5615,3.6538,-0.0065185,0.00047122,-2,0,34
-1.3266,3.6304,-0.0065185,0.00047122,-2,0,34
-4.127,0.088514,-0.0065185,0.00047122,-2,0,34
-2.9573,0.62792,-0.0065185,0.00047122,-2,0,34
-2.513,0.13879,0.99348,0.00047122,1,0,34
-2.1354,2.7536,3.9935,0.00047122,1,0,34
-2.5862,-1.8948,-0.0065185,0.00047122,-2,0,34
-1.4976,2.9821,-0.0065185,0.00047122,-2,0,34
1.4312,-0.1402,-0.0065185,0.00047122,-2,1,34
0.36719,-0.96648,-0.0065185,0.00047122,-2,1,34
-0.30384,0.24048,3.9935,0.00047122,1,0,34
1.7424,3.4566,-0.0065185,0.00047122,-2,0,34
2.2272,1.4134,-0.0065185,0.00047122,-2,1,34
0.81513,1.0459,-0.0065185,0.00047122,-2,0,34
-1.8346,-2.4189,-0.0065185,0.00047122,-2,1,34
1.8677,1.0821,-0.0065185,0.00047122,-2,0,34
1.5882,1.7351,-5.0065,0.00047122,1,0,34
-5.0944,-4.9675,-0.0065185,0.00047122,-2,0,34
4.0885,3.7899,-0.0065185,0.00047122,-2,1,34
-2.0669,-3.0422,-0.0065185,0.00047122,-2,0,34
-5.0562,-4.8174,-0.0065185,0.00047122,-2,0,34
4.0561,1.3229,-0.0065185,0.00047122,-2,1,34
-3.0394,-3.3756,-0.0065185,0.00047122,-2,0,34
-2.5828,-2.5266,-5.0065,0.00047122,1,0,34
4.0362,3.9319,-0.0065185,0.00047122,-2,1,34
-2.0225,-3.5215,-0.0065185,0.00047122,-2,0,34
-1.7184,-1.6787,-0.0065185,0.00047122,1,0,34
4.0239,3.9651,-0.0065185,0.00047122,-2,1,34
-3.4121,0.062776,1.9935,0.00047122,1,0,34
-5.0096,-4.944,-0.0065185,0.00047122,-2,0,34
-4.0075,-3.9803,-0.0065185,0.00047122,-2,0,34
-4.0057,1.2476,-0.0065185,0.00047122,-2,0,34
-3.4042,-3.3587,-3.0065,0.00047122,1,0,34
-4.0029,-3.981,-0.0065185,0.00047122,-2,0,34
-3.0018,-2.9652,-0.0065185,0.00047122,-2,0,34
-3.0008,-2.9677,-0.0065185,0.00047122,-2,0,34
2.009,1.5717,-0.0065185,0.00047122,-2,1,34
-0.99936,-0.98154,-0.0065185,0.00047122,-2,0,34
-0.99878,-0.98163,-0.0065185,0.00047122,-2,0,34
-0.84829,-1.2028,-3.0065,0.00047122,1,0,34
3.0068,2.5615,-0.0065185,0.00047122,-2,1,34
-3.9975,-3.9818,-0.0065185,0.00047122,-2,0,34
-2.9972,-2.145,-0.0065185,0.00047122,-2,0,34
4.0059,2.564,-0.0065185,0.00047122,-2,1,34
-4.9968,-4.9819,-0.0065185,0.00047122,-2,0,34
-4.2466,-2.8693,2.9935,0.00047122,1,1,34
-3.608,-2.4386,-0.0065185,0.00047122,-2,0,34
5.0045,-2.1496,-0.0065185,0.00047122,-2,1,34
-3.9955,-4.2321,-0.0065185,0.00047122,-2,0,34
-3.9955,-3.9821,-0.0065185,0.00047122,-2,0,34
3.4045,2.9079,-4.0065,0.00047122,1,1,34
3.0045,3.0179,-0.0065185,0.00047122,-2,1,34
-2.9955,2.9079,-0.0065185,0.00047122,-2,0,34
-2.5455,-2.5321,1.9935,0.00047122,1,0,34
4.0045,4.0179,-0.0065185,0.00047122,-2,1,34
3.0045,3.0179,-0.0065185,0.00047122,-2,1,34
-1.9955,1.2461,-0.0065185,0.00047122,-2,0,34
-2.9955,-2.9821,-0.0065185,0.00047122,-2,0,34
2.5545,1.4629,3.9935,0.00047122,1,1,34
0.0044729,0.017905,-0.0065185,0.00047122,-2,0,34
4.0045,4.0179,-0.0065185,0.00047122,-2,1,34
-4.9955,-2.4386,-0.0065185,0.00047122,-2,0,34
4.2545,4.2679,2.9935,0.00047122,1,1,34
-0.99553,-2.5321,-0.0065185,0.00047122,-2,0,34
0.0044729,0.86789,-0.0065185,0.00047122,-2,1,34
2.0045,2.0179,-0.0065185,0.00047122,-2,0,34
1.7045,0.017894,2.9935,0.00047122,1,0,34
-1.9955,-2.5321,-0.0065185,0.00047122,-2,1,34
4.0045,4.0179,-0.0065185,0.00047122,-2,0,34
2.0045,1.4629,-0.0065185,0.00047122,-2,0,34
3.0045,1.7179,-0.0065185,0.00047122,-2,0,34
4.0045,2.5679,-0.0065185,0.00047122,-2,0,34
-2.9955,-3.3821,-0.0065185,0.00047122,-2,1,34
1.0045,2.5679,-0.0065185,0.00047122,-2,0,34
0.85447,0.86789,-5.0065,0.00047122,1,0,34
-4.9955,-4.2321,-0.0065185,0.00047122,-2,0,34
-3.9955,-3.9821,-0.0065185,0.00047122,-2,0,34
3.0045,3.6304,-0.0065185,0.00047122,-2,1,34
-4.9955,-2.5321,-0.0065185,0.00047122,-2,0,34
4.2545,4.2679,4.9935,0.00047122,1,1,34
3.0045,3.0179,-0.0065185,0.00047122,-2,1,34
1.0045,1.0179,-0.0065185,0.00047122,-2,1,34
0.0044729,0.017889,-0.0065185,0.00047122,-2,0,34
0.0044729,-2.5921,-3.0065,0.00047122,1,0,34
3.0045,3.0179,-0.0065185,0.00047122,-2,0,34
-3.9955,2.1854,-0.0065185,0.00047122,-2,1,34
-0.99553,3.4179,-0.0065185,0.00047122,-2,0,34
-3.9955,-3.9821,-0.0065185,0.00047122,-2,0,34
-2.9955,-2.9821,-0.0065185,0.00047122,-2,0,34
1.0045,0.63201,-0.0065185,0.00047122,-2,1,34
-0.84553,-0.83211,-4.0065,0.00047122,1,0,34
-1.9955,3.4179,-0.0065185,0.00047122,-2,1,34
1.7045,-1.9821,-0.0065185,-1.9995,-1,0,34
3.0045,3.0179,-0.0065185,0.00047122,-2,0,34
1.0045,1.2461,-0.0065185,0.00047122,-2,0,34
0.0044729,-0.83211,-0.0065185,0.00047122,-2,1,34
-1.9955,-1.9821,-0.0065185,0.00047122,-2,0,34
1.0045,1.0179,-0.0065185,0.00047122,-2,0,34
0.0044729,0.017889,-0.0065185,0.00047122,-2,0,34
3.0045,3.0179,-0.0065185,0.00047122,-2,0,34
4.0045,0.017889,-0.0065185,0.00047122,-2,0,34
-1.9955,-3.3821,-0.0065185,0.00047122,-2,1,34
-0.99553,1.7179,-0.0065185,0.00047122,-2,0,34
1.0045,1.0179,-0.0065185,0.00047122,-2,0,34
0.85447,-2.9821,-0.0065185,-2.9995,-1,0,34
-0.71803,0.63201,3.9935,0.00047122,1,1,34
1.0045,-3.3821,-0.0065185,0.00047122,-2,0,34
2.0045,-0.83211,-0.0065185,0.00047122,-2,1,34
-0.99553,-0.98211,-0.0065185,0.00047122,-2,0,34
-2.9955,-1.4271,-0.0065185,0.00047122,-2,0,34
-1.9955,-1.9821,-0.0065185,0.00047122,-2,0,34
1.8435,1.1305,-0.0065185,0.00047122,-2,0,35
4.1413,5.8603,-0.0065185,0.00047122,-2,1,35
-2.1118,-0.79383,-0.0065185,0.00047122,-2,0,35
-3.0944,-3.5271,-0.0065185,0.00047122,-2,0,35
-4.0795,-1.8903,-0.0065185,0.00047122,-2,0,35
-3.0669,-3.3759,-0.0065185,0.00047122,-2,0,35
2.6152,2.8354,-0.0065185,2.0005,-1,1,35
2.2236,3.7127,-0.0065185,3.0005,-1,1,35
-2.0394,-2.6608,-0.0065185,0.00047122,-2,0,35
4.0417,2.2199,-0.0065185,0.00047122,-2,1,35
-3.0272,-3.8088,-0.0065185,0.00047122,-2,0,35
2.0314,2.9306,-0.0065185,0.00047122,-2,1,35
-1.7184,-1.9904,3.9935,0.00047122,1,1,35
-2.4405,3.3106,-0.0065185,0.00047122,-2,1,35
2.2327,-2.0221,-0.0065185,0.00047122,-2,1,35
-1.8455,-1.8761,-0.0065185,0.00047122,-2,0,35
0.28197,-1.5546,-0.0065185,0.00047122,-2,1,35
0.15447,1.2624,-0.0065185,0.00047122,-2,0,35
-0.12303,-0.10961,-4.0065,0.00047122,1,1,35
-1.3814,-2.768,-0.0065185,0.00047122,-2,1,35
-3.4735,-1.1601,-0.0065185,0.00047122,-2,0,35
-0.39553,1.5729,-0.0065185,0.00047122,-2,0,35
-2.8855,-1.5309,-0.0065185,0.00047122,-2,0,35
-2.452,-1.0261,3.9935,0.00047122,1,1,35
2.0045,-1.2941,-0.0065185,0.00047122,-2,0,35
3.0045,0.12789,-0.0065185,0.00047122,-2,1,35
-7.5455,-2.5321,-0.0065185,0.00047122,-2,0,35
6.172,6.4354,-0.0065185,0.00047122,-2,1,35
-6.8379,-5.2245,-0.0065185,0.00047122,-2,0,35
-2.5615,-5.1195,-0.0065185,0.00047122,-2,0,35
-2.1766,-1.5864,1.9935,0.00047122,1,0,35
-5.127,-5.1136,-0.0065185,0.00047122,-2,0,35
3.9662,-0.46538,-0.0065185,0.00047122,-2,1,35
2.8219,2.8354,-0.0065185,0.00047122,-2,1,35
1.3096,-2.8445,-0.0065185,0.00047122,-2,0,35
1.5951,-1.0915,-0.0065185,0.00047122,-2,1,35
-4.4976,-1.3341,-0.0065185,0.00047122,-2,0,35
-2.4223,-3.6239,-0.0065185,0.00047122,-2,0,35
1.3672,1.3806,-0.0065185,0.00047122,-2,1,35
-1.1538,-1.7354,1.9935,0.00047122,1,0,35
3.2665,-1.42,-0.0065185,0.00047122,-2,1,35
-1.2183,-2.6583,-0.0065185,0.00047122,-2,0,35
-2.1849,-2.1715,-0.0065185,0.00047122,-2,0,35
1.8654,0.90133,-3.0065,0.00047122,1,0,35
2.4495,1.632,-0.0065185,0.00047122,-2,1,35
-3.8455,1.3354,-0.0065185,0.00047122,-2,0,35
-3.718,-2.5881,-0.0065185,0.00047122,-2,0,35
-2.6097,-2.0297,-0.0065185,0.00047122,-2,0,35
3.4825,3.9774,-0.0065185,0.00047122,-2,0,35
2.9608,-1.8589,3.9935,0.00047122,1,0,35
1.6273,1.9887,-0.0065185,0.00047122,-2,0,35
1.6839,1.993,-0.0065185,0.00047122,-2,1,35
1.7045,1.7179,-0.0065185,0.00047122,-2,0,35
-2.9955,2.1059,-0.0065185,0.00047122,-2,0,35
4.0045,4.2148,-0.0065185,0.00047122,-2,1,35
-1.9955,-1.9821,-0.0065185,0.00047122,-2,1,35
-1.6955,-1.9667,2.9935,0.00047122,1,0,35
4.0045,1.5838,-0.0065185,0.00047122,-2,1,35
-0.99553,-1.2146,-0.0065185,0.00047122,-2,0,35
1.0045,0.95524,-0.0065185,0.00047122,-2,1,35
-0.99553,0.73391,-0.0065185,0.00047122,-2,1,35
2.8545,0.931,-0.0065185,0.00047122,-2,0,35
0.28197,-2.2962,-0.0065185,0.00047122,-2,1,35
0.24035,0.34588,4.9935,0.00047122,1,0,35
-1.718,-0.18261,-0.0065185,0.00047122,-2,0,35
-2.1455,-2.1321,-0.0065185,0.00047122,-2,0,35
-0.44553,2.945,-0.0065185,0.00047122,-2,1,35
1.172,1.1854,-0.0065185,0.00047122,-2,0,35
-2.1455,4.4039,-0.0065185,0.00047122,-2,1,35
1.832,1.8454,1.9935,0.00047122,1,0,35
0.39035,0.40376,-0.0065185,0.00047122,-2,0,35
0.52648,1.349,-0.0065185,0.00047122,-2,0,35
3.0045,-0.76666,-0.0065185,0.00047122,-2,0,35
1.0045,2.5679,-0.0065185,0.00047122,-2,0,35
0.85447,-0.019522,1.9935,0.00047122,1,1,35
1.727,1.7179,-0.0065185,0.00047122,-2,0,35
2.1545,-0.59624,-0.0065185,0.00047122,-2,1,35
-3.273,-1.8096,-0.0065185,0.00047122,-2,0,35
-2.3814,-2.768,-0.0065185,0.00047122,-2,0,35
-0.47352,-2.0101,-0.0065185,0.00047122,-2,0,35
0.41077,0.86789,-2.0065,0.00047122,1,1,35
3.3816,3.395,-0.0065185,0.00047122,-2,0,35
2.3251,1.4629,-0.0065185,0.00047122,-2,0,35
-3.268,-1.6821,-0.0065185,0.00047122,-2,1,35
4.2361,2.7995,-0.0065185,0.00047122,-2,0,35
-4.1924,-3.3821,-0.0065185,0.00047122,-2,0,35
4.4045,3.0752,-0.0065185,0.00047122,-2,0,35
3.7445,3.0501,-5.0065,0.00047122,1,0,35
3.727,3.7404,-0.0065185,0.00047122,-2,0,35
-3.6097,3.0163,-0.0065185,0.00047122,-2,1,35
0.52648,3.0899,-0.0065185,0.00047122,-2,0,35
3.5608,-0.42582,-0.0065185,0.00047122,-2,0,35
-3.0184,0.081002,-2.0065,0.00047122,1,0,35
-0.67495,-2.8185,-0.0065185,0.00047122,-2,0,35
-0.57304,-0.78651,-3.0065,0.00047122,1,0,35
-4.7639,-3.7604,-0.0065185,0.00047122,-2,0,35
-4.0487,-4.1992,-4.0065,0.00047122,1,0,35
-0.82818,-0.95411,-0.0065185,0.00047122,-2,0,35
0.86223,1.7722,-0.0065185,0.00047122,-2,1,35
4.8836,5.659,-0.0065185,0.00047122,-2,1,35
-2.8928,-2.6151,-0.0065185,0.00047122,-2,0,35
-1.9082,-2.4453,-0.0065185,0.00047122,-2,0,35
-0.92128,-1.3759,-0.0065185,0.00047122,-2,0,35
0.79136,2.195,4.9935,0.00047122,1,0,35
-2.718,-1.5392,-0.0065185,0.00047122,-2,0,35
0.70447,0.71789,-0.0065185,0.00047122,-2,1,35
0.55947,-4.4977,-0.0065185,0.00047122,-2,0,35
1.7762,3.0234,-0.0065185,0.00047122,-2,0,35
0.96046,2.0226,-0.0065185,0.00047122,-2,0,35
0.81706,1.2501,2.9935,0.00047122,1,1,35
-3.4405,-0.27182,-0.0065185,0.00047122,-2,1,35
-0.29553,3.8854,-0.0065185,0.00047122,-2,0,35
3.5595,2.2629,-0.0065185,0.00047122,-2,1,35
-2.7673,-4.6953,-0.0065185,0.00047122,-2,0,35
2.3605,3.8116,-4.0065,0.00047122,1,0,35
1.1145,-1.9847,-0.0065185,0.00047122,-2,0,35
2.4045,-0.22781,-0.0065185,0.00047122,-2,0,35
-0.10553,3.1155,-0.0065185,0.00047122,-2,1,35
0.55447,0.11139,-0.0065185,0.00047122,-2,1,35
-3.2955,-3.2821,-0.0065185,0.00047122,-2,0,35
-2.5505,-2.5371,-0.0065185,0.00047122,-2,0,35
0.23272,0.24614,-0.0065185,0.00047122,-2,0,35
0.19849,2.1519,-4.0065,0.00047122,1,0,35
0.89188,0.9053,-0.0065185,0.00047122,-2,1,35
-4.9955,1.9814,-0.0065185,0.00047122,-2,1,35
7.2545,0.80539,-0.0065185,0.00047122,-2,1,35
6.167,6.1804,3.9935,0.00047122,1,1,35
7.172,7.1854,-0.0065185,0.00047122,-2,1,35
1.8468,1.8603,-0.0065185,0.00047122,-2,0,35
1.0045,-1.4386,-0.0065185,0.00047122,-2,1,35
-0.84553,2.1059,-5.0065,0.00047122,1,1,35
1.727,5.2679,-0.0065185,0.00047122,-2,1,35
-4.8455,-0.83211,-0.0065185,0.00047122,-2,0,35
2.727,4.1404,-0.0065185,0.00047122,-2,1,35
2.6186,2.632,-0.0065185,0.00047122,-2,1,35
-0.51753,-1.9491,-0.0065185,0.00047122,-2,1,35
-0.43923,-1.2104,-0.0065185,0.00047122,-1,1,35
4.0045,0.017889,-0.0065185,0.00047122,-2,0,35
3.4045,-0.86952,-4.0065,0.00047122,1,0,35
-2.1055,-2.0921,-0.0065185,0.00047122,-2,0,35
-1.539,-3.9821,-0.0065185,0.00047122,-2,0,35
-0.9075,-2.4386,-0.0065185,0.00047122,-2,0,35
1.2297,1.2431,-0.0065185,0.00047122,-2,1,35
-1.0369,-2.1496,-5.0065,0.00047122,1,0,35
0.28678,-4.2321,-0.0065185,0.00047122,-2,0,35
0.094435,0.25785,-0.0065185,0.00047122,-2,0,35
1.9309,-0.83211,-0.0065185,0.00047122,-2,0,35
1.642,0.86789,1.9935,0.00047122,1,0,35
-0.32615,-0.98211,-0.0065185,0.00047122,-2,0,35
1.4355,-1.9961,-0.0065185,0.00047122,-2,0,35
-3.2955,-6.2104,-0.0065185,0.00047122,-2,1,35
-1.2455,-1.2321,-0.0065185,0.00047122,-2,1,35
3.617,0.017889,-0.0065185,0.00047122,-2,1,35
-1.9955,-3.0261,-0.0065185,0.00047122,-2,1,35
1.7045,-2.5921,-5.0065,0.00047122,1,1,35
-1.4405,1.4821,-0.0065185,0.00047122,-2,0,35
3.2327,-1.8679,-0.0065185,0.00047122,-2,1,35
-4.0395,1.3885,-0.0065185,0.00047122,-2,0,35
4.8919,1.2054,-0.0065185,0.00047122,-2,1,35
4.7588,2.8598,-0.0065185,0.00047122,-2,1,35
-4.0367,-2.0964,-0.0065185,-3.9995,-1,0,35
2.5495,1.1812,-0.0065185,0.00047122,-2,1,35
5.4677,4.3067,-0.0065185,0.00047122,-2,0,35
-5.2455,-0.59885,-0.0065185,0.00047122,-2,0,35
4.8545,4.4804,-0.0065185,0.00047122,-2,1,35
-3.718,-2.1454,-0.0065185,0.00047122,-2,0,35
-3.6097,-2.2709,-0.0065185,0.00047122,-2,1,35
-0.54553,-0.53211,-0.0065185,0.00047122,-2,1,35
-4.163,-2.5138,-0.0065185,0.00047122,-2,0,35
-3.5379,-3.5245,-5.0065,0.00047122,1,1,35
-5.5615,-8.2321,-0.0065185,0.00047122,-2,1,35
-4.3266,-6.5946,-0.0065185,0.00047122,-2,0,35
-1.4455,1.381,-0.0065185,0.00047122,-2,1,35
-0.16303,3.221,-0.0065185,0.00047122,-2,0,35
0.1621,0.17551,-0.0065185,0.00047122,-2,0,35
1.4385,0.29964,-0.0065185,0.00047122,-2,0,36
1.4545,-0.49337,-0.0065185,0.00047122,-2,0,36
-0.39553,-0.38211,-0.0065185,0.00047122,-2,0,36
2.5545,0.89853,-0.0065185,0.00047122,-2,1,36
-2.9955,-1.3321,-0.0065185,0.00047122,-2,0,36
2.0045,2.0179,-0.0065185,0.00047122,-2,0,36
4.7045,4.7179,-0.0065185,0.00047122,-2,1,36
-0.54553,2.5199,-0.0065185,0.00047122,-2,1,36
-1.6955,1.5839,-0.0065185,0.00047122,-2,1,36
-2.9955,0.41526,-0.0065185,0.00047122,-2,0,36
-6.5455,-2.5321,-0.0065185,0.00047122,-2,0,36
5.172,4.0619,-0.0065185,0.00047122,-2,1,36
-4.3879,-4.7145,3.9935,0.00047122,1,0,36
-1.5615,-0.73641,-0.0065185,0.00047122,-2,1,36
4.0045,1.1279,-0.0065185,0.00047122,-2,1,36
-0.39553,1.8864,-0.0065185,0.00047122,-2,1,36
0.45447,0.35789,-0.0065185,0.00047122,-2,1,36
-0.44553,-0.52561,-0.0065185,0.00047122,-2,0,36
0.38697,0.40039,-2.0065,0.00047122,1,0,36
-1.8379,-1.6821,-0.0065185,0.00047122,-2,0,36
-0.56155,-0.42711,-0.0065185,0.00047122,-2,1,36
1.1545,2.0179,-0.0065185,0.00047122,-2,0,36
-2.273,-2.2596,-0.0065185,0.00047122,-2,0,36
-1.9314,-0.94384,3.9935,0.00047122,1,0,36
-4.163,2.6004,-0.0065185,0.00047122,-2,0,36
0.84685,3.5603,-0.0065185,0.00047122,-2,0,36
-1.1455,-2.0177,-0.0065185,0.00047122,-2,1,36
-2.273,-4.2104,-0.0065185,0.00047122,-2,0,36
4.5545,3.4629,-0.0065185,0.00047122,-2,1,36
4.172,3.2461,-0.0065185,0.00047122,-2,1,36
-3.5379,-0.58242,3.9935,0.00047122,1,0,36
-4.5615,-4.5481,-0.0065185,0.00047122,-2,0,36
-3.3266,1.5768,-0.0065185,0.00047122,-2,0,36
2.1359,1.659,-0.0065185,0.00047122,-2,1,36
2.0427,2.0562,-0.0065185,0.00047122,-2,1,36
6.5545,6.5679,-0.0065185,0.00047122,-2,1,36
-5.163,-1.7559,-0.0065185,0.00047122,-2,0,36
1.8468,1.6805,-0.0065185,0.00047122,-2,0,36
2.0045,4.1854,-0.0065185,0.00047122,-2,1,36
1.7045,1.7179,4.9935,0.00047122,1,0,36
3.0045,5.3993,-0.0065185,0.00047122,-2,1,36
6.5545,4.9796,-0.0065185,0.00047122,-2,1,36
7.172,7.1854,-0.0065185,0.00047122,-2,1,36
-6.0879,-0.67696,-5.0065,0.00047122,1,0,36
5.5705,4.8585,-0.0065185,0.00047122,-2,1,36
4.3356,3.5199,-0.0065185,0.00047122,-2,1,36
4.1359,4.1493,-0.0065185,0.00047122,-2,1,36
2.9662,2.9796,-0.0065185,0.00047122,-2,1,36
2.8219,2.3262,-0.0065185,0.00047122,-2,1,36
2.3993,2.4876,2.9935,0.00047122,1,1,36
-3.5862,-3.2049,-0.0065185,0.00047122,-2,0,36
5.5065,5.5199,-0.0065185,0.00047122,-2,1,36
-3.4223,-3.1431,-0.0065185,0.00047122,-2,0,36
4.3672,1.7207,-0.0065185,0.00047122,-2,1,36
5.3128,5.3262,-0.0065185,0.00047122,-2,1,36
3.2665,3.1167,-0.0065185,0.00047122,-2,1,36
2.7772,2.6971,3.9935,0.00047122,1,1,36
2.1938,3.4893,-0.0065185,0.00047122,-2,1,36
3.1654,1.8788,-0.0065185,0.00047122,-2,1,36
5.1413,2.7047,-0.0065185,0.00047122,-2,1,36
5.1208,4.3842,-0.0065185,0.00047122,-2,1,36
2.1033,2.1167,-0.0065185,0.00047122,-2,1,36
-2.0795,-2.0138,-0.0065185,0.00047122,-2,0,36
1.7759,3.1599,-4.0065,0.00047122,1,0,36
-3.4405,3.395,-0.0065185,0.00047122,-2,0,36
5.7045,5.7179,-0.0065185,0.00047122,-2,1,36
6.4495,3.3486,-0.0065185,0.00047122,-2,1,36
-5.2238,-4.2462,-0.0065185,0.00047122,-2,0,36
-4.0395,-2.9941,-0.0065185,0.00047122,-2,0,36
3.4419,2.918,3.9935,0.00047122,1,1,36
5.7588,4.1722,-0.0065185,0.00047122,-2,1,36
-2.6367,-1.9894,-0.0065185,0.00047122,-2,0,36
1.5495,4.1754,-0.0065185,0.00047122,-2,1,36
1.4677,1.0232,-0.0065185,0.00047122,-2,1,36
-1.2393,-0.70912,1.9935,0.00047122,1,1,36
0.28197,0.40376,-0.0065185,0.00047122,-2,1,36
-1.3814,0.82438,-0.0065185,0.00047122,-2,0,36
1.4825,1.2742,-0.0065185,0.00047122,-2,1,36
-2.5518,-2.7261,-0.0065185,0.00047122,-2,0,36
-1.6184,-3.4195,-0.0065185,0.00047122,-2,0,36
-1.3749,-2.4364,3.9935,0.00047122,1,1,36
0.44947,-3.6137,-0.0065185,0.00047122,-2,0,36
1.7762,1.7896,-0.0065185,0.00047122,-2,1,36
-2.9515,-6.4386,-0.0065185,0.00047122,-2,0,36
-1.1081,-4.0701,-0.0065185,0.00047122,-2,0,36
4.2502,2.3147,-0.0065185,0.00047122,-2,1,36
3.3633,5.5265,-0.0065185,0.00047122,-2,1,36
2.8595,3.0854,2.9935,0.00047122,1,1,36
1.5412,2.1047,-0.0065185,0.00047122,-2,1,36
1.6107,1.6241,-0.0065185,0.00047122,-2,1,36
1.3698,1.1282,-2.0065,0.00047122,1,0,36
1.4495,-1.0127,-0.0065185,0.00047122,-2,0,36
1.2327,1.0619,3.9935,0.00047122,1,1,36
-4.9955,-8.3821,-0.0065185,0.00047122,-2,0,36
1.0045,-1.8721,-0.0065185,0.00047122,-2,1,36
-0.84553,-0.83211,-0.0065185,0.00047122,-2,0,36
-0.71803,-0.73641,3.9935,0.00047122,1,1,36
-1.9955,2.8038,-0.0065185,0.00047122,-2,0,36
2.7045,0.53989,-0.0065185,0.00047122,-2,1,36
-6.4405,-6.4271,-0.0065185,0.00047122,-2,0,36
2.2327,1.395,-0.0065185,0.00047122,-2,1,36
-4.0395,-1.6402,-0.0065185,0.00047122,-2,0,36
5.8919,2.8404,-0.0065185,0.00047122,-2,1,36
-4.9998,-4.4637,1.9935,0.00047122,1,1,36
2.617,-2.6821,-0.0065185,0.00047122,-2,0,36
-0.066152,0.91791,-0.0065185,0.00047122,-2,1,36
0.064504,-3.7604,-4.0065,0.00047122,1,0,36
0.223,-3.0261,-0.0065185,0.00047122,-2,0,36
-0.88127,3.7953,-0.0065185,0.00047122,-2,1,36
-0.74841,-0.735,2.9935,0.00047122,1,1,36
1.642,1.2054,-0.0065185,0.00047122,-2,1,36
3.8464,3.8598,-0.0065185,0.00047122,-2,1,36
-3.0112,-2.6128,-0.0065185,0.00047122,-2,0,36
3.1678,3.8116,-0.0065185,0.00047122,-2,1,36
2.6933,2.7067,-4.0065,0.00047122,1,0,36
-3.8855,-3.1566,-0.0065185,0.00047122,-2,0,36
-1.1455,-2.6303,-0.0065185,0.00047122,-2,0,36
1.3045,0.56139,-0.0065185,0.00047122,-2,1,36
0.55447,0.56789,-0.0065185,0.00047122,-2,1,36
-0.82803,-2.4601,-0.0065185,0.00047122,-2,0,36
1.5545,-0.78047,-0.0065185,0.00047122,-2,1,36
-1.828,-3.0947,-0.0065185,0.00047122,-2,0,36
1.5621,-1.102,-4.0065,0.00047122,1,0,36
0.43845,0.45187,-0.0065185,0.00047122,-2,0,36
-0.66441,0.45139,-0.0065185,0.00047122,-2,1,36
1.1359,2.4744,-0.0065185,0.00047122,-2,1,36
-0.95726,-0.62514,2.9935,0.00047122,1,1,36
-1.9955,-4.5321,-0.0065185,0.00047122,-2,0,36
-1.9955,-4.1496,-0.0065185,0.00047122,-2,0,36
-3.9955,-5.8245,-0.0065185,0.00047122,-2,0,36
3.4045,0.27016,2.9935,0.00047122,1,1,36
-2.9955,-3.8632,-0.0065185,0.00047122,-2,0,36
4.0045,3.1129,-0.0065185,0.00047122,-2,1,36
5.0045,3.8811,-0.0065185,0.00047122,-2,1,36
-3.9955,-4.7996,-0.0065185,0.00047122,-2,0,36
4.0045,3.9651,-0.0065185,0.00047122,-2,1,36
5.0045,5.6085,-0.0065185,0.00047122,-2,1,36
3.0045,3.1497,-0.0065185,0.00047122,-2,1,36
2.5545,2.7734,-4.0065,0.00047122,1,0,36
-0.16303,3.0552,-0.0065185,0.00047122,-2,1,36
1.1621,5.9079,-0.0065185,0.00047122,-2,1,36
3.4385,7.4744,-0.0065185,0.00047122,-2,1,36
-2.9144,-3.2984,3.9935,0.00047122,1,0,36
-2.4766,4.5493,3.9935,0.00047122,1,1,36
1.9338,1.9093,-0.0065185,0.00047122,-2,1,36
0.6145,-4.4386,-0.0065185,0.00047122,-2,0,36
-1.777,-6.0701,-0.0065185,0.00047122,-2,0,36
1.5187,5.1765,-3.0065,0.00047122,1,1,36
-1.5984,-0.75729,-0.0065185,0.00047122,-2,0,36
-0.99553,-3.1496,-0.0065185,0.00047122,-2,0,36
1.0045,1.0179,-0.0065185,0.00047122,-2,1,36
-1.8455,0.65744,-0.0065185,0.00047122,-2,0,36
-5.718,-5.7696,-0.0065185,0.00047122,-2,0,36
3.6186,1.3545,-0.0065185,0.00047122,-2,1,36
3.0765,3.0899,-2.0065,0.00047122,1,0,36
3.172,-1.1985,-0.0065185,0.00047122,-2,0,36
4.8468,1.5729,-0.0065185,0.00047122,-2,1,36
4.5545,2.7404,-0.0065185,0.00047122,-2,1,36
0.17197,-1.368,-0.0065185,0.00047122,-2,0,36
-0.69553,2.1493,-0.0065185,0.00047122,-2,0,36
-0.59053,1.9796,-0.0065185,1.0005,-1,0,36
-4.2238,0.12075,-0.0065185,0.00047122,-2,0,36
-4.0395,-1.8373,-0.0065185,0.00047122,-2,0,36
-3.8829,-3.8695,-0.0065185,0.00047122,-2,0,36
-0.74983,-0.73641,-0.0065185,0.00047122,-2,1,36
1.0045,-0.82449,-0.0065185,0.00047122,-2,1,36
5.0045,5.0179,-0.0065185,0.00047122,-2,1,36
-3.9955,1.0407,-0.0065185,0.00047122,-2,0,36
2.0045,2.2864,-0.0065185,0.00047122,-2,1,36
1.7045,1.7179,-4.0065,0.00047122,1,0,36
-0.55053,-0.53711,-0.0065185,0.00047122,-2,0,36
3.2327,-3.567,-0.0065185,0.00047122,-2,1,36
-2.7395,-0.4355,0.99348,0.00047122,1,0,36
-0.44053,1.5199,-0.0065185,0.00047122,-2,0,36
-2.2238,-0.55539,-0.0065185,0.00047122,-2,0,36
-4.8455,2.794,-0.0065185,0.00047122,-2,0,37
-0.27303,2.1896,-0.0065185,0.00047122,-2,1,37
1.6186,-0.026124,-0.0065185,0.00047122,-2,0,37
-0.84553,0.74039,-0.0065185,0.00047122,-2,0,37
-0.99553,0.74039,-0.0065185,0.00047122,-2,0,37
-0.84553,0.63201,-0.0065185,0.00047122,-2,0,37
0.28197,1.5399,-0.0065185,0.00047122,-2,1,37
2.1545,0.35952,-0.0065185,0.00047122,-2,0,37
-0.71803,2.3363,-0.0065185,0.00047122,-2,0,37
-1.6097,-1.179,-0.0065185,0.00047122,-2,0,37
-4.5175,-0.50412,-0.0065185,0.00047122,-2,0,37
4.4482,3.8616,-0.0065185,0.00047122,-2,1,37
-3.7727,-3.7593,-5.0065,0.00047122,1,0,37
-4.3161,-4.3349,-0.0065185,0.00047122,-2,0,37
-3.268,-3.4695,-0.0065185,0.00047122,-2,0,37
-5.2271,-2.6064,-0.0065185,0.00047122,-2,0,37
-3.1924,-3.0452,-0.0065185,0.00047122,-2,0,37
5.1718,5.1852,-0.0065185,0.00047122,-2,1,37
-4.3878,-3.0983,-5.0065,0.00047122,1,0,37
-1.1164,-1.103,-0.0065185,0.00047122,-2,0,37
1.9017,-3.6276,-0.0065185,0.00047122,-2,1,37
-1.2955,-6.0527,-0.0065185,0.00047122,-2,0,37
-0.54553,1.3886,-0.0065185,0.00047122,-2,0,37
-0.46303,-0.44961,1.9935,0.00047122,1,0,37
-2.8379,-2.8245,-0.0065185,0.00047122,-2,0,37
-1.4295,-2.9365,-0.0065185,0.00047122,-2,0,37
-4.5455,-4.5321,-0.0065185,0.00047122,-2,0,37
2.172,1.0539,-0.0065185,0.00047122,-2,0,37
4.0045,3.0562,-0.0065185,0.00047122,-2,1,37
0.40447,0.41789,-0.0065185,0.00047122,-2,1,37
-0.33553,-2.8721,-4.0065,0.00047122,1,1,37
-3.163,0.56287,-0.0065185,0.00047122,-2,0,37
-2.8379,-0.98211,-0.0065185,0.00047122,-2,0,37
-1.5615,2.4744,-0.0065185,0.00047122,-2,1,37
3.0045,2.4038,-0.0065185,0.00047122,-2,1,37
5.0045,5.0179,-0.0065185,0.00047122,-2,1,37
5.0045,4.5742,-0.0065185,0.00047122,-2,1,37
3.0045,2.6407,-0.0065185,0.00047122,-2,1,37
-2.5455,0.33847,-3.0065,0.00047122,1,0,37
2.172,2.5679,3.9935,0.00047122,1,1,37
4.0045,3.4179,-0.0065185,0.00047122,-2,1,37
-3.3955,0.21476,-0.0065185,0.00047122,-1,0,37
-1.9955,-1.8148,-0.0065185,0.00047122,-2,0,37
1.7045,2.3321,-2.0065,0.00047122,1,1,37
1.0045,-1.6821,-0.0065185,0.00047122,-2,0,37
2.8545,0.57289,-0.0065185,0.00047122,-2,1,37
-0.29553,-0.28211,-0.0065185,0.00047122,-2,0,37
-6.6955,-4.368,-0.0065185,0.00047122,-2,0,37
-3.4405,0.47678,-0.0065185,0.00047122,-2,0,37
-2.9238,-2.9104,3.9935,0.00047122,1,0,37
4.0485,-2.3381,-0.0065185,0.00047122,-2,1,37
-3.8829,-2.2115,-0.0065185,0.00047122,-2,0,37
-4.7498,-2.2596,-0.0065185,0.00047122,-2,0,37
-2.6367,-1.7505,-0.0065185,0.00047122,-2,0,37
0.54945,0.56287,-0.0065185,0.00047122,-2,0,37
-0.99553,-0.98211,-0.0065185,0.00047122,-2,0,37
0.85447,-1.9279,-4.0065,0.00047122,1,1,37
0.0044729,0.017889,-0.0065185,0.00047122,-2,0,37
-3.9955,-1.4907,-0.0065185,0.00047122,-2,0,37
-2.9955,-2.9821,-0.0065185,0.00047122,-2,1,37
-5.5455,-5.8721,-0.0065185,0.00047122,-2,0,37
-0.54553,-4.6996,-0.0065185,0.00047122,-2,1,37
-0.69553,-0.17351,-0.0065185,0.00047122,-2,0,37
0.59947,0.61289,4.9935,0.00047122,1,0,37
-0.27303,-5.2321,-0.0065185,0.00047122,-2,1,37
0.39035,0.40376,-0.0065185,0.00047122,-2,1,37
0.85447,2.1268,-0.0065185,0.00047122,-2,1,37
-1.718,-1.7046,-0.0065185,0.00047122,-2,0,37
-0.60965,-0.59624,-0.0065185,0.00047122,-2,0,37
0.52648,0.53989,4.9935,0.00047122,1,0,37
-2.9955,-2.9821,-0.0065185,0.00047122,-2,0,37
-0.99553,-4.5946,-0.0065185,0.00047122,-2,1,37
0.0044729,2.7258,-0.0065185,0.00047122,-2,1,37
0.0044729,0.017889,-0.0065185,0.00047122,-2,0,37
0.0044729,-0.24417,3.9935,0.00047122,1,1,37
2.0045,2.0179,-0.0065185,0.00047122,-2,1,37
4.0045,2.7185,-0.0065185,0.00047122,-2,1,37
-0.99553,-0.98211,-0.0065185,0.00047122,-2,0,37
-0.84553,-4.9821,-0.0065185,-4.9995,-1,0,37
4.0045,2.4744,-0.0065185,0.00047122,-2,1,37
3.4045,3.3191,4.9935,0.00047122,1,1,37
2.0045,4.2679,-0.0065185,0.00047122,-2,1,37
-4.9955,-1.6821,-0.0065185,0.00047122,-2,0,37
3.0045,4.2072,-0.0065185,0.00047122,-2,1,37
3.0045,3.0179,-0.0065185,0.00047122,-2,1,37
3.0045,2.1415,-0.0065185,0.00047122,-2,1,37
5.0045,2.5679,-0.0065185,0.00047122,-2,1,37
4.2545,4.2362,2.9935,0.00047122,1,1,37
-3.9955,-3.9821,-0.0065185,0.00047122,-2,0,37
-4.9955,-4.9821,-0.0065185,0.00047122,-2,0,37
5.0045,1.8408,-0.0065185,0.00047122,-2,1,37
3.0045,4.2513,-0.0065185,0.00047122,-2,1,37
2.5545,2.5538,2.9935,0.00047122,1,1,37
2.0045,2.5559,-0.0065185,0.00047122,-2,1,37
1.7045,1.7077,-2.0065,0.00047122,1,0,37
0.44947,1.4629,-0.0065185,0.00047122,-2,0,37
0.38272,0.39614,1.9935,0.00047122,1,1,37
-3.273,-0.45386,-0.0065185,0.00047122,-2,1,37
3.4045,3.4179,-0.0065185,0.00047122,-2,1,37
4.0045,-1.3915,-0.0065185,0.00047122,-2,1,37
1.0045,3.4179,-0.0065185,0.00047122,-2,1,37
1.0045,1.0179,-0.0065185,0.00047122,-2,1,37
1.0045,-0.70461,-0.0065185,0.00047122,-2,0,37
-0.84553,-1.1046,-4.0065,0.00047122,1,0,37
-2.718,-5.3821,-0.0065185,0.00047122,-2,0,37
1.3903,-0.59624,-0.0065185,0.00047122,-2,1,37
5.7045,4.0179,-0.0065185,0.00047122,-2,1,37
5.4495,5.4629,-0.0065185,0.00047122,-2,1,37
-4.2238,1.7927,-0.0065185,0.00047122,-2,0,37
3.5985,2.5679,-4.0065,0.00047122,1,0,37
3.172,3.0728,-0.0065185,0.00047122,-2,1,37
3.8545,3.8679,-0.0065185,0.00047122,-2,0,37
2.5545,3.209,-0.0065185,0.00047122,-2,0,37
2.172,-2.0701,-0.0065185,0.00047122,-2,1,37
1.8468,1.8603,4.9935,0.00047122,1,1,37
4.0045,4.2679,-0.0065185,0.00047122,-2,1,37
-3.9955,-3.9821,-0.0065185,0.00047122,-2,1,37
-6.3955,-6.3821,-0.0065185,0.00047122,-2,0,37
5.5545,2.4744,-0.0065185,0.00047122,-2,1,37
5.172,3.0179,-0.0065185,0.00047122,-2,1,37
-6.8379,-3.992,-0.0065185,0.00047122,-2,0,37
4.5705,3.0179,-0.0065185,0.00047122,-2,1,37
3.8856,3.6304,-3.0065,0.00047122,1,1,37
1.1359,-2.5321,-0.0065185,0.00047122,-2,0,37
-2.9955,1.2237,-0.0065185,0.00047122,-2,0,37
2.5545,2.5679,-0.0065185,0.00047122,-2,0,37
2.172,0.71274,1.9935,0.00047122,1,0,37
4.0045,1.7179,-0.0065185,0.00047122,-2,1,37
-7.3955,-7.3821,-0.0065185,0.00047122,-2,0,37
6.8945,1.2461,-0.0065185,0.00047122,-2,1,37
-5.852,-5.8386,2.9935,0.00047122,1,0,37
6.0925,-0.44409,-0.0065185,0.00047122,-2,1,37
3.7793,2.7722,-0.0065185,0.00047122,-2,1,37
1.5131,1.5265,-0.0065185,0.00047122,-2,0,37
0.0044729,0.017889,-0.0065185,0.00047122,-2,0,37
-2.9955,-5.0701,-0.0065185,0.00047122,-2,0,37
-2.5455,-2.5321,-0.0065185,0.00047122,-2,0,37
3.172,2.1854,-0.0065185,0.00047122,-2,1,37
2.6968,1.1524,-3.0065,0.00047122,1,1,37
-5.5615,-5.5481,-0.0065185,0.00047122,-2,0,37
1.3356,-0.8185,-0.0065185,0.00047122,-2,1,37
-0.86408,-1.8074,-0.0065185,0.00047122,-2,0,37
2.7045,-0.94384,-0.0065185,0.00047122,-2,1,37
-2.2905,-2.2771,-5.0065,0.00047122,1,0,37
-2.2238,-0.98211,-0.0065185,0.00047122,-2,0,37
-4.0395,-4.0261,-0.0065185,0.00047122,-2,0,37
1.8919,3.0885,-0.0065185,0.00047122,-2,1,37
-1.5998,-0.83211,-3.0065,0.00047122,1,0,37
-1.6367,-0.98211,-0.0065185,0.00047122,-2,0,37
-1.4505,2.1854,-0.0065185,0.00047122,-2,0,37
2.7045,2.7179,-0.0065185,0.00047122,-2,1,37
6.4495,6.4629,-0.0065185,0.00047122,-2,1,37
4.2327,4.2461,-0.0065185,0.00047122,-2,1,37
5.0485,-1.398,-0.0065185,0.00047122,-2,1,37
4.2919,4.3053,-4.0065,0.00047122,1,1,37
-0.74983,0.83536,-0.0065185,0.00047122,-2,0,37
3.6456,-2.231,-0.0065185,0.00047122,-2,1,37
0.54945,0.56287,-0.0065185,0.00047122,-2,1,37
5.4677,2.6486,-0.0065185,0.00047122,-2,1,37
4.3982,4.4116,-0.0065185,0.00047122,-2,1,37
2.3392,3.2677,-0.0065185,0.00047122,-2,1,37
0.28896,-0.29042,-0.0065185,0.00047122,-2,1,37
-1.2373,-1.165,-0.0065185,0.00047122,-2,0,37
3.21,3.2234,-0.0065185,0.00047122,-2,1,37
-2.1702,-1.7928,-0.0065185,0.00047122,-2,0,37
0.15298,0.78052,-0.0065185,0.00047122,-2,1,37
-1.1218,0.15469,-0.0065185,0.00047122,-2,0,37
4.1118,0.97518,-0.0065185,0.00047122,-2,1,37
-2.0867,-3.2833,-0.0065185,0.00047122,-2,0,37
1.782,1.7954,4.9935,0.00047122,1,1,37
-5.0614,-4.1607,-0.0065185,0.00047122,-2,0,37
-3.0515,-2.9214,-0.0065185,0.00047122,-2,0,37
3.0521,3.678,-0.0065185,0.00047122,-2,1,37
2.5949,-0.025966,-0.0065185,0.00047122,-1,1,37
3.0389,3.0523,-0.0065185,0.00047122,-2,1,37
-8.3955,0.9509,-0.0065185,0.00047122,-2,0,38
0.11447,-4.1934,-0.0065185,0.00047122,-2,1,38
-0.44553,0.11139,-0.0065185,0.00047122,-2,0,38
0.45447,-5.6027,-0.0065185,0.00047122,-2,1,38
2.5545,-2.5921,-0.0065185,0.00047122,-2,1,38
-3.163,3.745,-0.0065185,0.00047122,-2,0,38
5.8468,5.8603,-0.0065185,0.00047122,-2,1,38
4.5705,-0.8625,-0.0065185,0.00047122,-2,1,38
6.3356,3.899,-0.0065185,0.00047122,-2,1,38
4.1359,4.1493,-0.0065185,0.00047122,-2,1,38
-1.9573,0.0022608,-0.0065185,0.00047122,-2,0,38
-0.813,0.8546,-0.0065185,0.00047122,-2,0,38
0.69932,1.9167,-2.0065,0.00047122,1,0,38
-1.9955,-0.28211,-0.0065185,0.00047122,-2,0,38
5.7045,4.5199,-0.0065185,0.00047122,-2,1,38
2.4495,1.4446,-0.0065185,0.00047122,-2,1,38
2.2327,2.6086,-0.0065185,0.00047122,-2,1,38
-3.0395,-1.8761,-0.0065185,0.00047122,-2,0,38
2.5919,1.98,4.9935,0.00047122,1,1,38
-1.7498,-4.9864,-0.0065185,0.00047122,-2,0,38
5.6456,1.0572,-0.0065185,0.00047122,-2,1,38
3.5495,3.1788,-0.0065185,0.00047122,-2,1,38
3.4677,3.7672,-0.0065185,0.00047122,-2,1,38
2.9482,2.6842,4.9935,0.00047122,1,1,38
4.3392,4.3526,-0.0065185,0.00047122,-2,1,38
5.289,3.7144,-0.0065185,0.00047122,-2,1,38
2.2463,2.0893,-0.0065185,0.00047122,-2,1,38
-4.2011,-4.1877,-0.0065185,0.00047122,-2,0,38
5.1792,3.1401,-0.0065185,0.00047122,-2,1,38
-5.144,-4.3806,-0.0065185,0.00047122,-2,0,38
4.3807,4.3052,-3.0065,0.00047122,1,1,38
4.1118,4.0496,-0.0065185,0.00047122,-2,1,38
-4.0867,2.0942,-0.0065185,0.00047122,-2,0,38
-0.91801,3.4954,-0.0065185,0.00047122,-2,1,38
-0.92964,-0.96265,-0.0065185,0.00047122,-2,0,38
0.15447,-0.7761,-0.0065185,0.00047122,-2,1,38
-1.1455,0.25376,-0.0065185,0.00047122,-2,0,38
-1.2955,0.49943,-0.0065185,0.00047122,-2,0,38
-3.5455,-1.0165,-0.0065185,0.00047122,-2,0,38
3.022,-1.1811,-2.0065,0.00047122,1,1,38
-4.8379,1.693,-0.0065185,0.00047122,-2,0,38
4.5705,4.1339,-0.0065185,0.00047122,-2,1,38
4.3356,3.0358,-0.0065185,0.00047122,-2,1,38
-3.677,-2.1649,-5.0065,0.00047122,1,0,38
4.9662,5.2296,-0.0065185,0.00047122,-2,1,38
-5.813,-3.3931,-0.0065185,0.00047122,-2,0,38
2.6993,2.7127,-0.0065185,0.00047122,-2,1,38
3.5951,3.6384,-0.0065185,0.00047122,-2,1,38
-1.4976,-2.5389,-0.0065185,0.00047122,-2,0,38
1.2812,0.87364,3.9935,0.00047122,1,1,38
-1.6328,-1.9772,-0.0065185,0.00047122,-2,1,38
-2.3038,-2.8763,-0.0065185,0.00047122,-2,0,38
-1.2576,-0.98565,-0.0065185,0.00047122,-2,0,38
-1.7728,1.4659,-0.0065185,0.00047122,-2,1,38
-1.8062,-1.9796,-0.0065185,0.00047122,-2,0,38
0.30447,-1.2662,-0.0065185,0.00047122,-2,1,38
0.25947,-1.2903,4.9935,0.00047122,1,1,38
1.4495,1.4629,-0.0065185,0.00047122,-2,1,38
-1.7673,3.7292,-0.0065185,0.00047122,-2,1,38
0.048485,-2.4481,-0.0065185,0.00047122,-2,1,38
-2.1081,-0.7607,-0.0065185,0.00047122,-2,0,38
1.5545,-0.01391,-0.0065185,0.00047122,-2,1,38
-2.163,-2.1496,-0.0065185,0.00047122,-2,1,38
-1.8379,0.21838,4.9935,0.00047122,1,1,38
-2.9955,4.2679,-0.0065185,0.00047122,-2,1,38
-2.9955,-2.4601,-0.0065185,0.00047122,-2,0,38
4.5545,2.1854,-0.0065185,0.00047122,-2,1,38
-6.163,-6.1496,-0.0065185,0.00047122,-2,0,38
-6.8379,-6.8245,-0.0065185,0.00047122,-2,0,38
-5.8115,-2.7764,3.9935,0.00047122,1,0,38
-3.3266,-3.1136,-0.0065185,0.00047122,-2,0,38
-0.12698,-0.11356,-0.0065185,0.00047122,-2,0,38
0.042742,1.5127,-0.0065185,0.00047122,-2,1,38
-2.1455,-0.89409,-0.0065185,0.00047122,-2,1,38
1.832,-1.1663,-5.0065,0.00047122,1,0,38
-2.3814,5.7765,-0.0065185,0.00047122,-2,0,38
-6.5455,-0.36961,-0.0065185,0.00047122,-2,0,38
-5.163,0.088514,-0.0065185,0.00047122,-2,0,38
4.8468,4.8603,-0.0065185,0.00047122,-2,1,38
3.5705,3.5839,-0.0065185,0.00047122,-2,1,38
-3.0266,2.1761,2.9935,0.00047122,1,0,38
3.1359,-1.4007,-0.0065185,0.00047122,-2,1,38
1.0427,-2.6438,-0.0065185,0.00047122,-2,0,38
2.187,2.876,-0.0065185,0.00047122,-2,1,38
5.5545,1.873,-0.0065185,0.00047122,-2,1,38
5.172,3.7961,-0.0065185,0.00047122,-2,1,38
-2.8379,-3.5761,-0.0065185,0.00047122,-2,0,38
2.4205,1.7553,-4.0065,0.00047122,1,1,38
0.67336,2.6636,-0.0065185,0.00047122,-2,1,38
-0.56408,0.31789,-0.0065185,2.0005,-1,1,38
1.0427,0.77439,-0.0065185,0.00047122,-2,0,38
1.187,0.57289,-0.0065185,0.00047122,-2,1,38
-1.0007,-0.73226,1.9935,0.00047122,1,0,38
-3.4405,-3.2104,-0.0065185,0.00047122,-2,0,38
-5.2238,-5.2104,-0.0065185,0.00047122,-2,0,38
-3.0395,0.35873,-0.0065185,0.00047122,-2,0,38
-2.5829,-2.4364,2.9935,0.00047122,1,1,38
-3.5505,-1.7778,-0.0065185,0.00047122,-2,0,38
1.7762,1.7896,-0.0065185,0.00047122,-2,1,38
-1.9515,-4.8245,-0.0065185,0.00047122,-2,0,38
0.11706,2.2011,-0.0065185,0.00047122,-2,0,38
-2.1455,3.959,-0.0065185,0.00047122,-2,0,38
-4.273,-1.8096,-0.0065185,0.00047122,-2,0,38
-3.6314,-2.3464,-5.0065,0.00047122,1,0,38
-0.51753,-0.50412,-0.0065185,0.00047122,-2,1,38
1.5608,1.5742,-0.0065185,0.00047122,-2,1,38
-0.61838,0.17597,-0.0065185,0.00047122,-2,0,38
-0.67495,0.0022608,-0.0065185,0.00047122,-2,0,38
3.732,3.7454,-0.0065185,0.00047122,-2,1,38
-3.1639,-1.1567,-5.0065,0.00047122,1,0,38
-1.7987,-1.7852,-0.0065185,0.00047122,-2,0,38
-2.8282,-2.4683,-0.0065185,0.00047122,-2,0,38
0.86223,2.9463,-0.0065185,0.00047122,-2,1,38
-0.87462,-0.61086,-0.0065185,0.00047122,-2,0,38
-0.74276,-0.38904,-4.0065,0.00047122,1,0,38
-3.9082,-3.1139,-0.0065185,0.00047122,-2,0,38
-0.92128,-3.3079,-0.0065185,0.00047122,-2,0,38
1.0676,-0.63831,-0.0065185,0.00047122,-2,0,38
-1.0492,-1.0358,-0.0065185,0.00047122,-2,0,38
0.15447,0.16789,-0.0065185,0.00047122,-2,0,38
2.282,2.2954,-0.0065185,0.00047122,-2,1,38
-0.44553,-0.43211,-0.0065185,0.00047122,-2,0,38
0.38697,2.6539,3.9935,0.00047122,1,1,38
1.837,-5.5496,-0.0065185,0.00047122,-2,0,38
-0.15315,-1.5397,-0.0065185,0.00047122,-2,0,38
1.3045,0.12789,-0.0065185,0.00047122,-2,1,38
-1.1005,-1.0871,3.9935,0.00047122,1,1,38
4.2327,4.2461,-0.0065185,0.00047122,-2,1,38
-3.0395,-4.8721,-0.0065185,0.00047122,-2,0,38
-2.8829,-0.72728,-0.0065185,0.00047122,-2,0,38
2.4588,2.4722,-3.0065,0.00047122,1,1,38
-0.63668,1.9267,-0.0065185,0.00047122,-2,0,38
-2.5405,-3.4907,-0.0065185,0.00047122,-2,0,38
0.46771,0.48112,-0.0065185,0.00047122,-2,1,38
1.3982,1.4116,-0.0065185,0.00047122,-2,1,38
1.1892,-2.6474,-0.0065185,-2.9995,-1,1,38
1.72,-0.76961,-0.0065185,0.00047122,-2,1,38
-2.6955,-1.4403,-0.0065185,0.00047122,-2,0,38
2.2995,0.86789,-4.0065,0.00047122,1,0,38
-4.718,2.1896,-0.0065185,0.00047122,-2,1,38
-3.6097,-0.092111,-0.0065185,0.00047122,-2,0,38
-1.5455,-1.5321,-0.0065185,0.00047122,-2,0,38
-5.163,-5.1496,-0.0065185,0.00047122,-2,0,38
4.3968,2.4831,4.9935,0.00047122,1,1,38
3.5705,3.7927,-0.0065185,0.00047122,-2,1,38
-0.32664,-4.9257,-0.0065185,0.00047122,-2,0,38
1.1359,1.3002,-0.0065185,0.00047122,-2,1,38
0.9662,0.38535,-4.0065,0.00047122,1,0,38
3.0045,0.22124,-0.0065185,0.00047122,-2,0,38
3.0045,2.4959,-0.0065185,0.00047122,-2,0,38
0.0044729,-0.27111,-0.0065185,0.00047122,-2,1,38
3.0045,3.0179,-0.0065185,0.00047122,-2,1,38
-3.5455,-0.96609,-0.0065185,0.00047122,-2,0,38
-3.163,-1.2546,-0.0065185,0.00047122,-2,0,38
-2.6879,-0.93623,1.9935,0.00047122,1,1,38
-0.27303,2.198,-0.0065185,0.00047122,-2,0,38
0.39035,2.3129,-0.0065185,0.00047122,-2,1,38
-1.4735,-0.38841,-0.0065185,0.00047122,-2,0,38
-4.5518,-4.605,-0.0065185,0.00047122,-2,0,38
-0.61838,-0.66153,-0.0065185,0.00047122,-2,0,38
-0.3161,2.0004,-0.0065185,0.00047122,-2,0,38
-0.99553,0.061901,-0.0065185,0.00047122,-2,0,38
1.0045,1.9053,-0.0065185,0.00047122,-2,1,38
-2.8455,0.18523,-0.0065185,0.00047122,-2,0,38
3.727,3.7404,-0.0065185,0.00047122,-2,1,38
-4.6097,-3.8612,-0.0065185,0.00047122,-2,0,38
-5.5175,-4.8793,-0.0065185,0.00047122,-2,0,38
5.4482,5.4616,-0.0065185,0.00047122,-2,1,38
2.3816,0.83105,-0.0065185,0.00047122,-2,1,38
2.0251,2.0385,4.9935,0.00047122,1,1,38
-4.268,-3.9285,-0.0065185,0.00047122,-2,0,38
-5.2271,-4.9365,-0.0065185,0.00047122,-2,0,38
-5.1924,-4.9434,-0.0065185,0.00047122,-2,0,38
1.1718,2.595,-0.0065185,0.00047122,-2,1,38
-1.1378,-0.80411,-0.0065185,0.00047122,-2,0,38
4.3816,4.0179,-0.0065185,0.00047122,-2,1,39
3.3251,3.0179,-0.0065185,0.00047122,-2,1,39
-3.268,-3.2546,-0.0065185,0.00047122,-2,0,39
5.2361,1.7581,-0.0065185,0.00047122,-2,1,39
3.2013,3.0179,-0.0065185,0.00047122,-2,1,39
-5.1629,-3.762,-0.0065185,0.00047122,-2,0,39
-1.8533,4.4101,-0.0065185,0.00047122,-2,1,39
1.8836,1.597,-0.0065185,0.00047122,-2,1,39
-6.6955,-6.6821,-0.0065185,0.00047122,-2,0,39
-3.4405,-1.4271,-0.0065185,0.00047122,-2,0,39
-1.2238,-2.9104,-0.0065185,0.00047122,-2,0,39
-1.9515,-2.0947,-0.0065185,0.00047122,-2,0,39
1.6671,1.6805,4.9935,0.00047122,1,1,39
2.172,2.1854,-0.0065185,0.00047122,-2,1,39
5.8468,5.8603,-0.0065185,0.00047122,-2,1,39
6.5705,6.5839,-0.0065185,0.00047122,-2,1,39
-5.3266,-3.9233,-0.0065185,0.00047122,-2,0,39
1.1359,3.4179,-0.0065185,0.00047122,-2,0,39
-0.95726,-0.94384,4.9935,0.00047122,1,1,39
1.0045,3.4744,-0.0065185,0.00047122,-2,1,39
-0.14553,-4.5946,-0.0065185,0.00047122,-2,0,39
-3.8455,-0.10961,-0.0065185,0.00047122,-2,1,39
2.5545,-0.59624,-0.0065185,0.00047122,-2,0,39
-2.163,-2.1496,-4.0065,0.00047122,1,1,39
5.8468,2.9742,-0.0065185,0.00047122,-2,0,39
-0.56155,-0.54813,-0.0065185,0.00047122,-2,1,39
-0.32664,-2.5515,-0.0065185,0.00047122,-2,1,39
-0.86408,-1.1046,-0.0065185,0.00047122,-2,0,39
2.0427,0.75616,-0.0065185,0.00047122,-2,1,39
2.187,3.2148,-0.0065185,0.00047122,-2,1,39
-1.8507,-2.317,2.9935,0.00047122,1,0,39
3.4138,-3.1227,-0.0065185,0.00047122,-2,1,39
2.5024,2.5159,-0.0065185,0.00047122,-2,1,39
-0.42225,2.4812,-0.0065185,0.00047122,-2,1,39
-0.35824,-0.34483,-0.0065185,0.00047122,-2,1,39
-0.68722,-0.056362,-0.0065185,0.00047122,-2,0,39
1.7424,0.60583,-0.0065185,0.00047122,-2,1,39
0.78172,1.4951,-0.0065185,0.00047122,-2,1,39
-0.80619,-1.0277,-0.0065185,0.00047122,-2,0,39
0.69353,0.57945,-3.0065,0.00047122,1,1,39
-2.1323,-2.6689,-0.0065185,0.00047122,-2,1,39
-2.1118,-1.6541,-0.0065185,0.00047122,-2,1,39
-1.0944,-1.7809,-0.0065185,0.00047122,-2,1,39
-0.92954,-0.81188,-3.0065,0.00047122,1,1,39
1.0759,2.5507,-0.0065185,0.00047122,-2,1,39
-2.8455,-2.8321,-0.0065185,0.00047122,-2,0,39
-4.718,-4.7046,-0.0065185,0.00047122,-2,0,39
-4.6097,-0.64009,-0.0065185,0.00047122,-2,0,39
-4.5175,-3.9041,-0.0065185,0.00047122,-2,0,39
-3.8392,-4.5136,-4.0065,0.00047122,1,0,39
5.3816,4.3796,-0.0065185,0.00047122,-2,1,39
4.3251,4.8354,-0.0065185,0.00047122,-2,1,39
4.277,4.7127,-0.0065185,0.00047122,-2,1,39
2.2361,2.6085,-0.0065185,0.00047122,-2,1,39
3.2013,3.5199,-0.0065185,0.00047122,-2,1,39
-1.1629,-2.368,-0.0065185,0.00047122,-2,0,39
0.99671,1.2306,2.9935,0.00047122,1,1,39
2.8836,-2.8404,-0.0065185,0.00047122,-2,1,39
0.55447,-4.1496,-0.0065185,0.00047122,-2,1,39
0.47197,2.098,-4.0065,0.00047122,1,0,39
-2.5505,-0.58211,-0.0065185,0.00047122,-2,1,39
2.7762,-4.2032,-0.0065185,0.00047122,-2,1,39
0.60447,0.61789,-0.0065185,0.00047122,-2,0,39
-0.50553,-0.98944,4.9935,0.00047122,1,1,39
-0.53903,-3.7996,-0.0065185,0.00047122,-2,1,39
-0.083552,-5.6826,-0.0065185,0.00047122,-2,0,39
0.77929,0.09271,-0.0065185,0.00047122,-2,0,39
1.8545,1.8679,-0.0065185,0.00047122,-2,1,39
-0.71803,-1.2104,-0.0065185,0.00047122,-2,0,39
-0.60965,-1.3888,-3.0065,0.00047122,1,0,39
1.4825,1.4959,-0.0065185,0.00047122,-2,1,39
6.7045,-2.9039,-0.0065185,0.00047122,-2,1,39
5.4495,2.1755,-0.0065185,0.00047122,-2,1,39
5.2327,5.2461,-0.0065185,0.00047122,-2,1,39
-4.4395,-1.7216,-5.0065,0.00047122,1,0,39
4.8919,4.9053,-0.0065185,0.00047122,-2,1,39
2.7588,2.6687,-0.0065185,0.00047122,-2,1,39
-0.35437,-1.7996,-0.0065185,0.00047122,-2,0,39
0.15447,2.0079,-0.0065185,0.00047122,-2,0,39
1.727,-2.0604,-0.0065185,0.00047122,-2,1,39
-1.4597,0.2119,1.9935,0.00047122,1,0,39
-5.5175,-4.0947,-0.0065185,0.00047122,-2,0,39
-1.4392,1.0192,-0.0065185,0.00047122,-2,0,39
-0.37268,-0.35926,-0.0065185,0.00047122,-2,0,39
-1.3161,-1.3027,-0.0065185,0.00047122,-2,0,39
4.277,3.5547,-0.0065185,0.00047122,-2,1,39
2.7729,-0.73573,-0.0065185,0.00047122,-2,1,39
2.3576,-0.09113,4.9935,0.00047122,1,1,39
1.837,1.8504,-0.0065185,0.00047122,-2,0,39
0.1621,0.17551,-0.0065185,0.00047122,-2,1,39
0.30447,5.0885,-0.0065185,0.00047122,-2,0,39
1.4495,1.4629,-0.0065185,0.00047122,-2,0,39
-1.2238,2.0395,-4.0065,0.00047122,1,0,39
3.0485,3.4179,-0.0065185,0.00047122,-2,1,39
1.8919,3.9079,-0.0065185,0.00047122,-2,1,39
-1.7498,0.38034,-0.0065185,0.00047122,-2,0,39
-1.4867,-0.052277,3.9935,0.00047122,1,1,39
0.72697,-1.6073,-0.0065185,0.00047122,-2,1,39
-0.60965,3.0179,-0.0065185,3.0005,-1,1,39
-4.5175,-2.0187,-0.0065185,0.00047122,-2,0,39
-7.3955,-5.0721,-0.0065185,0.00047122,-2,0,39
-5.8855,-5.8721,-0.0065185,0.00047122,-2,0,39
5.461,-0.76063,-0.0065185,0.00047122,-2,1,39
-4.6336,-3.2015,3.9935,0.00047122,1,0,39
-5.7703,-5.7569,-0.0065185,0.00047122,-2,0,39
4.5131,-2.3885,-0.0065185,0.00047122,-2,1,39
-4.2778,-2.9432,-0.0065185,0.00047122,-2,0,39
-3.0855,-3.6221,-0.0065185,0.00047122,-2,0,39
4.9309,4.3149,-0.0065185,0.00047122,-2,1,39
-4.183,-2.2146,2.9935,0.00047122,1,0,39
-5.6649,1.8985,-0.0065185,0.00047122,-2,0,39
-5.5645,-4.4145,-0.0065185,0.00047122,-2,0,39
-3.4791,-3.1371,-0.0065185,0.00047122,-2,0,39
-2.4066,-4.0057,-0.0065185,0.00047122,-2,0,39
-2.0449,-1.7941,-4.0065,0.00047122,1,0,39
-5.2925,-3.6791,-0.0065185,0.00047122,-2,0,39
4.2569,4.0988,-0.0065185,0.00047122,-2,1,39
-0.21011,-0.1967,-0.0065185,0.00047122,-2,0,39
-0.17792,-3.1112,1.9935,0.00047122,1,1,39
0.0044729,-1.6821,-0.0065185,0.00047122,-2,0,39
0.0044729,-2.2006,-0.0065185,0.00047122,-2,0,39
4.0045,4.0179,-0.0065185,0.00047122,-2,0,39
3.4045,0.96669,3.9935,0.00047122,1,1,39
7.8945,5.9053,-0.0065185,0.00047122,-2,1,39
5.461,3.7722,-0.0065185,0.00047122,-2,1,39
-6.0836,-0.62327,-0.0065185,0.00047122,-2,0,39
5.1793,3.9629,-4.0065,0.00047122,1,1,39
3.5131,2.4811,-0.0065185,0.00047122,-2,1,39
3.2868,2.4116,-0.0065185,0.00047122,-2,1,39
2.0944,1.3526,-0.0065185,0.00047122,-2,1,39
-1.772,1.8214,3.9935,0.00047122,1,1,39
3.727,-0.38211,-0.0065185,0.00047122,-2,1,39
-0.44553,-0.70321,-0.0065185,0.00047122,-2,1,39
-1.828,-3.3127,-0.0065185,0.00047122,-2,0,39
-4.3955,-3.1496,-0.0065185,0.00047122,-2,0,39
-3.8855,-2.8245,-0.0065185,0.00047122,-2,0,39
2.461,1.1433,-0.0065185,0.00047122,-2,1,39
-1.0836,-1.3132,-0.0065185,0.00047122,-2,0,39
-0.92035,-0.26356,-4.0065,0.00047122,1,0,39
-1.5041,-4.8907,-0.0065185,0.00047122,-2,0,39
1.2868,1.3002,-0.0065185,0.00047122,-2,1,39
-1.0855,-1.0721,-0.0065185,0.00047122,-2,0,39
-1.0691,0.94436,-0.0065185,0.00047122,-2,1,39
0.91698,1.2159,-5.0065,0.00047122,1,0,39
0.3351,0.59116,-0.0065185,0.00047122,-2,0,39
2.4355,2.6552,-0.0065185,0.00047122,-2,0,39
2.5209,2.5343,-0.0065185,0.00047122,-2,1,39
2.1434,2.3058,2.9935,0.00047122,1,1,39
4.172,4.7354,-0.0065185,0.00047122,-2,1,39
-0.15315,-0.13974,-0.0065185,0.00047122,-2,1,39
-1.4295,-1.4161,-0.0065185,0.00047122,-2,1,39
-2.6644,-2.651,-0.0065185,0.00047122,-2,0,39
-6.3955,-0.096183,-0.0065185,0.00047122,-2,0,39
-4.8855,-5.4221,-0.0065185,0.00047122,-2,0,39
4.161,4.1744,4.9935,0.00047122,1,1,39
-0.9075,-0.89409,-0.0065185,0.00047122,-2,1,39
1.2297,-3.0496,-0.0065185,0.00047122,-2,1,39
2.5545,2.5679,-0.0065185,0.00047122,-2,1,39
0.17197,-3.8745,-0.0065185,0.00047122,-2,0,39
-1.2955,-0.73452,-0.0065185,0.00047122,-2,0,39
3.5545,0.13891,-0.0065185,0.00047122,-2,1,39
2.172,1.349,-0.0065185,0.00047122,-2,1,39
2.8468,2.1493,-0.0065185,0.00047122,-2,1,39
2.5705,2.198,-0.0065185,0.00047122,-2,1,39
1.3356,2.199,-0.0065185,0.00047122,-2,1,39
2.1359,1.1493,-0.0065185,0.00047122,-2,1,39
1.0427,1.4273,-0.0065185,0.00047122,-2,0,39
3.187,3.5159,-0.0065185,0.00047122,-2,1,39
-5.3955,1.3269,-0.0065185,0.00047122,-2,0,39
4.5945,4.6079,4.9935,0.00047122,1,1,39
2.461,2.4744,-0.0065185,0.00047122,-2,1,39
-3.0836,-5.6826,-0.0065185,0.00047122,-2,0,39
-0.77035,-0.75693,-0.0065185,0.00047122,-2,0,39
0.49587,0.50929,-0.0065185,0.00047122,-2,1,39
-1.2955,-1.2821,-0.0065185,0.00047122,-2,0,39
2.282,2.2954,-0.0065185,0.00047122,-2,1,42
-0.44553,-0.43211,-0.0065185,0.00047122,-2,0,42
-0.44553,-1.6041,-0.0065185,0.00047122,-2,0,42
-0.44553,0.40039,-0.0065185,0.00047122,-2,1,42
-0.16303,1.1305,-0.0065185,0.00047122,-2,0,42
0.1621,1.2636,-0.0065185,0.00047122,-2,0,42
-1.5615,-0.62327,-0.0065185,0.00047122,-2,0,42
-1.3266,1.0389,-0.0065185,0.00047122,-2,1,42
2.0045,2.0179,-0.0065185,0.00047122,-2,1,42
-0.99553,0.97962,-0.0065185,0.00047122,-2,0,42
-1.9955,-1.9821,-0.0065185,0.00047122,-2,1,42
4.7045,3.7404,-0.0065185,0.00047122,-2,1,42
2.5545,2.5679,-0.0065185,0.00047122,-2,1,42
2.172,1.8368,-3.0065,0.00047122,1,0,42
-3.9955,-6.5321,-0.0065185,0.00047122,-2,0,42
-3.9955,-3.0947,-0.0065185,0.00047122,-2,0,42
-3.9955,-0.49337,-0.0065185,0.00047122,-2,0,42
0.0044729,-0.62327,-0.0065185,0.00047122,-2,0,42
0.0044729,-4.2032,4.9935,0.00047122,1,0,42
-1.9955,-3.1136,-0.0065185,0.00047122,-2,1,42
0.30447,2.0179,-0.0065185,0.00047122,-2,1,42
0.55947,0.57289,-0.0065185,0.00047122,-2,1,42
-2.7673,-2.5921,-0.0065185,0.00047122,-2,1,42
-0.59553,2.3739,-0.0065185,0.00047122,-2,0,42
-0.88553,1.5321,-0.0065185,0.00047122,-2,1,42
0.76097,0.77439,-5.0065,0.00047122,1,0,42
1.0925,0.38034,-0.0065185,0.00047122,-2,1,42
3.1545,3.1679,-0.0065185,0.00047122,-2,0,42
-2.3955,-0.31149,-0.0065185,0.00047122,-2,1,42
1.1145,1.1279,-0.0065185,0.00047122,-2,0,42
-1.3955,1.2954,-0.0065185,0.00047122,-2,0,42
-3.2955,-1.9456,-0.0065185,0.00047122,-2,0,42
-3.5505,-3.4446,-0.0065185,0.00047122,-2,1,42
-3.2455,-2.5946,-0.0065185,0.00047122,-2,1,42
-2.758,-2.0087,-3.0065,0.00047122,1,1,42
0.93385,-5.1421,-0.0065185,0.00047122,-2,0,42
-0.59553,-6.1496,-0.0065185,0.00047122,-2,0,42
0.51447,-0.65358,-3.0065,0.00047122,1,1,42
-0.42903,5.0244,3.9935,0.00047122,1,1,42
5.461,-0.38211,-0.0065185,0.00047122,-2,1,42
-4.5455,-3.1136,-0.0065185,0.00047122,-2,0,42
-3.163,0.62218,-0.0065185,0.00047122,-2,0,42
1.8468,2.7103,-0.0065185,0.00047122,-2,1,42
-2.5615,-1.677,-0.0065185,0.00047122,-2,0,42
-2.1766,-0.57273,3.9935,0.00047122,1,1,42
-2.273,-2.2507,-0.0065185,0.00047122,-2,1,42
-1.4455,2.5679,-0.0065185,0.00047122,-2,0,42
1.837,4.2354,-0.0065185,0.00047122,-2,0,42
3.4045,2.9079,-0.0065185,0.00047122,-2,1,42
4.0045,4.0179,-0.0065185,0.00047122,-2,0,42
-4.3955,-3.4386,-0.0065185,0.00047122,-2,0,42
-3.7355,-1.7407,-4.0065,0.00047122,1,0,42
-5.718,-2.4204,-0.0065185,0.00047122,-2,0,42
-3.6097,-2.1646,-0.0065185,0.00047122,-2,0,42
-3.0675,-3.2873,-0.0065185,-3.9995,-1,0,42
-1.4392,-0.39149,-0.0065185,0.00047122,-2,0,42
-1.3727,-0.48008,-0.0065185,0.00047122,-2,1,42
4.8545,2.557,-0.0065185,0.00047122,-2,0,42
-4.118,-5.2679,-2.0065,0.00047122,1,1,42
1.6186,3.3208,-0.0065185,0.00047122,-2,1,42
-3.1455,-2.5371,-0.0065185,0.00047122,-2,1,42
1.282,1.2954,-0.0065185,0.00047122,-2,0,42
1.0903,-1.4033,1.9935,0.00047122,1,1,42
4.4495,1.1959,-0.0065185,0.00047122,-2,0,42
-3.5455,-3.5321,-0.0065185,0.00047122,-2,0,42
1.8545,0.78627,-0.0065185,0.00047122,-2,0,42
3.8545,3.8679,-0.0065185,0.00047122,-2,1,42
5.5545,0.35952,-0.0065185,0.00047122,-2,1,42
-4.163,-3.0541,-0.0065185,0.00047122,-2,1,42
3.5468,3.5603,-4.0065,0.00047122,1,0,42
-3.4405,1.5755,-0.0065185,0.00047122,-2,1,42
-2.9238,-1.5481,-0.0065185,0.00047122,-1,0,42
2.4495,2.4629,-0.0065185,0.00047122,-2,0,42
3.8545,3.8679,-0.0065185,0.00047122,-2,0,42
-2.718,-0.70461,-0.0065185,0.00047122,-2,1,42
2.6186,2.332,-0.0065185,0.00047122,-2,1,42
2.2265,2.0079,3.9935,0.00047122,1,1,42
0.44947,0.24614,-0.0065185,0.00047122,-2,1,42
-0.22378,-4.1004,-0.0065185,0.00047122,-2,1,42
0.85447,-2.4386,-0.0065185,0.00047122,-2,0,42
1.0045,1.0179,-0.0065185,0.00047122,-2,1,42
-0.84553,0.044918,-3.0065,0.00047122,1,0,42
0.28197,0.49588,-0.0065185,0.00047122,-2,1,42
2.8545,0.25376,-0.0065185,0.00047122,-2,0,42
0.70447,0.71789,-0.0065185,0.00047122,-2,0,42
0.59947,-0.10313,-5.0065,0.00047122,1,0,42
0.77622,2.395,-0.0065185,0.00047122,-2,0,42
-3.6955,-0.6381,-0.0065185,0.00047122,-2,1,42
-4.4405,-4.7527,-0.0065185,0.00047122,-2,1,42
-5.2238,-3.7604,-0.0065185,0.00047122,-2,0,42
6.4045,6.4179,-0.0065185,0.00047122,-2,1,42
5.8945,5.9079,-0.0065185,0.00047122,-2,1,42
-5.002,-3.151,-4.0065,0.00047122,1,0,42
-2.0836,-1.3132,-0.0065185,0.00047122,-2,1,42
0.0044729,-1.7569,-0.0065185,0.00047122,-2,1,42
-1.9955,-2.4386,-0.0065185,0.00047122,-2,1,42
-0.99553,-1.6821,-0.0065185,0.00047122,-2,1,42
-0.99553,0.79271,-0.0065185,0.00047122,-2,1,42
0.85447,-0.70461,3.9935,0.00047122,1,0,42
-4.273,-5.5962,-0.0065185,0.00047122,-2,0,42
-2.3814,-2.368,-0.0065185,0.00047122,-2,0,42
-3.4735,-4.4258,-0.0065185,0.00047122,-2,0,42
-0.55182,-1.3593,-0.0065185,0.00047122,-2,1,42
-0.46838,-0.45496,-4.0065,0.00047122,1,0,42
-0.67495,-1.8735,-0.0065185,0.00047122,-2,0,42
0.73198,0.7454,-0.0065185,0.00047122,-2,1,42
-0.76391,-3.1611,-0.0065185,0.00047122,-2,0,42
4.8076,0.67101,-0.0065185,0.00047122,-2,0,42
-3.2455,-6.0069,-0.0065185,0.00047122,-2,0,42
-3.1455,-3.1321,-0.0065185,0.00047122,-2,0,42
3.282,-0.18261,-0.0065185,0.00047122,-2,1,42
-2.7814,-4.4721,3.9935,0.00047122,1,1,42
6.8945,-3.9041,-0.0065185,0.00047122,-2,0,42
2.461,-2.8721,-0.0065185,0.00047122,-2,1,42
-3.9955,-6.8721,-0.0065185,0.00047122,-2,0,42
-3.3955,-4.2134,3.9935,0.00047122,1,0,42
5.0045,-3.3821,-0.0065185,0.00047122,-2,1,42
-1.9955,-3.7569,-0.0065185,0.00047122,-2,0,42
-0.99553,-3.5946,-0.0065185,0.00047122,-2,0,42
1.0045,0.86789,-0.0065185,0.00047122,-2,0,42
-1.8455,-1.7946,-0.0065185,0.00047122,-2,0,42
0.85447,0.86789,-0.0065185,0.00047122,-2,1,42
-1.718,-1.7696,-0.0065185,0.00047122,-2,0,42
2.3903,2.3485,-0.0065185,0.00047122,-2,1,42
2.0325,-0.94782,-2.0065,0.00047122,1,0,42
-0.55182,-1.7059,-0.0065185,0.00047122,-2,0,42
3.8545,0.41526,-0.0065185,0.00047122,-2,1,42
3.727,3.7404,-0.0065185,0.00047122,-2,0,42
6.5545,6.1854,-0.0065185,0.00047122,-2,0,42
5.572,3.3168,3.9935,0.00047122,1,1,42
7.8945,5.9796,-0.0065185,0.00047122,-2,0,42
5.2545,4.239,-0.0065185,0.00047122,-2,0,42
3.617,4.4804,-0.0065185,0.00047122,-2,1,42
3.0751,0.97962,-4.0065,0.00047122,1,0,42
-2.6056,-1.4137,-0.0065185,0.00047122,-2,1,42
3.223,0.71274,-0.0065185,0.00047122,-2,1,42
5.8545,-2.4386,-0.0065185,0.00047122,-2,1,42
-4.718,-4.9546,-0.0065185,0.00047122,-2,1,42
2.4045,3.6304,-0.0065185,0.00047122,-2,1,42
-2.8455,2.0579,-0.0065185,0.00047122,-2,1,42
2.427,2.4404,1.9935,0.00047122,1,1,42
-2.4405,-1.4271,-0.0065185,0.00047122,-2,0,42
0.77622,0.57289,-0.0065185,0.00047122,-2,0,42
2.9605,2.7896,-0.0065185,0.00047122,-2,1,42
0.40447,-3.5962,-0.0065185,0.00047122,-2,0,42
-0.44553,-2.2278,-0.0065185,0.00047122,-2,1,42
-0.37803,4.659,-0.0065185,4.0005,-1,0,42
1.172,-5.2245,-0.0065185,0.00047122,-2,1,42
-0.15315,0.94271,-0.0065185,0.00047122,-2,1,42
-1.4295,-4.1386,-0.0065185,0.00047122,-2,1,42
2.3356,-1.2498,-0.0065185,0.00047122,-2,0,42
2.8545,-0.14961,-0.0065185,0.00047122,-2,1,42
-2.6955,0.52649,-0.0065185,0.00047122,-2,1,42
-3.8455,-3.8321,-0.0065185,0.00047122,-2,1,42
-2.718,-2.7046,-0.0065185,0.00047122,-2,1,42
2.3186,1.676,3.9935,0.00047122,1,0,42
-0.51753,-3.9041,-0.0065185,0.00047122,-2,0,42
-1.9955,-4.8721,-0.0065185,0.00047122,-2,1,42
2.7045,0.29038,-0.0065185,0.00047122,-2,1,42
5.8545,5.0179,-0.0065185,0.00047122,-2,0,42
-5.2455,-1.9329,-0.0065185,0.00047122,-2,1,42
-1.4295,0.99328,-0.0065185,0.00047122,-2,0,43
6.5545,6.5679,-0.0065185,0.00047122,-2,1,43
6.172,0.44461,-0.0065185,0.00047122,-2,1,43
3.8468,3.8603,-0.0065185,0.00047122,-2,1,43
5.5705,4.3262,-0.0065185,0.00047122,-2,1,43
6.3356,3.8055,-0.0065185,0.00047122,-2,1,43
-3.127,-2.2049,-0.0065185,0.00047122,-2,0,43
-2.9573,-2.1715,-0.0065185,0.00047122,-2,0,43
1.8219,1.8354,-0.0065185,0.00047122,-2,1,43
-2.6904,-2.1189,-0.0065185,0.00047122,-2,0,43
4.5951,4.6085,-0.0065185,0.00047122,-2,1,43
-3.4976,-3.0809,-0.0065185,0.00047122,-2,0,43
2.9812,2.0475,-3.0065,0.00047122,1,1,43
-5.3582,2.4965,-0.0065185,0.00047122,-2,0,43
3.3128,4.3286,-0.0065185,0.00047122,-2,1,43
4.2665,4.28,-0.0065185,0.00047122,-2,1,43
4.2272,2.4081,-0.0065185,0.00047122,-2,1,43
4.1938,4.2072,-0.0065185,0.00047122,-2,1,43
3.5654,3.0688,3.9935,0.00047122,1,1,43
3.1413,3.0448,-0.0065185,0.00047122,-2,1,43
3.1208,3.0408,-0.0065185,0.00047122,-2,1,43
-2.8967,-2.8833,-0.0065185,0.00047122,-2,0,43
-2.4615,-2.5156,-5.0065,0.00047122,1,0,43
6.172,2.2431,-0.0065185,0.00047122,-2,1,43
-4.8379,-4.8245,-0.0065185,0.00047122,-2,0,43
-1.5615,-1.7704,-0.0065185,0.00047122,-2,0,43
3.3356,-1.0721,-0.0065185,0.00047122,-2,1,43
-6.127,-0.75564,-0.0065185,0.00047122,-2,0,43
-4.9573,-4.9438,-0.0065185,0.00047122,-2,0,43
-4.213,-4.4121,-4.0065,0.00047122,1,0,43
-1.6904,-1.677,-0.0065185,0.00047122,-2,0,43
0.41385,0.42727,-0.0065185,0.00047122,-2,1,43
-0.14553,-2.0275,-0.0065185,0.00047122,-2,1,43
3.282,3.2954,-0.0065185,0.00047122,-2,1,43
-0.39553,-5.1569,-0.0065185,0.00047122,-2,0,43
0.11447,0.12789,-0.0065185,0.00047122,-2,1,43
4.5545,4.5679,-0.0065185,0.00047122,-2,1,43
2.172,2.1854,-0.0065185,0.00047122,-2,1,43
1.8468,1.4831,-4.0065,0.00047122,1,1,43
2.5705,2.5839,-0.0065185,0.00047122,-2,1,43
3.3356,3.1493,-0.0065185,0.00047122,-2,1,43
-2.127,1.5127,-0.0065185,0.00047122,-2,0,43
1.8162,1.6854,-4.0065,0.00047122,1,1,43
4.8219,4.7127,-0.0065185,0.00047122,-2,1,43
3.6993,-2.1773,-0.0065185,0.00047122,-2,1,43
4.5951,4.6085,-0.0065185,0.00047122,-2,1,43
-5.4976,-5.4088,-0.0065185,0.00047122,-2,0,43
4.4312,2.223,-0.0065185,0.00047122,-2,1,43
3.7672,3.7806,-4.0065,0.00047122,1,1,43
-1.3038,-1.2442,-0.0065185,0.00047122,-2,0,43
3.2665,3.28,-0.0065185,0.00047122,-2,1,43
-5.2183,-5.1715,-0.0065185,0.00047122,-2,0,43
3.1938,3.2072,-0.0065185,0.00047122,-2,1,43
4.1654,4.1788,-0.0065185,0.00047122,-2,1,43
-3.1323,-3.0984,-0.0065185,0.00047122,-2,0,43
2.6708,-1.1656,4.9935,0.00047122,1,1,43
0.10331,0.1019,-0.0065185,0.00047122,-2,1,43
1.0885,1.1019,-0.0065185,0.00047122,-2,1,43
0.93306,-3.1134,-0.0065185,0.00047122,-2,0,43
0.065171,-0.78052,-0.0065185,0.00047122,-2,1,43
0.056066,0.061743,-0.0065185,0.00047122,-2,1,43
-0.95167,0.061743,-0.0065185,0.00047122,-2,0,43
0.8172,-0.013796,2.9935,0.00047122,1,1,43
-1.273,-1.9821,-0.0065185,0.00047122,-2,0,43
6.7045,1.1038,-0.0065185,0.00047122,-2,1,43
5.4495,5.4629,-0.0065185,0.00047122,-2,1,43
4.2327,2.0644,-0.0065185,0.00047122,-2,1,43
2.0485,-0.31323,-0.0065185,0.00047122,-2,1,43
1.7419,3.0728,2.9935,0.00047122,1,1,43
-0.24123,1.6062,-0.0065185,0.00047122,-2,1,43
3.6456,2.2004,-0.0065185,0.00047122,-2,1,43
5.5495,4.323,-0.0065185,0.00047122,-2,1,43
4.4677,3.4273,-0.0065185,0.00047122,-2,1,43
3.7982,-0.11037,3.9935,0.00047122,1,1,43
3.3392,3.3526,-0.0065185,0.00047122,-2,1,43
1.289,0.65517,-0.0065185,0.00047122,-2,1,43
0.24628,0.2597,-0.0065185,0.00047122,-2,1,43
-0.78999,-1.2442,-0.0065185,0.00047122,-2,1,43
5.1792,5.1926,-0.0065185,0.00047122,-2,1,43
4.403,1.3371,3.9935,0.00047122,1,1,43
5.1307,4.8569,-0.0065185,0.00047122,-2,1,43
1.8972,1.9106,-0.0065185,0.00047122,-2,0,43
2.0957,2.3581,-0.0065185,0.00047122,-2,1,43
4.082,1.6191,-0.0065185,0.00047122,-2,1,43
1.0704,0.93388,-0.0065185,0.00047122,-2,1,43
2.0605,2.9639,-0.0065185,0.00047122,-2,1,43
1.7521,1.6572,-3.0065,0.00047122,1,1,43
0.044938,-2.4916,-0.0065185,0.00047122,-2,1,43
-1.9611,-1.9477,-0.0065185,0.00047122,-2,1,43
-2.9663,-3.0194,-0.0065185,0.00047122,-2,0,43
5.5545,-0.0069621,-0.0065185,0.00047122,-2,1,43
-4.713,-2.5321,1.9935,0.00047122,1,0,43
5.8468,-1.6821,-0.0065185,0.00047122,-2,1,43
-5.5615,-4.9481,-0.0065185,0.00047122,-2,0,43
-4.3266,-4.7132,-0.0065185,0.00047122,-2,0,43
-3.677,-2.5321,-3.0065,0.00047122,1,0,43
-0.95726,-0.94384,-0.0065185,0.00047122,-2,0,43
2.8219,2.1854,-0.0065185,0.00047122,-2,1,43
1.3096,1.323,-0.0065185,0.00047122,-2,0,43
1.4138,-1.4271,-0.0065185,0.00047122,-2,0,43
2.5024,2.5159,-0.0065185,0.00047122,-2,1,43
5.5545,5.5679,-0.0065185,0.00047122,-2,1,43
-4.713,-1.2104,3.9935,0.00047122,1,0,43
2.8468,2.8603,-0.0065185,0.00047122,-2,1,43
5.5705,-1.3061,-0.0065185,0.00047122,-2,1,43
6.3356,4.749,-0.0065185,0.00047122,-2,1,43
6.1359,6.1493,-0.0065185,0.00047122,-2,1,43
3.9662,4.5921,-0.0065185,0.00047122,-2,1,43
-3.363,-2.9953,3.9935,0.00047122,1,0,43
0.69932,-2.6873,-0.0065185,0.00047122,-2,1,43
0.5951,0.35258,-0.0065185,0.00047122,-2,1,43
-0.49756,-0.26659,-1.0065,0.00047122,1,0,43
1.4312,1.2946,-0.0065185,0.00047122,-2,1,43
1.2172,1.2306,3.9935,0.00047122,1,1,43
-1.6872,3.5926,-0.0065185,0.00047122,-2,1,43
-2.7335,-2.72,-0.0065185,0.00047122,-2,0,43
6.5545,1.3367,-0.0065185,0.00047122,-2,1,43
-5.163,-4.6104,-0.0065185,0.00047122,-2,0,43
-5.8379,-5.0261,-0.0065185,0.00047122,-2,0,43
-5.5615,-3.7156,-0.0065185,0.00047122,-2,0,43
4.7356,-1.2278,-0.0065185,-1.9995,-1,1,43
-4.017,-3.5133,3.9935,0.00047122,1,0,43
-0.95726,2.4562,-0.0065185,0.00047122,-2,0,43
3.8219,3.4811,-0.0065185,0.00047122,-2,1,43
-4.6904,-4.677,-0.0065185,0.00047122,-2,0,43
-3.9862,-0.3168,-3.0065,0.00047122,1,0,43
5.5065,2.8524,-0.0065185,0.00047122,-2,1,43
-4.6723,-4.6588,-0.0065185,0.00047122,1,0,43
-1.3582,-0.34483,-0.0065185,0.00047122,-2,0,43
-1.1538,-1.1404,1.9935,0.00047122,1,0,43
0.74241,1.4558,-0.0065185,0.00047122,-2,0,43
-3.2183,-3.2049,-0.0065185,0.00047122,-2,0,43
-1.1849,-1.1715,-0.0065185,0.00047122,-2,0,43
1.1654,1.1091,-0.0065185,0.00047122,-2,1,43
-2.8587,-2.9046,-0.0065185,0.00047122,-2,1,43
0.12075,0.08378,-0.0065185,0.00047122,-2,1,43
-2.0944,0.33903,-0.0065185,0.00047122,-2,0,43
1.7885,1.7655,4.9935,0.00047122,1,1,43
-0.066937,-4.2726,-0.0065185,0.00047122,-2,0,43
-3.0562,-0.042809,-0.0065185,0.00047122,-2,0,43
3.0561,3.0471,-0.0065185,0.00047122,-2,1,43
-3.0394,-2.1745,-0.0065185,0.00047122,-2,0,43
2.5917,2.589,4.9935,0.00047122,1,1,43
2.0362,2.0358,-0.0065185,0.00047122,-2,1,43
1.0314,1.0332,-0.0065185,0.00047122,-2,1,43
0.98158,-3.0756,-0.0065185,0.00047122,-2,0,43
-0.82607,-0.82108,-4.0065,0.00047122,1,1,43
-0.012067,3.4085,-0.0065185,0.00047122,-2,0,43
0.018532,0.025855,-0.0065185,0.00047122,-2,1,43
-1.0075,-0.99406,-0.0065185,0.00047122,-2,0,43
0.01463,0.023645,-0.0065185,0.00047122,-2,1,43
-0.0041609,0.012996,-0.0065185,0.00047122,-2,0,43
-1.0029,0.01055,-0.0065185,0.00047122,-2,0,43
-0.85177,-0.83835,-3.0065,0.00047122,1,0,43
-2.0008,-1.9874,-0.0065185,0.00047122,-2,0,43
-5,-2.1541,-0.0065185,0.00047122,-2,0,43
3.0083,3.0201,-0.0065185,0.00047122,-2,1,43
4.0077,4.0197,-0.0065185,0.00047122,-2,1,43
4.0072,4.0195,-0.0065185,0.00047122,-2,1,43
0.0068256,0.019222,-0.0065185,0.00047122,-2,1,43
5.0065,5.019,-0.0065185,0.00047122,-2,1,43
-0.99723,-1.8696,-0.0065185,0.00047122,-2,0,43
0.0059177,0.86871,-0.0065185,0.00047122,-2,1,43
0.005701,0.018585,-0.0065185,0.00047122,-2,1,43
1.0034,0.017297,-0.0065185,0.00047122,-2,0,43
-2.9946,-0.83161,-0.0065185,0.00047122,-2,0,43
-5.5455,-3.7046,-0.0065185,0.00047122,-2,0,43
-5.163,-3.5962,-0.0065185,0.00047122,-2,0,43
4.3968,1.8597,-4.0065,0.00047122,1,1,43
4.5705,3.4616,-0.0065185,0.00047122,-2,1,43
4.3356,-1.541,-0.0065185,0.00047122,-2,1,43
4.1359,3.6993,-0.0065185,0.00047122,-2,1,43
-3.9573,-2.8046,-0.0065185,0.00047122,-2,0,43
-1.1781,2.7995,-0.0065185,0.00047122,-2,1,43
-2.5455,-1.2104,-0.0065185,0.00047122,-2,0,44
3.0045,3.9053,-0.0065185,0.00047122,-2,1,44
4.0045,4.7722,-0.0065185,0.00047122,-2,1,44
-2.9955,-2.1893,-0.0065185,0.00047122,-2,0,44
-0.99553,-1.5271,-0.0065185,0.00047122,-2,0,44
0.0044729,-0.44535,-0.0065185,0.00047122,-2,0,44
1.0045,1.0179,-0.0065185,0.00047122,-2,0,44
2.0045,1.6832,-0.0065185,0.00047122,-2,0,44
1.0045,-1.3132,-0.0065185,0.00047122,-2,0,44
-0.99553,0.86789,-0.0065185,0.00047122,-2,0,44
0.0044729,1.0734,-0.0065185,0.00047122,-2,1,44
-3.9955,-3.9821,-0.0065185,0.00047122,-2,0,44
-3.3955,-0.13061,-3.0065,0.00047122,1,0,44
-3.9955,-2.5321,-0.0065185,0.00047122,-2,0,44
-2.9955,-2.9821,-0.0065185,0.00047122,-2,0,44
-3.9955,-2.8721,-0.0065185,0.00047122,-2,0,44
3.4045,3.4954,-1.0065,0.00047122,1,1,44
0.0044729,0.802,-0.0065185,0.00047122,-2,0,44
0.0044729,0.073896,4.9935,0.00047122,1,1,44
3.0045,-4.2321,-0.0065185,0.00047122,-2,0,44
2.0045,1.9774,-0.0065185,0.00047122,-2,0,44
4.0045,4.0179,-0.0065185,0.00047122,-2,0,44
-3.9955,-1.7952,-0.0065185,0.00047122,-2,1,44
3.4045,3.393,3.9935,0.00047122,1,1,44
2.8945,2.9079,-0.0065185,0.00047122,-2,0,44
3.0045,3.0179,-0.0065185,0.00047122,-2,1,44
-0.54553,-0.43861,-0.0065185,0.00047122,-2,1,44
-0.69553,0.48539,-0.0065185,0.00047122,-2,1,44
1.1545,1.1679,-0.0065185,0.00047122,-2,1,44
6.7045,6.7179,-0.0065185,0.00047122,-2,1,44
-5.6905,-0.095995,3.9935,0.00047122,1,0,44
-6.2238,-6.2104,-0.0065185,0.00047122,-2,0,44
-4.0395,-2.9821,-0.0065185,0.00047122,-2,1,44
-4.5455,-3.4195,-0.0065185,0.00047122,-2,0,44
-5.6955,-5.6821,-0.0065185,0.00047122,-2,0,44
-5.4405,0.34771,-0.0065185,0.00047122,-2,1,44
-0.39553,-0.38211,-0.0065185,0.00047122,-2,1,44
-0.88553,-3.3353,-0.0065185,0.00047122,-2,0,44
-2.2955,-4.3759,-0.0065185,0.00047122,-2,0,44
1.9595,-0.57389,4.9935,0.00047122,1,0,44
0.11447,2.0336,-0.0065185,0.00047122,-2,0,44
-2.4455,-1.0446,-0.0065185,0.00047122,-2,1,44
0.75447,1.9473,-0.0065185,0.00047122,-2,1,44
0.64197,-1.8378,4.9935,0.00047122,1,1,44
-3.0662,2.0494,-0.0065185,0.00047122,-2,0,44
-3.9955,-2.5921,-0.0065185,0.00047122,-2,1,44
-3.3955,-2.2006,-0.0065185,0.00047122,-2,1,44
-2.8855,-2.8721,-0.0065185,0.00047122,-2,0,44
-3.9955,-1.585,-0.0065185,0.00047122,-2,1,44
3.4045,-0.50541,-3.0065,0.00047122,1,1,44
-3.9955,-1.4321,-0.0065185,0.00047122,-2,1,44
0.40447,2.0554,-0.0065185,0.00047122,-2,0,44
0.11447,0.92986,-0.0065185,0.00047122,-2,0,44
-2.4455,-2.4321,-0.0065185,0.00047122,-2,0,44
1.837,-0.061586,-0.0065185,0.00047122,-2,0,44
0.60447,-1.8161,-0.0065185,0.00047122,-2,1,44
0.51447,0.52789,-4.0065,0.00047122,1,1,44
-1.452,-1.4386,-0.0065185,0.00047122,-2,0,44
0.85447,-2.8721,-0.0065185,0.00047122,-2,1,44
0.0044729,0.22186,-0.0065185,0.00047122,-2,0,44
0.0044729,0.80539,-0.0065185,0.00047122,-2,0,44
-0.99553,0.017889,-0.0065185,0.00047122,-2,1,44
-0.99553,-0.83211,-0.0065185,0.00047122,-2,0,44
-0.84553,-1.3157,-5.0065,0.00047122,1,1,44
-2.9955,-4.8462,-0.0065185,0.00047122,-2,0,44
-1.5455,-2.8815,-0.0065185,0.00047122,-2,0,44
3.172,1.4616,-0.0065185,0.00047122,-2,1,44
-1.8379,-1.8245,-0.0065185,0.00047122,-2,0,44
-0.56155,0.31144,-0.0065185,0.00047122,-2,0,44
0.48559,-0.55962,-3.0065,0.00047122,1,1,44
1.873,1.4364,-0.0065185,0.00047122,-2,0,44
0.042742,0.82101,-0.0065185,0.00047122,-2,0,44
2.187,2.2004,-0.0065185,0.00047122,-2,1,44
-2.5455,-1.6822,-0.0065185,0.00047122,-2,1,44
2.172,2.1854,3.9935,0.00047122,1,0,44
-2.9955,-3.2793,-0.0065185,0.00047122,-2,1,44
3.0045,3.0179,-0.0065185,0.00047122,-2,0,44
3.0045,2.1111,-0.0065185,0.00047122,-2,0,44
0.0044729,2.5679,-0.0065185,0.00047122,-2,0,44
-1.9955,-0.035758,-0.0065185,0.00047122,-2,1,44
-1.6955,0.017889,-2.0065,0.00047122,1,1,44
-4.4405,-1.6821,-0.0065185,0.00047122,-2,1,44
-3.2238,-3.7604,-0.0065185,0.00047122,-2,1,44
-5.0395,-1.6821,-0.0065185,0.00047122,-2,1,44
-2.8829,-3.3821,-0.0065185,0.00047122,-2,1,44
-2.7498,-1.6821,-0.0065185,0.00047122,-2,1,44
-1.6367,-2.3233,-0.0065185,0.00047122,-2,0,44
-1.3905,-1.4271,3.9935,0.00047122,1,0,44
2.282,2.1896,-0.0065185,0.00047122,-2,1,44
-1.5455,-2.258,-0.0065185,0.00047122,-2,1,44
1.8545,1.5399,-0.0065185,0.00047122,-2,1,44
-1.568,1.4166,2.9935,0.00047122,1,1,44
-1.3322,0.96978,-4.0065,0.00047122,1,1,44
1.6186,1.2504,-0.0065185,0.00047122,-2,1,44
-1.3675,-1.7407,-0.0065185,0.00047122,1,1,44
-4.5518,-4.9821,-0.0065185,0.00047122,-2,0,44
3.8773,0.22124,-4.0065,0.00047122,1,1,44
-3.6749,3.4179,-0.0065185,0.00047122,-2,0,44
1.732,3.4179,-0.0065185,0.00047122,-2,1,44
-1.7639,-1.6821,-0.0065185,0.00047122,-2,0,44
4.8076,5.4446,-0.0065185,0.00047122,-2,0,44
1.2545,1.2679,-0.0065185,0.00047122,-2,0,44
2.617,2.6304,-0.0065185,0.00047122,-2,0,44
2.2251,1.0619,1.9935,0.00047122,1,1,44
-1.718,0.71789,-0.0065185,0.00047122,-2,1,44
-3.6097,-2.9821,-0.0065185,0.00047122,-2,0,44
-4.5455,-4.5321,-0.0065185,0.00047122,-2,0,44
6.172,2.415,-0.0065185,0.00047122,-2,0,44
-5.3955,-5.2245,-0.0065185,0.00047122,-2,0,44
-4.5855,-0.79383,-5.0065,0.00047122,1,0,44
-2.4405,-5.5632,-0.0065185,0.00047122,-2,1,44
-0.14553,4.8586,-0.0065185,0.00047122,-2,0,44
0.28197,0.14539,-0.0065185,0.00047122,-2,1,44
-3.3814,1.7779,-0.0065185,0.00047122,-2,0,44
2.8825,2.8959,-4.0065,0.00047122,1,0,44
-4.8855,5.3036,-0.0065185,0.00047122,-2,1,44
-5.452,-0.092111,-0.0065185,0.00047122,-2,1,44
-3.0836,1.4744,-0.0065185,0.00047122,-2,1,44
2.7793,-0.84189,-0.0065185,0.00047122,-2,0,44
0.51307,-2.7569,-0.0065185,0.00047122,-2,0,44
-0.27784,0.80399,-0.0065185,0.00047122,-2,0,44
1.8545,0.40376,-0.0065185,0.00047122,-2,1,44
-1.568,-1.5546,3.9935,0.00047122,1,0,44
0.28197,4.2054,-0.0065185,0.00047122,-2,0,44
-2.6097,1.5373,-0.0065185,0.00047122,-2,0,44
-0.51753,-0.50412,-0.0065185,0.00047122,-2,1,44
-0.43923,-0.94349,-3.0065,0.00047122,1,1,44
2.0045,3.7961,-0.0065185,0.00047122,-2,1,44
0.70447,1.1854,-0.0065185,0.00047122,-2,0,44
-1.1455,-0.57711,-0.0065185,0.00047122,-2,0,44
-0.97303,-1.2104,-3.0065,0.00047122,1,0,44
2.5595,-3.5761,-0.0065185,0.00047122,-2,0,44
-0.76728,-0.75386,-0.0065185,0.00047122,-2,1,44
-0.03954,0.26359,-0.0065185,0.00047122,-2,0,44
-0.10812,-0.094701,-0.0065185,0.00047122,-2,1,44
-0.091228,3.7722,-0.0065185,3.0005,-1,1,44
1.3633,1.5547,-0.0065185,0.00047122,-2,1,44
-5.6955,-1.1371,-0.0065185,0.00047122,-2,1,44
4.8495,0.83696,3.9935,0.00047122,1,1,44
5.2327,6.3079,-0.0065185,0.00047122,-2,0,44
0.60447,0.61789,-0.0065185,0.00047122,-2,1,44
2.1145,2.1279,-0.0065185,0.00047122,-2,1,44
0.54797,0.56139,-0.0065185,0.00047122,-2,1,44
-0.4575,2.0955,-5.0065,0.00047122,1,0,44
-0.22071,-0.20729,-0.0065185,0.00047122,-2,0,44
2.4959,2.1218,-0.0065185,0.00047122,-2,1,44
-1.2778,-1.2644,-0.0065185,0.00047122,-2,0,44
1.0944,-2.0846,4.9935,0.00047122,1,0,44
-2.922,-4.2321,-0.0065185,0.00047122,-2,1,44
2.792,2.5869,-0.0065185,0.00047122,-2,1,44
4.7045,4.7179,-0.0065185,0.00047122,-2,1,44
4.4495,4.2461,-0.0065185,0.00047122,-2,1,44
5.2327,5.0619,-0.0065185,0.00047122,-2,0,44
3.4045,4.4619,-0.0065185,0.00047122,-2,1,44
-2.8855,-2.4724,-5.0065,0.00047122,1,0,44
0.0044729,5.0222,-0.0065185,0.00047122,-2,1,44
-2.9955,0.017889,-0.0065185,0.00047122,-2,0,44
2.5545,-0.52709,-0.0065185,0.00047122,-2,0,44
-1.9955,-2.4453,-0.0065185,0.00047122,-2,1,44
-3.6955,-3.6821,-0.0065185,0.00047122,-2,0,44
5.7045,0.15187,-0.0065185,0.00047122,-2,1,44
1.4495,3.4179,-0.0065185,0.00047122,-2,1,44
-0.76728,1.2461,-0.0065185,0.00047122,-2,1,44
-2.9515,-1.6821,-0.0065185,0.00047122,-2,1,44
-2.1081,-2.4947,-0.0065185,0.00047122,-2,1,44
-1.7912,-2.5321,1.9935,0.00047122,1,1,44
-2.3544,1.7179,-0.0065185,0.00047122,-2,0,44
-4.5455,-4.5321,-0.0065185,0.00047122,-2,0,44
1.172,1.7222,-0.0065185,0.00047122,-2,1,44
-0.9879,-0.97449,-5.0065,0.00047122,1,0,44
-3.5615,-3.3447,-0.0065185,0.00047122,-2,1,44
-0.69553,-2.5946,-0.0065185,0.00047122,-2,0,44
-2.8455,-0.85066,-0.0065185,0.00047122,-2,1,44
3.727,-0.48786,-0.0065185,0.00047122,-2,0,44
4.6186,3.182,-0.0065185,0.00047122,-2,1,44
-2.6203,2.7761,-0.0065185,3.0005,-1,0,45
-5.718,-1.2776,-0.0065185,0.00047122,-2,1,45
-3.2455,-3.2321,-0.0065185,0.00047122,-2,1,45
-5.608,-1.2916,-0.0065185,0.00047122,-2,0,45
5.7045,3.5322,-0.0065185,0.00047122,-2,0,45
5.4045,4.6279,-0.0065185,0.00047122,-2,0,45
-5.8855,-5.8721,-0.0065185,0.00047122,-2,1,45
6.461,5.9036,-0.0065185,0.00047122,-2,0,45
-6.0836,-6.0701,-0.0065185,0.00047122,-2,1,45
-2.7703,-2.5112,-0.0065185,0.00047122,-2,1,45
-2.3541,-2.3407,2.9935,0.00047122,1,1,45
2.2868,2.0023,-0.0065185,0.00047122,-2,1,45
1.1545,4.1854,-0.0065185,0.00047122,-2,1,45
2.7045,2.7179,-0.0065185,0.00047122,-2,1,45
-3.4405,-0.81299,-0.0065185,0.00047122,-2,1,45
2.9327,-1.1735,-0.0065185,0.00047122,1,0,45
-2.4845,0.46159,3.9935,0.00047122,1,0,45
1.8919,1.2461,-0.0065185,0.00047122,-2,1,45
0.75877,-2.0221,-0.0065185,0.00047122,-2,0,45
1.0045,1.0179,-0.0065185,0.00047122,-2,1,45
3.8545,3.0179,-0.0065185,0.00047122,-2,1,45
3.277,1.2624,4.9935,0.00047122,1,1,45
3.6186,4.882,-0.0065185,0.00047122,-2,0,45
-4.5455,-2.5321,-0.0065185,0.00047122,-2,1,45
-4.163,-4.1496,-0.0065185,0.00047122,-2,0,45
5.7045,5.4629,-0.0065185,0.00047122,-2,0,45
6.4045,5.2364,-0.0065185,0.00047122,-2,1,45
-5.4355,-4.1004,-5.0065,0.00047122,1,0,45
5.172,6.4354,-0.0065185,0.00047122,-2,0,45
-6.5455,-3.4195,-0.0065185,0.00047122,-2,1,45
-5.163,-5.1496,-0.0065185,0.00047122,-2,0,45
6.5545,5.5179,-0.0065185,0.00047122,-2,1,45
7.172,5.8744,-0.0065185,0.00047122,-2,1,45
3.8468,6.1103,-0.0065185,0.00047122,-2,0,45
-4.6955,-4.6821,-0.0065185,0.00047122,-2,0,45
3.5545,2.5265,-0.0065185,0.00047122,-2,0,45
-3.013,-2.9996,-3.0065,0.00047122,1,0,45
6.8468,7.5679,-0.0065185,0.00047122,-2,1,45
4.5705,5.1854,-0.0065185,0.00047122,-2,1,45
4.3356,4.8603,-0.0065185,0.00047122,-2,1,45
3.6859,2.5118,-4.0065,0.00047122,1,1,45
-3.9573,2.4562,-0.0065185,0.00047122,-2,0,45
-3.813,-3.7996,-0.0065185,0.00047122,-2,1,45
2.5545,2.1854,-0.0065185,0.00047122,-2,0,45
-2.163,-2.1496,-0.0065185,0.00047122,-2,1,45
1.8468,2.2788,-0.0065185,0.00047122,-2,0,45
1.5705,1.349,1.9935,0.00047122,1,1,45
5.0045,6.7179,-0.0065185,0.00047122,-2,0,45
-7.2455,-1.1136,-0.0065185,0.00047122,-2,1,45
-6.608,-3.9438,-0.0065185,0.00047122,-2,1,45
3.0751,5.256,-0.0065185,0.00047122,-2,1,45
-2.9955,2.5551,-0.0065185,0.00047122,-2,0,45
-2.5455,-2.5321,-0.0065185,0.00047122,-2,1,45
-2.163,0.51992,-3.0065,0.00047122,1,0,45
3.8468,-0.40884,-0.0065185,0.00047122,-2,1,45
-5.5615,-3.8496,-0.0065185,0.00047122,-2,1,45
5.4045,3.1096,-0.0065185,0.00047122,-2,0,45
-3.8855,-4.5721,-0.0065185,0.00047122,-2,1,45
-2.452,-1.0261,-0.0065185,0.00047122,-2,0,45
-0.99553,2.8284,-0.0065185,0.00047122,-2,0,45
0.85447,0.86789,-3.0065,0.00047122,1,1,45
2.727,0.50929,-0.0065185,0.00047122,-2,1,45
1.6186,-0.26442,-0.0065185,0.00047122,-2,1,45
-0.51753,2.9502,-0.0065185,0.00047122,-2,1,45
-0.99553,-0.98211,-0.0065185,0.00047122,-2,1,45
-1.8455,-0.60496,-0.0065185,0.00047122,-2,1,45
1.577,1.8718,2.9935,0.00047122,1,1,45
2.727,2.9796,-0.0065185,0.00047122,-2,1,45
1.3903,-0.14961,-0.0065185,0.00047122,-2,0,45
3.4825,-0.48009,-0.0065185,0.00047122,-2,0,45
0.56077,0.42727,-0.0065185,0.00047122,-2,0,45
0.47732,1.5768,3.9935,0.00047122,1,0,45
2.6839,1.8864,-0.0065185,0.00047122,-2,0,45
2.732,1.9462,-0.0065185,0.00047122,-2,0,45
3.7729,3.2004,-0.0065185,0.00047122,-2,1,45
-6.3955,-1.8875,-0.0065185,0.00047122,-2,0,45
6.8945,4.4103,-0.0065185,0.00047122,-2,0,45
5.861,5.8744,3.9935,0.00047122,1,0,45
-0.88553,-6.2721,-0.0065185,0.00047122,-2,0,45
-0.69553,-0.68211,-0.0065185,0.00047122,-2,1,45
-0.44053,-0.095995,-0.0065185,0.00047122,-2,1,45
-0.22378,-0.21036,-0.0065185,0.00047122,-2,1,45
2.9605,2.9739,-0.0065185,0.00047122,-2,0,45
-0.59553,-3.368,-0.0065185,0.00047122,-2,0,45
0.51447,-1.7864,-2.0065,0.00047122,1,0,45
1.1145,3.5644,-0.0065185,0.00047122,-2,0,45
-1.3955,-1.3821,-0.0065185,0.00047122,-2,0,45
-1.6955,1.2461,-0.0065185,0.00047122,-2,0,45
1.0045,1.0179,-0.0065185,0.00047122,-2,0,45
-0.84553,1.2461,2.9935,0.00047122,1,0,45
-3.718,-1.9381,-0.0065185,0.00047122,-2,0,45
1.6186,0.056946,-0.0065185,0.00047122,-2,0,45
3.8545,-1.037,-0.0065185,0.00047122,-2,1,45
-3.268,-3.2546,-5.0065,0.00047122,1,0,45
3.172,6.4354,-0.0065185,0.00047122,-2,1,45
-3.8379,-2.6745,-0.0065185,0.00047122,-2,0,45
1.5705,0.75616,-0.0065185,0.00047122,-2,1,45
0.33559,-0.79958,-0.0065185,0.00047122,-2,0,45
0.85447,-1.1136,-0.0065185,0.00047122,-2,0,45
0.0044729,-0.94384,-0.0065185,0.00047122,-2,0,45
0.0044729,-0.59624,4.9935,0.00047122,1,1,45
1.0045,1.7127,-0.0065185,0.00047122,-2,0,45
-2.1455,-2.1321,-0.0065185,0.00047122,-2,1,45
2.5545,-0.50274,-0.0065185,0.00047122,-2,1,45
2.0045,0.017889,-0.0065185,0.00047122,-2,0,45
2.0045,2.0179,-0.0065185,0.00047122,-2,0,45
1.7045,1.4629,-5.0065,0.00047122,1,0,45
3.0045,-2.6292,-0.0065185,0.00047122,-2,0,45
0.0044729,-3.8946,-0.0065185,0.00047122,-2,0,45
2.0045,-0.14961,-0.0065185,0.00047122,-2,0,45
3.0045,1.1755,-0.0065185,0.00047122,-2,1,45
-2.5455,0.017889,1.9935,0.00047122,1,1,45
2.0045,0.48539,-0.0065185,0.00047122,-2,0,45
4.0045,2.5729,-0.0065185,0.00047122,-2,0,45
3.0045,1.7896,-0.0065185,0.00047122,-2,1,45
3.5545,3.5679,-0.0065185,0.00047122,-2,0,45
-2.8455,-1.0261,-0.0065185,0.00047122,-2,0,45
2.7045,2.4404,-0.0065185,0.00047122,-2,1,45
-2.4405,-1.7364,-0.0065185,0.00047122,-2,0,45
-2.0738,-1.3458,3.9935,0.00047122,1,1,45
-0.71803,-0.59624,-0.0065185,0.00047122,-2,0,45
-1.9955,-1.9847,-0.0065185,0.00047122,-2,0,45
1.7045,2.4744,-0.0065185,0.00047122,-2,1,45
-1.4405,-2.0701,3.9935,0.00047122,1,1,45
3.0045,-0.38211,-0.0065185,0.00047122,-2,1,45
-5.5455,-2.5321,-0.0065185,0.00047122,-2,1,45
2.5545,2.5679,-0.0065185,0.00047122,-2,0,45
2.172,2.9397,3.9935,0.00047122,1,0,45
2.8468,1.0179,-0.0065185,0.00047122,-2,0,45
-1.5615,-2.8721,-0.0065185,0.00047122,-2,0,45
1.0045,1.0179,-0.0065185,0.00047122,-2,0,45
-4.1455,-3.8507,-0.0065185,0.00047122,-2,1,45
2.2545,-2.4794,-0.0065185,0.00047122,-2,0,45
0.39197,-1.8946,-0.0065185,0.00047122,-2,0,45
0.40447,2.7452,-0.0065185,0.00047122,-2,1,45
-0.33553,-3.9621,-5.0065,0.00047122,1,1,45
0.46097,2.1004,-0.0065185,0.00047122,-2,1,45
-0.69553,-0.68211,-0.0065185,0.00047122,-2,1,45
-1.5505,-0.31193,-0.0065185,0.00047122,-2,1,45
1.5545,0.19537,-0.0065185,0.00047122,-2,1,45
1.322,1.3354,-4.0065,0.00047122,1,0,45
-2.1532,-2.1397,-0.0065185,0.00047122,-2,1,45
-0.39553,-3.6896,-0.0065185,0.00047122,-2,0,45
1.5545,-3.4386,-0.0065185,0.00047122,-2,1,45
1.322,-0.27111,4.9935,0.00047122,1,1,45
4.282,3.5454,-0.0065185,0.00047122,-2,1,45
3.3903,3.6538,-0.0065185,0.00047122,-2,1,45
2.4825,1.5093,-0.0065185,0.00047122,-2,1,45
4.5608,4.5742,-0.0065185,0.00047122,-2,0,45
-4.2455,-1.3486,-0.0065185,0.00047122,-2,0,45
4.0045,2.7039,-0.0065185,0.00047122,-2,1,45
3.4045,3.4179,4.9935,0.00047122,1,0,45
0.89447,0.90789,-0.0065185,0.00047122,-2,1,45
3.3045,3.3179,-0.0065185,0.00047122,-2,1,45
2.5595,2.6049,-0.0065185,0.00047122,-2,1,45
0.23272,-2.971,-0.0065185,0.00047122,-2,0,45
0.96046,0.97388,-0.0065185,0.00047122,-2,0,45
5.277,5.1601,-0.0065185,0.00047122,-2,0,46
1.2545,1.2679,-0.0065185,0.00047122,-2,0,46
2.617,2.6713,-0.0065185,0.00047122,-2,0,46
3.0751,3.0885,-0.0065185,0.00047122,-2,1,46
-3.9955,-4.7046,-0.0065185,0.00047122,-2,0,46
4.4045,-0.49071,-0.0065185,0.00047122,-2,1,46
-4.8855,-4.8721,-0.0065185,0.00047122,-2,0,46
-4.452,1.1079,-0.0065185,0.00047122,-2,0,46
-2.0836,-3.7701,-0.0065185,0.00047122,-2,0,46
-4.7703,0.80539,-0.0065185,0.00047122,-2,0,46
4.0631,1.8985,-2.0065,0.00047122,1,1,46
-4.2778,0.43558,-0.0065185,0.00047122,-2,0,46
-3.6355,-3.6221,3.9935,0.00047122,1,0,46
-5.922,2.4914,-0.0065185,0.00047122,-2,0,46
-4.783,-5.0196,-0.0065185,0.00047122,-2,0,46
4.0738,0.72088,-0.0065185,1.0005,-1,1,46
0.43551,-2.6197,-0.0065185,0.00047122,-2,0,46
2.4881,-1.0467,-0.0065185,0.00047122,-2,1,46
-2.1066,-1.4997,-5.0065,0.00047122,1,0,46
-4.3449,-4.3315,-0.0065185,0.00047122,-2,0,46
-5.2925,-4.8503,-0.0065185,0.00047122,-2,0,46
-4.248,-3.3052,-0.0065185,0.00047122,-2,0,46
-4.2101,-4.1967,-0.0065185,0.00047122,-2,0,46
-3.5779,-3.0545,-4.0065,0.00047122,1,0,46
-4.1506,-4.1371,-0.0065185,0.00047122,-2,0,46
-2.1273,-1.9236,-0.0065185,0.00047122,-2,0,46
-1.1075,-0.93241,-0.0065185,0.00047122,-2,0,46
-1.0907,-2.1653,-0.0065185,0.00047122,-2,0,46
-2.0765,-0.91304,-0.0065185,0.00047122,-2,0,46
-0.064318,-1.7509,-0.0065185,0.00047122,-2,0,46
-0.054,0.043833,-5.0065,0.00047122,1,0,46
1.9548,2.0399,-0.0065185,0.00047122,-2,0,46
-1.9533,3.6116,-0.0065185,0.00047122,-2,1,46
-2.9596,-2.998,-0.0065185,0.00047122,-2,0,46
2.5545,1.4629,-0.0065185,0.00047122,-2,1,46
3.172,2.2461,-0.0065185,0.00047122,-2,1,46
2.8468,1.0398,-0.0065185,0.00047122,-2,1,46
-0.42951,-1.0947,-0.0065185,0.00047122,-2,1,46
-1.6644,1.4947,-0.0065185,0.00047122,-2,0,46
1.423,-1.7277,-2.0065,0.00047122,1,0,46
-4.9573,-4.9438,-0.0065185,0.00047122,-2,0,46
0.82194,-1.007,-0.0065185,0.00047122,-2,1,46
1.6993,1.7127,-0.0065185,0.00047122,-2,1,46
-1.4362,-0.57273,3.9935,0.00047122,1,0,46
0.5065,0.9053,-0.0065185,0.00047122,-2,1,46
1.5777,1.5912,-0.0065185,0.00047122,-2,0,46
-1.6328,-1.7975,-0.0065185,0.00047122,-2,0,46
-4.6955,-5.0701,-0.0065185,0.00047122,-2,0,46
-3.4405,-1.4949,-0.0065185,0.00047122,-2,0,46
-2.9238,-2.9104,-4.0065,0.00047122,1,0,46
-5.0395,-5.0261,-0.0065185,0.00047122,-2,0,46
3.8919,3.7953,-0.0065185,0.00047122,-2,1,46
3.3088,-1.2278,-0.0065185,-1.9995,-1,0,46
-0.82803,-4.6821,-0.0065185,0.00047122,-2,1,46
-1.4455,0.72551,-0.0065185,0.00047122,-2,0,46
-1.828,-1.8146,-0.0065185,0.00047122,-2,0,46
1.5621,1.0655,-4.0065,0.00047122,1,1,46
-0.56155,-0.54813,-0.0065185,0.00047122,-2,1,46
-0.66441,4.239,-0.0065185,0.00047122,-2,0,46
0.13592,-1.2791,-0.0065185,0.00047122,-2,0,46
0.042742,0.50116,-0.0065185,0.00047122,-2,1,46
1.187,1.2004,-0.0065185,0.00047122,-2,1,46
-2.3007,-0.88701,-0.0065185,0.00047122,-2,0,46
-1.9549,-2.6871,-3.0065,0.00047122,1,0,46
-2.4935,-2.0301,-0.0065185,0.00047122,-2,0,46
0.4312,-0.094126,-0.0065185,0.00047122,-2,0,46
2.3672,-2.2448,-0.0065185,0.00047122,-2,0,46
2.3128,1.637,-0.0065185,0.00047122,-2,1,46
0.30447,-1.9442,-0.0065185,0.00047122,-2,0,46
-0.25053,-0.23711,-3.0065,0.00047122,1,0,46
1.5595,-0.3831,-0.0065185,0.00047122,-2,0,46
0.77622,1.3396,-0.0065185,0.00047122,-2,0,46
2.9605,-0.12449,-0.0065185,0.00047122,-2,1,46
-0.59553,0.57548,-0.0065185,0.00047122,-2,1,46
-0.50553,-2.1539,4.9935,0.00047122,1,1,46
-0.53903,-1.9381,-0.0065185,0.00047122,-2,1,46
0.092498,-1.0947,-0.0065185,0.00047122,-2,0,46
6.7045,-0.056933,-0.0065185,0.00047122,-2,1,46
-5.4405,-1.6221,-0.0065185,0.00047122,-2,0,46
5.2327,4.6461,-0.0065185,0.00047122,-2,1,46
-4.4395,-1.4964,3.9935,0.00047122,1,0,46
-2.8829,-2.8695,-0.0065185,0.00047122,-2,0,46
-3.7498,-3.7364,-0.0065185,0.00047122,-2,0,46
0.64563,-1.7975,-0.0065185,0.00047122,-2,1,46
-0.54051,1.0023,-0.0065185,0.00047122,-2,0,46
1.5412,2.8546,-0.0065185,0.00047122,-2,0,46
2.6107,-0.37586,-0.0065185,0.00047122,-2,1,46
2.2198,3.1724,-2.0065,0.00047122,1,1,46
-3.163,-0.44961,-0.0065185,0.00047122,-2,0,46
-4.8379,-4.8245,-0.0065185,0.00047122,-2,0,46
6.5705,2.3064,-0.0065185,0.00047122,-2,1,46
6.3356,5.0179,-0.0065185,0.00047122,-2,1,46
5.3859,3.6304,4.9935,0.00047122,1,1,46
3.9662,3.0179,-0.0065185,0.00047122,-2,0,46
-2.5455,-3.3496,-0.0065185,0.00047122,-2,1,46
2.172,2.1854,-0.0065185,0.00047122,-2,0,46
-1.8379,-1.8245,4.9935,0.00047122,1,0,46
3.0045,2.2364,-0.0065185,0.00047122,-2,0,46
4.5545,-1.7089,-0.0065185,0.00047122,-2,0,46
1.172,0.62077,-0.0065185,0.00047122,-2,0,46
-2.8379,-3.2695,-0.0065185,0.00047122,-2,1,46
-1.5615,-1.5481,-0.0065185,0.00047122,-2,0,46
2.0045,1.7248,-0.0065185,0.00047122,-2,1,46
1.7045,2.332,4.9935,0.00047122,1,1,46
3.0045,3.0179,-0.0065185,0.00047122,-2,0,46
-2.9955,4.0741,-0.0065185,0.00047122,-2,0,46
-3.5455,2.0885,-0.0065185,0.00047122,-2,0,46
4.172,2.1854,-0.0065185,0.00047122,-2,1,46
-2.8379,1.2364,-0.0065185,0.00047122,-2,0,46
-2.4115,-2.9931,-3.0065,0.00047122,1,1,46
1.282,-0.92923,-0.0065185,0.00047122,-2,0,46
2.7045,0.67388,-0.0065185,0.00047122,-2,1,46
4.8545,3.1305,-0.0065185,0.00047122,-2,1,46
5.727,4.2636,-0.0065185,0.00047122,-2,1,46
4.8686,1.4687,2.9935,0.00047122,1,1,46
4.5265,2.0229,-0.0065185,0.00047122,-2,1,46
4.4482,3.5547,-0.0065185,0.00047122,-2,1,46
-5.3727,-5.3593,-0.0065185,0.00047122,-2,0,46
2.3251,2.795,-0.0065185,0.00047122,-2,1,46
-1.268,-1.9546,-0.0065185,0.00047122,-2,0,46
-0.76391,-1.2239,-0.0065185,0.00047122,-2,1,46
3.8076,3.821,-0.0065185,0.00047122,-2,1,46
-3.2282,-3.5568,-4.0065,0.00047122,1,0,46
5.8945,6.3079,-0.0065185,0.00047122,-2,1,46
-6.452,-2.0884,-0.0065185,0.00047122,-2,0,46
-4.0836,-3.005,-0.0065185,0.00047122,-2,0,46
-3.4703,-1.3615,-5.0065,0.00047122,1,0,46
-1.4869,5.7765,-0.0065185,0.00047122,-2,0,46
-6.5455,-0.36961,-0.0065185,0.00047122,-2,0,46
5.172,5.1854,-0.0065185,0.00047122,-2,1,46
4.3968,-2.4248,2.9935,0.00047122,1,1,46
-3.5615,-0.31358,-0.0065185,0.00047122,-2,0,46
2.3356,2.349,-0.0065185,0.00047122,-2,0,46
-1.8455,0.77077,-0.0065185,0.00047122,-2,0,46
0.85447,0.86789,-0.0065185,0.00047122,-2,1,46
-1.273,-0.096183,-0.0065185,0.00047122,-2,0,46
-1.2955,-1.2821,-0.0065185,0.00047122,-2,1,46
1.5595,3.7722,-0.0065185,0.00047122,-2,1,46
1.3262,-0.76666,4.9935,0.00047122,1,1,46
3.172,1.395,-0.0065185,0.00047122,-2,1,46
-0.15315,3.951,-0.0065185,0.00047122,-2,1,46
-1.4295,-1.4161,-0.0065185,0.00047122,-2,0,46
-1.5455,-1.1955,-0.0065185,0.00047122,-2,0,46
-1.313,-1.2996,-3.0065,0.00047122,1,0,46
1.1621,1.1755,-0.0065185,0.00047122,-2,1,46
-5.5455,-1.6447,-0.0065185,0.00047122,-2,0,46
-3.163,-3.1496,-0.0065185,0.00047122,-2,0,46
2.6968,0.61937,4.9935,0.00047122,1,1,46
-6.5615,-5.7981,-0.0065185,0.00047122,-2,0,46
-5.3266,-5.3132,-0.0065185,0.00047122,-2,0,46
-4.127,-4.1136,-0.0065185,0.00047122,-2,0,46
-0.033796,2.271,-0.0065185,0.00047122,-2,1,46
0.82194,-1.527,-0.0065185,0.00047122,-2,1,46
-0.69038,-0.67696,-0.0065185,0.00047122,-2,0,46
0.5951,-0.48414,4.9935,0.00047122,1,1,46
2.5065,2.5199,-0.0065185,0.00047122,-2,1,46
3.4312,2.6552,-0.0065185,0.00047122,-2,1,46
5.3672,2.7802,-0.0065185,0.00047122,-2,1,46
3.3128,4.5762,-0.0065185,0.00047122,-2,1,46
-0.25759,-2.7942,-0.0065185,0.00047122,-2,0,46
1.2272,0.24064,-0.0065185,0.00047122,-2,1,46
0.19381,0.20723,-0.0065185,0.00047122,-2,1,46
2.1654,1.8811,-0.0065185,0.00047122,-2,1,46
-4.1323,-0.73303,-0.0065185,0.00047122,-2,0,46
-4.1118,-4.0984,-0.0065185,0.00047122,-2,0,46
4.1033,3.0067,-0.0065185,0.00047122,-2,1,46
4.0885,4.1019,-0.0065185,0.00047122,-2,1,46
5.0759,2.8472,-0.0065185,0.00047122,-2,1,46
4.0652,4.3286,-0.0065185,0.00047122,-2,1,46
3.4561,3.374,-4.0065,0.00047122,1,0,46
-0.88553,-2.916,-0.0065185,0.00047122,-2,1,46
-0.53903,-5.8721,-0.0065185,0.00047122,-2,0,46
0.092498,0.66091,-0.0065185,0.00047122,-2,0,46
-0.22071,-0.20729,-0.0065185,0.00047122,-2,0,46
-0.48693,-3.2019,-0.0065185,0.00047122,-2,0,46
3.3392,3.3526,-0.0065185,0.00047122,-2,0,47
0.45447,0.85039,-0.0065185,0.00047122,-2,1,47
2.837,-1.6189,-0.0065185,0.00047122,-2,1,47
0.1621,0.17551,-0.0065185,0.00047122,-2,1,47
0.43845,2.2993,-0.0065185,0.00047122,-2,1,47
-0.32664,0.58644,-0.0065185,0.00047122,-2,1,47
-3.8641,0.29934,-0.0065185,0.00047122,-2,0,47
-3.0338,-3.0204,-0.0065185,0.00047122,-2,0,47
-1.1781,-1.1646,-0.0065185,0.00047122,-2,0,47
1.6993,1.7127,-0.0065185,0.00047122,-2,1,47
-4.8455,-1.3341,-0.0065185,0.00047122,-2,0,47
4.727,4.1404,-0.0065185,0.00047122,-2,1,47
-4.0097,-3.9962,2.9935,0.00047122,1,0,47
3.5265,-2.0101,-0.0065185,0.00047122,-2,1,47
-1.5518,-1.5384,-0.0065185,0.00047122,-2,0,47
-2.2955,-6.1496,-0.0065185,0.00047122,-2,0,47
5.4045,1.9729,-0.0065185,0.00047122,-2,1,47
6.8945,6.9079,-0.0065185,0.00047122,-2,0,47
-5.852,-0.7159,-3.0065,0.00047122,1,0,47
-7.0836,-7.5321,-0.0065185,0.00047122,-2,0,47
6.7793,4.6419,-0.0065185,0.00047122,-2,1,47
5.5131,5.8603,-0.0065185,0.00047122,-2,1,47
6.2868,6.5839,-0.0065185,0.00047122,-2,1,47
-5.3355,-4.3839,-3.0065,0.00047122,1,0,47
-4.922,-3.7139,-0.0065185,0.00047122,-2,0,47
3.792,3.1471,-0.0065185,0.00047122,-2,1,47
-1.6649,-2.3383,-0.0065185,0.00047122,-2,0,47
0.43551,0.32304,-0.0065185,0.00047122,-2,1,47
2.1545,3.7404,-0.0065185,0.00047122,-2,1,47
6.5545,6.5679,-0.0065185,0.00047122,-2,1,47
-5.563,-1.5355,-4.0065,0.00047122,1,0,47
-5.8379,-3.8961,-0.0065185,0.00047122,-2,0,47
6.5705,4.4739,-0.0065185,0.00047122,-2,1,47
-5.3266,-4.17,-0.0065185,0.00047122,-2,0,47
-5.127,-3.9293,-0.0065185,0.00047122,-2,0,47
-4.9573,-3.9372,-0.0065185,0.00047122,-2,0,47
-0.813,-2.4005,-0.0065185,0.00047122,-2,0,47
2.6993,2.7127,-0.0065185,0.00047122,-2,1,47
0.41385,1.0455,-0.0065185,0.00047122,-2,1,47
0.35244,-0.48414,4.9935,0.00047122,1,1,47
-2.718,-2.7046,-0.0065185,0.00047122,-2,0,47
-3.6097,-3.5962,-0.0065185,0.00047122,-2,0,47
3.0765,3.0885,3.9935,0.00047122,1,1,47
2.6157,3.4179,4.9935,0.00047122,1,1,47
-2.3727,-2.3593,-0.0065185,0.00047122,-2,0,47
-2.3161,-2.3027,-0.0065185,0.00047122,-2,0,47
1.277,3.361,-0.0065185,0.00047122,-2,1,47
-1.2271,-1.0637,-0.0065185,0.00047122,-2,0,47
-0.1924,-0.17899,-0.0065185,0.00047122,-2,0,47
0.17182,0.90773,4.9935,0.00047122,1,1,47
1.8622,-4.3744,-0.0065185,0.00047122,-2,1,47
1.5836,-2.5946,-0.0065185,1.0005,-1,1,47
-2.4405,-1.4271,-0.0065185,0.00047122,-2,0,47
-2.0738,-2.0604,1.9935,0.00047122,1,0,47
-6.0395,0.67388,-0.0065185,0.00047122,-2,0,47
-3.8829,-3.8695,-0.0065185,0.00047122,-2,0,47
-3.2998,-4.3489,-5.0065,0.00047122,1,0,47
-3.6367,-4.8733,-0.0065185,0.00047122,-2,0,47
-1.5405,0.17597,-0.0065185,0.00047122,-2,0,47
1.4677,1.201,-0.0065185,0.00047122,-2,1,47
0.39822,-0.81883,-0.0065185,0.00047122,-2,1,47
2.6698,2.6832,-0.0065185,0.00047122,-2,1,47
-0.44553,0.0082912,-0.0065185,0.00047122,-2,0,47
0.38697,-2.6635,2.9935,0.00047122,1,1,47
-1.163,-2.0953,-0.0065185,0.00047122,-2,1,47
-1.1455,-0.97449,-0.0065185,0.00047122,-2,1,47
2.282,0.99539,-0.0065185,0.00047122,-2,1,47
0.55447,-0.53711,-0.0065185,0.00047122,-2,0,47
1.3045,1.3179,-0.0065185,0.00047122,-2,0,47
-1.1005,-0.37949,-2.0065,0.00047122,1,1,47
-1.7673,-1.7539,-0.0065185,0.00047122,-2,0,47
-7.5455,-7.5321,-0.0065185,0.00047122,-2,0,47
-3.163,-3.1496,-0.0065185,0.00047122,-2,0,47
0.84685,0.061901,-0.0065185,0.00047122,-2,0,47
-0.71155,-0.69813,-4.0065,0.00047122,1,0,47
0.67336,0.68677,-0.0065185,0.00047122,-2,1,47
-2.2955,-2.2821,-0.0065185,0.00047122,-2,0,47
-2.3955,-3.6904,-0.0065185,0.00047122,-2,0,47
-0.10553,1.2559,-0.0065185,0.00047122,-2,0,47
-0.44553,0.11139,-0.0065185,0.00047122,-2,1,47
0.38697,1.9538,3.9935,0.00047122,1,1,47
-1.163,-1.5397,-0.0065185,0.00047122,-2,0,47
2.1621,-2.0221,-0.0065185,0.00047122,-2,1,47
2.4045,2.4179,-0.0065185,0.00047122,-2,1,47
0.89447,0.90789,-0.0065185,0.00047122,-2,0,47
-0.69553,-0.11356,-0.0065185,0.00047122,-2,0,47
-2.5505,0.53591,-0.0065185,0.00047122,-2,1,47
2.1762,2.1896,3.9935,0.00047122,1,0,47
2.9605,3.323,-0.0065185,0.00047122,-2,0,47
1.1171,1.1305,-0.0065185,0.00047122,-2,0,47
-2.2412,-1.9366,-0.0065185,0.00047122,-2,0,47
3.5545,3.5679,-0.0065185,0.00047122,-2,1,47
3.022,1.6404,4.9935,0.00047122,1,1,47
-1.8379,-5.7407,-0.0065185,0.00047122,-2,1,47
2.0045,1.5839,-0.0065185,0.00047122,-2,1,47
-1.2955,-1.2821,-0.0065185,0.00047122,-2,0,47
-1.1005,3.7594,-5.0065,0.00047122,1,0,47
-1.163,-6.3996,-0.0065185,0.00047122,-2,1,47
1.8545,-2.5946,-0.0065185,0.00047122,-2,1,47
-0.71803,1.4856,-0.0065185,0.00047122,-2,1,47
2.0045,2.0179,-0.0065185,0.00047122,-2,0,47
-2.9955,-4.1402,-0.0065185,0.00047122,-2,0,47
-0.44553,2.5679,-0.0065185,0.00047122,-2,0,47
-0.37803,-2.155,-4.0065,0.00047122,1,1,47
-2.1532,-3.3821,-0.0065185,0.00047122,-2,0,47
-3.3955,0.017889,-0.0065185,0.00047122,-2,0,47
-3.8855,0.24951,-0.0065185,0.00047122,-2,0,47
1.461,3.3244,-0.0065185,0.00047122,-2,1,47
-1.2336,0.86789,-1.0065,0.00047122,1,0,47
-1.0478,-0.83211,-5.0065,0.00047122,1,0,47
1.5131,1.5265,-0.0065185,0.00047122,-2,1,47
-1.7132,-1.6998,-0.0065185,0.00047122,-2,0,47
1.4645,2.5679,1.9935,0.00047122,1,1,47
5.172,-0.89214,-0.0065185,0.00047122,-2,1,47
4.3968,0.34936,-4.0065,0.00047122,1,1,47
5.5705,5.5839,-0.0065185,0.00047122,-2,1,47
3.3356,-4.475,-0.0065185,0.00047122,-2,1,47
0.13592,2.8493,-0.0065185,0.00047122,-2,1,47
0.9662,-1.9902,-0.0065185,0.00047122,-2,1,47
-0.813,-0.79958,-0.0065185,0.00047122,-2,1,47
4.0045,4.0179,-0.0065185,0.00047122,-2,1,47
-3.9955,-3.9821,-0.0065185,0.00047122,-2,0,47
-3.3955,-0.58664,-3.0065,0.00047122,1,0,47
-3.9955,-2.5321,-0.0065185,0.00047122,-2,0,47
3.4045,0.017889,-0.0065185,0.00047122,-1,1,47
-3.9955,-3.9821,-0.0065185,0.00047122,-2,0,47
-3.3955,-2.4386,-4.0065,0.00047122,1,0,47
3.0045,3.4179,-0.0065185,0.00047122,-2,1,47
-4.9955,-2.5321,-0.0065185,0.00047122,-2,0,47
-2.9955,-2.9821,-0.0065185,0.00047122,-2,0,47
2.5545,3.6304,-4.0065,0.00047122,1,1,47
-2.9955,-2.9821,-0.0065185,0.00047122,-2,0,47
-4.9955,2.9079,-0.0065185,0.00047122,-2,0,47
-0.99553,-4.2321,-0.0065185,0.00047122,-2,0,47
-1.9955,-1.9821,-0.0065185,0.00047122,-2,0,47
-0.99553,-0.98211,-0.0065185,0.00047122,-2,1,47
2.0045,-0.59624,-0.0065185,0.00047122,-2,1,47
4.7045,2.4959,-0.0065185,0.00047122,-2,1,47
3.9995,-0.42582,4.9935,0.00047122,1,1,47
-0.76728,-2.3593,-0.0065185,0.00047122,-2,1,47
2.9605,-4.6386,-0.0065185,0.00047122,-2,1,47
-2.3955,-2.3821,-0.0065185,0.00047122,-2,0,47
-2.0355,-5.8721,-0.0065185,-2.9995,-1,0,47
-1.7295,-2.6355,-5.0065,0.00047122,1,0,47
-0.083552,-6.3201,-0.0065185,0.00047122,-2,1,47
-1.2955,3.3208,-0.0065185,0.00047122,-2,0,47
3.5545,1.7261,-0.0065185,0.00047122,-2,1,47
-3.013,0.32597,-5.0065,0.00047122,1,0,47
0.1621,0.17551,-0.0065185,0.00047122,-2,0,47
2.4385,-5.1606,-0.0065185,0.00047122,-2,1,47
0.40447,0.41789,-0.0065185,0.00047122,-2,1,47
-1.1055,-6.5921,-0.0065185,0.00047122,-2,0,47
-1.3955,-1.3821,-0.0065185,0.00047122,-2,0,47
0.89447,-2.4189,-0.0065185,0.00047122,-2,0,47
-0.75203,-0.73861,-3.0065,0.00047122,1,0,47
-4.0836,-4.0701,-0.0065185,0.00047122,-2,0,47
-3.7703,-0.8673,-0.0065185,0.00047122,-2,0,47
-6.5041,-6.8245,-0.0065185,0.00047122,-2,0,47
-4.2778,-4.5481,-0.0065185,0.00047122,-2,0,47
-2.0855,-2.3003,-0.0065185,0.00047122,-2,0,47
-0.92199,-1.9636,-0.0065185,0.00047122,-2,0,47
1.792,0.97962,-0.0065185,0.00047122,-2,1,47
0.3351,-1.5015,-0.0065185,0.00047122,-2,1,47
-1.8455,-0.13726,-0.0065185,0.00047122,-2,0,47
2.282,2.2954,-0.0065185,0.00047122,-2,1,47
3.5545,3.5679,-0.0065185,0.00047122,-2,1,47
2.172,2.1854,-0.0065185,0.00047122,-2,1,47
-2.8379,-0.46011,-0.0065185,0.00047122,-2,0,47
-6.5615,0.14102,-0.0065185,0.00047122,-2,0,47
5.5856,5.599,-3.0065,0.00047122,1,0,47
-1.608,4.5679,-0.0065185,0.00047122,-2,1,47
-3.0662,-2.7802,-0.0065185,0.00047122,-2,1,47
-3.6056,0.86026,-0.0065185,0.00047122,-2,0,47
-4.8455,-3.9821,-0.0065185,0.00047122,-2,0,47
-4.118,0.29539,-0.0065185,1.0005,-1,0,47
-1.3184,-3.004,0.99348,0.00047122,1,0,48
-0.3161,-0.30269,-0.0065185,0.00047122,-2,0,48
0.0044729,0.017889,-0.0065185,0.00047122,-2,0,48
-1.9955,-1.368,-0.0065185,0.00047122,-2,0,48
0.30447,0.3262,-0.0065185,0.00047122,-2,1,48
-1.6955,1.4629,-0.0065185,0.00047122,-2,0,48
2.4495,0.017889,-0.0065185,0.00047122,-2,1,48
3.2327,3.2461,-0.0065185,0.00047122,-2,0,48
3.7045,3.7179,-0.0065185,0.00047122,-2,1,48
-2.6955,-0.59624,-0.0065185,0.00047122,-2,0,48
-5.4405,-3.9821,-0.0065185,0.00047122,-2,0,48
4.6327,0.74039,3.9935,0.00047122,1,0,48
-2.8855,-3.3821,-0.0065185,0.00047122,-2,0,48
0.0044729,0.017889,-0.0065185,0.00047122,-2,1,48
1.0045,0.77219,-0.0065185,0.00047122,-2,1,48
-0.14553,1.245,-0.0065185,0.00047122,-2,1,48
0.72697,0.74039,-0.0065185,0.00047122,-2,1,48
-0.60965,0.12626,1.9935,0.00047122,1,0,48
2.5265,-1.1601,-0.0065185,0.00047122,-2,0,48
-2.1392,-1.6821,-0.0065185,0.00047122,-1,1,48
-0.55053,-3.2104,-0.0065185,0.00047122,-2,0,48
-1.2238,-1.2104,-0.0065185,0.00047122,-2,0,48
1.0485,-0.86952,-3.0065,0.00047122,1,0,48
-1.8829,1.5679,-0.0065185,0.00047122,-2,0,48
-0.14553,-0.83361,-0.0065185,0.00047122,-2,1,48
-3.273,0.19541,-0.0065185,0.00047122,-2,0,48
0.40447,0.41789,-0.0065185,0.00047122,-2,1,48
-1.1055,-1.0921,-0.0065185,0.00047122,-2,0,48
0.94797,-0.23928,3.9935,0.00047122,1,1,48
1.8945,3.4838,-0.0065185,0.00047122,-2,1,48
-0.45203,-0.43861,-0.0065185,0.00047122,-2,1,48
-0.69553,-1.6345,-0.0065185,0.00047122,-2,1,48
-3.1455,-3.9416,-0.0065185,0.00047122,-2,1,48
-3.273,0.21838,-0.0065185,0.00047122,-2,1,48
-3.3814,-3.9529,-0.0065185,0.00047122,-2,1,48
-2.4735,-2.4601,-0.0065185,0.00047122,-2,0,48
0.45447,-2.511,-0.0065185,0.00047122,-2,0,48
0.38697,0.40039,-5.0065,0.00047122,1,0,48
1.1621,-6.0069,-0.0065185,0.00047122,-2,1,48
1.4545,1.4679,-0.0065185,0.00047122,-2,0,48
-0.82803,-4.3839,-0.0065185,0.00047122,-2,0,48
0.7121,0.72551,-4.0065,0.00047122,1,1,48
-0.82803,-0.81461,-0.0065185,0.00047122,-2,0,48
0.7121,1.7504,-1.0065,0.00047122,1,0,48
0.43845,1.6244,-0.0065185,0.00047122,-2,1,48
-0.29553,0.10591,-0.0065185,0.00047122,-2,1,48
-1.5505,1.2907,-0.0065185,0.00047122,-2,0,48
-1.3173,0.81941,3.9935,0.00047122,1,0,48
-3.163,3.0552,-0.0065185,0.00047122,-2,0,48
-2.8379,-2.8245,-0.0065185,0.00047122,-2,0,48
-3.5615,-0.96667,-0.0065185,0.00047122,-2,0,48
-5.3266,-3.0132,-0.0065185,0.00047122,-2,0,48
4.1359,4.5493,-0.0065185,0.00047122,-2,1,48
-3.9573,-3.4938,-0.0065185,0.00047122,-2,0,48
-3.363,-2.6689,-3.0065,0.00047122,1,0,48
-2.6904,-3.227,-0.0065185,0.00047122,-2,0,48
4.5951,2.3085,-0.0065185,0.00047122,-2,1,48
4.5065,4.5199,-0.0065185,0.00047122,-2,1,48
4.4312,4.4446,-0.0065185,0.00047122,-2,1,48
-3.3582,-2.8013,-0.0065185,0.00047122,-2,0,48
-4.3038,-4.2904,-0.0065185,0.00047122,-2,0,48
3.6665,2.4475,2.9935,0.00047122,1,1,48
2.2272,2.2406,-0.0065185,0.00047122,-2,1,48
2.1938,2.2072,-0.0065185,0.00047122,-2,1,48
-4.1565,-1.9854,-0.0065185,0.00047122,-2,0,48
5.1413,3.5547,-0.0065185,0.00047122,-2,1,48
-1.1118,-4.2516,-0.0065185,0.00047122,-2,0,48
-0.94436,-0.84865,-3.0065,0.00047122,1,0,48
2.0885,2.1019,-0.0065185,0.00047122,-2,1,48
2.0759,2.0893,-0.0065185,0.00047122,-2,1,48
-1.7562,-0.99227,-0.0065185,-0.99953,-1,0,48
-4.0471,-1.5568,-0.0065185,0.00047122,-2,0,48
3.4483,3.4617,-2.0065,0.00047122,1,0,48
-5.8855,-2.8783,-0.0065185,0.00047122,-2,1,48
-4.452,-1.0871,-0.0065185,0.00047122,-2,1,48
-5.0836,-3.7701,-0.0065185,0.00047122,-2,1,48
-2.7703,-1.4881,-0.0065185,0.00047122,-2,0,48
-2.8455,-2.3407,-0.0065185,0.00047122,-2,0,48
-2.418,-3.5245,-5.0065,0.00047122,1,0,48
-2.6097,-4.8462,-0.0065185,0.00047122,-2,0,48
-1.5175,-1.5041,-0.0065185,0.00047122,-2,0,48
-3.4392,-1.8708,-0.0065185,0.00047122,-2,0,48
-4.3727,-2.9093,-0.0065185,0.00047122,-2,0,48
-4.3161,-4.1996,-0.0065185,0.00047122,-2,0,48
-0.26802,-0.67696,-0.0065185,0.00047122,-2,0,48
-0.22714,-3.1037,-4.0065,0.00047122,1,0,48
2.2013,2.5199,-0.0065185,0.00047122,-2,1,48
3.1718,3.4446,-0.0065185,0.00047122,-2,1,48
2.1467,2.3806,-0.0065185,0.00047122,-2,1,48
1.1254,1.3262,-0.0065185,0.00047122,-2,1,48
-0.9483,-1.8597,2.9935,0.00047122,1,0,48
0.91712,2.4805,-0.0065185,0.00047122,-2,1,48
-3.1455,0.67855,-0.0065185,0.00047122,-2,0,48
-3.3955,-0.14305,-0.0065185,0.00047122,-2,0,48
-2.8855,-1.3061,3.9935,0.00047122,1,1,48
-2.9955,3.3016,-0.0065185,0.00047122,-2,1,48
-2.9955,-0.092111,-0.0065185,0.00047122,-2,1,48
-1.9955,-1.1879,-0.0065185,0.00047122,-2,0,48
-3.6955,0.40591,-0.0065185,0.00047122,-2,0,48
-3.4405,-3.4271,-0.0065185,0.00047122,-2,0,48
3.2327,2.6911,-0.0065185,0.00047122,-2,1,48
-2.7395,-2.7261,3.9935,0.00047122,1,0,48
-1.8829,-1.9438,-0.0065185,0.00047122,-2,0,48
1.7588,-2.1178,-0.0065185,0.00047122,-2,1,48
0.64563,0.65904,-0.0065185,0.00047122,-2,1,48
0.54945,-2.4371,-0.0065185,-2.9995,-1,1,48
-2.4588,-1.0595,-0.0065185,0.00047122,-2,0,48
2.0982,2.1116,-4.0065,0.00047122,1,1,48
5.3392,5.3526,-0.0065185,0.00047122,-2,1,48
3.289,3.3024,-0.0065185,0.00047122,-2,1,48
3.2463,3.2597,-0.0065185,0.00047122,-2,1,48
-3.2011,-3.2049,-0.0065185,0.00047122,-2,0,48
-2.7202,1.6034,3.9935,0.00047122,1,0,48
2.153,-3.2336,-0.0065185,0.00047122,-2,1,48
1.1307,1.1441,-0.0065185,0.00047122,-2,1,48
-3.1028,-1.5344,-0.0065185,0.00047122,-2,0,48
2.0957,2.6591,-0.0065185,0.00047122,-2,1,48
1.082,1.0954,-0.0065185,0.00047122,-2,1,48
1.0704,1.0838,-0.0065185,0.00047122,-2,1,48
-2.0515,-2.0428,-0.0065185,0.00047122,-2,0,48
-1.7431,-1.0777,3.9935,0.00047122,1,0,48
-2.036,-2.0226,-0.0065185,0.00047122,-2,0,48
0.97008,0.98349,-0.0065185,0.00047122,-2,0,48
-2.0248,2.4427,-0.0065185,0.00047122,-2,0,48
-1.7204,-1.707,-5.0065,0.00047122,1,0,48
-0.01665,-0.0032345,-0.0065185,0.00047122,-2,0,48
2.9865,2.9999,-0.0065185,0.00047122,-2,0,48
0.019734,3.1038,-0.0065185,0.00047122,-2,1,48
-0.0084994,0.0049165,-5.0065,0.00047122,1,0,48
-0.0065535,0.0059388,-0.0065185,0.00047122,-2,0,48
-4.0049,-3.6048,-0.0065185,0.00047122,-2,0,48
-1.0035,-3.3907,-0.0065185,0.00047122,-2,0,48
-2.9888,0.87466,-0.0065185,0.00047122,-2,1,48
-2.9898,-2.9764,-0.0065185,0.00047122,-2,1,48
1.9996,2.1801,-0.0065185,0.00047122,-2,1,48
-0.69553,-1.678,-0.0065185,0.00047122,-2,0,48
0.59947,0.61289,-3.0065,0.00047122,1,1,48
1.2327,-1.201,-0.0065185,0.00047122,-2,1,48
-0.95151,-0.85066,-0.0065185,0.00047122,-2,1,48
1.1171,1.1305,-0.0065185,0.00047122,-2,1,48
1.7045,1.7179,-0.0065185,0.00047122,-2,1,48
-1.4405,0.71274,-5.0065,0.00047122,1,0,48
-1.2238,-4.2321,-0.0065185,0.00047122,-2,0,48
1.0485,1.0619,-0.0065185,0.00047122,-2,1,48
-2.8829,-0.86952,-0.0065185,0.00047122,-2,0,48
2.4588,2.4722,-2.0065,0.00047122,1,1,48
1.3633,2.0179,-0.0065185,0.00047122,-2,0,48
0.54945,0.56287,-0.0065185,0.00047122,-2,1,48
-3.5323,-3.5189,-0.0065185,0.00047122,-2,0,48
-1.3955,-1.3821,-0.0065185,0.00047122,-2,1,48
-2.2955,-2.2821,-0.0065185,0.00047122,-2,1,48
1.9595,0.77219,1.9935,0.00047122,1,0,48
0.77622,2.0179,-0.0065185,0.00047122,-2,1,48
0.70447,0.67388,-0.0065185,0.00047122,-2,1,48
0.59947,0.39614,-2.0065,0.00047122,1,1,48
3.2327,3.0619,-0.0065185,0.00047122,-2,1,48
2.0485,1.9053,-0.0065185,0.00047122,-2,1,48
1.8919,1.7722,-0.0065185,0.00047122,-2,1,48
-0.24123,-0.22781,-0.0065185,0.00047122,-2,1,48
-0.35437,-0.22837,-0.0065185,0.00047122,-2,0,48
0.85447,0.30895,-0.0065185,0.00047122,-2,1,48
-4.718,-4.7046,-0.0065185,0.00047122,-2,0,48
-4.6097,-0.59624,-0.0065185,0.00047122,-2,0,48
-4.5175,-3.9041,-0.0065185,0.00047122,-2,0,48
-2.4392,-3.7759,-0.0065185,0.00047122,-2,0,48
-0.37268,-0.3168,-0.0065185,0.00047122,-2,0,48
0.32505,1.7474,4.9935,0.00047122,1,1,48
-4.268,-4.2546,-0.0065185,0.00047122,-2,0,48
2.2361,2.2234,-0.0065185,0.00047122,-2,1,48
-2.1924,-3.2274,-0.0065185,0.00047122,-2,0,48
-2.1629,-2.1306,-0.0065185,0.00047122,-2,0,48
-4.1378,-4.1083,-0.0065185,0.00047122,-2,0,48
-2.2412,-2.7096,-0.0065185,0.00047122,-2,1,49
-1.5455,-1.5321,-0.0065185,0.00047122,-2,0,49
0.85447,-0.30269,-0.0065185,0.00047122,-2,1,49
3.0045,3.0179,-0.0065185,0.00047122,-2,1,49
-1.9955,0.23642,-0.0065185,0.00047122,-2,0,49
1.0045,2.9036,-0.0065185,0.00047122,-2,0,49
0.85447,4.6208,-0.0065185,3.0005,-1,1,49
2.727,4.5679,-0.0065185,0.00047122,-2,1,49
-1.3814,0.18539,-0.0065185,0.00047122,-2,1,49
-2.4735,-1.1397,-0.0065185,0.00047122,-2,1,49
1.5608,-1.5481,-0.0065185,0.00047122,-2,0,49
1.6273,2.2148,-0.0065185,0.00047122,-2,0,49
-1.3749,-0.29566,-2.0065,0.00047122,1,1,49
-2.268,0.75616,-0.0065185,0.00047122,-2,1,49
1.3045,4.4629,-0.0065185,0.00047122,-2,1,49
1.5595,4.2461,-0.0065185,0.00047122,-2,1,49
-2.7673,-2.7539,-0.0065185,0.00047122,-2,0,49
-1.9515,-1.9381,-0.0065185,0.00047122,-2,0,49
1.6671,0.8353,3.9935,0.00047122,1,1,49
-3.2412,-2.6278,-0.0065185,0.00047122,-2,0,49
1.3633,3.9629,-0.0065185,0.00047122,-2,1,49
-1.5405,-0.51888,-0.0065185,0.00047122,-2,1,49
-1.3088,1.4116,-0.0065185,1.0005,-1,1,49
-1.1118,1.5808,3.9935,0.00047122,1,1,49
-2.3302,3.0832,-0.0065185,0.00047122,-2,0,49
-0.29553,-0.28211,-0.0065185,0.00047122,-2,1,49
1.5595,-1.2216,-0.0065185,0.00047122,-2,1,49
-0.54553,-0.53211,-0.0065185,0.00047122,-2,1,49
1.7045,1.7179,-0.0065185,0.00047122,-2,1,49
1.5595,1.6527,-0.0065185,0.00047122,-2,1,49
1.3262,-1.1031,-4.0065,0.00047122,1,0,49
1.9605,1.9739,-0.0065185,0.00047122,-2,1,49
-2.5455,-1.8245,-0.0065185,0.00047122,-2,0,49
2.172,2.1854,-0.0065185,0.00047122,-2,1,49
-1.8379,-0.31323,-0.0065185,1.0005,-1,1,49
-0.99553,0.73391,-0.0065185,0.00047122,-2,1,49
-3.8455,-0.15959,-0.0065185,0.00047122,-2,0,49
-6.5455,-6.5321,-0.0065185,0.00047122,-2,0,49
-6.163,-1.6862,-0.0065185,0.00047122,-2,0,49
-5.2379,-5.2245,-4.0065,0.00047122,1,0,49
4.5705,4.9839,-0.0065185,0.00047122,-2,1,49
-2.3266,-3.2015,-0.0065185,0.00047122,-2,0,49
-5.127,-4.5511,-0.0065185,0.00047122,-2,0,49
-4.3573,-1.1882,1.9935,0.00047122,1,0,49
3.8219,3.8354,-0.0065185,0.00047122,-2,1,49
-4.6904,0.76804,-0.0065185,0.00047122,-2,0,49
-3.5862,-3.5727,-0.0065185,0.00047122,-2,0,49
-4.4976,-4.2346,-0.0065185,0.00047122,-2,0,49
-3.4223,-3.4088,-0.0065185,0.00047122,-2,0,49
2.9172,2.4686,-2.0065,0.00047122,1,0,49
1.837,5.7179,-0.0065185,0.00047122,-2,0,49
-0.59553,-4.1139,-0.0065185,0.00047122,-2,0,49
-0.10553,-1.3764,-0.0065185,0.00047122,-2,0,49
-0.45203,-0.43861,-0.0065185,0.00047122,-2,1,49
-0.083552,-0.070136,-0.0065185,0.00047122,-2,1,49
-0.22071,-1.8933,-0.0065185,0.00047122,-2,0,49
0.19587,0.20929,-3.0065,0.00047122,1,0,49
-1.4405,-1.4768,-0.0065185,0.00047122,-2,1,49
-0.22378,2.1854,-0.0065185,0.00047122,-2,1,49
0.96046,-0.17612,-0.0065185,0.00047122,-2,1,49
1.1171,3.2839,-0.0065185,0.00047122,-2,1,49
2.2502,4.349,-0.0065185,0.00047122,-2,1,49
-0.35437,-0.34096,-0.0065185,0.00047122,-2,0,49
0.30949,-1.0204,-0.0065185,-1.9995,-1,0,49
3.727,0.59867,-0.0065185,0.00047122,-2,1,49
3.5545,1.1229,-0.0065185,0.00047122,-2,1,49
4.172,0.5332,-0.0065185,0.00047122,-2,1,49
4.8468,3.5603,-0.0065185,0.00047122,-2,1,49
4.1205,4.1339,3.9935,0.00047122,1,0,49
5.172,1.9798,-0.0065185,0.00047122,-2,1,49
3.5545,0.84318,-0.0065185,0.00047122,-2,1,49
-5.163,-2.2901,-0.0065185,0.00047122,-2,0,49
4.8468,2.4417,-0.0065185,0.00047122,-2,1,49
4.1205,4.1339,-4.0065,0.00047122,1,0,49
-4.163,-2.0584,-0.0065185,0.00047122,-2,0,49
1.7045,-2.9496,-0.0065185,0.00047122,-2,1,49
1.4495,1.4629,-0.0065185,0.00047122,-2,0,49
-1.9955,0.073896,-0.0065185,0.00047122,-2,0,49
3.7045,3.7179,-0.0065185,0.00047122,-2,1,49
3.1495,-0.022577,4.9935,0.00047122,1,1,49
0.77622,-4.1977,-0.0065185,0.00047122,-2,1,49
-0.69553,-0.6381,-0.0065185,0.00047122,-2,0,49
-1.4405,-1.4271,-0.0065185,0.00047122,-2,1,49
-1.9955,-3.3146,-0.0065185,0.00047122,-2,0,49
-0.99553,-1.5962,-0.0065185,0.00047122,-2,0,49
1.0045,1.4629,-0.0065185,0.00047122,-2,1,49
0.85447,0.86789,2.9935,0.00047122,1,1,49
3.0045,2.6407,-0.0065185,0.00047122,-2,1,49
0.45447,-2.5321,-0.0065185,0.00047122,-2,0,49
-1.828,-0.36461,-0.0065185,0.00047122,-2,0,49
-1.3955,-0.14961,-0.0065185,0.00047122,-2,1,49
1.1945,4.239,-5.0065,0.00047122,1,1,49
-1.539,1.0294,-0.0065185,0.00047122,-2,0,49
-1.3955,0.78964,-0.0065185,0.00047122,-2,0,49
1.1145,2.9739,-0.0065185,0.00047122,-2,0,49
-0.93903,3.5153,-4.0065,0.00047122,1,1,49
-0.9075,-2.2278,-0.0065185,0.00047122,-2,1,49
-2.2207,-3.341,-0.0065185,0.00047122,-2,0,49
0.60447,0.61789,-0.0065185,0.00047122,-2,1,49
-0.50553,-5.2644,-0.0065185,-3.9995,-1,0,49
-1.8855,-1.0973,-0.0065185,0.00047122,-2,0,49
0.54797,2.0914,-0.0065185,0.00047122,-2,1,49
-0.4575,1.3834,-5.0065,0.00047122,1,0,49
2.172,6.4354,-0.0065185,0.00047122,-2,0,49
-2.9955,-0.50412,-0.0065185,0.00047122,-2,0,49
-0.44553,5.6385,-0.0065185,0.00047122,-2,1,49
-0.37803,2.395,-0.0065185,2.0005,-1,0,49
3.172,3.1854,-0.0065185,0.00047122,-2,1,49
-2.6879,-0.25847,3.9935,0.00047122,1,0,49
4.5705,-1.8161,-0.0065185,0.00047122,-2,1,49
4.3356,4.349,-0.0065185,0.00047122,-2,1,49
5.1359,5.1493,-0.0065185,0.00047122,-2,1,49
-4.9573,-3.2278,-0.0065185,0.00047122,-2,0,49
-4.213,-2.3656,-4.0065,0.00047122,1,0,49
4.6993,4.1127,-0.0065185,0.00047122,-2,1,49
-4.5862,-3.9727,-0.0065185,0.00047122,-2,0,49
-2.4976,-1.5884,-0.0065185,0.00047122,-2,0,49
2.4312,3.3346,-0.0065185,0.00047122,-2,1,49
1.3672,1.3806,-0.0065185,0.00047122,-2,1,49
-0.68722,-0.6738,-0.0065185,0.00047122,-2,1,49
-2.2576,-1.7766,-0.0065185,0.00047122,-2,0,49
-1.9183,-1.2489,1.9935,0.00047122,1,0,49
-4.1849,-3.8336,-0.0065185,0.00047122,-2,0,49
-3.1565,-3.1431,-0.0065185,0.00047122,-2,0,49
-5.1323,-4.8748,-0.0065185,0.00047122,-2,0,49
-4.3618,1.1531,1.9935,0.00047122,1,0,49
-4.0944,-3.9046,-0.0065185,0.00047122,-2,0,49
-4.0795,1.3789,-0.0065185,0.00047122,-2,0,49
-4.0669,-4.0535,-0.0065185,0.00047122,-2,0,49
3.4652,2.9686,4.9935,0.00047122,1,1,49
5.0561,5.0695,-0.0065185,0.00047122,-2,1,49
-3.0394,-2.9477,-0.0065185,0.00047122,-2,0,49
4.0417,4.0552,-0.0065185,0.00047122,-2,1,49
3.0362,3.0496,-0.0065185,0.00047122,-2,1,49
0.031405,0.044821,-0.0065185,0.00047122,-2,1,49
0.027365,0.040781,-0.0065185,0.00047122,-2,1,49
1.0239,1.0373,-0.0065185,0.00047122,-2,1,49
-0.86207,-1.3611,-5.0065,0.00047122,1,0,49
1.9904,-4.2211,-0.0065185,0.00047122,-2,0,49
1.9925,2.0273,-0.0065185,0.00047122,-2,0,49
-0.0056845,0.025855,-0.0065185,0.00047122,-2,0,49
0.99584,1.0247,-0.0065185,0.00047122,-2,0,49
0.84713,1.0546,-5.0065,0.00047122,1,0,49
-3.0018,-2.9883,-0.0065185,0.00047122,-2,0,49
-1.0008,-0.98741,-0.0065185,0.00047122,-2,0,49
2.009,3.093,-0.0065185,0.00047122,-2,1,49
-1.6994,-1.6859,-5.0065,0.00047122,1,0,49
-0.99227,4.2711,-0.0065185,0.00047122,-2,1,49
0.0017051,0.86512,-0.0065185,0.00047122,-2,0,49
1.0021,1.0197,-0.0065185,0.00047122,-2,0,49
-0.99753,0.019457,-0.0065185,0.00047122,-2,0,49
0.0027731,0.019222,-0.0065185,0.00047122,-2,0,49
0.0030281,-0.70606,-0.0065185,0.00047122,-2,0,49
0.0032448,0.018852,-5.0065,0.00047122,1,0,49
-0.99657,-4.2332,-0.0065185,0.00047122,-2,0,49
0.0035856,-0.83142,-0.0065185,0.00047122,-2,0,49
2.0052,2.0186,-0.0065185,0.00047122,-2,1,49
0.005114,0.01853,-0.0065185,0.00047122,-2,1,49
0.0050178,0.018434,-0.0065185,0.00047122,-2,1,49
0.0040098,0.018252,-0.0065185,0.00047122,-2,0,49
-4.9959,-4.9818,-0.0065185,0.00047122,-2,0,49
-3.9959,-3.9818,-0.0065185,0.00047122,-2,0,49
3.0048,3.0182,-0.0065185,0.00047122,-2,1,49
-3.9958,-3.9819,-0.0065185,0.00047122,-2,0,49
-3.9957,0.017683,-0.0065185,0.00047122,-2,0,49
-2.9957,-3.382,-0.0065185,0.00047122,-2,0,49
2.0046,2.018,-0.0065185,0.00047122,-2,1,49
-0.99565,-2.1497,-0.0065185,0.00047122,-2,0,49
-0.84563,-0.83203,3.9935,0.00047122,1,0,49
4.0046,4.018,-0.0065185,0.00047122,-2,1,49
-2.9956,2.9078,-0.0065185,0.00047122,-2,0,49
-2.9956,-2.9821,-0.0065185,0.00047122,-2,0,49
-2.9956,-2.9821,-0.0065185,0.00047122,-2,0,49
3.0045,1.8603,-0.0065185,0.00047122,-2,1,49
7.4045,4.632,-0.0065185,0.00047122,-2,1,50
-2.3955,-2.6405,-0.0065185,0.00047122,-2,0,50
1.8945,-1.029,-0.0065185,0.00047122,-2,0,50
-1.8455,1.7519,-0.0065185,0.00047122,-2,0,50
-1.718,-1.7046,-0.0065185,0.00047122,-2,0,50
2.3903,2.4038,-0.0065185,0.00047122,-2,1,50
-0.54553,2.632,-0.0065185,0.00047122,-2,0,50
0.47197,1.8082,0.99348,0.00047122,1,1,50
2.1621,-0.38841,-0.0065185,0.00047122,-2,1,50
1.4045,-2.7046,-0.0065185,0.00047122,-2,1,50
-0.10553,-3.5962,-0.0065185,0.00047122,-2,1,50
0.54797,1.6713,-0.0065185,0.00047122,-2,1,50
0.46645,-1.1084,-3.0065,0.00047122,1,1,50
-1.828,-3.1646,-0.0065185,0.00047122,-2,0,50
0.40447,0.34301,-0.0065185,0.00047122,-2,0,50
-0.54553,0.45187,-0.0065185,0.00047122,-2,0,50
-1.828,-1.8146,-0.0065185,0.00047122,-2,0,50
2.4045,2.2864,-0.0065185,0.00047122,-2,0,50
-2.0355,-0.7952,-4.0065,0.00047122,1,0,50
2.461,3.4179,-0.0065185,0.00047122,-2,1,50
-2.0836,-1.2644,-0.0065185,0.00047122,-2,0,50
-1.7703,-1.9166,2.9935,0.00047122,1,1,50
3.0045,1.6414,-0.0065185,0.00047122,-2,1,50
2.5545,2.945,-2.0065,0.00047122,1,1,50
4.0045,-1.3615,-0.0065185,0.00047122,-2,1,50
5.0045,6.5839,-0.0065185,0.00047122,-2,1,50
1.0045,1.2495,-0.0065185,0.00047122,-2,1,50
5.0045,2.6713,-0.0065185,0.00047122,-2,1,50
1.0045,5.2296,-0.0065185,0.00047122,-2,1,50
-1.9955,1.0101,-0.0065185,0.00047122,-2,0,50
1.7045,-1.3995,-3.0065,0.00047122,1,1,50
-2.4405,3.182,-0.0065185,0.00047122,-2,0,50
-2.2238,-0.46011,-0.0065185,0.00047122,-2,0,50
-1.0395,0.46159,-0.0065185,0.00047122,-2,0,50
-0.88294,-1.4836,-0.0065185,0.00047122,-2,0,50
-1.7498,-1.7364,-0.0065185,0.00047122,-2,0,50
-1.6367,0.29038,-0.0065185,0.00047122,-2,1,50
3.1545,4.0179,-0.0065185,0.00047122,-2,1,50
3.282,-1.1678,-0.0065185,0.00047122,-2,1,50
2.7903,3.4179,2.9935,0.00047122,1,1,50
0.48247,2.0459,-0.0065185,0.00047122,-2,1,50
-0.43923,-0.42582,-0.0065185,0.00047122,-2,0,50
-1.9955,-1.9821,-0.0065185,0.00047122,-2,0,50
-1.6955,0.017889,-3.0065,0.00047122,1,0,50
-3.9955,-3.4601,-0.0065185,0.00047122,-2,0,50
-2.9955,-2.9821,-0.0065185,0.00047122,-2,0,50
-4.9955,-4.605,-0.0065185,0.00047122,-2,0,50
2.0045,1.2633,-0.0065185,0.00047122,-2,1,50
-3.9955,-1.4096,-0.0065185,0.00047122,-2,0,50
-3.3955,-3.3821,-5.0065,0.00047122,1,0,50
-1.9955,-4.2321,-0.0065185,0.00047122,-2,0,50
-1.6955,-1.6821,-4.0065,0.00047122,1,0,50
3.0045,2.8756,-0.0065185,0.00047122,-2,1,50
4.0045,3.897,-0.0065185,0.00047122,-2,1,50
4.0045,3.9151,-0.0065185,0.00047122,-2,1,50
-3.9955,-3.9821,-0.0065185,0.00047122,-2,0,50
-3.3955,-1.6827,3.9935,0.00047122,1,1,50
4.8945,-1.3821,-0.0065185,0.00047122,-2,1,50
-0.29553,-0.28211,-0.0065185,0.00047122,-2,1,50
-2.5505,-2.5371,-0.0065185,0.00047122,-2,0,50
0.40447,-3.9086,-0.0065185,0.00047122,-2,0,50
1.4545,1.4679,-0.0065185,0.00047122,-2,0,50
-2.163,2.4744,-0.0065185,0.00047122,-2,1,50
1.8468,-0.22776,3.9935,0.00047122,1,1,50
-6.5615,-1.5481,-0.0065185,0.00047122,-2,0,50
6.3356,5.599,-0.0065185,0.00047122,-2,1,50
5.1359,5.1493,-0.0065185,0.00047122,-2,1,50
2.9662,2.9796,-0.0065185,0.00047122,-2,1,50
-0.17806,-0.16464,-0.0065185,0.00047122,-2,1,50
0.15962,-3.287,1.9935,0.00047122,1,1,50
4.727,1.7994,-0.0065185,0.00047122,-2,1,50
4.6186,0.37293,-0.0065185,0.00047122,-2,1,50
-3.5175,-4.6104,-0.0065185,0.00047122,-2,1,50
4.5545,1.5454,-0.0065185,0.00047122,-2,1,50
3.872,3.8854,2.9935,0.00047122,1,1,50
-0.55053,1.5835,-0.0065185,0.00047122,-2,1,50
-1.7673,-0.45386,-0.0065185,0.00047122,-2,1,50
1.9605,1.5239,-0.0065185,0.00047122,-2,1,50
-3.5455,-3.5321,-0.0065185,0.00047122,-2,0,50
-4.163,-4.1496,-0.0065185,0.00047122,-2,0,50
-3.5379,-2.2613,3.9935,0.00047122,1,0,50
-0.56155,-0.31323,-0.0065185,0.00047122,-2,1,50
4.8545,4.8679,-0.0065185,0.00047122,-2,1,50
4.727,-0.39106,-0.0065185,0.00047122,-2,1,50
3.6186,4.032,-0.0065185,0.00047122,-2,1,50
4.5265,4.5399,-0.0065185,0.00047122,-2,1,50
-5.4392,-6.4907,-0.0065185,0.00047122,-2,0,50
4.6316,3.1426,-3.0065,0.00047122,1,1,50
5.3251,-2.2115,-0.0065185,0.00047122,-2,1,50
4.527,4.5404,1.9935,0.00047122,1,1,50
-5.2271,-2.4696,-0.0065185,0.00047122,-2,0,50
4.4513,4.9373,2.9935,0.00047122,1,1,50
3.7843,2.7352,4.9935,0.00047122,1,1,50
3.1467,4.7515,-0.0065185,0.00047122,-2,1,50
-5.1164,-2.9432,-0.0065185,0.00047122,-2,1,50
0.25447,2.2882,-0.0065185,0.00047122,-2,0,50
0.21697,0.23039,-5.0065,0.00047122,1,0,50
-0.9249,-1.1615,-0.0065185,0.00047122,-2,0,50
0.6145,0.62792,-0.0065185,0.00047122,-2,0,50
-1.2141,1.7764,-0.0065185,0.00047122,-2,0,50
0.15447,-0.55286,-0.0065185,0.00047122,-2,1,50
1.282,0.14539,-0.0065185,0.00047122,-2,0,50
1.3045,1.0702,-0.0065185,0.00047122,-2,1,50
-1.1005,-1.918,-5.0065,0.00047122,1,0,50
-0.76728,-3.0039,-0.0065185,0.00047122,-2,0,50
-1.9515,-1.9381,-0.0065185,0.00047122,-2,1,50
6.5545,2.1907,-0.0065185,0.00047122,-2,1,50
4.4045,0.69731,-0.0065185,0.00047122,-2,1,50
-4.8855,-3.9161,-0.0065185,0.00047122,-2,0,50
4.161,1.4863,4.9935,0.00047122,1,1,50
-2.0836,-6.3201,-0.0065185,0.00047122,-2,1,50
-1.9955,-0.14945,-0.0065185,0.00047122,-2,0,50
-3.9955,-3.9821,-0.0065185,0.00047122,-2,0,50
2.0045,-1.1471,-0.0065185,0.00047122,-2,0,50
1.7045,1.2461,-5.0065,0.00047122,1,0,50
2.4495,-3.1881,-0.0065185,0.00047122,-2,1,50
1.8545,-2.5946,-0.0065185,0.00047122,-2,1,50
-0.27303,-2.0087,-0.0065185,0.00047122,-2,0,50
-3.8455,-0.21799,-0.0065185,0.00047122,-2,0,50
3.727,2.2636,-0.0065185,0.00047122,-2,0,50
0.45447,-2.7637,-0.0065185,0.00047122,-2,0,50
-1.5455,-0.36461,-0.0065185,0.00047122,-2,1,50
1.322,-1.2758,3.9935,0.00047122,1,0,50
-1.8379,-5.2245,-0.0065185,0.00047122,-2,1,50
1.5705,-0.30269,-0.0065185,0.00047122,-2,1,50
4.0045,4.0179,-0.0065185,0.00047122,-2,1,50
3.4045,1.1493,-3.0065,0.00047122,1,1,50
-2.9955,-2.9821,-0.0065185,0.00047122,-2,0,50
2.5545,0.017889,-0.0065185,0.00047122,-1,1,50
-0.99553,-0.98211,-0.0065185,0.00047122,-2,0,50
0.85447,-1.5481,4.9935,0.00047122,1,1,50
1.0045,4.2679,-0.0065185,0.00047122,-2,1,50
1.0045,1.0179,-0.0065185,0.00047122,-2,1,50
-2.9955,-2.9821,-0.0065185,0.00047122,-2,0,50
-2.9955,-2.9821,-0.0065185,0.00047122,-2,0,50
-3.9955,-3.9821,-0.0065185,0.00047122,-2,0,50
4.0045,0.46159,-0.0065185,0.00047122,-2,0,50
-5.3955,-5.3821,-0.0065185,0.00047122,-2,0,50
4.5945,2.0385,3.9935,0.00047122,1,1,50
5.4495,5.4629,-0.0065185,0.00047122,-2,1,50
5.2327,5.2461,-0.0065185,0.00047122,-2,1,50
4.0485,2.4744,-0.0065185,0.00047122,-2,1,50
2.8919,2.5679,-0.0065185,0.00047122,-2,1,50
-2.4498,-2.4364,-5.0065,0.00047122,1,0,50
0.64563,4.909,-0.0065185,0.00047122,-2,1,50
3.4595,-0.52709,-0.0065185,0.00047122,-2,1,50
2.4045,-0.98211,-0.0065185,0.00047122,-2,1,50
-2.0355,-2.8721,2.9935,0.00047122,1,1,50
-1.273,0.017889,-0.0065185,0.00047122,-2,0,50
5.7045,-2.1496,-0.0065185,0.00047122,-2,1,50
-4.4405,-3.3821,-0.0065185,0.00047122,-2,1,50
1.4545,-4.1004,-0.0065185,0.00047122,-2,1,50
-1.828,-1.2146,-0.0065185,0.00047122,-2,1,50
0.60447,1.1279,-0.0065185,0.00047122,-2,1,50
-0.50553,1.1331,3.9935,0.00047122,1,0,50
1.461,1.1059,-0.0065185,0.00047122,-2,0,50
4.0925,4.9959,-0.0065185,0.00047122,-2,0,50
0.77929,3.4927,-0.0065185,0.00047122,-2,0,50
-1.4869,0.67649,-0.0065185,0.00047122,-2,0,50
3.7222,3.9279,-0.0065185,0.00047122,-2,1,50
-3.9056,-1.0596,-0.0065185,0.00047122,-2,0,50
2.078,3.4804,-0.0065185,0.00047122,-2,1,50
-4.208,-1.8627,-0.0065185,0.00047122,-2,0,50
1.3351,3.6989,-0.0065185,0.00047122,-2,1,50
-0.56449,-0.46573,-0.0065185,0.00047122,-2,1,50
-1.5119,-1.016,-0.0065185,0.00047122,-2,0,50
0.41555,0.36731,-0.0065185,0.00047122,-2,0,50
-1.3449,1.1659,-0.0065185,0.00047122,-2,1,50
3.3015,3.3149,-0.0065185,0.00047122,-2,1,50
2.8069,0.95497,3.9935,0.00047122,1,1,50
-0.82803,4.032,-0.0065185,0.00047122,-2,1,50
2.1621,0.72551,-0.0065185,0.00047122,-2,0,50
-1.4295,-2.5384,-0.0065185,0.00047122,-2,0,50
-1.2144,-1.8721,-0.0065185,1.0005,-1,0,50
-3.163,-1.3072,-0.0065185,0.00047122,-2,0,50
-4.3161,-1.6167,-0.0065185,0.00047122,-2,0,51
-4.268,-3.6546,-0.0065185,0.00047122,-2,0,51
0.77286,-3.6137,-0.0065185,0.00047122,-2,1,51
2.8545,-3.2348,-0.0065185,0.00047122,-2,1,51
-0.71803,-0.70461,-0.0065185,0.00047122,-2,1,51
-0.99553,-0.62514,-0.0065185,0.00047122,-2,0,51
-1.9955,0.86789,-0.0065185,0.00047122,-2,0,51
-2.2955,2.7619,-0.0065185,0.00047122,-2,0,51
-1.3955,-1.3821,-0.0065185,0.00047122,-2,0,51
-1.1855,-0.87211,-0.0065185,2.0005,-1,0,51
-1.452,-1.4386,-0.0065185,0.00047122,-2,1,51
-0.14553,-0.13211,-0.0065185,0.00047122,-2,1,51
0.28197,1.3385,-0.0065185,0.00047122,-2,1,51
-1.1455,-1.1321,-0.0065185,0.00047122,-2,1,51
0.98197,-0.18261,1.9935,0.00047122,1,0,51
1.3903,2.0024,-0.0065185,0.00047122,-2,0,51
1.4825,2.2597,-0.0065185,0.00047122,-2,0,51
0.44818,0.46159,-0.0065185,0.00047122,-2,1,51
0.62732,0.86899,-0.0065185,0.00047122,-2,0,51
0.5339,1.0164,3.9935,0.00047122,1,0,51
-2.723,-2.7096,-0.0065185,0.00047122,-2,0,51
-2.3139,1.4679,-0.0065185,4.0005,-1,0,51
1.172,2.5656,-0.0065185,0.00047122,-2,0,51
5.8545,-0.97449,-0.0065185,0.00047122,-2,1,51
-4.718,-4.9546,-0.0065185,0.00047122,-2,0,51
2.6186,4.032,-0.0065185,0.00047122,-2,1,51
-2.2175,-2.9345,-0.0065185,-2.9995,-1,0,51
-4.4392,-1.3866,-0.0065185,0.00047122,-2,0,51
-5.3727,-5.3593,-0.0065185,0.00047122,-2,0,51
-4.5661,-1.9529,-0.0065185,-1.9995,-1,0,51
1.732,1.7454,-0.0065185,0.00047122,-2,1,51
4.7045,1.739,-0.0065185,0.00047122,-2,1,51
6.4495,3.2431,-0.0065185,0.00047122,-2,1,51
2.2327,-0.49071,-0.0065185,0.00047122,-2,0,51
1.8985,1.9119,-5.0065,0.00047122,1,0,51
3.727,-3.5096,-0.0065185,0.00047122,-2,1,51
1.5545,-4.5946,-0.0065185,0.00047122,-2,1,51
-5.163,1.9571,-0.0065185,0.00047122,-2,0,51
4.3968,-0.042143,3.9935,0.00047122,1,1,51
3.5705,4.9839,-0.0065185,0.00047122,-2,1,51
6.3356,6.349,-0.0065185,0.00047122,-2,1,51
-5.377,4.6208,-0.0065185,3.0005,-1,0,51
-2.9573,-0.61966,-0.0065185,0.00047122,-2,0,51
2.8219,2.8354,-0.0065185,0.00047122,-2,1,51
2.3993,-0.079073,-4.0065,0.00047122,1,1,51
-0.4049,-0.39149,-0.0065185,0.00047122,-2,0,51
1.1545,1.1679,-0.0065185,0.00047122,-2,1,51
-0.29553,-0.73861,-0.0065185,0.00047122,-2,0,51
1.3045,-2.196,-0.0065185,0.00047122,-2,1,51
-3.5455,2.2295,-0.0065185,0.00047122,-2,0,51
5.172,0.49663,-0.0065185,0.00047122,-2,1,51
4.3968,4.4103,-3.0065,0.00047122,1,0,51
3.172,-1.5321,-0.0065185,0.00047122,-2,1,51
0.85447,2.7103,-0.0065185,0.00047122,-2,1,51
-1.273,0.74039,-0.0065185,0.00047122,-2,1,51
4.6186,4.632,-0.0065185,0.00047122,-2,1,51
-3.5175,1.6029,-0.0065185,0.00047122,-2,0,51
3.4482,3.0116,-0.0065185,0.00047122,-2,1,51
2.9316,2.945,-3.0065,0.00047122,1,1,51
-0.67495,-0.66153,-0.0065185,0.00047122,-2,1,51
-0.72304,-2.2227,-0.0065185,0.00047122,-2,1,51
3.7729,0.93002,-0.0065185,0.00047122,-2,1,51
-2.3955,-0.50774,-0.0065185,0.00047122,-2,0,51
0.11447,0.12789,-0.0065185,0.00047122,-2,1,51
-0.089027,-0.18261,-5.0065,0.00047122,1,1,51
-0.9075,-2.5384,-0.0065185,0.00047122,-2,0,51
5.5545,6.1804,-0.0065185,0.00047122,-2,0,51
-4.5455,-4.5321,-0.0065185,0.00047122,-2,0,51
-4.6955,-4.6821,-0.0065185,0.00047122,-2,0,51
3.9995,3.3679,4.9935,0.00047122,1,1,51
5.2327,5.2296,-0.0065185,0.00047122,-2,1,51
5.0485,4.2354,-0.0065185,0.00047122,-2,1,51
-2.8829,-4.2695,-0.0065185,0.00047122,-2,0,51
1.7588,1.6085,-0.0065185,0.00047122,-2,1,51
4.6456,1.9649,-0.0065185,0.00047122,-2,1,51
3.9495,3.8446,4.9935,0.00047122,1,1,51
-2.4588,-2.4453,-0.0065185,0.00047122,-2,0,51
-2.3893,-2.3759,-0.0065185,0.00047122,-2,0,51
2.3392,3.3506,-0.0065185,0.00047122,-2,1,51
3.289,1.9406,-0.0065185,0.00047122,-2,1,51
-5.2373,-5.2239,-0.0065185,0.00047122,-2,0,51
-5.2011,-5.1877,-0.0065185,0.00047122,-2,0,51
4.4292,2.035,4.9935,0.00047122,1,1,51
4.153,4.1664,-0.0065185,0.00047122,-2,1,51
4.1307,3.7292,-0.0065185,0.00047122,-2,1,51
-3.1028,-3.0894,-0.0065185,0.00047122,-2,0,51
3.0957,2.9793,-0.0065185,0.00047122,-2,1,51
2.632,2.6286,4.9935,0.00047122,1,1,51
-2.0614,-2.048,-0.0065185,0.00047122,-2,0,51
-3.0515,-3.0381,-0.0065185,0.00047122,-2,0,51
2.0521,3.1258,-0.0065185,0.00047122,-2,1,51
-1.736,-1.7226,-3.0065,0.00047122,1,0,51
1.0389,1.0448,-0.0065185,0.00047122,-2,0,51
1.8545,2.2146,-0.0065185,0.00047122,-2,1,51
-0.14553,-0.95726,-0.0065185,0.00047122,-2,1,51
0.72697,0.039012,-0.0065185,0.00047122,-2,0,51
-0.60965,4.4959,-0.0065185,5.0005,-1,1,51
-1.9955,-2.4258,-0.0065185,0.00047122,-2,0,51
1.7045,1.7179,3.9935,0.00047122,1,1,51
4.4495,3.395,-0.0065185,0.00047122,-2,1,51
4.2327,3.3385,-0.0065185,0.00047122,-2,1,51
5.0485,4.2904,-0.0065185,0.00047122,-2,1,51
3.8919,3.9053,-0.0065185,0.00047122,-2,1,51
4.7588,4.2148,-0.0065185,0.00047122,-2,1,51
-4.0367,-2.1319,1.9935,0.00047122,1,0,51
4.5495,4.1601,-0.0065185,0.00047122,-2,1,51
5.4677,-0.96388,-0.0065185,0.00047122,-2,1,51
-5.3893,-4.6259,-0.0065185,0.00047122,-2,0,51
4.3392,4.1052,-0.0065185,0.00047122,-2,1,51
3.689,3.7046,2.9935,0.00047122,1,1,51
3.2463,2.631,-0.0065185,0.00047122,-2,1,51
-3.2011,-3.1877,-0.0065185,0.00047122,-2,0,51
0.17918,0.063488,-0.0065185,0.00047122,-2,0,51
-2.9955,-1.1397,-0.0065185,0.00047122,-2,0,51
-4.9955,-4.9821,-0.0065185,0.00047122,-2,0,51
3.0045,-0.089404,-0.0065185,0.00047122,-2,1,51
-3.9955,-2.5321,-0.0065185,0.00047122,-2,1,51
-3.3955,-1.1879,3.9935,0.00047122,1,0,51
-2.9955,-2.0546,-0.0065185,0.00047122,-2,0,51
-2.9955,0.35789,-0.0065185,0.00047122,-2,0,51
4.0045,0.11139,-0.0065185,0.00047122,-2,1,51
-3.3955,-1.2941,3.9935,0.00047122,1,0,51
4.0045,-5.1569,-0.0065185,0.00047122,-2,1,51
-4.9955,-4.6194,-0.0065185,0.00047122,-2,0,51
5.0045,3.7356,-0.0065185,0.00047122,-2,1,51
-4.2455,-1.3486,3.9935,0.00047122,1,0,51
4.0045,4.9444,-0.0065185,0.00047122,-2,1,51
-0.59553,3.6072,-0.0065185,0.00047122,-2,0,51
-2.3955,1.1788,-0.0065185,0.00047122,-2,0,51
1.1145,1.1279,-0.0065185,0.00047122,-2,1,51
2.4045,1.909,-0.0065185,0.00047122,-2,1,51
-1.1055,-1.0921,-0.0065185,0.00047122,-2,0,51
-0.39553,-0.38211,-0.0065185,0.00047122,-2,0,51
-0.33553,-1.7821,-5.0065,0.00047122,1,0,51
1.548,-4.7541,-0.0065185,0.00047122,-2,1,51
-2.3955,-2.3821,-0.0065185,0.00047122,-2,0,51
-5.8855,-5.8721,-0.0065185,0.00047122,-2,0,51
4.461,-0.59214,-0.0065185,0.00047122,-2,1,51
3.7925,-3.4829,4.9935,0.00047122,1,0,51
-5.4405,-6.0069,-0.0065185,0.00047122,-2,0,51
8.4045,8.4179,-0.0065185,0.00047122,-2,1,51
5.8945,0.5127,-0.0065185,0.00047122,-2,1,51
5.011,5.0244,4.9935,0.00047122,1,1,51
-5.0836,-3.9086,-0.0065185,0.00047122,-2,0,51
-5.7703,-4.7696,-0.0065185,0.00047122,-2,0,51
4.5131,4.5971,-0.0065185,0.00047122,-2,1,51
6.2868,6.3002,-0.0065185,0.00047122,-2,1,51
-5.0855,-2.6332,-0.0065185,0.00047122,-2,0,51
-5.922,-5.3932,-0.0065185,0.00047122,-2,0,51
5.042,3.6954,-4.0065,0.00047122,1,1,51
-0.6649,3.1209,-0.0065185,0.00047122,-2,1,51
0.0044729,0.017889,-0.0065185,0.00047122,-2,0,51
0.0044729,2.4744,-0.0065185,0.00047122,-2,1,51
-1.9955,-1.9821,-0.0065185,0.00047122,-2,0,51
-3.9955,-3.9821,-0.0065185,0.00047122,-2,0,51
5.0045,6.5265,-0.0065185,0.00047122,-2,1,51
-2.9955,-2.9821,-0.0065185,0.00047122,-2,0,51
-3.9955,-0.85749,-0.0065185,0.00047122,-2,0,51
2.0045,4.3444,-0.0065185,0.00047122,-2,1,51
-1.9955,-1.6821,-0.0065185,0.00047122,-2,0,51
-1.9955,-2.6515,-0.0065185,0.00047122,-2,0,51
0.0044729,-0.55108,-0.0065185,0.00047122,-2,1,51
2.0045,-1.2104,-0.0065185,0.00047122,-2,1,51
-0.99553,-0.98211,-0.0065185,0.00047122,-2,0,51
0.85447,-0.5397,-4.0065,0.00047122,1,1,51
-1.718,2.6954,-0.0065185,0.00047122,-2,0,51
0.39035,0.40376,-0.0065185,0.00047122,-2,0,51
-0.51753,-1.2266,-0.0065185,0.00047122,-2,1,51
-1.9955,-0.12229,-0.0065185,0.00047122,-2,0,51
-2.9955,-2.4601,-0.0065185,0.00047122,-2,0,51
4.5545,3.4136,-0.0065185,0.00047122,-2,0,52
-2.2955,-2.9381,-0.0065185,0.00047122,-2,0,52
1.5595,1.5729,-0.0065185,0.00047122,-2,1,52
2.7762,2.7896,-0.0065185,0.00047122,-2,1,52
-2.9515,-3.341,-0.0065185,0.00047122,-2,0,52
-2.1081,-2.4371,-0.0065185,0.00047122,-2,0,52
-4.2412,-4.5189,-0.0065185,0.00047122,-2,0,52
3.3633,-1.4407,-0.0065185,0.00047122,-2,1,52
1.4595,1.6832,-0.0065185,0.00047122,-2,1,52
1.5412,2.4447,-0.0065185,0.00047122,-2,1,52
-0.60178,-0.7403,-0.0065185,0.00047122,-2,0,52
0.66979,0.6832,-0.0065185,0.00047122,-2,1,52
0.56999,1.0714,4.9935,0.00047122,1,1,52
4.2463,-4.0836,-0.0065185,0.00047122,-2,1,52
-1.3955,3.4248,-0.0065185,0.00047122,-2,0,52
-1.8855,-1.8721,-0.0065185,0.00047122,-2,0,52
0.54797,5.6279,-0.0065185,0.00047122,-2,1,52
0.55447,0.56789,-0.0065185,0.00047122,-2,1,52
0.47197,0.41057,-2.0065,0.00047122,1,1,52
0.84685,0.16026,-0.0065185,0.00047122,-2,0,52
3.1545,3.1679,-0.0065185,0.00047122,-2,1,52
5.4045,5.4179,-0.0065185,0.00047122,-2,1,52
3.8945,1.8639,-0.0065185,0.00047122,-2,1,52
3.311,1.3311,-4.0065,0.00047122,1,1,52
-6.0836,3.0241,-0.0065185,0.00047122,-2,0,52
5.1793,5.1927,-0.0065185,0.00047122,1,1,52
5.5131,1.5265,-0.0065185,0.00047122,-2,1,52
3.2868,3.6597,-0.0065185,0.00047122,-2,1,52
2.0944,2.1079,-0.0065185,0.00047122,-2,1,52
1.7809,2.3894,2.9935,0.00047122,1,1,52
1.5145,3.3554,4.9935,0.00047122,1,1,52
-0.32615,-0.85588,-0.0065185,0.00047122,-2,0,52
-3.8455,-3.8321,-0.0065185,0.00047122,-2,0,52
-0.71803,-0.22099,-0.0065185,0.00047122,-2,0,52
2.6186,-2.5921,-0.0065185,0.00047122,-2,1,52
-4.5175,-4.5041,-0.0065185,0.00047122,-2,0,52
4.4482,2.1321,-0.0065185,0.00047122,-2,0,52
-6.3955,-4.2104,-0.0065185,0.00047122,-2,0,52
6.5545,5.4579,-0.0065185,0.00047122,-2,1,52
-5.563,-3.6546,2.9935,0.00047122,1,0,52
-2.8379,2.3363,-0.0065185,0.00047122,-2,0,52
2.4385,3.821,-0.0065185,0.00047122,-2,1,52
-3.3955,-2.051,-0.0065185,0.00047122,-2,0,52
2.8945,-0.59624,-4.0065,0.00047122,1,1,52
0.54797,0.96139,-0.0065185,0.00047122,-2,1,52
0.45447,0.46789,-0.0065185,0.00047122,-2,1,52
2.5545,-0.35926,-0.0065185,0.00047122,-2,1,52
-1.163,-0.061586,-0.0065185,0.00047122,-2,1,52
-0.14553,0.79271,-0.0065185,0.00047122,-2,0,52
0.13197,-0.93623,-4.0065,0.00047122,1,0,52
-2.6097,-5.3821,-0.0065185,0.00047122,-2,0,52
-2.5175,-2.5041,-0.0065185,0.00047122,-2,0,52
3.4482,1.9524,-0.0065185,0.00047122,-2,1,52
-1.3727,-1.3593,-0.0065185,0.00047122,-2,0,52
-0.3161,-2.4702,-0.0065185,0.00047122,-2,0,52
-1.268,-1.2546,-0.0065185,0.00047122,-2,0,52
-1.0771,-0.21373,3.9935,0.00047122,1,0,52
-0.1924,-0.17899,-0.0065185,0.00047122,-2,0,52
0.17182,0.94436,-0.0065185,0.00047122,-2,1,52
2.1467,2.8054,-0.0065185,0.00047122,-2,1,52
-1.1164,1.4365,-0.0065185,0.00047122,-2,0,52
1.9017,1.4489,-0.0065185,0.00047122,-2,1,52
-5.6955,-3.2596,-0.0065185,0.00047122,-2,0,52
4.8495,-0.67049,-4.0065,0.00047122,1,1,52
5.2327,3.4959,-0.0065185,0.00047122,-2,1,52
1.0485,-0.42582,-0.0065185,0.00047122,-2,1,52
1.1171,2.8515,-0.0065185,0.00047122,-2,1,52
-3.6955,-3.6821,-0.0065185,0.00047122,-2,0,52
-2.4405,-1.1158,-0.0065185,0.00047122,-2,0,52
2.0827,2.3765,-4.0065,0.00047122,1,1,52
5.0485,5.3002,-0.0065185,0.00047122,-2,1,52
2.8919,3.1079,-0.0065185,0.00047122,-2,1,52
-3.7498,1.7201,-0.0065185,0.00047122,-2,0,52
-3.6367,-3.7696,-0.0065185,0.00047122,-2,0,52
-3.0905,-2.6946,3.9935,0.00047122,1,1,52
3.172,2.4292,-0.0065185,0.00047122,-2,0,52
0.1621,4.9079,-0.0065185,0.00047122,-2,1,52
-3.5615,-2.0357,-0.0065185,0.00047122,-2,0,52
-1.6955,1.4918,-0.0065185,0.00047122,-2,0,52
1.5595,-0.50412,-0.0065185,0.00047122,-2,1,52
1.3262,1.3396,-4.0065,0.00047122,1,1,52
0.17197,0.18539,-0.0065185,0.00047122,-2,0,52
-4.6955,-5.8721,-0.0065185,0.00047122,-2,0,52
4.4495,1.4629,-0.0065185,0.00047122,-2,1,52
3.2327,3.2461,-0.0065185,0.00047122,-2,1,52
-4.0395,-3.1936,-0.0065185,0.00047122,-2,0,52
-1.8829,-1.8695,-0.0065185,0.00047122,-2,0,52
1.6088,2.9397,-4.0065,0.00047122,1,1,52
-2.6367,2.7767,-0.0065185,0.00047122,-2,0,52
5.5495,2.2629,-0.0065185,0.00047122,-2,1,52
-2.4588,-4.6953,-0.0065185,0.00047122,-2,0,52
-2.3893,-2.3515,-0.0065185,0.00047122,-2,0,52
-2.0302,-2.0168,1.9935,0.00047122,1,0,52
-1.28,-1.4657,-0.0065185,0.00047122,-2,0,52
0.24628,-1.1853,-0.0065185,0.00047122,-2,1,52
3.21,3.2234,-0.0065185,0.00047122,-2,1,52
-2.7202,-0.15682,-5.0065,0.00047122,1,0,52
-3.144,-4.4846,-0.0065185,0.00047122,-2,0,52
-5.1218,-2.6583,-0.0065185,0.00047122,-2,0,52
-3.1028,-4.4145,-0.0065185,0.00047122,-2,0,52
-4.0867,-4.1371,-0.0065185,0.00047122,-2,0,52
-3.073,-2.2271,-0.0065185,0.00047122,-2,0,52
-2.0614,-2.048,-0.0065185,0.00047122,-2,0,52
-1.7515,-2.2448,-4.0065,0.00047122,1,0,52
-3.0431,-3.063,-0.0065185,0.00047122,-2,0,52
2.0449,2.0584,-0.0065185,0.00047122,-2,1,52
-1.0299,-2.4971,-0.0065185,0.00047122,-2,0,52
-2.0248,-0.88181,-0.0065185,0.00047122,-2,0,52
-3.0204,-3.0244,-0.0065185,0.00047122,-2,0,52
-2.5667,-1.463,-4.0065,0.00047122,1,0,52
-0.013482,-6.60E-05,-0.0065185,0.00047122,-2,0,52
3.9892,4.0026,-0.0065185,0.00047122,-2,1,52
1.4045,1.4179,-0.0065185,0.00047122,-2,1,52
0.89447,0.90789,-0.0065185,0.00047122,-2,0,52
-0.75203,3.4927,4.9935,0.00047122,1,1,52
1.5595,-4.2457,-0.0065185,0.00047122,-2,1,52
3.5545,-2.5946,-0.0065185,0.00047122,-2,1,52
4.172,4.1854,-0.0065185,0.00047122,-2,1,52
6.8468,-3.4796,-0.0065185,0.00047122,-2,1,52
4.5705,5.8339,-0.0065185,0.00047122,-2,1,52
3.3356,3.349,-0.0065185,0.00047122,-2,1,52
2.1359,-0.585,-0.0065185,0.00047122,-2,1,52
1.8162,0.49781,2.9935,0.00047122,1,1,52
4.8219,2.8598,-0.0065185,0.00047122,-2,1,52
0.69932,2.8802,-0.0065185,0.00047122,-2,1,52
-3.5862,-0.57273,-0.0065185,0.00047122,-2,0,52
3.0565,3.0699,3.9935,0.00047122,1,1,52
3.4312,2.4134,-0.0065185,0.00047122,-2,1,52
-4.3582,-3.2348,-0.0065185,0.00047122,-2,0,52
3.3128,2.9811,-0.0065185,0.00047122,-2,1,52
2.8165,2.1966,4.9935,0.00047122,1,1,52
2.2272,4.4906,-0.0065185,0.00047122,-2,1,52
3.1938,2.7497,-0.0065185,0.00047122,-2,1,52
-4.1565,-1.5881,-0.0065185,0.00047122,-2,0,52
3.1413,3.2241,-0.0065185,0.00047122,-2,1,52
-4.1118,-2.6484,-0.0065185,0.00047122,-2,0,52
4.1033,3.8779,-0.0065185,0.00047122,-2,1,52
-4.0795,-4.0661,-0.0065185,0.00047122,-2,0,52
3.4759,2.5458,-4.0065,0.00047122,1,1,52
2.0652,-3.4681,-0.0065185,0.00047122,-2,1,52
0.056066,1.7695,-0.0065185,0.00047122,-2,1,52
0.048327,-0.044238,-0.0065185,0.00047122,-2,1,52
2.0417,-0.034919,-0.0065185,0.00047122,-2,1,52
1.7362,1.673,-2.0065,0.00047122,1,1,52
1.0314,-1.7203,-0.0065185,0.00047122,-2,1,52
0.87737,0.83546,-3.0065,0.00047122,1,1,52
-2.015,2.5484,-0.0065185,0.00047122,-2,0,52
1.721,1.7344,-3.0065,0.00047122,1,0,52
-0.55053,-0.53711,-0.0065185,0.00047122,-2,0,52
0.23272,-2.1665,-0.0065185,0.00047122,-2,0,52
3.0485,3.0619,-0.0065185,0.00047122,-2,1,52
3.7045,1.2954,-0.0065185,0.00047122,-2,1,52
-5.4405,1.9631,-0.0065185,0.00047122,-2,0,52
3.2327,3.2461,-0.0065185,0.00047122,-2,1,52
2.7485,3.9519,3.9935,0.00047122,1,1,52
-3.8829,-3.005,-0.0065185,0.00047122,-2,0,52
-1.7498,-0.66153,-0.0065185,0.00047122,-2,0,52
0.64563,1.9129,-0.0065185,0.00047122,-2,1,52
-1.4505,0.56287,-0.0065185,0.00047122,-2,0,52
-3.6955,-3.6821,-0.0065185,0.00047122,-2,0,52
3.4495,0.18523,-0.0065185,0.00047122,-2,1,52
2.2327,1.0179,-0.0065185,0.00047122,-2,1,52
-1.0395,-2.4711,-0.0065185,0.00047122,-2,0,52
-2.8829,-1.9821,-0.0065185,0.00047122,-2,0,52
1.7588,0.017889,-0.0065185,0.00047122,-2,1,52
0.36332,0.37673,-0.0065185,0.00047122,-2,1,52
-1.1455,-2.7046,-0.0065185,0.00047122,-2,0,52
-2.6955,-0.98211,-0.0065185,0.00047122,-2,0,52
4.4495,-0.59624,-0.0065185,0.00047122,-2,1,52
-3.7738,-2.5321,-5.0065,0.00047122,1,0,52
1.0485,4.2679,-0.0065185,0.00047122,-2,1,52
1.1171,-0.86952,-0.0065185,0.00047122,-2,1,52
4.7045,4.7179,-0.0065185,0.00047122,-2,1,52
5.4495,0.017889,-0.0065185,0.00047122,-2,1,52
3.2327,3.4179,-0.0065185,0.00047122,-2,1,52
-3.452,-3.4386,-0.0065185,0.00047122,-2,0,53
-5.0836,-5.0701,-0.0065185,0.00047122,-2,0,53
6.7793,4.5343,-0.0065185,0.00047122,-2,1,53
-6.5041,-6.4907,-0.0065185,0.00047122,-2,0,53
5.2868,1.7439,-0.0065185,0.00047122,-2,1,53
-4.0855,-4.4721,-0.0065185,0.00047122,-2,0,53
4.9309,3.4944,-0.0065185,0.00047122,-2,1,53
-5.783,-4.1696,-0.0065185,0.00047122,-2,0,53
-3.6649,-3.6515,-0.0065185,0.00047122,-2,0,53
-5.5645,-5.5511,-0.0065185,0.00047122,-2,0,53
-4.4791,-4.4657,-0.0065185,0.00047122,-2,0,53
4.4156,2.5159,-0.0065185,0.00047122,-2,1,53
3.7539,3.3227,4.9935,0.00047122,1,0,53
4.8945,4.9079,-0.0065185,0.00047122,-2,1,53
5.7045,5.7179,-0.0065185,0.00047122,-2,1,53
6.4495,6.4629,-0.0065185,0.00047122,-2,1,53
4.2327,4.2461,-0.0065185,0.00047122,-2,1,53
4.0485,2.3915,-0.0065185,0.00047122,-2,1,53
3.4419,3.4553,4.9935,0.00047122,1,1,53
1.7588,5.0222,-0.0065185,0.00047122,-2,1,53
0.36332,-0.92732,-0.0065185,0.00047122,-2,1,53
-2.1455,-3.7046,-0.0065185,0.00047122,-2,0,53
-0.54553,-0.53211,-0.0065185,0.00047122,-2,0,53
0.47197,1.5713,4.9935,0.00047122,1,1,53
-2.1532,-2.1397,-0.0065185,0.00047122,-2,0,53
-5.3955,-3.0976,-0.0065185,0.00047122,-2,0,53
-6.8855,-0.91149,-0.0065185,0.00047122,-2,0,53
-7.452,-3.8836,-0.0065185,0.00047122,-2,0,53
4.0925,-0.20064,-0.0065185,0.00047122,-2,1,53
-4.7703,-5.3694,-0.0065185,0.00047122,-2,0,53
4.0631,0.965,4.9935,0.00047122,1,1,53
2.2868,-0.34456,-0.0065185,0.00047122,-2,1,53
0.094435,-2.1402,-0.0065185,0.00047122,-2,0,53
-2.1455,-3.9792,-0.0065185,0.00047122,-2,0,53
-1.5455,-1.5321,-0.0065185,0.00047122,-2,0,53
0.83697,2.3485,-0.0065185,0.00047122,-2,1,53
7.5545,0.72551,-0.0065185,0.00047122,-2,1,53
-4.163,-2.4258,-0.0065185,0.00047122,-2,0,53
4.8468,4.0075,-0.0065185,0.00047122,-2,0,53
4.1205,4.1339,3.9935,0.00047122,1,0,53
3.172,3.1854,-0.0065185,0.00047122,-2,1,53
-1.1455,3.0864,-0.0065185,0.00047122,-2,1,53
3.727,5.4744,-0.0065185,0.00047122,-2,1,53
-3.1597,-0.62514,1.9935,0.00047122,1,0,53
2.5265,0.09271,-0.0065185,0.00047122,-2,1,53
2.4482,2.4616,-0.0065185,0.00047122,-2,1,53
-2.3727,-2.7094,-0.0065185,0.00047122,-2,0,53
3.3251,2.0385,-0.0065185,0.00047122,-2,1,53
2.277,2.2904,-0.0065185,0.00047122,-2,1,53
-1.9271,-2.9371,-5.0065,0.00047122,1,0,53
-1.1924,-1.6515,-0.0065185,0.00047122,-2,0,53
0.17182,4.1994,-0.0065185,0.00047122,-2,0,53
0.0044729,3.0885,-0.0065185,0.00047122,-2,0,53
0.0044729,5.6279,-0.0065185,3.0005,-1,0,53
1.0045,2.3392,-0.0065185,0.00047122,-2,1,53
2.8545,2.8679,-0.0065185,0.00047122,-2,1,53
-2.418,-0.70461,3.9935,0.00047122,1,1,53
2.4495,-3.319,-0.0065185,0.00047122,-2,1,53
4.8545,4.0715,-0.0065185,0.00047122,-2,1,53
5.727,0.063488,-0.0065185,0.00047122,-2,1,53
3.6186,4.882,-0.0065185,0.00047122,-2,1,53
-1.5175,-3.0541,-0.0065185,0.00047122,-2,0,53
-0.43923,-0.42582,-0.0065185,0.00047122,-2,0,53
0.38162,1.1175,3.9935,0.00047122,1,1,53
4.3251,4.3385,-0.0065185,0.00047122,-2,1,53
4.277,4.2904,-0.0065185,0.00047122,-2,1,53
5.2361,5.2495,-0.0065185,0.00047122,-2,1,53
3.2013,3.2148,-0.0065185,0.00047122,-2,1,53
-4.1629,-1.9243,-0.0065185,0.00047122,-2,0,53
3.5467,3.5601,-2.0065,0.00047122,1,1,53
3.1254,3.1388,-0.0065185,0.00047122,-2,1,53
5.1072,5.1207,-0.0065185,0.00047122,-2,1,53
4.0918,-1.2048,-0.0065185,0.00047122,-2,1,53
2.0787,2.0226,-0.0065185,0.00047122,-2,1,53
1.7676,2.971,2.9935,0.00047122,1,1,53
0.058119,0.071535,-0.0065185,0.00047122,-2,1,53
0.050072,0.063488,-0.0065185,0.00047122,-2,1,53
4.0432,1.8627,-0.0065185,0.00047122,-2,1,53
-3.0285,-3.0151,-0.0065185,0.00047122,-2,0,53
-4.0235,-4.0101,-0.0065185,0.00047122,-2,0,53
3.4283,2.4982,4.9935,0.00047122,1,1,53
-2.0158,-4.2523,-0.0065185,0.00047122,-2,0,53
-4.0127,-3.9993,-0.0065185,0.00047122,-2,0,53
5.0191,1.4638,-0.0065185,0.00047122,-2,1,53
4.0169,4.0187,-0.0065185,0.00047122,-2,1,53
4.015,4.0186,-0.0065185,0.00047122,-2,1,53
1.0135,3.0891,-0.0065185,0.00047122,-2,1,53
0.8621,0.86837,-4.0065,0.00047122,1,1,53
-0.98904,-3.3817,-0.0065185,0.00047122,-2,1,53
-2.99,-2.9818,-0.0065185,0.00047122,-2,0,53
-3.5455,-3.5321,-0.0065185,0.00047122,-2,0,53
-6.163,-0.59225,-0.0065185,0.00047122,-2,0,53
-5.2379,-5.2245,-4.0065,0.00047122,1,0,53
5.5705,4.9839,-0.0065185,0.00047122,-2,1,53
-4.3266,-3.3593,-0.0065185,0.00047122,-2,0,53
-6.127,-4.0036,-0.0065185,0.00047122,-2,0,53
-5.2073,-4.5046,3.9935,0.00047122,1,0,53
-3.813,2.6004,-0.0065185,0.00047122,-2,0,53
-5.6904,-5.677,-0.0065185,0.00047122,-2,0,53
-2.5862,-2.317,-0.0065185,0.00047122,-2,0,53
-2.4976,-2.1244,-0.0065185,0.00047122,-2,0,53
-3.4223,-1.548,-0.0065185,0.00047122,-2,0,53
2.3672,2.9306,-0.0065185,0.00047122,-2,0,53
-2.0038,-1.7695,-4.0065,0.00047122,1,0,53
2.2665,5.2603,-0.0065185,0.00047122,-2,1,53
-1.2183,-4.5721,-0.0065185,0.00047122,-2,1,53
3.1545,-0.88576,-0.0065185,0.00047122,-2,1,53
3.282,3.2954,-0.0065185,0.00047122,-2,1,53
2.7903,0.97388,-0.0065185,2.0005,-1,1,53
-2.3635,-1.9166,-3.0065,0.00047122,1,0,53
4.5608,1.8136,-0.0065185,0.00047122,-2,1,53
3.6273,3.6407,-0.0065185,0.00047122,-2,1,53
1.6839,1.4729,-0.0065185,0.00047122,-2,1,53
-2.723,-2.7802,-0.0065185,0.00047122,-2,0,53
2.3229,2.3363,4.9935,0.00047122,1,1,53
2.8076,3.9332,-0.0065185,0.00047122,-2,1,53
-1.8282,-1.8148,-0.0065185,0.00047122,-2,0,53
1.8622,2.0431,-0.0065185,0.00047122,-2,1,53
3.8836,3.8123,-0.0065185,0.00047122,-2,1,53
0.9017,0.84318,-0.0065185,0.00047122,-2,1,53
-0.082881,-0.069465,-0.0065185,0.00047122,-2,1,53
-0.92128,-0.95187,-0.0065185,0.00047122,-2,0,53
0.79136,0.7606,3.9935,0.00047122,1,1,53
0.95083,3.3267,-0.0065185,0.00047122,-2,1,53
-2.0411,0.82229,-0.0065185,0.00047122,-2,0,53
-2.6955,-1.748,-0.0065185,0.00047122,-2,0,53
-2.2905,-0.21799,3.9935,0.00047122,1,0,53
-0.22378,1.5399,-0.0065185,0.00047122,-2,1,53
2.8545,2.8679,-0.0065185,0.00047122,-2,1,53
1.727,3.4744,-0.0065185,0.00047122,-2,1,53
-1.4597,0.15806,3.9935,0.00047122,1,0,53
-3.4735,-2.8601,-0.0065185,0.00047122,-2,0,53
-0.39553,-1.3635,-0.0065185,0.00047122,-2,1,53
2.5545,-1.5898,-0.0065185,0.00047122,-2,1,53
5.172,2.1854,-0.0065185,0.00047122,-2,1,53
4.8468,3.9444,-0.0065185,0.00047122,-2,1,53
6.5705,2.9729,-0.0065185,0.00047122,-2,1,53
4.3356,4.9373,-0.0065185,0.00047122,-2,1,53
3.6859,3.1369,2.9935,0.00047122,1,0,53
3.172,3.1854,-0.0065185,0.00047122,-2,1,53
1.8545,3.0354,-0.0065185,0.00047122,-2,1,53
2.727,2.7127,-0.0065185,0.00047122,-2,1,53
-2.6097,-1.2952,-0.0065185,0.00047122,-2,0,53
2.2265,2.2399,-2.0065,0.00047122,1,0,53
-4.4405,1.2912,-0.0065185,0.00047122,-2,0,53
6.5545,1.6089,-0.0065185,0.00047122,-2,1,53
6.172,6.1854,-0.0065185,0.00047122,-2,1,53
-5.2379,-3.1342,-3.0065,0.00047122,1,0,53
-1.5615,-0.20486,-0.0065185,0.00047122,-2,0,53
4.3356,3.5165,-0.0065185,0.00047122,-2,1,53
4.1359,3.1788,-0.0065185,0.00047122,-2,1,53
5.9662,5.9796,-0.0065185,0.00047122,-2,1,53
2.8219,2.1342,-0.0065185,0.00047122,-2,1,53
3.6993,2.2788,-0.0065185,0.00047122,-2,1,53
3.1451,3.1585,-2.0065,0.00047122,1,0,53
1.172,-2.6821,-0.0065185,0.00047122,-2,0,53
-3.1532,-6.4271,-0.0065185,0.00047122,-2,0,53
-0.42951,1.6355,-0.0065185,0.00047122,-2,0,53
-0.66441,-0.651,-0.0065185,0.00047122,-2,0,53
-2.8641,-2.3145,-0.0065185,0.00047122,-2,0,53
1.0427,4.1722,-0.0065185,0.00047122,-2,1,53
-0.17806,-0.16464,-0.0065185,0.00047122,-2,0,53
1.6993,1.7127,-0.0065185,0.00047122,-2,1,53
1.1545,-0.36888,-0.0065185,0.00047122,-2,1,53
2.3045,2.3179,-0.0065185,0.00047122,-2,1,53
2.4045,-1.2042,-0.0065185,0.00047122,-2,1,53
0.89447,-2.7364,-0.0065185,0.00047122,-2,1,53
-1.452,-1.4386,-0.0065185,0.00047122,-2,1,53
2.1545,2.4038,-0.0065185,0.00047122,-2,0,53
1.832,-0.96735,-4.0065,0.00047122,1,0,53
0.39035,0.40376,-0.0065185,0.00047122,-2,1,53
-1.8455,1.9079,-0.0065185,0.00047122,-2,0,53
-2.718,0.47439,-0.0065185,0.00047122,-2,0,53
3.6186,3.632,-0.0065185,0.00047122,-2,1,53
-4.5175,-2.2073,-0.0065185,0.00047122,-2,0,53
-4.1455,-2.7446,-0.0065185,0.00047122,-2,1,54
2.2545,1.5799,-0.0065185,0.00047122,-2,0,54
5.617,4.6279,-0.0065185,0.00047122,-2,1,54
-0.69553,2.4629,-0.0065185,0.00047122,-2,0,54
-0.44053,-1.3639,-0.0065185,0.00047122,-2,0,54
0.77622,0.78964,-0.0065185,0.00047122,-2,0,54
1.9605,1.9739,-0.0065185,0.00047122,-2,1,54
6.5545,6.5679,-0.0065185,0.00047122,-2,1,54
6.172,2.8265,-0.0065185,0.00047122,-2,1,54
2.8468,5.2603,-0.0065185,0.00047122,-2,1,54
-5.5615,-4.3593,-0.0065185,0.00047122,-2,1,54
4.4045,4.749,-0.0065185,0.00047122,-2,1,54
3.7445,1.482,3.9935,0.00047122,1,1,54
3.727,3.9796,-0.0065185,0.00047122,-2,1,54
-0.3814,3.7254,-0.0065185,0.00047122,-2,0,54
1.8545,-2.9606,-0.0065185,0.00047122,-2,1,54
-5.718,-5.7046,-0.0065185,0.00047122,-2,0,54
-4.6097,-4.5962,-0.0065185,0.00047122,-2,0,54
-3.9175,0.91236,2.9935,0.00047122,1,1,54
-2.8855,2.1242,-0.0065185,0.00047122,-2,1,54
2.461,-2.1496,0.99348,0.00047122,1,0,54
-4.0836,1.0103,-0.0065185,0.00047122,-2,1,54
2.7793,0.15187,-0.0065185,0.00047122,-2,1,54
-2.3541,-1.6996,3.9935,0.00047122,1,0,54
-4.718,-5.2104,-0.0065185,0.00047122,-2,0,54
5.6186,-1.8281,-0.0065185,0.00047122,-2,1,54
5.5265,5.9053,-0.0065185,0.00047122,-2,1,54
3.4482,3.7722,-0.0065185,0.00047122,-2,1,54
2.3816,2.659,-0.0065185,0.00047122,-2,1,54
-4.3161,-4.3027,-0.0065185,0.00047122,-2,0,54
-3.668,-2.6639,3.9935,0.00047122,1,1,54
-4.8855,-3.8679,-0.0065185,0.00047122,-2,1,54
4.461,-0.87211,-0.0065185,0.00047122,-2,0,54
-4.0836,-1.5119,-0.0065185,0.00047122,-2,0,54
1.3045,1.3179,-0.0065185,0.00047122,-2,1,54
-1.4455,-1.4321,-0.0065185,0.00047122,-2,1,54
-1.828,-1.8146,-0.0065185,0.00047122,-2,0,54
3.4045,2.1356,-0.0065185,0.00047122,-2,1,54
-1.8855,-2.8721,-0.0065185,0.00047122,-2,1,54
-1.602,-0.045225,-3.0065,0.00047122,1,1,54
3.727,3.7404,-0.0065185,0.00047122,-2,1,54
-0.60965,1.5713,-0.0065185,0.00047122,-2,0,54
0.52648,0.017889,-0.0065185,0.00047122,-1,1,54
0.44818,0.46159,-2.0065,0.00047122,1,0,54
-2.9955,-1.6821,-0.0065185,0.00047122,-2,0,54
3.0045,4.0129,-0.0065185,0.00047122,-2,1,54
-1.9955,-1.9821,-0.0065185,0.00047122,-2,0,54
3.0045,4.0619,-0.0065185,0.00047122,-2,1,54
-2.5455,-2.7119,3.9935,0.00047122,1,0,54
2.172,-2.6278,-4.0065,0.00047122,1,0,54
-0.8379,2.9079,-0.0065185,0.00047122,-2,1,54
1.4385,5.4744,-0.0065185,0.00047122,-2,1,54
0.33559,-2.7926,-0.0065185,0.00047122,-2,0,54
0.87302,2.6427,-0.0065185,0.00047122,-2,0,54
2.7045,3.4927,-0.0065185,0.00047122,-2,1,54
-0.84553,-0.83211,-0.0065185,0.00047122,-2,1,54
0.72697,1.8222,-5.0065,0.00047122,1,0,54
-3.9955,4.2679,-0.0065185,0.00047122,-2,1,54
3.0045,3.395,-0.0065185,0.00047122,-2,1,54
-1.5455,-2.5321,-0.0065185,0.00047122,-2,0,54
-3.163,-3.1496,-0.0065185,0.00047122,-2,0,54
-0.8379,-0.82449,-0.0065185,0.00047122,-2,0,54
2.5705,0.96978,-0.0065185,0.00047122,-2,1,54
-2.1766,-2.1632,-4.0065,0.00047122,1,0,54
-0.86408,4.7002,-0.0065185,0.00047122,-2,0,54
-3.6955,-3.6821,-0.0065185,0.00047122,-2,0,54
6.4495,0.64542,-0.0065185,0.00047122,-2,1,54
4.2327,4.2461,-0.0065185,0.00047122,-2,1,54
5.0485,5.0619,-0.0065185,0.00047122,-2,1,54
-4.2829,-3.9401,3.9935,0.00047122,1,0,54
-0.74983,1.3002,-0.0065185,0.00047122,-2,0,54
-0.35437,-2.231,-0.0065185,0.00047122,-2,0,54
0.85447,3.4009,-0.0065185,0.00047122,-2,1,54
1.282,-2.0701,-0.0065185,0.00047122,-2,0,54
-1.0814,0.09271,4.9935,0.00047122,1,1,54
2.4825,-5.7407,-0.0065185,0.00047122,-2,1,54
-4.5455,-2.0884,-0.0065185,0.00047122,-2,1,54
0.70447,-1.3527,-0.0065185,0.00047122,-2,0,54
0.55947,2.3385,-0.0065185,0.00047122,-2,1,54
-0.22378,-0.48786,-0.0065185,0.00047122,-2,0,54
-0.18954,0.86363,1.9935,0.00047122,1,1,54
-3.1081,-2.4046,-0.0065185,0.00047122,-2,0,54
0.75877,-1.4271,-0.0065185,0.00047122,-2,1,54
-2.9955,-2.9821,-0.0065185,0.00047122,-2,1,54
0.0044729,0.017889,-0.0065185,0.00047122,-2,1,54
3.0045,2.2087,-0.0065185,0.00047122,-2,0,54
-3.9955,4.3427,-0.0065185,0.00047122,-2,0,54
-3.3955,-1.8735,2.9935,0.00047122,1,0,54
-3.9955,3.8502,-0.0065185,0.00047122,-2,0,54
-0.99553,-2.2921,-0.0065185,0.00047122,-2,1,54
-2.8455,-2.8721,-0.0065185,0.00047122,-2,0,54
-3.6955,-1.9821,-0.0065185,0.00047122,-2,0,54
-3.1405,-2.0412,2.9935,0.00047122,1,0,54
4.2327,3.0179,-0.0065185,0.00047122,-2,1,54
-5.0395,2.1854,-0.0065185,0.00047122,-2,0,54
2.8919,3.4179,-0.0065185,0.00047122,-2,1,54
-2.4498,-2.4364,3.9935,0.00047122,1,1,54
-0.55053,-3.3821,-0.0065185,0.00047122,-2,0,54
-0.22378,-0.21036,-0.0065185,0.00047122,-2,1,54
-1.0395,-1.0261,-0.0065185,0.00047122,-2,1,54
-1.8829,-1.8695,-0.0065185,0.00047122,-2,0,54
-3.8455,-3.8321,-0.0065185,0.00047122,-2,0,54
4.727,-0.76821,-0.0065185,0.00047122,-2,1,54
-4.0097,-3.9962,-3.0065,0.00047122,1,0,54
-1.5175,-1.891,-0.0065185,0.00047122,-2,0,54
2.4482,2.4616,-0.0065185,0.00047122,-2,1,54
2.3816,2.395,-0.0065185,0.00047122,-2,0,54
3.3045,-1.2884,-0.0065185,0.00047122,-2,1,54
0.55947,0.57289,-0.0065185,0.00047122,-2,1,54
0.47622,3.1867,-4.0065,0.00047122,1,1,54
3.9605,-4.4261,-0.0065185,0.00047122,-2,1,54
3.3671,3.9473,-1.0065,0.00047122,1,0,54
5.617,1.1679,-0.0065185,0.00047122,-2,0,54
7.0751,7.0885,-0.0065185,0.00047122,-2,1,54
6.0145,2.8038,4.9935,0.00047122,1,1,54
3.8945,3.9079,-0.0065185,0.00047122,-2,1,54
4.461,6.0869,-0.0065185,0.00047122,-2,0,54
-3.7836,-2.718,1.9935,0.00047122,1,1,54
-2.5505,-0.23711,-0.0065185,0.00047122,-2,0,54
-1.7673,-1.7539,-0.0065185,0.00047122,-2,0,54
-0.95151,-0.9381,-0.0065185,0.00047122,-2,0,54
-0.10812,-0.094701,-0.0065185,0.00047122,-2,0,54
0.10017,0.74346,4.9935,0.00047122,1,1,54
4.3633,3.8598,-0.0065185,0.00047122,-2,1,54
-1.4505,-2.6102,-0.0065185,0.00047122,-2,0,54
-1.5323,-1.5189,-0.0065185,0.00047122,-2,0,54
-1.3018,-1.0334,-4.0065,0.00047122,1,0,54
2.6698,2.4134,-0.0065185,0.00047122,-2,1,54
-2.711,-2.5876,-0.0065185,0.00047122,-2,0,54
-3.7537,-3.7403,-0.0065185,0.00047122,-2,0,54
-3.19,-1.9441,-5.0065,0.00047122,1,0,54
3.8298,3.7023,-0.0065185,0.00047122,-2,1,54
-0.14403,-0.25034,-0.0065185,0.00047122,-2,1,54
1.1307,-2.9265,-0.0065185,0.00047122,-2,0,54
1.1118,1.2117,-0.0065185,0.00047122,-2,1,54
3.8545,0.83159,-0.0065185,0.00047122,-2,1,54
-3.718,-3.1462,-0.0065185,0.00047122,-2,0,54
4.6186,4.632,-0.0065185,0.00047122,-2,1,54
3.9265,2.6291,3.9935,0.00047122,1,1,54
3.4482,3.395,-0.0065185,0.00047122,-2,1,54
4.3816,4.3385,-0.0065185,0.00047122,-2,1,54
4.3251,2.795,-0.0065185,0.00047122,-2,1,54
4.277,4.2904,-0.0065185,0.00047122,-2,1,54
3.6361,3.1395,-4.0065,0.00047122,1,1,54
4.2013,4.2148,-0.0065185,0.00047122,-2,1,54
5.1718,5.1852,-0.0065185,0.00047122,-2,1,54
4.1467,-2.2964,-0.0065185,0.00047122,-2,1,54
3.5254,3.5388,-2.0065,0.00047122,1,1,54
2.1072,-1.5793,-0.0065185,0.00047122,-2,1,54
4.0918,1.7921,-0.0065185,0.00047122,-2,1,54
4.0787,4.081,-0.0065185,0.00047122,-2,1,54
-1.0586,-2.9258,-0.0065185,0.00047122,-2,0,54
-0.94188,0.91349,-0.0065185,0.00047122,-2,0,54
0.15447,-0.78651,-0.0065185,0.00047122,-2,0,54
-0.12303,-0.10961,-3.0065,0.00047122,1,1,54
1.3903,2.5399,-0.0065185,0.00047122,-2,1,54
-0.29553,1.6634,-0.0065185,0.00047122,-2,0,54
2.7045,-0.98341,-0.0065185,0.00047122,-2,1,54
-0.55053,-1.605,-0.0065185,0.00047122,-2,1,54
-0.22378,-0.21036,-0.0065185,0.00047122,-2,0,54
-0.95151,-1.7096,-0.0065185,0.00047122,-2,1,54
2.1171,2.1305,-0.0065185,0.00047122,-2,0,54
1.7588,1.2148,-0.0065185,0.00047122,-2,1,54
-1.6367,-1.6233,-0.0065185,0.00047122,-2,0,54
-1.5405,-1.5271,-0.0065185,0.00047122,-2,0,54
0.46771,0.13879,-0.0065185,0.00047122,-2,1,54
-2.3893,-2.3759,-0.0065185,0.00047122,-2,0,54
0.33916,0.10524,-0.0065185,0.00047122,-2,1,54
-1.711,-1.9079,-0.0065185,0.00047122,-2,0,54
1.4627,-0.36616,-3.0065,0.00047122,1,0,54
2.7989,1.2573,-0.0065185,0.00047122,-2,0,54
-0.17024,-0.15682,-0.0065185,0.00047122,-2,0,54
-1.144,2.0369,-0.0065185,0.00047122,-2,0,54
-1.1218,-1.1083,-0.0065185,0.00047122,-2,0,54
1.1118,2.0715,-0.0065185,0.00047122,-2,1,54
0.77929,-0.60496,-0.0065185,0.00047122,-2,0,55
4.8545,4.1091,-0.0065185,0.00047122,-2,1,55
3.727,3.0954,-0.0065185,0.00047122,-2,1,55
0.6186,-0.45795,-0.0065185,0.00047122,-2,1,55
-1.4735,-1.9261,-0.0065185,0.00047122,-2,0,55
2.3045,4.0179,-0.0065185,0.00047122,-2,1,55
6.4045,6.4179,-0.0065185,0.00047122,-2,1,55
6.8945,1.6796,-0.0065185,0.00047122,-2,1,55
-7.452,-3.6546,-0.0065185,0.00047122,-2,0,55
-7.0836,-5.2137,-0.0065185,0.00047122,-2,0,55
-5.7703,-4.179,-0.0065185,0.00047122,-2,0,55
-4.5041,-3.1495,-0.0065185,0.00047122,-2,0,55
3.8368,3.9102,4.9935,0.00047122,1,1,55
3.0944,2.1388,-0.0065185,0.00047122,-2,1,55
3.9309,4.5569,-0.0065185,0.00047122,-2,1,55
5.792,5.8054,-0.0065185,0.00047122,-2,1,55
-3.6649,-3.0564,-0.0065185,0.00047122,-2,0,55
2.5734,1.9234,-0.0065185,0.00047122,-2,1,55
2.1881,2.2015,2.9935,0.00047122,1,1,55
0.41555,2.979,-0.0065185,0.00047122,-2,1,55
-1.3449,-0.020871,-0.0065185,0.00047122,-2,0,55
-0.29253,-0.015057,-0.0065185,0.00047122,-2,0,55
-3.248,-3.0101,-0.0065185,0.00047122,-2,0,55
2.7691,0.8466,4.9935,0.00047122,1,1,55
5.1869,5.2003,-0.0065185,0.00047122,-2,1,55
5.1595,5.1729,-0.0065185,0.00047122,-2,1,55
3.1363,3.1497,-0.0065185,0.00047122,-2,1,55
5.1165,2.7399,-0.0065185,0.00047122,-2,1,55
-4.0907,-3.9927,-0.0065185,0.00047122,-2,0,55
3.0854,3.0988,-0.0065185,0.00047122,-2,1,55
2.6233,3.0961,-3.0065,0.00047122,1,1,55
4.0629,-2.4736,-0.0065185,0.00047122,-2,1,55
4.0542,4.0676,-0.0065185,0.00047122,-2,1,55
2.0467,2.9501,-0.0065185,0.00047122,-2,1,55
0.040382,0.053798,-0.0065185,0.00047122,-2,1,55
1.035,1.4934,-0.0065185,0.00047122,-2,1,55
1.0304,0.87077,-0.0065185,0.00047122,-2,1,55
2.0265,2.0203,-0.0065185,0.00047122,-2,1,55
1.7232,5.02,-0.0065185,5.0005,-1,1,55
1.4654,0.64795,4.9935,0.00047122,1,1,55
-1.982,-1.9686,-0.0065185,0.00047122,-2,1,55
-1.984,3.6317,-0.0065185,0.00047122,-2,0,55
-2.6955,3.0983,-0.0065185,0.00047122,-2,0,55
-2.2905,1.7779,3.9935,0.00047122,1,0,55
-6.2238,-2.7636,-0.0065185,0.00047122,-2,0,55
6.0485,6.0619,-0.0065185,0.00047122,-2,1,55
-4.8829,-2.3792,-0.0065185,0.00047122,-2,0,55
-4.7498,3.4684,-0.0065185,0.00047122,-2,0,55
4.6456,4.059,-0.0065185,0.00047122,-2,1,55
-3.9405,-2.3977,1.9935,0.00047122,1,0,55
-4.4588,2.5546,-0.0065185,0.00047122,-2,0,55
-3.3893,-2.6709,-0.0065185,0.00047122,-2,0,55
-3.3302,-3.3168,-0.0065185,0.00047122,-2,0,55
-4.28,-4.2666,-0.0065185,0.00047122,-2,0,55
-5.2373,-4.5453,-0.0065185,0.00047122,-2,0,55
-4.2011,-1.1769,-0.0065185,0.00047122,-2,0,55
-3.5702,-3.5568,3.9935,0.00047122,1,0,55
-1.144,-0.71388,-0.0065185,0.00047122,-2,0,55
-3.1218,-3.1083,-0.0065185,0.00047122,-2,0,55
-1.1028,2.6682,-0.0065185,0.00047122,-2,0,55
-1.0867,-0.92331,-0.0065185,0.00047122,-2,0,55
-1.918,0.94541,-0.0065185,0.00047122,-2,1,55
2.9386,1.652,-0.0065185,0.00047122,-2,1,55
2.4985,2.6691,-4.0065,0.00047122,1,1,55
-0.16303,1.2504,-0.0065185,0.00047122,-2,1,55
-0.69553,-0.68211,-0.0065185,0.00047122,-2,0,55
-3.4405,-0.5397,-0.0065185,0.00047122,-2,0,55
-0.22378,-0.21036,-0.0065185,0.00047122,-2,1,55
0.85447,-0.90693,-0.0065185,0.00047122,-2,1,55
0.72697,0.74039,-3.0065,0.00047122,1,0,55
-4.9955,-7.5321,-0.0065185,0.00047122,-2,0,55
-1.9955,-4.1496,-0.0065185,0.00047122,-2,0,55
-1.9955,-0.73641,-0.0065185,0.00047122,-2,0,55
1.0045,2.5839,-0.0065185,0.00047122,-2,1,55
-0.84553,-1.4271,3.9935,0.00047122,1,0,55
-2.9955,-2.9821,-0.0065185,0.00047122,-2,0,55
-4.9955,-5.9438,-0.0065185,0.00047122,-2,0,55
-2.9955,-3.7996,-0.0065185,0.00047122,-2,0,55
-4.9955,2.1059,-0.0065185,0.00047122,-2,0,55
-4.2455,2.0179,-0.0065185,2.0005,-1,0,55
-3.608,-4.0966,-3.0065,0.00047122,1,0,55
3.0045,2.9946,-0.0065185,0.00047122,-2,1,55
3.0045,3.3806,-0.0065185,0.00047122,-2,1,55
0.0044729,-2.1496,-0.0065185,0.00047122,-2,0,55
1.0045,0.75583,-0.0065185,0.00047122,-2,0,55
1.0045,0.79514,-0.0065185,0.00047122,-2,1,55
-1.8455,-0.98211,-0.0065185,0.00047122,-2,0,55
1.577,0.017889,4.9935,0.00047122,1,1,55
1.6186,4.882,-0.0065185,0.00047122,-2,1,55
2.5265,1.3899,-0.0065185,0.00047122,-2,1,55
-0.43923,-1.6821,-0.0065185,0.00047122,-2,0,55
0.62732,1.0179,-0.0065185,0.00047122,-2,0,55
-0.52495,0.33847,-3.0065,0.00047122,1,0,55
-4.718,0.017889,-0.0065185,0.00047122,-2,0,55
-3.6097,-3.3821,-0.0065185,0.00047122,-2,0,55
-1.5175,-0.98211,-0.0065185,0.00047122,-2,0,55
-1.2892,-2.1496,-5.0065,0.00047122,1,0,55
-0.37268,-4.2321,-0.0065185,0.00047122,-2,0,55
1.6839,2.0179,-0.0065185,0.00047122,-2,0,55
1.732,0.017889,-0.0065185,0.00047122,-2,1,55
2.7045,0.90042,-0.0065185,0.00047122,-2,1,55
3.4495,0.86789,-0.0065185,0.00047122,-2,0,55
-1.2955,1.9686,-0.0065185,0.00047122,-2,0,55
1.1095,1.1229,4.9935,0.00047122,1,0,55
-1.163,-1.6276,-0.0065185,0.00047122,-2,0,55
3.1545,3.1679,-0.0065185,0.00047122,-2,1,55
-1.273,-1.605,-0.0065185,0.00047122,-2,0,55
2.6186,2.3385,-0.0065185,0.00047122,-2,0,55
3.5265,-1.9281,-0.0065185,0.00047122,-2,1,55
2.9982,-1.4242,2.9935,0.00047122,1,1,55
-0.82803,0.965,-0.0065185,0.00047122,-2,0,55
1.5545,0.72551,-0.0065185,0.00047122,-2,1,55
-1.163,2.7103,-0.0065185,0.00047122,-2,1,55
-0.14553,-1.102,-0.0065185,0.00047122,-2,0,55
0.13197,0.86141,-4.0065,0.00047122,1,1,55
2.282,2.2954,-0.0065185,0.00047122,-2,1,55
0.45447,-1.4007,-0.0065185,0.00047122,-2,0,55
-0.16303,-0.14961,-0.0065185,0.00047122,-2,1,55
5.7045,5.7179,-0.0065185,0.00047122,-2,1,55
-3.4405,0.34771,-0.0065185,0.00047122,-2,0,55
-3.2238,-3.5481,-0.0065185,0.00047122,-2,0,55
-2.7395,-2.7582,3.9935,0.00047122,1,0,55
-2.3279,2.5305,2.9935,0.00047122,1,0,55
-1.7498,-1.7364,-0.0065185,0.00047122,-2,0,55
1.3633,1.3767,-0.0065185,0.00047122,-2,1,55
-2.2955,-2.2821,-0.0065185,0.00047122,-2,0,55
1.9595,1.8519,4.9935,0.00047122,1,1,55
1.1145,3.5159,-0.0065185,0.00047122,-2,1,55
-4.3955,-0.92561,-0.0065185,0.00047122,-2,0,55
-3.8855,-3.8721,-0.0065185,0.00047122,-2,0,55
3.311,-1.8696,4.9935,0.00047122,1,1,55
-1.0836,-6.3201,-0.0065185,0.00047122,-2,0,55
3.7793,0.94271,-0.0065185,0.00047122,-2,1,55
-0.48693,-0.47351,-0.0065185,0.00047122,-2,1,55
2.2868,2.3002,-0.0065185,0.00047122,-2,1,55
0.094435,0.088054,-0.0065185,0.00047122,-2,1,55
-0.92199,-0.90858,-0.0065185,0.00047122,-2,0,55
-1.208,-2.8188,-0.0065185,0.00047122,-2,0,55
1.0351,1.0485,-2.0065,0.00047122,1,1,55
-5.4405,1.1959,-0.0065185,0.00047122,-2,0,55
6.2327,4.6461,-0.0065185,0.00047122,-2,1,55
-4.0395,-3.3593,-0.0065185,0.00047122,-2,0,55
-2.8829,-2.3027,-0.0065185,0.00047122,-2,0,55
-2.4498,-3.807,2.9935,0.00047122,1,0,55
-4.6367,-4.6233,-0.0065185,0.00047122,-2,0,55
-3.5405,-3.5271,-0.0065185,0.00047122,-2,0,55
-2.4588,1.6929,-0.0065185,0.00047122,-2,0,55
-2.0893,-1.8244,3.9935,0.00047122,1,0,55
0.33916,-3.0474,-0.0065185,0.00047122,-2,1,55
-0.28001,-0.084881,-0.0065185,0.00047122,-2,0,55
-1.2373,-0.069465,-0.0065185,0.00047122,-2,0,55
2.21,2.2234,-0.0065185,0.00047122,-2,1,55
3.1792,3.1926,-0.0065185,0.00047122,-2,1,55
4.153,4.1664,-0.0065185,0.00047122,-2,1,55
-3.5218,-0.54972,-4.0065,0.00047122,1,0,55
-4.1028,-3.4209,-0.0065185,0.00047122,-2,0,55
1.0957,1.1091,-0.0065185,0.00047122,-2,1,55
-0.92305,-2.9496,-2.0065,0.00047122,1,0,55
1.0704,1.7838,-0.0065185,0.00047122,-2,1,55
-4.0515,-0.88812,-0.0065185,0.00047122,-2,0,55
2.0521,3.4655,-0.0065185,0.00047122,-2,1,55
-1.036,-1.6967,-0.0065185,0.00047122,-2,0,55
-0.029923,-0.016507,-0.0065185,0.00047122,-2,0,55
1.9752,-0.71517,-0.0065185,0.00047122,-2,1,55
1.7045,-0.59624,-0.0065185,0.00047122,-2,1,55
1.4495,-0.50412,-0.0065185,0.00047122,-2,1,55
-0.22378,0.47955,-0.0065185,0.00047122,-2,0,55
-1.9515,0.2119,-0.0065185,0.00047122,-2,0,55
2.5545,2.8885,-0.0065185,0.00047122,-2,0,55
-2.163,-0.59624,-4.0065,0.00047122,1,0,55
-2.8379,-4.3821,-0.0065185,0.00047122,-2,0,55
4.5705,3.1048,-0.0065185,0.00047122,-2,1,55
-2.3266,-2.9093,-0.0065185,0.00047122,-2,0,55
1.1359,2.9559,-0.0065185,0.00047122,-2,1,55
-1.9573,-1.2546,-0.0065185,0.00047122,-2,0,55
0.54945,-0.94384,-0.0065185,0.00047122,-2,0,56
2.0045,2.0179,-0.0065185,0.00047122,-2,1,56
-3.6955,-1.341,-0.0065185,0.00047122,-2,0,56
4.4495,1.9849,-0.0065185,0.00047122,-2,1,56
3.2327,3.7961,-0.0065185,0.00047122,-2,1,56
0.048485,0.061901,-0.0065185,0.00047122,-2,0,56
-3.8455,-1.5371,-0.0065185,0.00047122,-2,0,56
-3.718,-3.7046,-0.0065185,0.00047122,-2,0,56
-5.6097,-5.5962,-0.0065185,0.00047122,-2,0,56
-4.5175,-3.0947,-0.0065185,0.00047122,-2,0,56
-4.4392,0.59748,-0.0065185,0.00047122,-2,0,56
-3.3727,-3.7593,-0.0065185,0.00047122,-2,0,56
-2.8661,-1.9871,-5.0065,0.00047122,1,0,56
3.277,3.2904,-0.0065185,0.00047122,-2,1,56
2.2361,2.2495,-0.0065185,0.00047122,-2,1,56
1.2013,1.2148,-0.0065185,0.00047122,-2,1,56
0.83713,-2.7595,-0.0065185,0.00047122,-2,1,56
-1.1455,1.1097,-0.0065185,0.00047122,-2,1,56
0.98197,0.99539,-5.0065,0.00047122,1,0,56
3.3903,3.4038,-0.0065185,0.00047122,-2,1,56
-4.3955,2.2679,-0.0065185,0.00047122,-2,0,56
-3.8855,2.2385,-0.0065185,0.00047122,-2,0,56
-4.452,1.7779,-0.0065185,0.00047122,-2,0,56
3.7925,3.8059,4.9935,0.00047122,1,0,56
4.4495,4.4629,-0.0065185,0.00047122,-2,1,56
7.5545,7.5679,-0.0065185,0.00047122,-2,1,56
6.172,6.1854,-0.0065185,0.00047122,-2,1,56
-5.8379,-2.824,-0.0065185,0.00047122,-2,0,56
-3.5615,-3.7667,-0.0065185,0.00047122,-2,0,56
-2.3266,-2.3132,-0.0065185,0.00047122,-2,0,56
1.9859,2.5943,3.9935,0.00047122,1,0,56
-0.71803,-0.60583,-0.0065185,0.00047122,-2,1,56
4.6186,1.0619,-0.0065185,0.00047122,-2,1,56
-0.59553,-3.9821,-0.0065185,0.00047122,-2,0,56
-3.3955,-3.3821,-0.0065185,0.00047122,-2,0,56
-2.8855,-2.8721,-0.0065185,0.00047122,-2,0,56
-2.452,-2.4386,-0.0065185,0.00047122,-2,0,56
-0.083552,-0.070136,-0.0065185,0.00047122,-2,0,56
-0.22071,-2.5807,-0.0065185,0.00047122,-2,1,56
-0.18693,-2.6086,3.9935,0.00047122,1,0,56
-5.4405,4.7002,-0.0065185,0.00047122,-2,0,56
3.2327,3.2461,-0.0065185,0.00047122,-2,1,56
-6.0395,-2.5256,-0.0065185,0.00047122,-2,0,56
-5.1329,-0.35059,3.9935,0.00047122,1,0,56
2.7588,-2.6278,-0.0065185,0.00047122,-2,1,56
-2.6367,-2.3233,-0.0065185,0.00047122,-2,0,56
-1.5405,0.3002,-0.0065185,0.00047122,-2,0,56
0.54124,2.1079,-0.0065185,0.00047122,-2,1,56
4.8545,2.7896,-0.0065185,0.00047122,-2,1,56
4.127,0.4057,-4.0065,0.00047122,1,1,56
5.6186,-2.768,-0.0065185,0.00047122,-2,1,56
-3.5175,-3.4778,-0.0065185,0.00047122,-2,0,56
3.4482,3.0116,-0.0065185,0.00047122,-2,1,56
3.3816,2.945,-0.0065185,0.00047122,-2,1,56
-1.3161,-0.51888,-0.0065185,0.00047122,-2,0,56
-1.723,2.4579,-0.0065185,0.00047122,-2,0,56
1.4729,2.0526,3.9935,0.00047122,1,1,56
4.4495,4.4629,-0.0065185,0.00047122,-2,1,56
5.2327,5.2461,-0.0065185,0.00047122,-2,1,56
-4.0395,-1.8507,-0.0065185,0.00047122,-2,0,56
-5.8829,-4.0204,-0.0065185,0.00047122,-2,0,56
-4.7498,-0.93946,-0.0065185,0.00047122,-2,0,56
-3.6367,-2.2873,-0.0065185,0.00047122,-2,0,56
-3.0905,-2.2815,2.9935,0.00047122,1,0,56
3.4677,3.4811,-0.0065185,0.00047122,-2,1,56
-4.3893,1.7916,-0.0065185,0.00047122,-2,0,56
-3.3302,-3.0194,-0.0065185,0.00047122,-2,0,56
-4.28,-2.2238,-0.0065185,0.00047122,-2,0,56
-5.2373,-5.2239,-0.0065185,0.00047122,-2,0,56
-4.4511,-2.6494,1.9935,0.00047122,1,0,56
5.1792,5.1926,-0.0065185,0.00047122,-2,1,56
2.153,2.1664,-0.0065185,0.00047122,-2,1,56
3.1307,3.1441,-0.0065185,0.00047122,-2,1,56
-1.1028,0.95461,-0.0065185,0.00047122,-2,0,56
0.94567,0.95909,-4.0065,0.00047122,1,1,56
1.927,3.3404,-0.0065185,0.00047122,-2,1,56
1.7045,2.9079,-0.0065185,0.00047122,-2,1,56
-3.4405,-3.4271,-0.0065185,0.00047122,-2,0,56
5.2327,2.1575,-0.0065185,0.00047122,-2,1,56
-5.0395,-4.4261,-0.0065185,0.00047122,-2,0,56
4.2919,4.9265,2.9935,0.00047122,1,1,56
2.7588,3.8502,-0.0065185,0.00047122,-2,1,56
2.6456,3.1079,-0.0065185,0.00047122,-2,1,56
2.5495,2.0079,-0.0065185,0.00047122,-2,1,56
4.4677,2.5054,-0.0065185,0.00047122,-2,1,56
4.3982,4.0873,-0.0065185,0.00047122,-2,1,56
-3.3302,-3.7168,-0.0065185,0.00047122,-2,0,56
2.839,2.8524,-3.0065,0.00047122,1,1,56
-2.2373,2.3261,-0.0065185,0.00047122,-2,0,56
1.21,1.3673,-0.0065185,0.00047122,-2,1,56
0.17918,0.31489,-0.0065185,0.00047122,-2,0,56
3.0045,-0.13061,-0.0065185,0.00047122,-2,1,56
-2.5455,-1.4881,2.9935,0.00047122,1,0,56
1.0045,1.0179,-0.0065185,0.00047122,-2,1,56
3.8545,2.9397,-0.0065185,0.00047122,-2,1,56
3.727,3.2904,-0.0065185,0.00047122,-2,1,56
3.1686,4.1339,2.9935,0.00047122,1,1,56
-0.47352,0.349,-0.0065185,0.00047122,-2,0,56
3.1545,2.6291,-0.0065185,0.00047122,-2,0,56
2.282,4.8603,-0.0065185,0.00047122,-2,1,56
7.5545,7.5679,-0.0065185,0.00047122,-2,1,56
5.172,5.1854,-0.0065185,0.00047122,-2,1,56
-3.8379,-4.0701,-0.0065185,0.00047122,-2,0,56
3.2705,1.4156,4.9935,0.00047122,1,1,56
-1.3266,-5.7407,-0.0065185,0.00047122,-2,1,56
-2.9955,1.1493,-0.0065185,0.00047122,-2,0,56
-4.9955,-4.9821,-0.0065185,0.00047122,-2,0,56
-2.9955,-2.1496,-0.0065185,0.00047122,-2,0,56
-0.99553,-0.98211,-0.0065185,0.00047122,-2,0,56
-0.84553,-0.26386,3.9935,0.00047122,1,1,56
-1.718,-2.8245,-0.0065185,0.00047122,-2,0,56
2.1545,2.1679,-0.0065185,0.00047122,-2,1,56
1.832,2.5679,-2.0065,0.00047122,1,1,56
-0.82803,0.48539,-0.0065185,0.00047122,-2,1,56
-0.70315,-0.75729,-4.0065,0.00047122,1,1,56
-1.4295,-1.4161,-0.0065185,0.00047122,-2,0,56
-0.44553,1.6256,-0.0065185,0.00047122,-2,1,56
-1.163,0.40039,-0.0065185,0.00047122,-2,0,56
2.1621,1.9299,-0.0065185,0.00047122,-2,1,56
-0.39553,2.2954,-0.0065185,0.00047122,-2,1,56
0.45447,1.5768,-0.0065185,0.00047122,-2,0,56
-2.163,-2.1496,-0.0065185,0.00047122,-2,0,56
-1.8379,1.2237,1.9935,0.00047122,1,0,56
-2.4295,-2.4161,-0.0065185,0.00047122,-2,1,56
0.67336,0.13177,-0.0065185,0.00047122,-2,0,56
-1.127,-1.1136,-0.0065185,0.00047122,-2,1,56
-0.95726,-0.48414,2.9935,0.00047122,1,1,56
0.0044729,-3.7604,-0.0065185,0.00047122,-2,0,56
4.0045,0.017889,-0.0065185,0.00047122,-2,1,56
3.0045,3.9053,-0.0065185,0.00047122,-2,1,56
-2.5455,-3.6264,2.9935,0.00047122,1,0,56
4.0045,4.0179,-0.0065185,0.00047122,-2,1,56
4.0045,-2.1496,-0.0065185,0.00047122,-2,1,56
4.0045,3.4179,-0.0065185,0.00047122,-2,1,56
-4.9955,-5.3759,-0.0065185,0.00047122,-2,0,56
1.0045,1.0179,-0.0065185,0.00047122,-2,1,56
2.0045,2.4744,-0.0065185,0.00047122,-2,1,56
1.0045,1.2597,-0.0065185,0.00047122,-2,1,56
-0.84553,-1.6327,-5.0065,0.00047122,1,0,56
4.0045,4.4426,-0.0065185,0.00047122,-2,1,56
-3.9955,-3.5306,-0.0065185,0.00047122,-2,0,56
2.0045,3.5441,-0.0065185,0.00047122,-2,1,56
-0.99553,-0.98211,-0.0065185,0.00047122,-2,0,56
-0.84553,-0.74091,3.9935,0.00047122,1,0,56
2.282,2.2954,-0.0065185,0.00047122,-2,0,56
3.3903,2.2938,-0.0065185,0.00047122,-2,1,56
1.4045,3.3618,-0.0065185,0.00047122,-2,1,56
1.1945,0.40591,-2.0065,0.00047122,1,1,56
-0.53903,-0.52561,-0.0065185,0.00047122,-2,0,56
-0.44553,-1.5371,-0.0065185,0.00047122,-2,1,56
0.17197,-0.75386,-0.0065185,0.00047122,-2,1,56
-0.15315,-0.9381,-0.0065185,0.00047122,-2,1,56
-2.4295,-3.0947,-0.0065185,0.00047122,-2,0,56
1.4045,2.0868,-0.0065185,0.00047122,-2,1,56
1.1945,-1.0127,2.9935,0.00047122,1,1,56
1.461,5.0244,-0.0065185,0.00047122,-2,1,56
-0.083552,-1.2201,-0.0065185,0.00047122,-2,1,56
-4.6955,-1.271,-0.0065185,0.00047122,-2,0,56
5.4495,3.182,-0.0065185,0.00047122,-2,1,56
-4.2238,-3.9041,-0.0065185,0.00047122,-2,0,56
-5.0395,-3.5761,-0.0065185,0.00047122,-2,0,56
-4.8829,-4.8695,-0.0065185,0.00047122,-2,0,56
3.7588,3.3385,-0.0065185,0.00047122,-2,1,56
3.6456,3.2904,-0.0065185,0.00047122,-2,1,56
-5.5405,-2.6151,-0.0065185,0.00047122,-2,0,56
-5.4588,-4.6953,-0.0065185,0.00047122,-2,0,56
5.3982,5.1852,-0.0065185,0.00047122,-2,1,56
-3.3302,-3.9293,-0.0065185,0.00047122,-2,0,56
-1.28,-1.2666,-0.0065185,0.00047122,-2,0,56
-1.0873,-2.3914,-5.0065,0.00047122,1,0,56
0.79893,0.81235,-0.0065185,0.00047122,-2,1,56
-0.14553,-3.6689,-0.0065185,0.00047122,-2,1,56
-3.273,-7.0527,-0.0065185,0.00047122,-2,0,56
-3.3955,-3.3821,-0.0065185,0.00047122,-2,0,56
2.8945,2.3859,3.9935,0.00047122,1,1,56
4.172,3.8854,-0.0065185,0.00047122,-2,0,57
5.8468,5.8603,-0.0065185,0.00047122,-2,1,57
7.4045,7.4179,-0.0065185,0.00047122,-2,0,57
5.4045,5.4179,-0.0065185,0.00047122,-2,1,57
-6.6955,-6.0261,-0.0065185,0.00047122,-2,0,57
6.4495,6.4629,-0.0065185,0.00047122,-2,1,57
-6.2238,-0.78364,-0.0065185,0.00047122,-2,0,57
-5.0395,-4.8733,-0.0065185,0.00047122,-2,0,57
4.8919,4.9053,-0.0065185,0.00047122,-2,1,57
-4.7498,-3.3353,-0.0065185,0.00047122,-2,0,57
1.6456,4.059,-0.0065185,0.00047122,-2,1,57
-1.3905,-1.1668,1.9935,0.00047122,1,0,57
-2.4588,1.4334,-0.0065185,0.00047122,-2,0,57
1.3982,1.4116,-0.0065185,0.00047122,-2,1,57
-0.33021,-1.6327,-0.0065185,0.00047122,-2,0,57
2.289,0.30237,-0.0065185,0.00047122,-2,1,57
4.2463,4.2597,-0.0065185,0.00047122,-2,1,57
-3.6011,-1.6327,3.9935,0.00047122,1,0,57
4.1792,-3.2074,-0.0065185,0.00047122,-2,1,57
2.153,2.1664,-0.0065185,0.00047122,-2,1,57
0.87825,0.94037,-0.0065185,0.00047122,-2,1,57
2.8545,-0.43861,-0.0065185,0.00047122,-2,1,57
-2.418,-0.61341,3.9935,0.00047122,1,0,57
2.6186,-2.768,-0.0065185,0.00047122,-2,1,57
0.52648,-1.4907,-0.0065185,0.00047122,-2,1,57
0.44818,0.18058,-0.0065185,0.00047122,-2,1,57
-2.3727,-2.3593,-0.0065185,0.00047122,-2,0,57
5.3251,0.33847,-0.0065185,0.00047122,-2,1,57
4.277,3.2304,-0.0065185,0.00047122,-2,1,57
3.6361,2.961,2.9935,0.00047122,1,1,57
2.2013,1.4489,-0.0065185,0.00047122,-2,1,57
3.1718,2.3527,-0.0065185,0.00047122,-2,1,57
2.1467,2.1601,-0.0065185,0.00047122,-2,1,57
1.1254,1.1388,-0.0065185,0.00047122,-2,1,57
1.1072,1.5633,-0.0065185,0.00047122,-2,1,57
-0.90817,-1.2346,-0.0065185,0.00047122,-2,0,57
-5.8455,-4.2596,-0.0065185,0.00047122,-2,0,57
4.727,0.67728,-0.0065185,0.00047122,-2,1,57
-4.0097,-2.8601,-5.0065,0.00047122,1,0,57
-4.5175,-3.5384,-0.0065185,0.00047122,-2,0,57
-3.4392,-3.4258,-0.0065185,0.00047122,-2,0,57
-4.3727,-3.6615,-0.0065185,0.00047122,-2,0,57
3.7251,2.9485,4.9935,0.00047122,1,1,57
-1.268,-0.75049,-0.0065185,0.00047122,-2,1,57
-4.1455,1.0995,-0.0065185,0.00047122,-2,0,57
-4.273,-4.2596,-0.0065185,0.00047122,-2,0,57
-4.3814,-4.368,-0.0065185,0.00047122,-2,0,57
1.4825,-0.20064,-0.0065185,0.00047122,-2,1,57
1.2608,0.74217,4.9935,0.00047122,1,1,57
3.6273,3.6407,-0.0065185,0.00047122,-2,1,57
-3.6749,-3.274,-0.0065185,0.00047122,-2,1,57
6.4045,1.9304,-0.0065185,0.00047122,-2,1,57
3.5545,0.033517,-0.0065185,0.00047122,-2,1,57
3.172,4.6419,-0.0065185,0.00047122,-2,1,57
1.8468,1.8603,-0.0065185,0.00047122,-2,0,57
1.5705,0.13586,-5.0065,0.00047122,1,0,57
2.0045,2.632,-0.0065185,0.00047122,-2,1,57
2.7045,2.7179,-0.0065185,0.00047122,-2,1,57
2.4495,1.4629,-0.0065185,0.00047122,-2,1,57
-1.2238,1.7779,-0.0065185,0.00047122,-2,0,57
-1.0395,-2.7636,-0.0065185,-4.9995,-1,0,57
-0.10812,-0.094701,-0.0065185,0.00047122,-2,0,57
-0.091228,-1.585,-4.0065,0.00047122,1,0,57
1.282,-3.3821,-0.0065185,0.00047122,-2,0,57
2.3903,3.0179,-0.0065185,0.00047122,-2,1,57
0.55447,-0.53711,-0.0065185,0.00047122,-2,1,57
-0.82803,1.7417,-0.0065185,0.00047122,-2,0,57
-7.5455,-5.3593,-0.0065185,0.00047122,-2,0,57
-6.413,-1.2622,-4.0065,0.00047122,1,1,57
-5.608,-1.2278,-0.0065185,0.00047122,-2,0,57
-4.6955,-3.1037,-0.0065185,0.00047122,-2,0,57
3.9995,2.7648,0.99348,0.00047122,1,1,57
3.4002,1.1852,-0.0065185,1.0005,-1,1,57
-2.8819,-1.7486,3.9935,0.00047122,1,0,57
-4.8829,-4.103,-0.0065185,0.00047122,-2,0,57
-4.7498,2.1536,-0.0065185,0.00047122,-2,0,57
5.6456,5.1052,-0.0065185,0.00047122,-2,1,57
4.5495,4.0921,-0.0065185,0.00047122,-2,1,57
2.4677,2.081,-0.0065185,0.00047122,-2,1,57
-2.0893,-2.4639,3.9935,0.00047122,1,0,57
-1.3302,-1.3168,-0.0065185,0.00047122,-2,1,57
1.8545,-2.8334,-0.0065185,0.00047122,-2,1,57
-5.8455,-5.8321,-0.0065185,0.00047122,-2,0,57
-1.718,-0.62424,-0.0065185,0.00047122,-2,0,57
-0.3814,0.89169,-0.0065185,0.00047122,-2,1,57
3.4825,3.4959,-0.0065185,0.00047122,-2,1,57
2.9608,0.72319,3.9935,0.00047122,1,1,57
5.8945,3.632,-0.0065185,0.00047122,-2,1,57
-1.452,-1.4386,-0.0065185,0.00047122,-2,0,57
4.0925,2.9181,-0.0065185,0.00047122,-2,1,57
3.7793,3.7927,-0.0065185,0.00047122,-2,1,57
-3.2041,-2.9357,-5.0065,0.00047122,1,0,57
-1.2778,-1.2644,-0.0065185,0.00047122,-2,0,57
-1.0855,-1.0721,-0.0065185,0.00047122,-2,0,57
1.9309,1.2148,-0.0065185,0.00047122,-2,1,57
1.642,3.4154,4.9935,0.00047122,1,0,57
-2.718,-6.2321,-0.0065185,0.00047122,-2,1,57
2.6186,3.7513,-0.0065185,0.00047122,-2,1,57
-4.6955,-4.6821,-0.0065185,0.00047122,-2,0,57
-3.4405,-3.4271,-0.0065185,0.00047122,-2,0,57
5.2327,2.4042,-0.0065185,0.00047122,-2,1,57
3.0485,3.481,-0.0065185,0.00047122,-2,1,57
2.5919,1.7715,-4.0065,0.00047122,1,1,57
2.7588,2.7722,-0.0065185,0.00047122,-2,1,57
-4.6367,2.2667,-0.0065185,0.00047122,-2,0,57
-3.5405,-3.5271,-0.0065185,0.00047122,-2,0,57
4.4677,2.9359,-0.0065185,0.00047122,-2,1,57
4.3982,4.4116,-0.0065185,0.00047122,-2,1,57
3.7392,2.9281,2.9935,0.00047122,1,1,57
-1.711,2.8524,-0.0065185,0.00047122,-2,1,57
-2.7537,-2.7403,-0.0065185,0.00047122,-2,0,57
3.5545,2.4629,-0.0065185,0.00047122,-2,0,57
0.15447,-2.9996,-0.0065185,0.00047122,-2,0,57
0.13197,0.87687,-5.0065,0.00047122,1,0,57
-3.273,-3.2596,-0.0065185,0.00047122,-2,0,57
-4.3814,-6.3132,-0.0065185,0.00047122,-2,0,57
-3.4735,-5.1136,-0.0065185,0.00047122,-2,0,57
-2.5518,-2.5384,-0.0065185,0.00047122,-2,0,57
-3.6184,-3.605,-0.0065185,0.00047122,-2,0,57
-3.6749,-4.677,-0.0065185,0.00047122,-2,0,57
-2.723,-2.1756,-0.0065185,0.00047122,-2,0,57
-2.3139,-2.3005,3.9935,0.00047122,1,0,57
-0.79865,2.9912,-0.0065185,0.00047122,-2,0,57
1.8371,1.8505,-0.0065185,0.00047122,-2,1,57
-0.85329,-1.2904,-0.0065185,0.00047122,-2,0,57
-0.72462,-0.47533,-5.0065,0.00047122,1,0,57
1.1072,1.1207,-0.0065185,0.00047122,-2,0,57
3.0918,2.8285,-0.0065185,0.00047122,-2,1,57
6.5545,2.6421,-0.0065185,0.00047122,-2,1,57
5.572,0.80786,3.9935,0.00047122,1,0,57
-5.8855,-6.3821,-0.0065185,0.00047122,-2,0,57
-4.5455,-4.5321,-0.0065185,0.00047122,-2,0,57
-4.163,-4.1496,-0.0065185,0.00047122,-2,0,57
-2.8379,-2.8245,-0.0065185,0.00047122,-2,0,57
2.5705,3.0925,-0.0065185,0.00047122,-2,1,57
2.3356,1.6854,-0.0065185,0.00047122,-2,1,57
1.1359,1.5627,-0.0065185,0.00047122,-2,1,57
0.9662,0.60851,4.9935,0.00047122,1,1,57
0.82194,5.0854,-0.0065185,0.00047122,-2,0,57
-3.9955,-3.9821,-0.0065185,0.00047122,-2,0,57
-0.39553,-0.38211,-0.0065185,0.00047122,-2,1,57
-3.5455,-2.2238,-0.0065185,0.00047122,-2,0,57
-3.013,1.3864,-3.0065,0.00047122,1,0,57
-1.8379,-0.64636,-0.0065185,0.00047122,-2,0,57
-0.56155,-0.54813,-0.0065185,0.00047122,-2,0,57
0.67336,0.68677,-0.0065185,0.00047122,-2,1,57
0.57302,2.876,3.9935,0.00047122,1,1,57
1.4495,4.8629,-0.0065185,0.00047122,-2,0,57
-1.9955,0.017889,-0.0065185,0.00047122,-2,1,57
0.30447,0.77439,-0.0065185,0.00047122,-2,0,57
-0.29553,-0.28211,-0.0065185,0.00047122,-2,0,57
-1.5505,-1.5371,-0.0065185,0.00047122,-2,0,57
-0.76728,1.2461,-0.0065185,0.00047122,-2,0,57
-0.65151,-0.3998,3.9935,0.00047122,1,0,57
-3.1081,4.3053,-0.0065185,0.00047122,-2,0,57
1.2502,1.0914,-0.0065185,0.00047122,-2,1,57
1.3633,1.2304,-0.0065185,0.00047122,-2,1,57
2.4595,2.3485,-0.0065185,0.00047122,-2,1,57
-2.5323,-1.5012,-0.0065185,0.00047122,-2,0,57
-2.6018,-2.1384,-0.0065185,0.00047122,-2,0,57
-2.2108,-2.121,-2.0065,0.00047122,1,0,57
-3.711,-3.6327,-0.0065185,0.00047122,-2,0,57
1.7627,1.1659,-0.0065185,0.00047122,-2,1,57
-1.2011,-1.2346,-0.0065185,0.00047122,-2,0,57
1.1545,1.1679,-0.0065185,0.00047122,-2,1,57
-2.2955,-2.2821,-0.0065185,0.00047122,-2,0,57
5.4045,0.97388,-0.0065185,0.00047122,-2,0,57
-2.6955,-4.5721,-0.0065185,0.00047122,-2,1,57
2.2995,0.95909,-4.0065,0.00047122,1,0,57
1.2327,-3.3046,-0.0065185,0.00047122,-2,0,57
-2.0395,-2.0261,-0.0065185,0.00047122,-2,1,57
3.8919,0.9053,-0.0065185,0.00047122,-2,0,57
2.7588,2.0655,-0.0065185,0.00047122,-2,1,57
-6.6955,-2.7908,-0.0065185,0.00047122,-2,0,57
0.84685,0.80399,-0.0065185,0.00047122,-2,1,58
2.5705,2.3002,-0.0065185,0.00047122,-2,1,58
-5.3266,-5.3132,-0.0065185,0.00047122,-2,0,58
-2.127,-0.29445,-0.0065185,0.00047122,-2,0,58
-1.9573,-1.9438,-0.0065185,0.00047122,-2,0,58
-5.813,-5.6515,-0.0065185,0.00047122,-2,0,58
3.6993,1.201,-0.0065185,0.00047122,-2,1,58
-4.5862,-3.1227,-0.0065185,0.00047122,-2,0,58
-2.4976,-2.3932,-0.0065185,0.00047122,-2,0,58
-0.42225,-0.33153,-0.0065185,0.00047122,-2,0,58
-0.63281,2.7714,-0.0065185,0.00047122,-2,0,58
-3.1455,-3.1321,-0.0065185,0.00047122,-2,0,58
-2.673,-2.019,3.9935,0.00047122,1,0,58
-0.88553,0.52789,-0.0065185,0.00047122,-2,1,58
0.70447,2.7185,-0.0065185,0.00047122,-2,0,58
3.8545,-0.57711,-0.0065185,0.00047122,-2,1,58
-1.718,-1.1189,-0.0065185,0.00047122,-2,0,58
1.6186,1.632,-0.0065185,0.00047122,-2,1,58
-1.3675,-1.9233,3.9935,0.00047122,1,0,58
-4.4392,3.3339,-0.0065185,0.00047122,-2,0,58
-5.3727,-5.0535,-0.0065185,0.00047122,-2,0,58
-5.3161,-5.0428,-0.0065185,0.00047122,-2,0,58
-3.268,-3.0337,-0.0065185,0.00047122,-2,0,58
-2.7771,-2.114,-5.0065,0.00047122,1,0,58
4.2013,4.4648,-0.0065185,0.00047122,-2,1,58
1.8371,-3.4138,-0.0065185,0.00047122,-2,0,58
1.5622,-3.1244,-0.0065185,-2.9995,-1,0,58
2.8836,2.897,-0.0065185,0.00047122,-2,1,58
-1.5455,-0.21036,-0.0065185,0.00047122,-2,1,58
2.1545,3.0013,-0.0065185,0.00047122,-2,1,58
1.832,1.1378,-4.0065,0.00047122,1,1,58
3.172,-1.8161,-0.0065185,0.00047122,-2,1,58
-2.8379,-2.6745,-0.0065185,0.00047122,-2,0,58
6.5705,1.9993,-0.0065185,0.00047122,-2,1,58
6.3356,5.2296,-0.0065185,0.00047122,-2,1,58
4.1359,5.0854,-0.0065185,0.00047122,-2,1,58
-5.9573,-3.4938,-0.0065185,0.00047122,-2,0,58
4.8219,4.8585,-0.0065185,0.00047122,-2,1,58
2.6993,2.7127,-0.0065185,0.00047122,-2,1,58
2.2951,3.3346,3.9935,0.00047122,1,1,58
1.5065,3.7806,-0.0065185,0.00047122,-2,1,58
2.4312,2.4446,-0.0065185,0.00047122,-2,1,58
5.3672,1.0025,-0.0065185,0.00047122,-2,1,58
4.5628,4.5762,4.9935,0.00047122,1,1,58
2.2665,4.4572,-0.0065185,0.00047122,-2,1,58
0.22723,1.9406,-0.0065185,0.00047122,-2,1,58
1.1938,0.15469,-0.0065185,0.00047122,-2,1,58
-5.1565,-5.1431,-0.0065185,0.00047122,-2,0,58
4.1413,0.87719,-0.0065185,0.00047122,-2,1,58
3.5208,3.5019,4.9935,0.00047122,1,1,58
2.1033,4.3393,-0.0065185,0.00047122,-2,1,58
1.0885,1.1019,-0.0065185,0.00047122,-2,1,58
-4.0669,-1.4985,-0.0065185,0.00047122,-2,0,58
4.0652,3.4786,-0.0065185,0.00047122,-2,1,58
1.0561,3.4552,-0.0065185,0.00047122,-2,1,58
-2.0394,-2.026,-0.0065185,0.00047122,-2,0,58
1.7417,0.77767,4.9935,0.00047122,1,1,58
-4.0272,-4.2638,-0.0065185,0.00047122,-2,0,58
2.0314,3.4373,-0.0065185,0.00047122,-2,1,58
4.0274,4.0344,-0.0065185,0.00047122,-2,1,58
2.0239,2.0373,-0.0065185,0.00047122,-2,1,58
1.021,1.0344,-0.0065185,0.00047122,-2,1,58
3.0185,3.0319,-0.0065185,0.00047122,-2,1,58
2.5664,0.91393,4.9935,0.00047122,1,1,58
-1.0057,-0.99227,-0.0065185,0.00047122,-2,0,58
-2.0042,-1.9907,-0.0065185,0.00047122,-2,0,58
5.0118,3.0959,-0.0065185,0.00047122,-2,1,58
-4.0018,-4.2383,-0.0065185,0.00047122,-2,0,58
-3.0008,-2.9874,-0.0065185,0.00047122,-2,0,58
2.559,2.9124,3.9935,0.00047122,1,1,58
3.0083,3.4207,-0.0065185,0.00047122,-2,1,58
-2.9988,-2.9854,-0.0065185,0.00047122,-2,0,58
-2.9983,-2.9849,-0.0065185,0.00047122,-2,0,58
2.0068,1.862,-0.0065185,0.00047122,-2,1,58
1.7065,1.7193,4.9935,0.00047122,1,1,58
-0.99723,-0.98381,-0.0065185,0.00047122,-2,0,58
-2.9941,-2.9811,-0.0065185,0.00047122,-2,0,58
-5.5455,-5.5321,-0.0065185,0.00047122,-2,0,58
-4.163,-4.1496,-0.0065185,0.00047122,-2,0,58
-6.8379,-6.8245,-0.0065185,0.00047122,-2,0,58
-5.8115,1.9044,-5.0065,0.00047122,1,0,58
5.3356,5.349,-0.0065185,0.00047122,-2,1,58
-6.127,-2.2322,-0.0065185,0.00047122,-2,0,58
3.9662,5.2296,-0.0065185,0.00047122,-2,1,58
-0.813,-1.5477,-0.0065185,0.00047122,-2,0,58
2.3096,3.8546,-0.0065185,0.00047122,-2,1,58
6.5545,4.0179,-0.0065185,0.00047122,-2,1,58
5.572,1.6834,-3.0065,0.00047122,1,1,58
-4.8379,-2.9821,-0.0065185,0.00047122,-2,0,58
1.5705,1.5839,-0.0065185,0.00047122,-2,1,58
4.3356,4.349,-0.0065185,0.00047122,-2,1,58
4.1359,4.1493,-0.0065185,0.00047122,-2,1,58
3.5162,-1.3132,4.9935,0.00047122,1,1,58
3.8219,5.0854,-0.0065185,0.00047122,-2,1,58
4.6993,4.7127,-0.0065185,0.00047122,-2,1,58
3.5951,2.1854,-0.0065185,0.00047122,-2,1,58
-3.0476,-2.5321,-4.0065,0.00047122,1,0,58
1.4312,3.4179,-0.0065185,0.00047122,-2,1,58
-1.6328,1.2306,-0.0065185,0.00047122,-2,0,58
0.30447,0.31789,-0.0065185,0.00047122,-2,1,58
-0.29553,-1.9821,-0.0065185,0.00047122,-2,0,58
1.3045,-0.23711,-0.0065185,0.00047122,-2,1,58
-0.54553,-2.9758,-0.0065185,0.00047122,-2,0,58
0.47197,0.48539,2.9935,0.00047122,1,1,58
1.1621,-4.3745,-0.0065185,0.00047122,-2,0,58
-2.4295,-3.2278,-0.0065185,0.00047122,-2,0,58
1.4045,2.0868,-0.0065185,0.00047122,-2,0,58
-0.29553,-0.69304,-0.0065185,0.00047122,-2,1,58
-0.55053,-1.0204,-0.0065185,0.00047122,-2,0,58
-0.46728,-0.19886,1.9935,0.00047122,1,0,58
3.4495,-0.45386,-0.0065185,0.00047122,-2,1,58
3.2327,3.0619,-0.0065185,0.00047122,-2,1,58
-2.0395,-2.0261,-0.0065185,0.00047122,-2,0,58
-0.88294,-2.0978,-0.0065185,0.00047122,-2,0,58
0.75877,0.65904,3.9935,0.00047122,1,1,58
1.6456,1.5629,-0.0065185,0.00047122,-2,1,58
-0.54051,-3.3353,-0.0065185,0.00047122,-2,0,58
1.4677,0.41164,-0.0065185,0.00047122,-2,1,58
2.6107,2.6241,-0.0065185,0.00047122,-2,1,58
-4.5455,-2.2476,-0.0065185,0.00047122,-2,0,58
7.172,1.1038,-0.0065185,0.00047122,-2,1,58
4.8468,3.7459,-0.0065185,0.00047122,-2,1,58
4.1205,2.1242,-2.0065,0.00047122,1,1,58
-4.3266,0.38677,-0.0065185,0.00047122,-2,0,58
3.6859,2.2473,0.99348,0.00047122,1,1,58
4.9662,0.5954,-0.0065185,0.00047122,-2,1,58
4.2219,3.1863,-4.0065,0.00047122,1,1,58
0.30962,2.723,-0.0065185,0.00047122,-2,1,58
1.1545,-0.99945,-0.0065185,0.00047122,-2,1,58
1.7045,1.7179,-0.0065185,0.00047122,-2,1,58
-1.4405,0.66091,-5.0065,0.00047122,1,0,58
-1.2238,-1.2104,-0.0065185,0.00047122,-2,0,58
0.048485,3.543,-0.0065185,0.00047122,-2,0,58
-1.8455,3.9759,-0.0065185,0.00047122,-2,0,58
1.282,4.6279,-0.0065185,0.00047122,-2,1,58
-0.29553,-1.3187,-0.0065185,0.00047122,-2,1,58
-0.55053,-2.5962,-0.0065185,0.00047122,-2,0,58
5.7045,0.48964,-0.0065185,0.00047122,-2,1,58
-4.8405,-4.8271,2.9935,0.00047122,1,0,58
-3.2238,1.5239,-0.0065185,0.00047122,-2,0,58
-5.0395,-4.8695,-0.0065185,0.00047122,-2,0,58
-3.8829,-2.1814,-0.0065185,0.00047122,-2,0,58
-5.7498,-5.6233,-0.0065185,0.00047122,-2,0,58
4.8956,2.8265,-2.0065,0.00047122,1,1,58
-2.5405,-2.4453,-0.0065185,0.00047122,-2,0,58
-4.4588,0.99965,-0.0065185,0.00047122,-2,0,58
-4.3893,-4.3759,-0.0065185,0.00047122,-2,0,58
-3.7302,-3.1566,2.9935,0.00047122,1,0,58
3.289,3.3024,-0.0065185,0.00047122,-2,1,58
4.2463,4.2597,-0.0065185,0.00047122,-2,1,58
5.21,5.2234,-0.0065185,0.00047122,-2,1,58
-3.1702,1.4092,-0.0065185,0.00047122,-2,0,58
2.703,2.7164,0.99348,0.00047122,1,1,58
0.87825,0.9106,-0.0065185,0.00047122,-2,0,58
0.74718,-0.8119,3.9935,0.00047122,1,0,58
-2.0867,-2.0596,-0.0065185,0.00047122,-2,0,58
-3.073,2.842,-0.0065185,0.00047122,-2,0,58
-3.0614,-2.5881,-0.0065185,0.00047122,-2,0,58
-2.0515,-2.5797,-0.0065185,0.00047122,-2,0,58
0.95687,0.97742,-0.0065185,0.00047122,-2,0,58
-1.9551,-1.9416,-0.0065185,0.00047122,-2,0,58
-0.69553,-0.68211,-0.0065185,0.00047122,-2,1,58
2.1545,2.993,-0.0065185,0.00047122,-2,1,58
1.832,-0.86952,-0.0065185,0.00047122,-1,1,58
0.17197,0.18539,-0.0065185,0.00047122,-2,0,58
1.3045,1.3179,-0.0065185,0.00047122,-2,1,58
-0.44553,-0.43211,-0.0065185,0.00047122,-2,0,58
1.4545,-0.82249,-0.0065185,0.00047122,-2,1,58
2.4045,-1.3759,-0.0065185,0.00047122,-2,1,58
2.0445,1.0655,-3.0065,0.00047122,1,1,58
3.461,0.73341,-0.0065185,0.00047122,-2,1,58
-1.0836,0.097364,-0.0065185,0.00047122,-2,0,58
-2.2207,-4.1877,-0.0065185,0.00047122,-2,1,58
-1.4869,0.80399,-0.0065185,0.00047122,-2,0,58
1.5545,1.5679,-0.0065185,0.00047122,-2,1,58
-4.5615,-4.2644,-0.0065185,0.00047122,-2,0,59
6.3356,6.349,-0.0065185,0.00047122,-2,1,59
-5.127,-4.9086,-0.0065185,0.00047122,-2,0,59
-3.9573,1.1442,-0.0065185,0.00047122,-2,0,59
3.3719,3.3854,1.9935,0.00047122,1,1,59
-1.6904,-2.377,-0.0065185,0.00047122,-2,0,59
-1.5862,-1.5727,-0.0065185,0.00047122,-2,0,59
4.5065,1.2424,-0.0065185,0.00047122,-2,1,59
4.4312,4.4446,-0.0065185,0.00047122,-2,1,59
3.3672,3.3806,-0.0065185,0.00047122,-2,1,59
2.3128,2.3262,-0.0065185,0.00047122,-2,1,59
-2.2576,-2.1967,-0.0065185,0.00047122,-2,0,59
-1.9183,-1.9393,2.9935,0.00047122,1,1,59
-4.4405,-0.43211,-0.0065185,0.00047122,-2,0,59
5.5545,3.1788,-0.0065185,0.00047122,-2,1,59
-4.163,-3.2396,-0.0065185,0.00047122,-2,0,59
0.84685,1.8342,-0.0065185,0.00047122,-2,0,59
2.8545,2.8679,-0.0065185,0.00047122,-2,1,59
2.427,-0.59073,-4.0065,0.00047122,1,0,59
3.4495,-2.1576,-0.0065185,0.00047122,-2,1,59
-0.69553,3.7953,-0.0065185,0.00047122,-2,1,59
-2.1455,-0.52561,-0.0065185,0.00047122,-2,0,59
3.5545,1.8454,-0.0065185,0.00047122,-2,1,59
3.022,1.9119,-4.0065,0.00047122,1,1,59
-0.8379,-0.82449,-0.0065185,0.00047122,-2,1,59
-3.8455,-0.077812,-0.0065185,0.00047122,-2,0,59
3.727,3.2904,-0.0065185,0.00047122,-2,1,59
-3.6097,-5.0701,-0.0065185,0.00047122,-2,0,59
3.5265,3.5399,-0.0065185,0.00047122,-2,1,59
-2.9892,-2.2682,1.9935,0.00047122,1,0,59
-3.3727,0.43558,-0.0065185,0.00047122,-2,0,59
-0.3161,-2.8527,-0.0065185,0.00047122,-2,0,59
-0.26802,-0.90858,2.9935,0.00047122,1,0,59
2.7729,2.3363,-0.0065185,0.00047122,-2,1,59
-5.5455,-5.5321,-0.0065185,0.00047122,-2,0,59
5.172,1.6164,-0.0065185,0.00047122,-2,1,59
-5.8379,-4.3745,-0.0065185,0.00047122,-2,0,59
5.5705,5.349,-0.0065185,0.00047122,-2,1,59
4.7356,4.0393,4.9935,0.00047122,1,0,59
-2.1055,-2.5256,-0.0065185,0.00047122,-2,0,59
-2.452,-4.5563,-0.0065185,0.00047122,-2,1,59
0.092498,-0.20729,-0.0065185,0.00047122,-2,0,59
0.079294,1.5265,-5.0065,0.00047122,1,1,59
3.5595,5.0179,-0.0065185,0.00047122,-2,1,59
2.7762,4.0179,-0.0065185,0.00047122,-2,1,59
0.048485,1.4856,-0.0065185,0.00047122,-2,0,59
1.1171,-1.7421,-0.0065185,0.00047122,-2,1,59
0.25017,-1.2006,-0.0065185,0.00047122,-2,1,59
0.21332,1.4629,-3.0065,0.00047122,1,1,59
0.45949,-2.5321,-0.0065185,0.00047122,-2,0,59
-3.1455,-3.5121,-0.0065185,0.00047122,-2,0,59
-0.27303,-5.2245,-0.0065185,0.00047122,-2,1,59
-2.8455,-2.258,-0.0065185,0.00047122,-2,0,59
-1.6955,0.53989,-0.0065185,0.00047122,-2,1,59
0.0044729,0.017889,-0.0065185,0.00047122,-2,0,59
0.0044729,-1.7324,3.9935,0.00047122,1,0,59
2.0045,0.97388,-0.0065185,0.00047122,-2,0,59
-0.99553,-1.8695,-0.0065185,0.00047122,-2,1,59
0.15447,0.16789,-0.0065185,0.00047122,-2,1,59
-2.718,2.1059,-0.0065185,0.00047122,-2,0,59
-2.6955,-2.2962,-0.0065185,0.00047122,-2,1,59
4.1545,4.1679,-0.0065185,0.00047122,-2,1,59
3.532,-0.70461,2.9935,0.00047122,1,0,59
4.617,3.5679,-0.0065185,0.00047122,-2,0,59
0.075098,-2.9821,-0.0065185,0.00047122,-2,0,59
0.6145,-0.13974,-0.0065185,0.00047122,-2,1,59
3.7045,0.24951,-0.0065185,0.00047122,-2,1,59
0.30447,-3.1271,-0.0065185,0.00047122,-2,1,59
0.25947,-1.2104,-2.0065,0.00047122,1,1,59
2.4495,-0.026124,-0.0065185,0.00047122,-2,0,59
1.8545,-0.19886,-0.0065185,0.00047122,-2,1,59
-1.1455,-1.1321,-0.0065185,0.00047122,-2,0,59
0.30447,2.632,-0.0065185,0.00047122,-2,0,59
-0.25053,-1.2584,-3.0065,0.00047122,1,1,59
0.77622,0.78964,-0.0065185,0.00047122,-2,1,59
-1.2955,-0.81461,-0.0065185,0.00047122,-2,1,59
-1.5505,-1.5371,-0.0065185,0.00047122,-2,0,59
1.4545,-0.96609,-0.0065185,0.00047122,-2,0,59
1.837,1.8504,-0.0065185,0.00047122,-2,1,59
1.5621,3.6148,-3.0065,0.00047122,1,0,59
-2.4295,-2.606,-0.0065185,0.00047122,-2,0,59
4.4045,-0.061586,-0.0065185,0.00047122,-2,1,59
4.8945,4.9079,-0.0065185,0.00047122,-2,0,59
2.7045,3.2265,-0.0065185,0.00047122,-2,1,59
0.15447,-1.8785,-0.0065185,0.00047122,-2,0,59
0.72697,0.25785,-0.0065185,0.00047122,-2,0,59
0.6186,0.63201,3.9935,0.00047122,1,0,59
4.0045,-3.3821,-0.0065185,0.00047122,-2,1,59
1.0045,-3.3821,-0.0065185,0.00047122,-2,1,59
1.8545,0.42418,-0.0065185,0.00047122,-2,1,59
1.727,-1.4386,-0.0065185,0.00047122,-2,1,59
1.4686,-1.3476,4.9935,0.00047122,1,1,59
-3.5175,-3.5041,-0.0065185,0.00047122,-2,0,59
3.4482,1.5093,-0.0065185,0.00047122,-2,0,59
2.4545,-2.9093,-0.0065185,0.00047122,-2,1,59
-2.078,-1.6221,-3.0065,0.00047122,1,0,59
-3.1532,-3.1397,-0.0065185,0.00047122,-2,0,59
-2.4295,-2.0964,-0.0065185,0.00047122,-2,0,59
-1.6644,-0.2216,-0.0065185,0.00047122,-2,0,59
-1.8641,-1.6197,-0.0065185,0.00047122,-2,0,59
-2.0338,-1.1879,-0.0065185,0.00047122,-2,1,59
1.737,1.5679,-0.0065185,-0.99953,-1,1,59
-1.4682,-0.69813,-5.0065,0.00047122,1,0,59
2.4138,3.5454,-0.0065185,0.00047122,-2,1,59
1.5024,1.4038,-0.0065185,0.00047122,-2,1,59
1.4312,-1.6276,-0.0065185,0.00047122,-2,1,59
0.85447,1.3047,-0.0065185,0.00047122,-2,1,59
0.72697,0.74039,-0.0065185,0.00047122,-2,0,59
0.6186,-1.3132,-3.0065,0.00047122,1,0,59
-1.9955,-1.9821,-0.0065185,0.00047122,-2,0,59
-1.9955,-2.1496,-0.0065185,0.00047122,-2,0,59
-3.9955,-1.6821,-0.0065185,0.00047122,-2,0,59
-2.9955,-2.9821,-0.0065185,0.00047122,-2,0,59
2.5545,2.9079,4.9935,0.00047122,1,0,59
-0.16303,-2.2321,-0.0065185,0.00047122,-2,1,59
-0.15315,0.10591,-0.0065185,0.00047122,-2,0,59
-1.5615,-3.0527,-0.0065185,0.00047122,-2,0,59
0.0044729,1.5265,-0.0065185,0.00047122,-2,0,59
2.0045,2.0179,-0.0065185,0.00047122,-2,1,59
2.0045,2.0179,-0.0065185,0.00047122,-2,1,59
0.0044729,-0.90858,-0.0065185,0.00047122,-2,0,59
0.0044729,0.017889,3.9935,0.00047122,1,1,59
0.0044729,-3.3821,-0.0065185,0.00047122,-2,1,59
2.0045,0.017889,-0.0065185,0.00047122,-2,1,59
-6.6955,-6.6821,-0.0065185,0.00047122,-2,0,59
5.6995,0.017889,2.9935,0.00047122,1,1,59
1.2327,2.5679,-0.0065185,0.00047122,-2,0,59
-0.99553,-3.1936,-0.0065185,0.00047122,-2,0,59
2.1545,2.1305,-0.0065185,0.00047122,-2,1,59
-1.823,0.74039,3.9935,0.00047122,1,1,59
-2.3814,0.41789,-0.0065185,0.00047122,-2,0,59
0.45447,0.46789,-0.0065185,0.00047122,-2,1,59
-0.44553,-2.5384,-0.0065185,0.00047122,-2,0,59
0.55447,-0.8185,-0.0065185,0.00047122,-2,0,59
1.7045,1.7179,-0.0065185,0.00047122,-2,1,59
5.4495,-0.25847,-0.0065185,0.00047122,-2,0,59
-6.3955,-6.3821,-0.0065185,0.00047122,-2,0,59
5.4445,1.2368,-4.0065,0.00047122,1,0,59
-2.452,3.4179,-0.0065185,0.00047122,-2,1,59
-2.9075,-0.18954,-0.0065185,0.00047122,-2,0,59
3.2297,6.7244,-0.0065185,0.00047122,-2,1,59
3.4959,7.1059,-0.0065185,0.00047122,-2,1,59
-2.9632,-4.1852,3.9935,0.00047122,1,1,59
0.39197,7.4179,-0.0065185,0.00047122,-2,1,59
1.9338,-3.8745,-0.0065185,0.00047122,-2,1,59
1.3944,2.0494,-0.0065185,0.00047122,-2,1,59
-1.177,-5.4701,-4.0065,0.00047122,1,0,59
0.11873,5.1927,-0.0065185,0.00047122,-2,1,59
3.6074,-3.1907,-0.0065185,0.00047122,-2,1,59
2.3045,-2.8402,-0.0065185,0.00047122,-2,0,59
-1.5505,-4.6104,-0.0065185,0.00047122,-2,0,59
1.5545,1.6796,-0.0065185,0.00047122,-2,1,59
1.172,1.1854,-0.0065185,0.00047122,-2,0,59
-0.9879,-1.3476,4.9935,0.00047122,1,0,59
-1.4295,-7.2321,-0.0065185,0.00047122,-2,0,59
5.5545,1.0593,-0.0065185,0.00047122,-2,1,59
4.722,-0.81461,-0.0065185,-2.9995,-1,0,59
-0.16303,-0.14961,-0.0065185,0.00047122,-2,1,59
-0.8379,-0.82449,-0.0065185,0.00047122,-2,1,59
2.4385,1.5397,-0.0065185,0.00047122,-2,1,59
2.0734,2.0868,1.9935,0.00047122,1,1,59
2.1359,-0.31323,-0.0065185,0.00047122,-2,1,59
2.1545,-1.7938,-0.0065185,0.00047122,-2,0,59
-2.273,-1.8096,-0.0065185,0.00047122,-2,1,59
-0.60965,1.0619,-0.0065185,0.00047122,-2,1,59
-0.99553,-0.98211,-0.0065185,0.00047122,-2,0,59
-1.1455,-1.5384,-0.0065185,0.00047122,-2,0,59
-1.2955,0.99539,-0.0065185,0.00047122,-2,1,59
-1.1005,-1.201,3.9935,0.00047122,1,0,59
2.172,0.95714,-0.0065185,0.00047122,-2,0,59
-0.99553,-0.98211,-0.0065185,0.00047122,-2,0,59
-0.84553,2.4744,-0.0065185,0.00047122,-2,0,59
0.28197,0.29539,-0.0065185,0.00047122,-2,1,59
3.1545,3.3767,-0.0065185,0.00047122,-2,1,59
-0.29553,1.7179,-0.0065185,0.00047122,-2,1,60
6.4495,6.4629,-0.0065185,0.00047122,-2,1,60
4.2327,4.2461,-0.0065185,0.00047122,-2,1,60
3.0485,3.0619,-0.0065185,0.00047122,-2,1,60
2.8919,2.9053,-0.0065185,0.00047122,-2,1,60
5.7588,5.7722,-0.0065185,0.00047122,-2,1,60
-4.6367,0.96906,-0.0065185,0.00047122,-2,0,60
-4.5405,-3.8148,-0.0065185,0.00047122,-2,0,60
-4.4588,-3.8399,-0.0065185,0.00047122,-2,0,60
2.3982,2.8681,-0.0065185,0.00047122,-2,1,60
3.3392,3.3526,-0.0065185,0.00047122,-2,1,60
-5.28,-1.7116,-0.0065185,0.00047122,-2,0,60
4.4963,4.5097,-4.0065,0.00047122,1,0,60
0.39197,7.4179,-0.0065185,0.00047122,-2,1,60
0.075098,0.088514,-0.0065185,0.00047122,-2,0,60
-1.6056,-2.5465,-0.0065185,0.00047122,-2,1,60
-0.21405,-0.20064,-0.0065185,0.00047122,-2,1,60
-1.8813,1.7927,-0.0065185,0.00047122,-2,1,60
-1.5984,2.1406,2.9935,0.00047122,1,1,60
-2.358,1.2054,-0.0065185,0.00047122,-2,0,60
2.1545,0.25785,-0.0065185,0.00047122,-2,1,60
-2.5455,-2.5321,-0.0065185,0.00047122,-2,0,60
3.172,3.7514,-0.0065185,0.00047122,-2,1,60
2.6968,1.5373,-4.0065,0.00047122,1,0,60
-0.27303,-1.8161,-0.0065185,0.00047122,-2,0,60
-0.3814,-0.21799,-0.0065185,0.00047122,-2,0,60
0.52648,-2.4386,-0.0065185,0.00047122,-2,0,60
-1.5518,-1.5384,-0.0065185,0.00047122,-2,0,60
3.6273,0.25486,-0.0065185,0.00047122,-2,1,60
-2.6749,-4.4907,-0.0065185,0.00047122,-2,0,60
-2.273,-2.5996,3.9935,0.00047122,1,0,60
0.23609,-1.0721,-0.0065185,0.00047122,-2,1,60
1.0045,0.21476,-0.0065185,0.00047122,-2,1,60
0.0044729,0.86789,-0.0065185,0.00047122,-2,1,60
2.0045,-2.0701,-0.0065185,0.00047122,-2,1,60
1.3045,1.3179,-0.0065185,0.00047122,-2,1,60
-0.44553,-2.9821,-0.0065185,0.00047122,-2,0,60
-0.44553,-2.1496,-0.0065185,0.00047122,-2,1,60
-0.82803,-2.9821,-0.0065185,0.00047122,-2,0,60
0.7121,0.72551,4.9935,0.00047122,1,1,60
-0.82803,6.1103,-0.0065185,0.00047122,-2,1,60
-2.1532,-0.96609,-0.0065185,0.00047122,-2,0,60
3.4045,1.8519,-0.0065185,0.00047122,-2,1,60
-2.8855,-1.8245,-3.0065,0.00047122,1,0,60
-2.452,-4.0981,-0.0065185,0.00047122,-2,0,60
-1.0836,-2.0701,-0.0065185,0.00047122,-2,0,60
-0.22071,0.94271,-0.0065185,0.00047122,-2,0,60
-1.2955,-0.22134,-0.0065185,0.00047122,-2,0,60
3.5545,3.5679,-0.0065185,0.00047122,-2,1,60
-3.013,0.55129,-5.0065,0.00047122,1,0,60
-0.15315,6.1103,-0.0065185,0.00047122,-2,1,60
-0.56155,1.2159,-0.0065185,0.00047122,-2,0,60
-0.32664,-0.31323,-0.0065185,0.00047122,-2,1,60
-0.84553,-0.70461,-0.0065185,0.00047122,-2,0,60
0.28197,0.40376,-0.0065185,0.00047122,-2,1,60
2.1545,2.7558,-0.0065185,0.00047122,-2,1,60
-1.823,-1.8096,-5.0065,0.00047122,1,1,60
2.3903,7.2679,-0.0065185,0.00047122,-2,1,60
-0.44553,-0.43211,-0.0065185,0.00047122,-2,1,60
-0.82803,-0.81461,-0.0065185,0.00047122,-2,0,60
2.5545,0.39504,-0.0065185,0.00047122,-2,1,60
0.83697,0.85039,-0.0065185,0.00047122,-2,1,60
2.5545,2.5679,-0.0065185,0.00047122,-2,1,60
-2.163,-1.918,-4.0065,0.00047122,1,0,60
-6.8379,-6.8245,-0.0065185,0.00047122,-2,0,60
-4.5615,-4.5481,-0.0065185,0.00047122,-2,0,60
-2.3266,-2.3132,-0.0065185,0.00047122,-2,0,60
-3.127,-3.1136,-0.0065185,0.00047122,-2,0,60
1.9662,1.0921,-0.0065185,0.00047122,-2,1,60
1.6719,1.5896,2.9935,0.00047122,1,1,60
1.6993,1.0715,-0.0065185,0.00047122,-2,1,60
-0.4049,-0.39149,-0.0065185,0.00047122,-2,1,60
-1.4935,1.899,-0.0065185,0.00047122,-2,1,60
0.57775,0.59116,-0.0065185,0.00047122,-2,1,60
-0.48281,-1.3991,-3.0065,0.00047122,1,0,60
-3.718,-3.7046,-0.0065185,0.00047122,-2,0,60
-5.6097,-5.5962,-0.0065185,0.00047122,-2,0,60
-3.5175,-3.5041,-0.0065185,0.00047122,-2,0,60
3.4482,2.0276,-0.0065185,0.00047122,-2,0,60
-5.5455,-1.9544,-0.0065185,0.00047122,-2,0,60
-4.713,-2.6946,-5.0065,0.00047122,1,0,60
-6.163,-6.1496,-0.0065185,0.00047122,-2,0,60
-5.8379,-3.9884,-0.0065185,0.00047122,-2,0,60
3.5705,3.5839,-0.0065185,0.00047122,-2,0,60
4.7045,4.7179,-0.0065185,0.00047122,-2,1,60
3.5545,3.5679,-0.0065185,0.00047122,-2,1,60
-5.163,-3.1877,-0.0065185,0.00047122,-2,0,60
-4.3879,-1.9316,-5.0065,0.00047122,1,0,60
5.5705,5.8339,-0.0065185,0.00047122,-2,1,60
-3.3266,-3.5083,-0.0065185,0.00047122,-2,0,60
2.1359,2.8493,-0.0065185,0.00047122,-2,1,60
-4.9573,-4.0733,-0.0065185,0.00047122,-2,0,60
-4.213,-1.5221,-5.0065,0.00047122,1,0,60
-3.6904,-4.298,-0.0065185,0.00047122,-2,0,60
-4.5862,-4.0381,-0.0065185,0.00047122,-2,0,60
-4.4976,-4.0297,-0.0065185,0.00047122,-2,1,60
3.8312,3.8446,2.9935,0.00047122,1,1,60
-3.3582,-5.5321,-0.0065185,0.00047122,-2,0,60
-3.3038,-5.1496,-0.0065185,0.00047122,-2,0,60
-5.2576,-6.8245,-0.0065185,0.00047122,-2,0,60
4.2272,4.2406,-0.0065185,0.00047122,-2,1,60
4.1938,4.2072,-0.0065185,0.00047122,-2,1,60
-3.1565,-0.8379,-0.0065185,0.00047122,-2,0,60
2.6913,2.7047,-2.0065,0.00047122,1,1,60
-3.1118,0.90042,-0.0065185,0.00047122,-2,0,60
-3.0944,-3.677,-0.0065185,0.00047122,-2,0,60
4.0885,2.2694,-0.0065185,0.00047122,-2,0,60
0.40447,-1.1397,-0.0065185,0.00047122,-2,1,60
-4.5455,-4.5321,-0.0065185,0.00047122,-2,1,60
3.872,-2.8013,2.9935,0.00047122,1,0,60
-3.8379,-4.3745,-0.0065185,0.00047122,-2,0,60
6.7045,1.4558,-0.0065185,0.00047122,-2,1,60
5.4495,5.7129,-0.0065185,0.00047122,-2,1,60
-3.2238,-3.5481,-0.0065185,0.00047122,-2,0,60
2.7485,3.9519,4.9935,0.00047122,1,1,60
2.8919,5.1553,-0.0065185,0.00047122,-2,1,60
4.7588,2.6796,-0.0065185,0.00047122,-2,1,60
2.6456,2.659,-0.0065185,0.00047122,-2,1,60
-3.5405,-3.567,-0.0065185,0.00047122,-2,0,60
2.4677,2.4811,-0.0065185,0.00047122,-2,1,60
0.39822,2.6874,-0.0065185,0.00047122,-2,1,60
-0.33021,-0.40884,-0.0065185,0.00047122,-2,0,60
0.28896,0.30237,4.9935,0.00047122,1,1,60
-2.7537,4.5097,-0.0065185,0.00047122,-2,1,60
3.7989,3.7558,-0.0065185,0.00047122,-2,1,60
0.60447,-1.9749,-0.0065185,0.00047122,-2,0,60
-0.50553,-0.49211,4.9935,0.00047122,1,1,60
0.46097,0.47439,-0.0065185,0.00047122,-2,0,60
0.70447,0.38677,-0.0065185,0.00047122,-2,0,60
-1.8455,-3.9027,-0.0065185,0.00047122,-2,0,60
-1.568,-1.7938,-4.0065,0.00047122,1,0,60
-4.6097,-4.1996,-0.0065185,0.00047122,-2,0,60
-2.5175,-4.077,-0.0065185,0.00047122,-2,0,60
-4.4392,-4.5727,-0.0065185,0.00047122,-2,0,60
2.3816,2.395,-0.0065185,0.00047122,-2,1,60
-3.3161,-3.4088,-0.0065185,0.00047122,-2,0,60
-3.268,-1.2986,-0.0065185,0.00047122,-2,0,60
5.2361,2.7995,-0.0065185,0.00047122,-2,1,60
-4.4424,-4.429,3.9935,0.00047122,1,0,60
-4.1629,3.1951,-0.0065185,0.00047122,-2,0,60
3.1467,3.1601,-0.0065185,0.00047122,-2,1,60
-3.1164,-3.0331,-0.0065185,0.00047122,-2,0,60
-4.0983,-4.0849,-0.0065185,0.00047122,-2,0,60
3.4918,2.2727,3.9935,0.00047122,1,1,60
-3.0698,-3.4564,-0.0065185,0.00047122,-2,0,60
-4.0586,-4.0452,-0.0065185,0.00047122,-2,0,60
4.0581,2.239,-0.0065185,0.00047122,-2,1,60
-3.4411,-3.4428,-5.0065,0.00047122,1,0,60
0.96571,-4.2837,-0.0065185,0.00047122,-2,0,60
-1.0285,0.83494,-0.0065185,0.00047122,-2,0,60
0.032477,0.89589,-0.0065185,0.00047122,-2,1,60
0.98067,-0.0059144,-0.0065185,0.00047122,-2,1,60
0.85447,0.017889,-0.0065185,0.00047122,-2,1,60
0.72697,-0.0050035,-0.0065185,0.00047122,-2,1,60
-0.60965,-0.59624,-3.0065,0.00047122,1,0,60
0.52648,3.0899,-0.0065185,0.00047122,-2,1,60
-0.43923,-0.42582,-0.0065185,0.00047122,-2,0,60
-2.6184,0.39504,-0.0065185,0.00047122,-2,1,60
-2.6749,-2.6615,-0.0065185,0.00047122,-2,0,60
1.4545,-2.1496,-0.0065185,0.00047122,-2,0,60
-0.16303,-0.14961,-0.0065185,0.00047122,-2,1,60
-1.6955,-1.3061,-0.0065185,0.00047122,-2,0,60
0.55947,-0.43861,-0.0065185,0.00047122,-2,1,60
2.3045,4.0179,-0.0065185,0.00047122,-2,1,60
-0.59553,-0.3831,-0.0065185,0.00047122,-2,0,60
0.60447,2.7896,-0.0065185,0.00047122,-2,1,60
4.4045,-0.41561,-0.0065185,0.00047122,-2,1,60
5.8945,5.9079,-0.0065185,0.00047122,-2,1,60
3.461,2.7927,-0.0065185,0.00047122,-2,1,60
2.9425,2.72,-2.0065,0.00047122,1,1,60
3.7793,-0.3998,-0.0065185,0.00047122,-2,1,60
-5.5041,-2.7721,-0.0065185,0.00047122,-2,0,60
-4.6778,-4.9086,-0.0065185,-3.9995,-1,0,60
2.0944,3.6954,-0.0065185,0.00047122,-2,1,60
-2.922,-1.5015,-0.0065185,0.00047122,-2,0,60
-2.7498,-4.2321,-0.0065185,0.00047122,-2,1,61
-1.2955,-1.2821,-0.0065185,0.00047122,-2,0,61
2.5595,0.94726,-0.0065185,0.00047122,-2,1,61
-0.76728,-0.75386,-0.0065185,0.00047122,-2,0,61
-1.0395,-2.2006,-0.0065185,0.00047122,-2,0,61
1.0045,1.3526,-0.0065185,0.00047122,-2,1,61
-1.9955,-1.9821,-0.0065185,0.00047122,-2,0,61
-3.9955,-3.9821,-0.0065185,0.00047122,-2,0,61
4.0045,4.2234,-0.0065185,0.00047122,-2,1,61
-3.3955,-1.9821,-0.0065185,-1.9995,-1,0,61
1.0045,1.1664,-0.0065185,0.00047122,-2,1,61
0.0044729,0.017889,-0.0065185,0.00047122,-2,1,61
0.0044729,0.12518,3.9935,0.00047122,1,1,61
2.0045,-1.3821,-0.0065185,0.00047122,-2,1,61
1.7045,1.7179,-0.0065185,0.00047122,-2,1,61
3.4495,3.4629,-0.0065185,0.00047122,-2,1,61
-3.2238,0.2224,-0.0065185,0.00047122,-2,0,61
3.0485,2.7619,-0.0065185,0.00047122,-2,1,61
-2.5829,-1.5748,-3.0065,0.00047122,1,0,61
-1.7498,-0.89091,-0.0065185,0.00047122,-2,0,61
1.3633,1.3767,-0.0065185,0.00047122,-2,1,61
5.7045,5.7179,-0.0065185,0.00047122,-2,1,61
5.4495,-1.4921,-0.0065185,0.00047122,-2,1,61
-4.6238,-2.051,2.9935,0.00047122,1,0,61
6.0485,-3.6636,-0.0065185,0.00047122,-2,1,61
-5.8829,-3.2704,-0.0065185,0.00047122,-2,1,61
7.2545,7.2679,-0.0065185,0.00047122,-2,1,61
-6.5455,-5.6027,-0.0065185,0.00047122,-2,0,61
-3.163,-3.1496,-0.0065185,0.00047122,-2,0,61
2.8468,3.3711,-0.0065185,0.00047122,-2,1,61
-2.4115,-2.3981,-5.0065,0.00047122,1,1,61
-3.718,-3.7046,-0.0065185,0.00047122,-2,0,61
-5.5455,-5.5321,-0.0065185,0.00047122,-2,0,61
-3.163,-3.1496,-0.0065185,0.00047122,-2,0,61
2.8468,1.2234,-0.0065185,0.00047122,-2,1,61
3.5705,2.1926,-0.0065185,0.00047122,-2,1,61
3.3356,3.2348,-0.0065185,0.00047122,-2,1,61
6.1359,6.1493,-0.0065185,0.00047122,-2,1,61
-5.9573,-2.3888,-0.0065185,0.00047122,-2,0,61
5.0719,4.3591,2.9935,0.00047122,1,1,61
0.69932,0.095408,-0.0065185,0.00047122,-2,0,61
3.0045,5.1854,-0.0065185,0.00047122,-2,1,61
-0.44553,0.51992,-0.0065185,0.00047122,-2,0,61
-0.37803,2.1854,-4.0065,0.00047122,1,0,61
1.837,-3.3821,-0.0065185,0.00047122,-2,1,61
0.40447,1.5755,-0.0065185,0.00047122,-2,1,61
-0.88553,4.4744,-0.0065185,0.00047122,-2,0,61
-1.539,-1.5256,-0.0065185,0.00047122,-2,0,61
-0.59553,5.1927,-0.0065185,0.00047122,-2,1,61
0.51447,1.8519,-5.0065,0.00047122,1,0,61
-0.45203,-5.5632,-0.0065185,0.00047122,-2,0,61
-2.0836,-0.37014,-0.0065185,0.00047122,-2,0,61
-2.7703,-0.94384,-0.0065185,0.00047122,-2,0,61
2.5131,2.5265,-0.0065185,0.00047122,-2,1,61
0.28678,0.3002,-0.0065185,0.00047122,-2,0,61
-3.8455,-3.8321,-0.0065185,0.00047122,-2,0,61
3.277,0.23836,-4.0065,0.00047122,1,1,61
0.6186,0.63201,-0.0065185,0.00047122,-2,1,61
3.4825,2.3859,-0.0065185,0.00047122,-2,1,61
6.4045,5.4744,-0.0065185,0.00047122,-2,1,61
5.8945,5.1059,-0.0065185,0.00047122,-2,1,61
-5.452,-1.9885,-0.0065185,0.00047122,-2,0,61
-5.0836,-4.6201,-0.0065185,0.00047122,-2,0,61
-4.3203,-4.3069,-4.0065,0.00047122,1,0,61
-1.4869,4.5079,-0.0065185,0.00047122,-2,1,61
-3.2778,-3.2644,-0.0065185,0.00047122,-2,0,61
-4.0855,1.0954,-0.0065185,0.00047122,-2,0,61
0.93094,3.2373,-0.0065185,0.00047122,-2,1,61
0.79197,0.58686,-0.0065185,0.00047122,-2,1,61
-0.6649,-0.46573,3.9935,0.00047122,1,0,61
-0.56449,2.8489,-0.0065185,0.00047122,-2,1,61
-1.9955,-1.9821,-0.0065185,0.00047122,-2,0,61
-1.6955,-0.27912,-0.0065185,0.00047122,-2,0,61
1.5595,1.5729,-0.0065185,0.00047122,-2,1,61
-1.3173,-1.5423,2.9935,0.00047122,1,1,61
5.0485,4.2003,-0.0065185,0.00047122,-2,1,61
4.8919,4.1729,-0.0065185,0.00047122,-2,1,61
-2.7498,-3.8245,-0.0065185,0.00047122,-2,0,61
1.6456,1.1299,-0.0065185,0.00047122,-2,1,61
3.5495,3.1131,-0.0065185,0.00047122,-2,1,61
-3.0088,0.89869,3.9935,0.00047122,1,0,61
2.3982,-3.3133,-0.0065185,0.00047122,-2,1,61
2.3392,2.0764,-0.0065185,0.00047122,-2,1,61
-5.28,-1.4768,-0.0065185,0.00047122,-2,0,61
-5.2373,-4.8227,-0.0065185,0.00047122,-2,0,61
3.21,3.0538,-0.0065185,0.00047122,-2,1,61
-1.1702,-1.4088,-0.0065185,0.00047122,-2,0,61
-0.99403,-3.4155,3.9935,0.00047122,1,0,61
4.1307,-3.3601,-0.0065185,0.00047122,-2,1,61
-4.1028,-3.4009,-0.0065185,0.00047122,-2,0,61
-0.086726,0.0019555,-0.0065185,0.00047122,-2,0,61
2.082,2.9214,-0.0065185,0.00047122,-2,1,61
-1.7614,-1.6936,3.9935,0.00047122,1,0,61
-2.0515,3.2811,-0.0065185,0.00047122,-2,0,61
2.9569,-1.6904,-0.0065185,0.00047122,-2,1,61
3.5545,-1.5259,-0.0065185,0.00047122,-2,1,61
-3.013,-2.9996,2.9935,0.00047122,1,0,61
5.8468,2.9739,-0.0065185,0.00047122,-2,1,61
6.5705,-0.58359,-0.0065185,0.00047122,-2,1,61
6.3356,6.349,-0.0065185,0.00047122,-2,1,61
6.1359,6.1493,-0.0065185,0.00047122,-2,1,61
4.9662,4.9796,-0.0065185,0.00047122,-2,1,61
5.8219,4.5547,-0.0065185,0.00047122,-2,1,61
4.9493,1.8427,-4.0065,0.00047122,1,1,61
5.5951,4.6832,-0.0065185,0.00047122,-2,1,61
4.5065,-2.3701,-0.0065185,0.00047122,-2,1,61
3.4312,3.1761,-0.0065185,0.00047122,-2,1,61
-2.6328,-3.1877,-0.0065185,0.00047122,-2,1,61
-2.6872,-3.1568,-0.0065185,0.00047122,-2,0,61
2.2924,2.3058,-4.0065,0.00047122,1,1,61
3.172,3.1854,-0.0065185,0.00047122,-2,1,61
-2.8379,1.0655,-0.0065185,0.00047122,-2,0,61
-0.56155,-0.54813,-0.0065185,0.00047122,-2,0,61
-2.6644,2.0715,-0.0065185,0.00047122,-2,0,61
2.273,4.2354,-4.0065,0.00047122,1,1,61
5.8945,2.4959,-0.0065185,0.00047122,-2,1,61
6.461,-0.41561,-0.0065185,0.00047122,-2,1,61
-6.0836,-3.605,-0.0065185,0.00047122,-2,0,61
5.7793,4.6827,-0.0065185,0.00047122,-2,1,61
-5.5041,-3.1096,-0.0065185,0.00047122,-2,0,61
4.2868,3.1863,-0.0065185,0.00047122,-2,1,61
3.0944,3.6579,-0.0065185,0.00047122,-2,1,61
2.6309,1.5505,4.9935,0.00047122,1,1,61
-1.783,-4.0899,-0.0065185,0.00047122,-2,0,61
0.67385,0.74698,-0.0065185,0.00047122,-2,1,61
1.5734,0.91512,-0.0065185,0.00047122,-2,1,61
1.3381,0.50151,3.9935,0.00047122,1,1,61
2.4156,2.429,-0.0065185,0.00047122,-2,1,61
-1.3449,-0.919,-0.0065185,0.00047122,-2,0,61
-2.2925,-1.9285,-0.0065185,0.00047122,-2,0,61
1.9569,2.3584,-4.0065,0.00047122,1,1,61
5.2191,-3.1675,-0.0065185,0.00047122,-2,1,61
-2.1779,-1.9492,-0.0065185,0.00047122,-2,0,61
3.1595,3.1729,-0.0065185,0.00047122,-2,1,61
1.1363,3.2203,-0.0065185,0.00047122,-2,1,61
0.11649,0.1299,-0.0065185,0.00047122,-2,1,61
-0.09074,-0.68741,-0.0065185,0.00047122,-2,1,61
0.0044729,0.71294,-0.0065185,0.00047122,-2,0,61
0.0044729,0.017889,-5.0065,0.00047122,1,0,61
3.0045,3.0179,-0.0065185,0.00047122,-2,1,61
-0.44553,-3.2175,-0.0065185,0.00047122,-2,0,61
-2.5455,0.33847,-0.0065185,0.00047122,-2,0,61
3.172,-2.097,-0.0065185,0.00047122,-2,1,61
-2.6879,-0.60049,1.9935,0.00047122,1,0,61
1.4385,0.15187,-0.0065185,0.00047122,-2,0,61
2.6734,2.7352,-0.0065185,0.00047122,-2,1,61
1.4045,2.2864,-0.0065185,0.00047122,-2,1,61
1.1945,0.16026,3.9935,0.00047122,1,1,61
3.461,2.5839,-0.0065185,0.00047122,-2,1,61
-4.0836,-4.0701,-0.0065185,0.00047122,-2,0,61
-2.7703,-2.7569,-0.0065185,0.00047122,-2,0,61
-1.5041,-1.4907,-0.0065185,0.00047122,-2,0,61
-1.2778,-1.2644,-0.0065185,0.00047122,-2,0,61
0.91451,0.92793,-0.0065185,0.00047122,-2,1,61
-0.76906,-1.0915,-4.0065,0.00047122,1,0,61
-6.4405,-6.4271,-0.0065185,0.00047122,-2,0,61
-5.2238,-3.0556,-0.0065185,0.00047122,-2,0,61
5.0485,3.5184,-0.0065185,0.00047122,-2,1,61
2.8919,2.9053,-0.0065185,0.00047122,-2,0,61
-3.6955,-1.1131,-0.0065185,0.00047122,-2,0,61
-5.6955,-1.955,-0.0065185,0.00047122,-2,0,61
-3.4405,-2.971,-0.0065185,0.00047122,-2,0,61
2.2327,2.2461,-0.0065185,0.00047122,-2,1,61
1.0485,1.0619,-0.0065185,0.00047122,-2,1,61
-0.88294,0.27034,-0.0065185,0.00047122,-2,0,61
-0.74983,0.23247,-0.0065185,0.00047122,-2,0,61
5.6456,5.659,-0.0065185,0.00047122,-2,1,61
-2.5405,-0.58137,-0.0065185,0.00047122,-2,0,61
-0.45876,-1.5503,-0.0065185,0.00047122,-2,0,61
-0.38928,-0.37586,3.9935,0.00047122,1,0,61
3.6698,3.6832,-0.0065185,0.00047122,-2,1,61
-1.3955,-0.87211,-0.0065185,0.00047122,-2,0,61
-1.8855,-1.4386,-0.0065185,0.00047122,-2,0,61
1.461,1.4744,-0.0065185,0.00047122,-2,1,61
1.9164,2.2431,-0.0065185,0.00047122,-2,1,61
-4.1273,-3.9821,-0.0065185,0.00047122,-2,0,62
3.5165,3.0885,-4.0065,0.00047122,1,1,62
0.90926,3.4179,-0.0065185,0.00047122,-2,0,62
-0.9146,-0.83211,-0.0065185,0.00047122,-2,1,62
1.0733,1.0867,-0.0065185,0.00047122,-2,1,62
-1.9371,-1.9821,-0.0065185,0.00047122,-2,1,62
0.95477,0.63201,-0.0065185,0.00047122,-2,0,62
-2.9533,-0.83211,-0.0065185,0.00047122,-2,1,62
-2.5096,-3.9821,-0.0065185,-3.9995,-1,1,62
0.97395,2.1854,-0.0065185,0.00047122,-2,0,62
-1.9696,-0.83211,-0.0065185,0.00047122,-2,0,62
2.7045,2.7179,-0.0065185,0.00047122,-2,1,62
-2.2905,-0.57749,3.9935,0.00047122,1,0,62
1.7762,1.7896,-0.0065185,0.00047122,-2,1,62
0.55447,2.4642,-0.0065185,0.00047122,-2,1,62
-3.163,-0.73861,-0.0065185,0.00047122,-2,0,62
4.8468,2.9559,-0.0065185,0.00047122,-2,1,62
4.5705,4.7927,-0.0065185,0.00047122,-2,1,62
3.8856,3.5165,-4.0065,0.00047122,1,1,62
6.1359,-2.0998,-0.0065185,0.00047122,-2,1,62
5.9662,5.9796,-0.0065185,0.00047122,-2,1,62
-4.813,-4.5211,-0.0065185,0.00047122,-2,0,62
3.6993,4.2054,-0.0065185,0.00047122,-2,1,62
-3.1362,-3.2015,-5.0065,0.00047122,1,0,62
-1.4976,-1.5511,-0.0065185,0.00047122,-2,0,62
-2.5688,-2.5554,-0.0065185,0.00047122,-2,1,62
-2.6328,3.4996,-0.0065185,0.00047122,-2,0,62
-4.5455,0.62792,-0.0065185,0.00047122,-2,0,62
3.872,6.1854,-0.0065185,4.0005,-1,1,62
-0.8379,2.1264,-0.0065185,0.00047122,-2,0,62
0.72049,0.73391,2.9935,0.00047122,1,0,62
1.727,-1.1697,-0.0065185,0.00047122,-2,1,62
4.6186,4.632,-0.0065185,0.00047122,-2,1,62
3.5265,-1.102,-0.0065185,0.00047122,-2,1,62
4.4482,1.0019,-0.0065185,0.00047122,-2,1,62
-4.3727,-3.7593,-0.0065185,0.00047122,-2,0,62
4.3251,2.2864,-0.0065185,0.00047122,-2,1,62
4.277,2.4562,-0.0065185,0.00047122,-2,1,62
2.2361,1.2004,-0.0065185,0.00047122,-2,1,62
1.9013,2.213,-4.0065,0.00047122,1,1,62
2.1718,2.1852,-0.0065185,0.00047122,-2,1,62
1.8467,-1.8399,-0.0065185,-1.9995,-1,0,62
-3.4405,0.47439,-0.0065185,0.00047122,-2,0,62
2.9327,0.27289,-4.0065,0.00047122,1,1,62
1.4495,-0.29042,-0.0065185,0.00047122,-2,1,62
3.2327,3.2461,-0.0065185,0.00047122,-2,1,62
5.0485,5.0619,-0.0065185,0.00047122,-2,1,62
3.8919,2.8285,-0.0065185,0.00047122,-2,1,62
3.7588,3.7722,-0.0065185,0.00047122,-2,1,62
-3.1867,0.88533,3.9935,0.00047122,1,0,62
-1.5405,-1.5271,-0.0065185,0.00047122,-2,0,62
-0.45876,-0.44535,-0.0065185,0.00047122,-2,0,62
0.39822,-2.5226,-1.0065,0.00047122,1,0,62
-3.9955,-6.0701,-0.0065185,0.00047122,-2,0,62
-4.9955,-6.7569,-0.0065185,0.00047122,-2,0,62
2.0045,0.3902,-0.0065185,0.00047122,-2,1,62
-1.6955,-2.2041,3.9935,0.00047122,1,0,62
3.0045,1.9279,-0.0065185,0.00047122,-2,1,62
0.55447,0.90789,-0.0065185,0.00047122,-2,1,62
-0.82803,-0.52561,-0.0065185,0.00047122,-2,0,62
-0.44553,-2.7096,-0.0065185,0.00047122,-2,1,62
-0.16303,-0.14961,-0.0065185,0.00047122,-2,0,62
0.1621,0.17551,-0.0065185,0.00047122,-2,1,62
0.13845,0.98199,4.9935,0.00047122,1,1,62
1.4495,0.97962,-0.0065185,0.00047122,-2,1,62
1.2327,4.8586,-0.0065185,0.00047122,-2,1,62
-2.9515,0.71274,-0.0065185,0.00047122,-2,1,62
2.1171,2.1305,-0.0065185,0.00047122,-2,1,62
-5.5455,-2.0301,-0.0065185,0.00047122,-2,0,62
-4.713,-4.9886,2.9935,0.00047122,1,0,62
-4.8379,0.72551,-0.0065185,0.00047122,-2,1,62
5.5545,5.5679,-0.0065185,0.00047122,-2,1,62
5.5545,5.5679,-0.0065185,0.00047122,-2,1,62
-4.163,-0.58359,-0.0065185,0.00047122,-2,0,62
3.5468,3.5603,-3.0065,0.00047122,1,1,62
1.4385,1.0019,-0.0065185,0.00047122,-2,1,62
0.55447,1.3979,-0.0065185,0.00047122,-2,1,62
-1.828,-1.8146,-0.0065185,0.00047122,-2,0,62
-0.39553,0.13891,-0.0065185,0.00047122,-2,1,62
-1.5455,-1.5321,-0.0065185,0.00047122,-2,1,62
1.322,-1.3072,3.9935,0.00047122,1,0,62
1.282,1.2954,-0.0065185,0.00047122,-2,0,62
1.6186,-2.258,-0.0065185,0.00047122,-2,1,62
-1.5175,-2.3407,-0.0065185,0.00047122,-2,0,62
-2.4392,-3.2644,-0.0065185,0.00047122,-2,0,62
-5.3727,-1.7946,-0.0065185,0.00047122,-2,0,62
-3.3161,-3.9086,-0.0065185,0.00047122,-2,0,62
-2.818,-3.8671,3.9935,0.00047122,1,1,62
-5.163,-3.7221,-0.0065185,0.00047122,-2,1,62
3.8468,-0.32211,-0.0065185,0.00047122,-2,0,62
-5.5615,0.77439,-0.0065185,0.00047122,-2,1,62
-2.3266,-5.2679,-0.0065185,0.00047122,-2,1,62
-1.977,0.94271,-4.0065,0.00047122,1,0,62
0.72697,3.4179,-0.0065185,0.00047122,-2,0,62
3.0045,3.0179,-0.0065185,0.00047122,-2,0,62
-3.9955,-4.9665,-0.0065185,0.00047122,-2,0,62
-3.3955,-0.42582,3.9935,0.00047122,1,1,62
1.0045,2.9079,-0.0065185,0.00047122,-2,1,62
-0.14553,1.4744,-0.0065185,0.00047122,-2,1,62
0.28197,0.29539,-0.0065185,0.00047122,-2,1,62
-0.14553,0.33109,-0.0065185,0.00047122,-2,0,62
2.1545,1.5093,-0.0065185,0.00047122,-2,0,62
0.28197,-0.26442,-0.0065185,0.00047122,-2,1,62
0.24035,-0.07423,-4.0065,0.00047122,1,0,62
0.48247,-2.6596,-0.0065185,0.00047122,-2,0,62
0.41077,1.1279,-0.0065185,4.0005,-1,1,62
-0.27303,2.4179,-0.0065185,0.00047122,-2,0,62
0.15447,0.16789,-0.0065185,0.00047122,-2,0,62
0.28197,0.2674,-0.0065185,0.00047122,-2,1,62
-0.2314,0.18831,3.9935,0.00047122,1,1,62
2.5265,2.5399,-0.0065185,0.00047122,-2,1,62
-0.43923,-2.258,-0.0065185,0.00047122,-2,0,62
0.38162,0.39504,-0.0065185,0.00047122,-2,0,62
1.0045,1.0179,-0.0065185,0.00047122,-2,1,62
-0.84553,-1.7569,1.9935,0.00047122,1,1,62
-0.99553,-0.70461,-0.0065185,0.00047122,-2,1,62
2.0045,0.57289,-0.0065185,0.00047122,-2,0,62
0.0044729,-0.70461,-0.0065185,0.00047122,-2,1,62
0.0044729,-1.0261,0.99348,0.00047122,1,1,62
0.0044729,-0.83211,-0.0065185,0.00047122,-2,0,62
0.0044729,0.017889,-0.0065185,0.00047122,-2,0,62
4.0045,-0.59624,-0.0065185,0.00047122,-2,0,62
3.4045,-0.50412,2.9935,0.00047122,1,0,62
2.8945,-0.42582,-0.0065185,0.00047122,-2,0,62
4.461,1.6407,-0.0065185,0.00047122,-2,1,62
-0.69553,-3.7701,-0.0065185,0.00047122,-2,0,62
0.59947,0.61289,4.9935,0.00047122,1,1,62
-5.2238,-5.4604,-0.0065185,0.00047122,-2,0,62
4.0485,4.1493,-0.0065185,0.00047122,-2,1,62
2.8919,2.9796,-0.0065185,0.00047122,-2,1,62
2.4588,3.2919,-3.0065,0.00047122,1,0,62
0.44947,-3.5321,-0.0065185,0.00047122,-2,0,62
0.23272,0.79271,-0.0065185,0.00047122,-2,0,62
2.9605,1.397,-0.0065185,0.00047122,-2,1,62
2.1171,4.5839,-0.0065185,0.00047122,-2,1,62
-2.2412,-1.7821,-0.0065185,0.00047122,-2,0,62
-1.3544,-1.0556,-0.0065185,0.00047122,-2,0,62
0.54945,-1.3621,-0.0065185,0.00047122,-2,0,62
0.46771,0.68726,-5.0065,0.00047122,1,0,62
-1.3893,4.9627,-0.0065185,0.00047122,-2,1,62
1.3392,0.27727,-0.0065185,0.00047122,-2,0,62
0.28896,0.42897,-0.0065185,0.00047122,-2,0,62
-0.75372,1.0898,-0.0065185,0.00047122,-2,1,62
-0.63999,-1.1948,4.9935,0.00047122,1,0,62
-0.82082,3.2679,-0.0065185,0.00047122,-2,1,62
1.8545,-0.16375,-0.0065185,0.00047122,-2,0,62
0.72697,-0.35926,-0.0065185,0.00047122,-2,0,62
-0.60965,-0.38403,3.9935,0.00047122,1,1,62
-3.4735,-3.6546,-0.0065185,0.00047122,-2,0,62
2.5608,2.5742,-0.0065185,0.00047122,-2,1,62
0.62732,3.1048,-0.0065185,0.00047122,-2,1,62
1.3251,-0.99945,-0.0065185,0.00047122,-2,1,62
-3.8455,-1.1046,-0.0065185,0.00047122,-2,0,62
5.727,1.9538,-0.0065185,0.00047122,-2,1,62
-4.8597,-4.8462,-5.0065,0.00047122,1,0,62
-2.4735,3.8242,-0.0065185,0.00047122,-2,1,62
1.5608,1.5742,-0.0065185,0.00047122,-2,1,62
-0.29553,2.506,-0.0065185,0.00047122,-2,1,62
0.44947,0.86026,-0.0065185,0.00047122,-2,1,62
3.2327,0.13891,-0.0065185,0.00047122,-2,1,62
-0.95151,-0.651,-0.0065185,0.00047122,-2,1,62
3.1171,-2.3145,-0.0065185,0.00047122,-2,1,62
-7.3955,2.2079,-0.0065185,0.00047122,-2,0,62
6.8945,2.3739,-0.0065185,0.00047122,-2,1,62
-6.452,-5.8386,-0.0065185,0.00047122,-2,0,62
-7.0836,-4.2278,-0.0065185,0.00047122,-2,0,62
-4.7703,-2.341,-0.0065185,0.00047122,-2,0,62
-3.5041,-1.4371,-0.0065185,0.00047122,-2,0,62
4.2868,1.6427,-0.0065185,0.00047122,-2,1,62
-3.6355,-2.1384,3.9935,0.00047122,1,0,62
-2.922,-1.6474,-0.0065185,0.00047122,-2,0,62
-3.783,-2.6976,-0.0065185,0.00047122,-2,1,62
-1.5455,1.805,-0.0065185,0.00047122,-2,1,62
-4.163,-1.2996,-0.0065185,0.00047122,-2,0,62
-5.6955,0.09271,-0.0065185,0.00047122,-2,0,62
-0.76728,-2.3981,-0.0065185,0.00047122,-2,0,63
-4.0395,0.67388,-0.0065185,0.00047122,-2,0,63
-0.44553,1.4364,-0.0065185,0.00047122,-2,0,63
0.45447,2.0562,-0.0065185,0.00047122,-2,0,63
0.83697,2.2004,-0.0065185,0.00047122,-2,1,63
-0.54553,2.7477,-0.0065185,0.00047122,-2,1,63
0.70447,-0.58359,-0.0065185,0.00047122,-2,1,63
-1.5505,0.61289,-0.0065185,0.00047122,-2,0,63
-0.54553,-1.4007,-0.0065185,0.00047122,-2,0,63
-1.828,0.48539,-0.0065185,0.00047122,-2,0,63
0.40447,2.8959,-0.0065185,0.00047122,-2,0,63
1.5545,1.3396,-0.0065185,0.00047122,-2,1,63
-1.313,-1.2996,3.9935,0.00047122,1,1,63
3.727,3.0973,-0.0065185,0.00047122,-2,0,63
0.45447,0.46789,-0.0065185,0.00047122,-2,1,63
-2.828,2.7074,-0.0065185,0.00047122,-2,0,63
-2.1532,-2.1397,-0.0065185,0.00047122,-2,0,63
2.4385,2.0644,-0.0065185,0.00047122,-2,1,63
-2.0644,-3.5244,-5.0065,0.00047122,1,1,63
-2.8855,-1.7407,-0.0065185,0.00047122,-2,0,63
-0.99553,-0.98211,-0.0065185,0.00047122,-2,0,63
-1.9955,-3.0527,-0.0065185,0.00047122,-2,0,63
-1.9955,-1.9821,-0.0065185,0.00047122,-2,0,63
-1.6955,-1.4271,-5.0065,0.00047122,1,0,63
5.0045,3.7659,-0.0065185,0.00047122,-2,1,63
-3.9955,-3.9821,-0.0065185,0.00047122,-2,0,63
1.0045,0.65517,-0.0065185,0.00047122,-2,1,63
-1.9955,-2.2904,-0.0065185,0.00047122,-2,0,63
2.7045,1.7179,-0.0065185,0.00047122,-2,1,63
5.4495,-1.3506,-0.0065185,0.00047122,-2,1,63
4.6327,1.5321,4.9935,0.00047122,1,1,63
-5.0395,-5.2761,-0.0065185,0.00047122,-2,0,63
4.8919,2.6554,-0.0065185,0.00047122,-2,1,63
5.7588,3.8598,-0.0065185,0.00047122,-2,1,63
5.6456,4.0335,-0.0065185,0.00047122,-2,1,63
1.5495,2.6509,-0.0065185,0.00047122,-2,1,63
5.4677,4.3067,-0.0065185,0.00047122,-2,1,63
5.3982,5.4116,-0.0065185,0.00047122,-2,1,63
3.3392,3.3526,-0.0065185,0.00047122,-2,1,63
-2.83,-0.7886,2.9935,0.00047122,1,0,63
-3.2373,-3.2239,-0.0065185,0.00047122,-2,0,63
-4.2011,-4.1877,-0.0065185,0.00047122,-2,0,63
2.1792,-2.0927,-0.0065185,0.00047122,-2,1,63
1.853,1.4899,-3.0065,0.00047122,1,1,63
5.1307,4.8241,-0.0065185,0.00047122,-2,1,63
4.3618,-2.1468,-0.0065185,-1.9995,-1,1,63
4.0957,3.8779,-0.0065185,0.00047122,-2,1,63
5.082,4.8989,-0.0065185,0.00047122,-2,1,63
4.0704,3.9167,-0.0065185,0.00047122,-2,1,63
3.4605,-1.0576,-4.0065,0.00047122,1,1,63
-4.0431,3.3703,-0.0065185,0.00047122,-2,0,63
-4.036,-4.0226,-0.0065185,0.00047122,-2,0,63
5.0389,2.9423,-0.0065185,0.00047122,-2,1,63
3.0337,2.973,-0.0065185,0.00047122,-2,1,63
-2.0204,-3.6195,-0.0065185,0.00047122,-2,0,63
3.0256,1.739,-0.0065185,0.00047122,-2,1,63
-2.5635,-2.5501,-5.0065,0.00047122,1,0,63
-4.0108,-3.9974,-0.0065185,0.00047122,-2,0,63
5.0174,3.6434,-0.0065185,0.00047122,-2,1,63
-5.0066,-4.2431,-0.0065185,0.00047122,-2,0,63
2.0138,4.2773,-0.0065185,0.00047122,-2,1,63
1.0124,1.0259,-0.0065185,0.00047122,-2,1,63
-0.0022987,-1.4339,-0.0065185,0.00047122,-2,0,63
0.010229,0.0090517,-2.0065,0.00047122,1,1,63
-1.9906,-1.6896,-0.0065185,0.00047122,-2,0,63
-4.6955,-4.4271,-0.0065185,0.00047122,-2,0,63
-6.4405,-6.2104,-0.0065185,0.00047122,-2,0,63
-5.4738,-1.2074,-1.0065,0.00047122,1,0,63
-2.0395,-2.0261,-0.0065185,0.00047122,-2,0,63
-1.7329,-1.4589,2.9935,0.00047122,1,0,63
2.2502,2.2636,-0.0065185,0.00047122,-2,0,63
2.3633,1.5442,-0.0065185,0.00047122,-2,1,63
-0.54553,-1.3613,-0.0065185,0.00047122,-2,0,63
2.172,0.48539,-0.0065185,0.00047122,-2,0,63
1.8468,-0.095995,-4.0065,0.00047122,1,1,63
4.5705,-3.3821,-0.0065185,0.00047122,-2,1,63
-1.3266,-0.94384,-0.0065185,0.00047122,-2,0,63
-3.127,-2.7996,-0.0065185,0.00047122,-2,0,63
5.9662,-0.22776,-0.0065185,0.00047122,-2,1,63
-1.813,-4.8227,-0.0065185,0.00047122,-2,0,63
1.5493,1.3699,4.9935,0.00047122,1,1,63
0.5951,-1.2644,-0.0065185,0.00047122,-2,1,63
4.5065,2.9279,-0.0065185,0.00047122,-2,1,63
3.4312,2.0914,-0.0065185,0.00047122,-2,1,63
-4.3582,-2.8542,-0.0065185,0.00047122,-2,0,63
5.3128,4.3485,-0.0065185,0.00047122,-2,1,63
-3.2576,-3.1715,-0.0065185,0.00047122,-2,0,63
2.7772,1.9908,4.9935,0.00047122,1,1,63
3.1938,3.8568,-0.0065185,0.00047122,-2,1,63
2.1654,2.6842,-0.0065185,0.00047122,-2,1,63
0.14127,0.11673,-0.0065185,0.00047122,-2,1,63
-1.8792,-2.2346,-0.0065185,0.00047122,-2,0,63
1.6056,-1.2818,-2.0065,0.00047122,1,0,63
-1.9115,0.27289,-0.0065185,0.00047122,-2,0,63
-0.29553,1.6663,-0.0065185,0.00047122,-2,1,63
2.5595,2.9739,-0.0065185,0.00047122,-2,1,63
2.1762,0.23464,-4.0065,0.00047122,1,0,63
1.9605,-0.49211,-0.0065185,0.00047122,-2,1,63
0.55447,1.6805,-0.0065185,0.00047122,-2,1,63
0.17197,0.48539,-0.0065185,0.00047122,-2,0,63
-1.6955,-1.6821,-0.0065185,0.00047122,-2,0,63
-2.4405,0.29824,-0.0065185,0.00047122,-2,0,63
-6.2238,-1.8761,-0.0065185,0.00047122,-2,0,63
-5.2895,-5.1195,1.9935,0.00047122,1,0,63
3.8919,3.9053,-0.0065185,0.00047122,-2,1,63
0.25017,0.37673,-0.0065185,0.00047122,-2,0,63
-1.3544,-1.341,-0.0065185,0.00047122,-2,0,63
0.30447,0.31789,-0.0065185,0.00047122,-2,0,63
-1.5505,1.0691,-0.0065185,0.00047122,-2,0,63
-1.3173,0.4375,-5.0065,0.00047122,1,0,63
-3.163,-1.2666,-0.0065185,0.00047122,-2,0,63
-5.8379,-4.2239,-0.0065185,0.00047122,-2,0,63
-3.5615,-3.2583,-0.0065185,0.00047122,-2,0,63
1.3356,1.349,-0.0065185,0.00047122,-2,1,63
-1.127,-2.5586,-5.0065,0.00047122,1,0,63
-1.9573,-4.3583,-0.0065185,0.00047122,-2,0,63
-2.813,-2.0894,-0.0065185,0.00047122,-2,0,63
-2.6904,-2.0733,-0.0065185,0.00047122,-2,0,63
-3.5862,-0.67376,-0.0065185,0.00047122,-2,0,63
-4.4976,-4.4841,-0.0065185,0.00047122,-2,0,63
4.4312,2.6121,-0.0065185,0.00047122,-2,1,63
-3.3582,-3.0297,-0.0065185,0.00047122,-2,0,63
-2.8538,-2.9126,3.9935,0.00047122,1,0,63
-5.2576,3.3835,-0.0065185,0.00047122,-2,0,63
-4.2183,-4.4549,-0.0065185,0.00047122,-2,0,63
-4.1849,-3.407,-0.0065185,0.00047122,-2,0,63
-3.5565,-3.4032,3.9935,0.00047122,1,0,63
-2.1323,3.3999,-0.0065185,0.00047122,-2,0,63
4.1208,4.1342,-0.0065185,0.00047122,-2,1,63
5.1033,5.1167,-0.0065185,0.00047122,-2,1,63
-4.3295,-1.2944,2.9935,0.00047122,1,0,63
-5.0669,2.5585,-0.0065185,0.00047122,-2,0,63
-4.0562,-4.2401,-0.0065185,0.00047122,-2,0,63
-4.0471,-3.3889,-0.0065185,0.00047122,-2,0,63
-4.0394,-3.426,-0.0065185,0.00047122,-2,0,63
-5.0328,-5.0194,-0.0065185,0.00047122,-2,0,63
5.0362,2.9396,-0.0065185,0.00047122,-2,1,63
4.0314,4.0448,-0.0065185,0.00047122,-2,1,63
-3.4184,-3.5976,3.9935,0.00047122,1,0,63
2.0239,-3.3627,-0.0065185,0.00047122,-2,1,63
2.021,2.0344,-0.0065185,0.00047122,-2,1,63
-1.7096,2.016,-0.0065185,2.0005,-1,0,63
-1.4525,2.0163,-0.0065185,2.0005,-1,0,63
-1.2339,-1.0275,1.9935,0.00047122,1,0,63
1.9958,2.0168,-0.0065185,0.00047122,-2,1,63
-2.6955,-1.4198,-0.0065185,0.00047122,-2,0,63
3.4495,2.0961,-0.0065185,0.00047122,-2,1,63
-2.9238,-2.7261,3.9935,0.00047122,1,0,63
0.96046,1.1305,-0.0065185,0.00047122,-2,0,63
2.1171,2.2636,-0.0065185,0.00047122,-2,1,63
-1.5455,-1.7778,-0.0065185,0.00047122,-2,0,63
-3.163,-1.2201,-0.0065185,0.00047122,-2,0,63
-1.8379,-2.6745,-0.0065185,0.00047122,-2,0,63
-2.5615,-2.4907,-0.0065185,0.00047122,-2,0,63
2.1856,1.349,-3.0065,0.00047122,1,1,63
-5.127,1.4364,-0.0065185,0.00047122,-2,0,63
-4.9573,-4.9438,-0.0065185,0.00047122,-2,0,63
5.8219,3.7254,-0.0065185,0.00047122,-2,1,63
-3.6904,-4.9015,-0.0065185,0.00047122,-2,0,63
1.5951,3.1585,-0.0065185,0.00047122,-2,1,63
4.5065,4.5199,-0.0065185,0.00047122,-2,1,63
-2.4223,-2.3932,-0.0065185,0.00047122,-2,0,63
-3.3582,-0.95895,-0.0065185,0.00047122,-2,0,63
-5.3038,-5.2791,-0.0065185,0.00047122,-2,0,63
-1.2576,-1.2346,-0.0065185,0.00047122,-2,0,63
-1.0683,-2.0391,3.9935,0.00047122,1,0,63
-0.90737,3.2285,0.99348,0.00047122,1,0,63
0.16541,-0.67117,-0.0065185,0.00047122,-2,1,63
-3.8587,-3.8453,-0.0065185,0.00047122,-2,1,63
3.2882,-0.09839,-3.0065,0.00047122,1,0,63
0.90564,-2.6273,-0.0065185,0.00047122,-2,0,63
2.9205,0.78696,-0.0065185,0.00047122,-2,0,63
2.9331,2.9465,-0.0065185,0.00047122,-2,0,63
3.9438,3.9572,-0.0065185,0.00047122,-2,0,63
-0.047121,-0.031813,-0.0065185,0.00047122,-2,0,63
-1.8455,-1.8321,-0.0065185,0.00047122,-2,0,64
1.1545,1.1679,-0.0065185,0.00047122,-2,1,64
-5.6955,-3.0204,-0.0065185,0.00047122,-2,0,64
3.4495,-2.0819,-0.0065185,0.00047122,-2,1,64
1.2327,-0.67696,-0.0065185,0.00047122,-2,1,64
3.0485,2.5069,-0.0065185,0.00047122,-2,0,64
-4.6955,-0.70833,-0.0065185,0.00047122,-2,1,64
-5.4405,-5.0261,-0.0065185,0.00047122,-2,1,64
4.2327,3.4136,-0.0065185,0.00047122,-2,1,64
3.5985,2.6146,-0.0065185,0.00047122,1,0,64
4.8919,2.1854,-0.0065185,0.00047122,-2,0,64
-3.7498,-3.5271,-0.0065185,0.00047122,-2,1,64
3.1956,2.9079,3.9935,0.00047122,1,0,64
-0.54051,-3.7759,-0.0065185,0.00047122,-2,1,64
2.4677,2.0179,-0.0065185,0.00047122,-2,0,64
1.3982,1.0179,-0.0065185,0.00047122,-2,1,64
0.85447,0.2597,-0.0065185,0.00047122,-2,1,64
-2.273,-2.9821,-0.0065185,0.00047122,-2,0,64
1.9403,1.9538,-2.0065,0.00047122,1,1,64
-1.828,-1.8146,-0.0065185,0.00047122,-2,0,64
1.4045,1.4629,-0.0065185,0.00047122,-2,1,64
1.8945,-0.45386,-0.0065185,0.00047122,-2,1,64
1.548,1.5614,-0.0065185,0.00047122,-2,0,64
-1.3075,1.3834,-4.0065,0.00047122,1,0,64
-3.8855,0.15806,-0.0065185,0.00047122,-2,0,64
2.461,3.7579,-0.0065185,0.00047122,-2,1,64
-5.0836,-0.42582,-0.0065185,0.00047122,-2,0,64
6.7793,4.6559,-0.0065185,0.00047122,-2,0,64
-8.2455,-8.2321,-0.0065185,0.00047122,-2,1,64
7.617,5.8603,-0.0065185,0.00047122,-2,0,64
-6.4662,-1.7797,-2.0065,0.00047122,1,0,64
6.8945,5.7179,-0.0065185,0.00047122,-2,0,64
-5.852,-0.20064,-0.0065185,2.0005,-1,0,64
4.9825,1.2079,-0.0065185,0.00047122,1,1,64
5.7793,2.5729,-0.0065185,0.00047122,-2,0,64
-6.3955,-3.4849,-0.0065185,0.00047122,-2,0,64
-6.5455,-2.5321,-0.0065185,0.00047122,-2,1,64
-2.3955,-3.4564,-0.0065185,0.00047122,-2,1,64
-2.8855,-2.8721,-0.0065185,0.00047122,-2,0,64
-2.452,0.74039,1.9935,0.00047122,1,0,64
3.0045,3.632,-0.0065185,0.00047122,-2,1,64
-3.5455,-2.4271,-0.0065185,0.00047122,-2,0,64
2.172,2.1854,-0.0065185,0.00047122,-2,0,64
1.8468,1.0619,-5.0065,0.00047122,1,1,64
3.5705,-4.2321,-0.0065185,0.00047122,-2,0,64
5.7045,4.0179,-0.0065185,0.00047122,-2,1,64
4.4045,4.4179,-0.0065185,0.00047122,-2,0,64
-3.8455,-1.3771,-0.0065185,0.00047122,-2,1,64
-1.718,-1.7046,-0.0065185,0.00047122,-2,1,64
1.4686,3.0728,-5.0065,0.00047122,1,0,64
-2.5175,3.7459,-0.0065185,0.00047122,-2,0,64
-2.6955,2.6304,-0.0065185,0.00047122,-2,1,64
0.85447,2.3129,-0.0065185,0.00047122,-2,1,64
0.72697,2.2461,-0.0065185,1.0005,-1,0,64
0.39035,-0.83211,-0.0065185,0.00047122,-2,0,64
0.85447,0.017889,-0.0065185,0.00047122,-2,0,64
-0.71803,-0.42013,-4.0065,0.00047122,1,1,64
4.3903,5.0179,-0.0065185,0.00047122,-2,1,64
2.4825,2.4959,-0.0065185,0.00047122,-2,1,64
-1.4392,-2.8823,-0.0065185,0.00047122,-2,0,64
-1.8455,-0.83211,-0.0065185,0.00047122,-2,0,64
-0.71803,-0.70461,-0.0065185,0.00047122,-2,0,64
-3.6097,-3.5962,-0.0065185,0.00047122,-2,1,64
-3.0675,-1.8785,4.9935,0.00047122,1,0,64
-4.4392,2.1004,-0.0065185,0.00047122,-2,0,64
-3.3727,-4.3086,-0.0065185,0.00047122,-2,0,64
4.3251,3.3554,-0.0065185,0.00047122,-2,0,64
-1.5955,-2.8146,-0.0065185,0.00047122,-2,1,64
-5.2455,-5.2321,-0.0065185,0.00047122,-2,0,64
4.467,2.7536,3.9935,0.00047122,1,1,64
-2.718,-4.1046,-0.0065185,0.00047122,-2,1,64
-0.69553,-1.8721,-0.0065185,0.00047122,-2,0,64
-0.84553,0.61289,-0.0065185,0.00047122,-2,1,64
0.28197,-1.2644,-0.0065185,0.00047122,-2,1,64
0.24035,0.25376,2.9935,0.00047122,1,0,64
3.282,1.4679,-0.0065185,0.00047122,-2,1,64
3.3903,1.8504,-0.0065185,0.00047122,-2,0,64
0.60447,3.3485,-0.0065185,0.00047122,-2,1,64
-2.1055,-2.0921,-0.0065185,0.00047122,-2,0,64
-0.53903,-0.52561,-0.0065185,0.00047122,-2,1,64
0.46645,2.1568,1.9935,0.00047122,1,0,64
-4.163,-3.8496,-0.0065185,0.00047122,-2,1,64
-4.8379,-4.8245,-0.0065185,0.00047122,-2,0,64
-2.5455,-2.5321,-0.0065185,0.00047122,-2,0,64
0.17197,1.4135,-0.0065185,0.00047122,-2,0,64
-1.2955,-0.12449,-0.0065185,0.00047122,-2,0,64
0.45447,1.4519,-0.0065185,0.00047122,-2,0,64
-0.37803,2.2882,3.9935,0.00047122,1,1,64
-1.8379,-4.5136,-0.0065185,0.00047122,-2,0,64
0.57049,1.5839,-0.0065185,0.00047122,-2,0,64
3.1545,0.83536,-0.0065185,0.00047122,-2,0,64
1.282,3.4179,-0.0065185,0.00047122,-2,0,64
-1.0814,-1.068,3.9935,0.00047122,1,0,64
-2.5505,-3.3821,-0.0065185,0.00047122,-2,0,64
-2.3955,-2.3821,-0.0065185,0.00047122,-2,0,64
-0.88553,1.0619,-0.0065185,0.00047122,-2,0,64
-0.75203,-0.73861,-5.0065,0.00047122,1,0,64
-1.0836,-4.2321,-0.0065185,0.00047122,-2,0,64
-1.7703,-0.90693,-0.0065185,0.00047122,-2,0,64
-0.50413,0.017889,-0.0065185,0.00047122,-2,1,64
1.1545,1.3002,-0.0065185,0.00047122,-2,1,64
-2.6955,-2.6821,-0.0065185,0.00047122,-2,1,64
-2.2905,-0.29445,3.9935,0.00047122,1,1,64
-1.9463,2.6954,4.9935,0.00047122,1,1,64
2.6186,-3.618,-0.0065185,0.00047122,-2,0,64
-2.5175,-2.2041,-0.0065185,0.00047122,-2,0,64
2.7045,2.7179,-0.0065185,0.00047122,-2,1,64
-1.4405,-1.1546,-0.0065185,0.00047122,-2,0,64
-0.22378,-0.026124,-0.0065185,0.00047122,-2,1,64
-0.18954,-0.17612,3.9935,0.00047122,1,0,64
2.1171,3.4179,-0.0065185,0.00047122,-2,1,64
-1.7912,0.77219,0.99348,0.00047122,1,1,64
1.6456,1.659,-0.0065185,0.00047122,-2,0,64
-4.8455,1.1378,-0.0065185,0.00047122,-2,1,64
-4.118,-1.8161,-3.0065,0.00047122,1,1,64
3.6186,3.632,-0.0065185,0.00047122,-2,0,64
-3.5175,-1.8507,-0.0065185,0.00047122,-2,0,64
-4.5455,-2.2682,-0.0065185,0.00047122,-2,0,64
-3.163,-3.2481,-0.0065185,0.00047122,-2,0,64
-1.8379,-2.1632,-0.0065185,0.00047122,-2,0,64
-0.56155,-0.11356,-0.0065185,0.00047122,-2,1,64
4.8545,4.8679,-0.0065185,0.00047122,-2,0,64
4.127,3.4179,-3.0065,0.00047122,1,1,64
3.6186,-0.94384,-0.0065185,0.00047122,-2,1,64
-3.5175,-0.81461,-0.0065185,0.00047122,-2,0,64
3.4482,0.34301,-0.0065185,0.00047122,-2,0,64
2.9316,2.5679,-5.0065,0.00047122,1,1,64
4.3251,1.5839,-0.0065185,0.00047122,-2,0,64
7.4045,7.4179,-0.0065185,0.00047122,-2,1,64
6.4045,4.5493,-0.0065185,0.00047122,-2,1,64
-5.4355,0.07792,1.9935,0.00047122,1,0,64
-6.452,-1.7636,-0.0065185,0.00047122,-2,1,64
-5.3955,-5.3821,-0.0065185,0.00047122,-2,0,64
-1.6955,-1.6821,-0.0065185,0.00047122,-2,1,64
0.0044729,0.017889,-0.0065185,0.00047122,-2,0,64
-1.9955,-0.86952,-0.0065185,0.00047122,-2,1,64
-2.9955,-2.9821,-0.0065185,0.00047122,-2,0,64
-0.44553,-1.5371,-0.0065185,0.00047122,-2,0,64
0.38697,-1.3621,-4.0065,0.00047122,1,0,64
-2.8379,-2.8245,-0.0065185,0.00047122,-2,0,64
-2.5615,-3.8721,-0.0065185,0.00047122,-2,0,64
-1.6644,0.90837,-0.0065185,0.00047122,-2,1,64
0.87302,1.4364,-0.0065185,0.00047122,-2,1,64
-0.7338,0.09271,3.9935,0.00047122,1,0,64
-0.55053,-0.13974,-0.0065185,0.00047122,-2,0,64
-2.2955,0.48964,-0.0065185,0.00047122,-2,1,64
-1.9505,-0.53711,-0.0065185,-1.9995,-1,0,64
1.6662,0.81986,-4.0065,0.00047122,1,1,64
7.461,-0.92561,-0.0065185,0.00047122,-2,0,64
-5.2455,1.6796,-0.0065185,0.00047122,-2,1,64
4.617,-1.5886,-0.0065185,0.00047122,-2,0,64
3.9251,-0.91149,-0.0065185,-3.9995,-1,0,64
3.6145,3.6279,-0.0065185,0.00047122,-2,0,64
3.073,2.8505,-3.0065,0.00047122,1,0,64
2.6127,-0.64636,-3.0065,0.00047122,1,1,64
-2.3814,-5.1496,-0.0065185,0.00047122,-2,0,64
-2.5455,-4.6996,-0.0065185,0.00047122,-2,1,64
-0.99553,-0.76961,-0.0065185,0.00047122,-2,0,64
-0.84553,-0.65148,-0.0065185,0.00047122,-2,0,64
-1.273,1.918,-0.0065185,0.00047122,-2,1,64
0.39035,0.40376,-0.0065185,0.00047122,-2,1,64
-2.1455,1.0518,-0.0065185,0.00047122,-2,1,64
-2.273,-1.7539,-0.0065185,0.00047122,-2,1,64
-1.3814,-1.5355,-0.0065185,0.00047122,-2,1,64
-1.4735,-0.7947,-0.0065185,0.00047122,-2,1,64
-3.5518,-1.2384,-0.0065185,0.00047122,-2,1,64
3.6273,3.0407,-0.0065185,0.00047122,-2,1,64
-1.3955,-2.3271,-0.0065185,0.00047122,-2,1,64
-0.29553,-2.4089,-0.0065185,0.00047122,-2,0,64
0.25947,0.27289,-4.0065,0.00047122,1,0,64
6.2327,-0.84189,-0.0065185,0.00047122,-2,1,64
3.0485,4.9079,-0.0065185,0.00047122,-2,1,64
2.8919,4.4744,-0.0065185,0.00047122,-2,0,64
4.7045,2.4722,-0.0065185,0.00047122,-2,1,64
0.55447,5.1779,-0.0065185,0.00047122,-2,0,64
4.0186,3.0539,3.9935,0.00047122,1,1,66
0.11447,0.12789,-0.0065185,0.00047122,-2,1,66
-0.54553,4.9079,-0.0065185,0.00047122,-2,0,66
0.83697,5.4744,-0.0065185,0.00047122,-2,0,66
1.1621,-1.3978,-0.0065185,0.00047122,-2,0,66
-0.42951,-0.96609,-0.0065185,0.00047122,-2,1,66
-0.36441,0.349,-0.0065185,-0.99953,-1,1,66
-1.8641,-1.8507,-0.0065185,0.00047122,-2,1,66
0.042742,2.1079,-0.0065185,0.00047122,-2,0,66
-3.1781,-3.1646,-0.0065185,0.00047122,-2,1,66
-0.69038,0.21045,-0.0065185,0.00047122,-2,0,66
0.5951,0.60851,3.9935,0.00047122,1,0,66
-0.49756,-2.8131,4.9935,0.00047122,1,1,66
-3.9955,-4.2321,-0.0065185,0.00047122,-2,0,66
2.0045,3.4179,-0.0065185,0.00047122,-2,0,66
-0.69553,-0.68211,-0.0065185,0.00047122,-2,1,66
2.4495,0.69957,-0.0065185,0.00047122,-2,1,66
5.8545,3.5093,-0.0065185,0.00047122,-2,1,66
4.977,-0.22041,-4.0065,0.00047122,1,0,66
4.617,-2.768,-0.0065185,0.00047122,-2,1,66
-1.1455,-1.4601,-0.0065185,0.00047122,-2,1,66
-2.273,-2.5384,-0.0065185,0.00047122,-2,1,66
-2.3814,1.177,-0.0065185,0.00047122,-2,1,66
-2.0235,-2.0101,-4.0065,0.00047122,1,1,66
-0.55182,-0.53841,-0.0065185,0.00047122,-2,1,66
-0.61838,-0.60496,-0.0065185,0.00047122,-2,0,66
-2.8455,-0.63524,-0.0065185,0.00047122,-2,1,66
0.70447,1.9386,-0.0065185,0.00047122,-2,0,66
3.4495,1.8756,-0.0065185,0.00047122,-2,0,66
-5.2238,-5.2104,-0.0065185,0.00047122,-2,0,66
4.4485,3.3151,-4.0065,0.00047122,1,1,66
5.8945,5.9079,-0.0065185,0.00047122,-2,1,66
4.461,4.4744,-0.0065185,0.00047122,-2,0,66
1.3045,2.8515,-0.0065185,0.00047122,-2,0,66
-0.54553,-1.0871,-0.0065185,0.00047122,-2,0,66
-0.69553,-0.68211,-0.0065185,0.00047122,-2,0,66
-2.1455,-2.1321,-0.0065185,0.00047122,-2,0,66
1.282,0.1828,-0.0065185,0.00047122,-2,1,66
-0.3814,-0.81477,-0.0065185,0.00047122,-2,1,66
0.33247,0.34588,-4.0065,0.00047122,1,0,66
-0.27303,-0.25961,-0.0065185,0.00047122,-2,0,66
1.3903,2.2938,-0.0065185,0.00047122,-2,1,66
1.4825,0.83048,-0.0065185,0.00047122,-2,1,66
1.2608,1.2742,2.9935,0.00047122,1,0,66
0.44947,0.46289,-0.0065185,0.00047122,-2,1,66
2.1545,1.6404,-0.0065185,0.00047122,-2,0,66
4.5545,1.8454,-0.0065185,0.00047122,-2,0,66
4.172,3.2839,-0.0065185,0.00047122,-2,0,66
3.8468,3.349,-0.0065185,0.00047122,-2,1,66
3.2705,3.0289,4.9935,0.00047122,1,1,66
-0.55053,-0.53711,-0.0065185,0.00047122,-2,0,66
1.3045,6.6304,-0.0065185,0.00047122,-2,1,66
3.5545,3.5679,-0.0065185,0.00047122,-2,0,66
0.85447,-0.45606,-0.0065185,0.00047122,-2,1,66
-1.9955,-1.3458,-0.0065185,0.00047122,-2,1,66
4.7045,4.7179,-0.0065185,0.00047122,-2,1,66
3.9995,0.53989,-2.0065,0.00047122,1,1,66
-6.163,-6.1496,-0.0065185,0.00047122,-2,1,66
4.4045,-0.42711,-0.0065185,0.00047122,-2,0,66
3.8945,2.9079,-0.0065185,0.00047122,-2,1,66
4.8545,-0.17612,-0.0065185,0.00047122,-2,0,66
-1.3955,-1.3821,-0.0065185,0.00047122,-2,1,66
-2.8855,-2.8721,-0.0065185,0.00047122,-2,1,66
2.461,-0.62327,-5.0065,0.00047122,1,1,66
2.0045,-2.2321,-0.0065185,0.00047122,-2,1,66
1.0045,1.0179,-0.0065185,0.00047122,-2,1,66
-0.99553,-4.0527,-0.0065185,0.00047122,-2,0,66
2.8545,0.73558,-0.0065185,0.00047122,-2,1,66
-4.718,1.1079,-0.0065185,0.00047122,-2,0,66
-4.0097,-3.9962,-4.0065,0.00047122,1,0,66
-1.5175,-1.5041,-0.0065185,0.00047122,-2,0,66
-2.4392,-3.3158,-0.0065185,0.00047122,-2,1,66
0.30447,-0.43861,-0.0065185,0.00047122,-2,1,66
0.44947,0.97927,-0.0065185,0.00047122,-2,1,66
-0.37378,-0.90693,2.9935,0.00047122,1,0,66
2.727,2.7404,-0.0065185,0.00047122,-2,0,66
0.6186,0.63201,-0.0065185,0.00047122,-2,1,66
3.0045,3.0179,-0.0065185,0.00047122,-2,0,66
-0.44553,4.1339,-0.0065185,0.00047122,-2,1,66
0.45447,4.349,-0.0065185,0.00047122,-2,0,66
0.38697,-1.9946,3.9935,0.00047122,1,1,66
-2.8379,0.34301,-0.0065185,0.00047122,-2,1,66
5.5705,-2.0221,-0.0065185,0.00047122,-2,0,66
-4.3266,-4.7132,-0.0065185,0.00047122,-2,1,66
-3.127,-3.6636,-0.0065185,0.00047122,-2,1,66
-1.0338,-3.7569,-0.0065185,0.00047122,-2,0,66
4.187,0.081487,-0.0065185,0.00047122,-2,0,66
3.5596,-1.9052,-4.0065,0.00047122,1,0,66
3.617,-4.4261,-0.0065185,0.00047122,-2,0,66
-0.066152,-0.052736,-0.0065185,0.00047122,-2,0,66
-0.44553,-0.43211,-0.0065185,0.00047122,-2,1,66
-0.44553,-0.62327,-0.0065185,0.00047122,-2,0,66
0.38697,0.40039,2.9935,0.00047122,1,0,66
-1.163,-2.9953,-0.0065185,0.00047122,-2,1,66
1.1621,0.85039,-0.0065185,0.00047122,-2,1,66
1.4385,-1.102,-0.0065185,0.00047122,-2,0,66
-1.2144,0.73488,-4.0065,0.00047122,1,0,66
1.873,5.5854,-0.0065185,0.00047122,-2,1,66
0.042742,5.4579,-0.0065185,0.00047122,-2,0,66
-2.1455,0.050417,-0.0065185,0.00047122,-2,0,66
-0.27303,-0.25961,-0.0065185,0.00047122,-2,1,66
0.15447,-1.1496,-0.0065185,0.00047122,-2,1,66
-1.273,-0.59073,-0.0065185,0.00047122,-2,0,66
1.0903,1.1038,4.9935,0.00047122,1,0,66
0.44947,2.9368,-0.0065185,0.00047122,-2,0,66
0.23272,0.24614,-0.0065185,0.00047122,-2,1,66
0.19849,0.29539,-0.0065185,1.0005,-1,0,66
4.8919,1.9054,-0.0065185,0.00047122,-2,0,66
4.1588,4.1404,1.9935,0.00047122,1,1,66
-3.5267,-4.7579,3.9935,0.00047122,1,1,66
-4.5405,-5.585,-0.0065185,0.00047122,-2,0,66
6.4045,4.2461,-0.0065185,0.00047122,-2,0,66
-3.5455,-5.4221,-0.0065185,0.00047122,-2,1,66
-3.163,-3.1496,-0.0065185,0.00047122,-2,1,66
2.6968,-1.0344,-3.0065,0.00047122,1,0,66
1.5705,1.5839,-0.0065185,0.00047122,-2,0,66
1.6734,0.85427,-0.0065185,0.00047122,-2,1,66
1.873,1.8864,-0.0065185,0.00047122,-2,1,66
-0.95726,-0.94384,-0.0065185,0.00047122,-2,1,66
2.8219,1.2304,-0.0065185,0.00047122,-2,1,66
-5.6955,-2.377,-0.0065185,0.00047122,-2,1,66
5.4045,5.4179,-0.0065185,0.00047122,-2,1,66
-4.5855,-2.1841,3.9935,0.00047122,1,0,66
-5.4405,-5.4271,-0.0065185,0.00047122,-2,0,66
6.2327,-3.6896,-0.0065185,0.00047122,-2,0,66
4.2545,4.2679,-0.0065185,0.00047122,-2,1,66
3.617,-1.1827,4.9935,0.00047122,1,0,66
-1.9249,-1.7569,-0.0065185,0.00047122,-2,1,66
-6.2455,-1.9821,-0.0065185,0.00047122,-2,1,66
4.617,0.55976,-0.0065185,0.00047122,-2,0,66
-3.9162,-3.9027,4.9935,0.00047122,1,1,66
-4.6056,-1.9821,-0.0065185,0.00047122,-2,0,66
-2.6955,2.6304,-0.0065185,0.00047122,-2,1,66
-2.2905,-3.3129,-1.0065,0.00047122,1,0,66
-1.2238,-1.5546,-0.0065185,0.00047122,-2,1,66
-1.9955,-1.6402,-0.0065185,0.00047122,-2,1,66
-2.9955,-3.5041,-0.0065185,0.00047122,-2,1,66
-3.9955,-4.4258,-0.0065185,0.00047122,-2,1,66
3.4045,1.2461,-5.0065,0.00047122,1,0,66
-1.9955,-1.9821,-0.0065185,0.00047122,-2,0,66
2.0045,3.6304,-0.0065185,0.00047122,-2,1,66
0.0044729,0.017889,-0.0065185,0.00047122,-2,1,66
-0.99553,1.266,-0.0065185,0.00047122,-2,1,66
-0.84553,-0.99945,4.9935,0.00047122,1,1,66
-0.99553,-4.2321,-0.0065185,0.00047122,-2,1,66
-0.84553,-3.5946,-0.0065185,0.00047122,-2,0,66
-3.9955,-4.0849,-0.0065185,0.00047122,-2,1,66
-3.3955,0.63201,-2.0065,0.00047122,1,0,66
-2.8855,0.46564,-0.0065185,0.00047122,-2,1,66
-2.9955,-1.4902,-0.0065185,0.00047122,-2,0,66
1.5545,1.2461,-0.0065185,0.00047122,-2,1,66
-1.313,-0.14961,-0.0065185,2.0005,-1,0,66
5.8468,4.9053,-0.0065185,0.00047122,-2,0,66
-7.3955,-3.368,-0.0065185,0.00047122,-2,1,66
-6.2855,-4.2032,2.9935,0.00047122,1,0,66
-3.8855,3.0116,-0.0065185,0.00047122,-2,1,66
4.8545,4.8679,-0.0065185,0.00047122,-2,0,66
3.727,3.7404,-0.0065185,0.00047122,-2,1,66
3.5545,3.5679,-0.0065185,0.00047122,-2,0,66
-2.8455,-1.4227,-0.0065185,0.00047122,-2,1,66
-1.718,-1.4852,-0.0065185,0.00047122,-2,0,66
2.1545,2.1679,-0.0065185,0.00047122,-2,0,66
-0.71803,-1.2104,-0.0065185,0.00047122,-2,1,66
-3.9955,-3.9821,-0.0065185,0.00047122,-2,0,66
5.4045,3.795,-0.0065185,0.00047122,-2,1,66
-5.8855,-4.5721,-0.0065185,0.00047122,-2,0,66
5.461,5.0244,-0.0065185,0.00047122,-2,1,66
5.0925,5.1059,-0.0065185,0.00047122,-2,1,66
-3.7703,-2.2546,-0.0065185,0.00047122,-2,0,66
-3.2041,-3.3331,2.9935,0.00047122,1,1,66
-1.4405,-1.745,-0.0065185,0.00047122,-2,1,66
-3.2238,-1.3132,-0.0065185,0.00047122,-2,1,66
-0.03954,0.16026,-0.0065185,0.00047122,-2,0,66
-1.1455,-2.3888,-0.0065185,0.00047122,-2,0,66
1.727,-2.9104,-0.0065185,0.00047122,-2,0,66
-2.718,-1.6821,-0.0065185,0.00047122,-2,0,67
-0.3814,1.7179,-0.0065185,0.00047122,-2,0,67
-2.1455,0.34588,-0.0065185,0.00047122,-2,1,67
-0.27303,-1.8096,-0.0065185,0.00047122,-2,0,67
2.1545,-1.8761,-0.0065185,0.00047122,-2,0,67
2.282,1.8454,-0.0065185,0.00047122,-2,0,67
-1.3814,-0.96609,-0.0065185,0.00047122,-2,0,67
-0.29553,-0.28211,-0.0065185,0.00047122,-2,1,67
2.4495,2.4629,-0.0065185,0.00047122,-2,1,67
0.23272,1.2068,-0.0065185,0.00047122,-2,0,67
2.1545,0.74132,-0.0065185,0.00047122,-2,1,67
1.4545,-1.8096,-0.0065185,0.00047122,-2,0,67
-1.228,-1.2146,4.9935,0.00047122,1,0,67
0.11447,4.909,-0.0065185,0.00047122,-2,1,67
1.5545,0.11139,-0.0065185,0.00047122,-2,0,67
2.1545,0.92986,-0.0065185,0.00047122,-2,0,67
2.282,-0.31086,-0.0065185,0.00047122,-2,1,67
4.5545,-1.156,-0.0065185,0.00047122,-2,1,67
3.872,2.0024,4.9935,0.00047122,1,1,67
-3.8379,-3.8245,-0.0065185,0.00047122,-2,0,67
5.5705,4.2234,-0.0065185,0.00047122,-2,1,67
-5.3266,-5.3132,-0.0065185,0.00047122,-2,0,67
-6.127,-6.1136,-0.0065185,0.00047122,-2,0,67
5.2162,2.3626,-4.0065,0.00047122,1,1,67
-1.813,2.6004,-0.0065185,0.00047122,-2,0,67
1.6993,1.1091,-0.0065185,0.00047122,-2,1,67
-0.58615,-0.57273,-0.0065185,0.00047122,-2,0,67
2.5024,2.5159,-0.0065185,0.00047122,-2,0,67
-2.5688,-2.9261,-0.0065185,0.00047122,-2,0,67
0.45447,0.46789,-0.0065185,0.00047122,-2,0,67
0.38697,0.70335,2.9935,0.00047122,1,0,67
4.8468,4.8603,-0.0065185,0.00047122,-2,1,67
-5.5615,-3.7096,-0.0065185,0.00047122,-2,0,67
-2.3266,-0.75049,-0.0065185,0.00047122,-2,0,67
6.1359,6.1493,-0.0065185,0.00047122,-2,1,67
-2.9573,-1.8148,-0.0065185,0.00047122,-2,0,67
-4.813,0.33187,-0.0065185,0.00047122,-2,0,67
4.6993,4.1127,-0.0065185,0.00047122,-2,1,67
-4.5862,-3.8793,-0.0065185,0.00047122,-2,0,67
-3.8976,-2.7848,-4.0065,0.00047122,1,0,67
-3.4223,-2.9079,-0.0065185,0.00047122,-2,0,67
-2.3582,-2.809,-0.0065185,0.00047122,-2,0,67
-4.3038,-3.9285,-0.0065185,0.00047122,-2,0,67
-3.6576,-1.3815,-5.0065,0.00047122,1,0,67
2.2272,4.4906,-0.0065185,0.00047122,-2,0,67
3.7045,5.6304,-0.0065185,0.00047122,-2,1,67
-1.6955,0.045893,-0.0065185,0.00047122,-2,0,67
3.4495,3.4629,-0.0065185,0.00047122,-2,1,67
-1.2238,-2.2544,-0.0065185,0.00047122,-2,0,67
-1.0395,0.035087,-3.0065,0.00047122,1,0,67
-0.10812,-0.094701,-0.0065185,0.00047122,-2,1,67
0.75877,0.77219,-0.0065185,0.00047122,-2,1,67
0.36332,1.0285,-0.0065185,0.00047122,-2,1,67
-0.14553,-2.0931,-0.0065185,0.00047122,-2,1,67
-2.273,-2.1632,-0.0065185,0.00047122,-2,0,67
0.55447,1.9538,-0.0065185,0.00047122,-2,1,67
-0.46303,1.1038,-5.0065,0.00047122,1,0,67
-2.8379,-2.8245,-0.0065185,0.00047122,-2,0,67
4.5705,5.1964,-0.0065185,0.00047122,-2,1,67
3.3356,3.349,-0.0065185,0.00047122,-2,1,67
-5.127,-4.3027,-0.0065185,0.00047122,-2,0,67
-3.9573,-2.7862,-0.0065185,0.00047122,-2,0,67
-0.813,-2.7637,-0.0065185,0.00047122,-2,0,67
-0.69038,-0.17899,-5.0065,0.00047122,1,0,67
2.5951,4.8585,-0.0065185,0.00047122,-2,1,67
2.5065,2.5199,-0.0065185,0.00047122,-2,1,67
-3.4223,-1.548,-0.0065185,0.00047122,-2,0,67
-4.3582,-2.6349,-0.0065185,0.00047122,-2,0,67
1.3128,1.3262,-0.0065185,0.00047122,-2,1,67
-1.1076,-2.9464,-5.0065,0.00047122,1,0,67
-4.2183,-4.2952,-0.0065185,0.00047122,-2,0,67
-3.5849,-0.035758,-0.0065185,0.00047122,-1,0,67
-1.1565,-1.0277,-0.0065185,0.00047122,-2,0,67
-3.1323,-3.0209,-0.0065185,0.00047122,-2,0,67
-2.6618,-2.1031,2.9935,0.00047122,1,0,67
-4.0944,-4.0809,-0.0065185,0.00047122,-2,0,67
4.0885,-2.0656,-0.0065185,0.00047122,-2,1,67
0.075883,0.089298,-0.0065185,0.00047122,-2,1,67
0.94377,1.0007,-0.0065185,0.00047122,-2,0,67
-0.047121,0.0032706,-0.0065185,0.00047122,-2,0,67
-0.039381,-2.114,3.9935,0.00047122,1,0,67
-3.9583,-3.3448,-0.0065185,0.00047122,-2,1,67
1.9728,2.0089,-0.0065185,0.00047122,-2,0,67
0.031405,0.044821,-0.0065185,0.00047122,-2,0,67
0.027365,4.0179,-0.0065185,4.0005,-1,0,67
5.0045,7.1059,-0.0065185,0.00047122,-2,1,67
-2.9955,-2.9821,-0.0065185,0.00047122,-2,0,67
2.5545,0.013905,-3.0065,0.00047122,1,1,67
-3.9955,2.5679,-0.0065185,0.00047122,-2,0,67
1.0045,1.0179,-0.0065185,0.00047122,-2,0,67
-1.9955,3.8344,-0.0065185,0.00047122,-2,0,67
-1.6955,-1.5256,-0.0065185,-3.9995,-1,0,67
-1.4405,2.1059,-5.0065,0.00047122,1,0,67
-4.2238,-1.2073,-0.0065185,0.00047122,-2,0,67
-4.0395,-4.6386,-0.0065185,0.00047122,-2,0,67
-2.8829,-2.8695,-0.0065185,0.00047122,-2,0,67
-2.4498,-1.0596,1.9935,0.00047122,1,0,67
-2.6367,2.6444,-0.0065185,0.00047122,-2,0,67
-0.45055,2.2629,-0.0065185,0.00047122,-2,1,67
2.5412,3.6873,-0.0065185,0.00047122,-2,0,67
3.6107,0.34664,-0.0065185,0.00047122,-2,0,67
-0.66084,-3.0474,-0.0065185,0.00047122,-2,1,67
1.289,1.3024,-0.0065185,0.00047122,-2,1,67
-1.0873,0.49858,-4.0065,0.00047122,1,0,67
-1.2011,-0.68511,-0.0065185,0.00047122,-2,0,67
-1.1702,-0.72966,-0.0065185,0.00047122,-2,0,67
-1.144,-1.1306,-0.0065185,0.00047122,-2,0,67
0.87825,-1.8877,-0.0065185,0.00047122,-2,0,67
3.1118,3.1252,-0.0065185,0.00047122,-2,1,67
-2.6367,0.64919,-5.0065,0.00047122,1,0,67
4.082,4.3454,-0.0065185,0.00047122,-2,1,67
-2.0614,-3.2869,-0.0065185,0.00047122,-2,0,67
-1.0515,-1.0381,-0.0065185,0.00047122,-2,0,67
2.0521,1.5105,-0.0065185,0.00047122,-2,1,67
-1.736,-1.6236,-3.0065,0.00047122,1,0,67
-0.029923,-2.4824,-0.0065185,0.00047122,-2,0,67
-0.024763,-0.011348,-0.0065185,0.00047122,-2,0,67
-0.020378,0.053798,-0.0065185,0.00047122,-2,0,67
3.9833,4.0484,-0.0065185,0.00047122,-2,0,67
3.9865,0.043833,-0.0065185,0.00047122,-2,0,67
2.9892,3.0026,-0.0065185,0.00047122,-2,0,67
2.9915,3.0366,-0.0065185,0.00047122,-2,0,67
-2.5345,-2.4276,-4.0065,0.00047122,1,1,67
1.9951,3.4314,-0.0065185,0.00047122,-2,0,67
0.99651,1.0294,-0.0065185,0.00047122,-2,0,67
2.9977,3.0111,-0.0065185,0.00047122,-2,0,67
-2.5398,-1.2046,-3.0065,0.00047122,1,1,67
3.9996,2.563,-0.0065185,0.00047122,-2,0,67
-2.9914,-3.378,-0.0065185,0.00047122,-2,0,67
-5.5455,-5.8721,-0.0065185,0.00047122,-2,0,67
4.722,2.1897,-4.0065,0.00047122,1,1,67
4.8468,-1.5397,-0.0065185,0.00047122,-2,1,67
-6.5615,-6.7569,-0.0065185,0.00047122,-2,0,67
-5.3266,-5.4907,-0.0065185,0.00047122,-2,0,67
-6.127,-6.2644,-0.0065185,0.00047122,-2,0,67
1.9662,2.5456,-0.0065185,0.00047122,-2,1,67
3.8219,3.8354,-0.0065185,0.00047122,-2,1,67
1.6993,1.8054,-0.0065185,0.00047122,-2,1,67
1.4451,1.2226,-2.0065,0.00047122,1,1,67
-0.49756,-0.55108,-0.0065185,0.00047122,-2,0,67
2.4312,-0.94349,-0.0065185,0.00047122,-2,1,67
2.3672,2.429,-0.0065185,0.00047122,-2,1,67
1.3128,1.3673,-0.0065185,0.00047122,-2,1,67
-1.1076,-1.5074,3.9935,0.00047122,1,0,67
3.2272,3.2406,-0.0065185,0.00047122,-2,1,67
3.1938,-2.6828,-0.0065185,0.00047122,-2,1,67
2.8435,-2.7145,-0.0065185,0.00047122,-2,1,67
-2.4087,-2.3953,2.9935,0.00047122,1,0,67
-1.163,2.8603,-0.0065185,0.00047122,-2,1,67
-1.8455,-3.1496,-0.0065185,0.00047122,-2,0,67
4.727,0.29424,-0.0065185,0.00047122,-2,1,67
4.6186,5.5839,-0.0065185,0.00047122,-2,1,67
-2.5175,-4.2032,-0.0065185,0.00047122,-2,0,67
-0.55182,2.8493,-0.0065185,0.00047122,-2,1,67
0.47732,-0.093843,-5.0065,0.00047122,1,0,67
0.6839,0.20042,-0.0065185,0.00047122,-2,0,67
0.58198,-4.677,-0.0065185,-3.9995,-1,0,67
1.7729,1.4273,-0.0065185,0.00047122,-2,0,67
2.8076,2.5159,-0.0065185,0.00047122,-2,0,67
2.8371,2.5912,-0.0065185,0.00047122,-2,0,67
-2.8533,2.2664,-0.0065185,0.00047122,-2,1,67
-0.87462,-0.86121,-0.0065185,0.00047122,-2,1,67
2.9017,1.9233,-0.0065185,0.00047122,-2,0,67
0.091827,-2.3094,-0.0065185,0.00047122,-2,1,67
0.078724,4.0921,-0.0065185,4.0005,-1,1,67
1.9414,-0.14305,-0.0065185,0.00047122,-2,0,67
2.9508,2.8811,-0.0065185,0.00047122,-2,0,67
-2.9499,-1.3108,-0.0065185,0.00047122,-2,1,67
-2.9568,-2.8833,-0.0065185,0.00047122,-2,1,67
2.5215,2.1014,-5.0065,0.00047122,1,0,67
3.9765,3.9465,-0.0065185,0.00047122,-2,0,67
3.9807,3.9572,-0.0065185,0.00047122,-2,0,67
2.9842,2.9663,-0.0065185,0.00047122,-2,1,67
1.5545,1.5679,-0.0065185,0.00047122,-2,1,67
-1.163,-2.135,-0.0065185,0.00047122,-2,1,67
2.172,0.9053,-0.0065185,0.00047122,-2,1,68
6.8468,5.0179,-0.0065185,0.00047122,-2,1,68
-6.5615,-1.5481,-0.0065185,0.00047122,-2,0,68
-4.3266,-2.9821,-0.0065185,0.00047122,-2,0,68
-2.127,-4.7261,-0.0065185,0.00047122,-2,0,68
-0.95726,-0.83211,-0.0065185,0.00047122,-2,0,68
0.187,0.20042,-0.0065185,0.00047122,-2,1,68
4.8545,4.8679,-0.0065185,0.00047122,-2,1,68
4.727,0.74039,-0.0065185,0.00047122,-2,1,68
4.0186,-0.36799,-0.0065185,-0.99953,-1,1,68
-2.5175,-1.9821,-0.0065185,0.00047122,-2,0,68
2.4482,2.9181,-0.0065185,0.00047122,-2,1,68
2.0816,2.095,4.9935,0.00047122,1,1,68
-4.3161,-3.9821,-0.0065185,0.00047122,-2,0,68
-1.268,-0.98211,-0.0065185,0.00047122,-2,1,68
0.15447,0.16789,-0.0065185,0.00047122,-2,1,68
0.72697,2.6279,-0.0065185,0.00047122,-2,1,68
-1.9955,-1.9821,-0.0065185,0.00047122,-2,0,68
-1.6955,0.68214,2.9935,0.00047122,1,0,68
5.4495,-2.9758,-0.0065185,0.00047122,-2,1,68
-4.2238,-3.005,-0.0065185,0.00047122,-2,0,68
-4.0395,-3.5761,-0.0065185,0.00047122,-2,0,68
-2.8829,-2.8695,-0.0065185,0.00047122,-2,0,68
-2.4498,-1.918,-5.0065,0.00047122,1,1,68
-1.5505,1.2679,-0.0065185,0.00047122,-2,1,68
-0.44553,-3.5271,-0.0065185,0.00047122,-2,0,68
-1.828,-1.7765,-0.0065185,0.00047122,-2,1,68
0.60447,0.72882,-0.0065185,0.00047122,-2,1,68
1.8945,1.9079,-0.0065185,0.00047122,-2,1,68
-2.1455,2.0904,-0.0065185,0.00047122,-2,0,68
-1.823,-0.075611,-5.0065,0.00047122,1,0,68
-4.3814,-2.8941,-0.0065185,0.00047122,-2,0,68
-3.4735,-3.0726,-0.0065185,0.00047122,-2,0,68
-3.5518,-2.4735,-0.0065185,0.00047122,-2,0,68
-2.6184,-1.5898,-0.0065185,0.00047122,-2,1,68
-2.4455,2.1538,-0.0065185,0.00047122,-2,0,68
-1.828,-1.8941,-0.0065185,0.00047122,-2,0,68
3.1621,1.788,-0.0065185,0.00047122,-2,0,68
2.6885,1.5799,-1.0065,0.00047122,1,1,68
-2.2769,-2.3123,-3.0065,0.00047122,1,1,68
-0.9249,2.366,-0.0065185,0.00047122,-2,0,68
-2.3855,-2.8146,-0.0065185,0.00047122,-2,0,68
2.7859,0.68936,-0.0065185,0.00047122,-2,1,68
-2.3598,-2.6661,-5.0065,0.00047122,1,1,68
-1.608,-1.5946,-0.0065185,0.00047122,-2,1,68
-2.0662,-2.0527,-0.0065185,0.00047122,-2,0,68
1.1545,1.9304,-0.0065185,0.00047122,-2,1,68
-0.27303,-0.95961,-0.0065185,0.00047122,-2,1,68
0.15447,-0.42711,-0.0065185,0.00047122,-2,0,68
0.13197,0.14539,-5.0065,0.00047122,1,0,68
-4.718,-4.5866,-0.0065185,0.00047122,-2,0,68
7.4045,-2.9805,-0.0065185,0.00047122,-2,1,68
-6.8855,-6.2721,-0.0065185,0.00047122,-2,0,68
5.461,0.40786,-0.0065185,0.00047122,-2,0,68
4.5545,4.9959,-0.0065185,0.00047122,-2,0,68
5.172,4.1744,-0.0065185,0.00047122,-2,0,68
4.3968,4.6559,3.9935,0.00047122,1,1,68
5.172,5.1854,-0.0065185,0.00047122,-2,1,68
2.8468,3.9079,-0.0065185,0.00047122,-2,0,68
1.8545,2.1493,-0.0065185,0.00047122,-2,0,68
2.727,2.9796,-0.0065185,0.00047122,-2,1,68
-0.29553,1.7635,-0.0065185,0.00047122,-2,0,68
-1.6955,1.9849,-0.0065185,0.00047122,-2,0,68
1.4495,1.4629,3.9935,0.00047122,1,1,68
-2.2238,-4.6104,-0.0065185,0.00047122,-2,0,68
-3.0395,-3.0261,-0.0065185,0.00047122,-2,0,68
-4.8829,-3.7096,-0.0065185,0.00047122,-2,1,68
0.60447,-4.1364,-0.0065185,0.00047122,-2,1,68
1.1145,2.8959,-0.0065185,0.00047122,-2,0,68
0.94797,0.96139,-5.0065,0.00047122,1,1,68
1.0925,3.2679,-0.0065185,0.00047122,-2,1,68
-0.14553,-0.90693,-0.0065185,0.00047122,-2,1,68
0.15447,0.28411,-0.0065185,0.00047122,-2,1,68
-3.273,-0.10961,-0.0065185,0.00047122,-2,0,68
2.7903,2.3279,2.9935,0.00047122,1,1,68
-0.51753,1.6414,-0.0065185,0.00047122,-2,0,68
2.0045,-1.7059,-0.0065185,0.00047122,-2,1,68
5.0045,3.1755,-0.0065185,0.00047122,-2,1,68
5.0045,3.4519,-0.0065185,0.00047122,-2,1,68
-3.9955,0.12075,-0.0065185,0.00047122,-2,1,68
-3.3955,-1.0261,4.9935,0.00047122,1,0,68
2.0045,2.0179,-0.0065185,0.00047122,-2,0,68
1.0045,4.6304,-0.0065185,0.00047122,-2,1,68
3.8545,3.8679,-0.0065185,0.00047122,-2,1,68
2.727,-1.7569,-0.0065185,0.00047122,-2,0,68
0.30447,0.31789,-0.0065185,0.00047122,-2,0,68
-0.69553,1.5399,-0.0065185,0.00047122,-2,1,68
-0.59053,0.46159,-2.0065,0.00047122,1,1,68
-0.22378,-0.21036,-0.0065185,0.00047122,-2,1,68
-4.0395,-1.1065,-0.0065185,0.00047122,-2,0,68
6.5545,2.1335,-0.0065185,0.00047122,-2,1,68
6.172,5.0619,-0.0065185,0.00047122,-2,1,68
-5.2379,-4.7145,3.9935,0.00047122,1,0,68
-5.5615,-5.5481,-0.0065185,0.00047122,-2,0,68
-4.3266,-3.6233,-0.0065185,0.00047122,-2,0,68
-0.12698,-0.11356,-0.0065185,0.00047122,-2,1,68
0.1162,-1.6069,-4.0065,0.00047122,1,0,68
4.727,4.7404,-0.0065185,0.00047122,-2,1,68
5.6186,4.4165,-0.0065185,0.00047122,-2,0,68
-8.2455,-8.2321,-0.0065185,0.00047122,-2,0,68
-7.3955,-7.3821,-0.0065185,0.00047122,-2,0,68
-2.8855,-2.8721,-0.0065185,0.00047122,-2,1,68
4.0045,5.5265,-0.0065185,0.00047122,-2,0,68
3.4045,0.29038,2.9935,0.00047122,1,1,68
1.8945,1.3395,-0.0065185,0.00047122,-2,1,68
5.461,5.1854,-0.0065185,0.00047122,-2,1,68
6.0925,4.1852,-0.0065185,0.00047122,-2,1,68
5.7793,5.5839,-0.0065185,0.00047122,-2,1,68
6.5131,-0.38321,-0.0065185,0.00047122,-2,1,68
5.5368,4.3707,-4.0065,0.00047122,1,0,68
-3.608,2.4562,-0.0065185,0.00047122,-2,1,68
2.0751,-2.8721,-0.0065185,0.00047122,-2,0,68
-4.6056,3.3244,-0.0065185,0.00047122,-2,1,68
5.223,-0.37014,-0.0065185,0.00047122,-2,1,68
4.4402,3.3486,4.9935,0.00047122,1,1,68
4.172,4.1854,-0.0065185,0.00047122,-2,1,68
2.8468,4.6744,-0.0065185,0.00047122,-2,1,68
1.5705,0.9053,-0.0065185,0.00047122,-2,1,68
-1.3266,-1.3132,-0.0065185,0.00047122,-2,0,68
1.1359,1.7635,-0.0065185,0.00047122,-2,1,68
3.9662,0.56287,-0.0065185,0.00047122,-2,1,68
5.8219,3.0311,-0.0065185,0.00047122,-2,1,68
-4.9404,-4.927,-5.0065,0.00047122,1,1,68
1.392,1.4054,-0.0065185,0.00047122,-2,1,68
0.93385,0.94726,-0.0065185,0.00047122,-2,0,68
4.4045,4.4179,-0.0065185,0.00047122,-2,1,68
-3.7355,-0.62657,-5.0065,0.00047122,1,0,68
-1.718,1.2364,-0.0065185,0.00047122,-2,1,68
-0.14553,4.2445,-0.0065185,0.00047122,-2,0,68
-0.12303,0.088514,-0.0065185,-2.9995,-1,1,68
0.11285,0.12626,1.9935,0.00047122,1,1,68
0.52648,-3.8496,-0.0065185,0.00047122,-2,0,68
-0.43923,1.4629,-0.0065185,0.00047122,-2,1,68
-2.3727,-0.75386,-0.0065185,0.00047122,-2,0,68
-2.6955,-2.0027,-0.0065185,0.00047122,-2,1,68
2.1545,2.7454,-0.0065185,0.00047122,-2,0,68
-0.44553,1.8454,-0.0065185,0.00047122,-2,1,68
-4.5455,-2.5962,-0.0065185,0.00047122,-2,0,68
-3.863,-3.8496,-4.0065,0.00047122,1,0,68
-1.4405,0.017889,-0.0065185,0.00047122,-2,0,68
-1.2238,-1.2104,-0.0065185,0.00047122,-2,1,68
-2.9955,-5.4386,-0.0065185,0.00047122,-2,0,68
-5.5455,0.017889,-0.0065185,0.00047122,-2,0,68
4.722,2.5679,4.9935,0.00047122,1,1,68
-5.8379,-4.2321,-0.0065185,0.00047122,-2,0,68
-4.5615,-2.9821,-0.0065185,0.00047122,-2,0,68
-1.3266,-1.3132,-0.0065185,0.00047122,-2,1,68
-1.127,0.017889,4.9935,0.00047122,1,0,68
-0.95726,4.2679,-0.0065185,0.00047122,-2,1,68
-3.9955,-3.9821,-0.0065185,0.00047122,-2,1,68
-2.9955,-4.4907,-0.0065185,0.00047122,-2,0,68
1.5545,-0.98211,-0.0065185,0.00047122,-2,1,68
-1.163,-1.1496,-0.0065185,0.00047122,-2,0,68
-1.1532,-2.9821,-0.0065185,0.00047122,-2,0,68
0.98845,-1.5481,-3.0065,0.00047122,1,1,68
-3.163,0.40039,-0.0065185,0.00047122,-2,1,68
4.8545,-2.1496,-0.0065185,0.00047122,-2,1,68
5.4045,2.0179,-0.0065185,0.00047122,-2,1,68
5.8945,0.63201,-0.0065185,0.00047122,-2,1,68
-4.452,-4.9886,-0.0065185,0.00047122,-2,0,68
-2.0836,-2.0701,-0.0065185,0.00047122,-2,1,68
-0.99553,-0.98211,-0.0065185,0.00047122,-2,1,68
0.0044729,0.017889,-0.0065185,0.00047122,-2,0,68
-1.9955,1.0619,-0.0065185,0.00047122,-2,0,68
-1.6955,-1.6821,-1.0065,0.00047122,1,0,68
0.0044729,0.86789,-0.0065185,0.00047122,-2,1,68
0.0044729,0.017889,-0.0065185,0.00047122,-2,1,68
1.0045,1.0179,-0.0065185,0.00047122,-2,1,68
2.0045,2.0179,-0.0065185,0.00047122,-2,1,68
-1.6955,0.017889,-5.0065,0.00047122,1,1,68
-1.5505,1.2679,-0.0065185,0.00047122,-2,1,68
-2.4455,0.30237,-0.0065185,0.00047122,-2,0,68
-2.828,-2.8146,-0.0065185,0.00047122,-2,1,68
-7.2455,-3.3891,-0.0065185,0.00047122,-2,1,68
-6.158,-0.59461,-0.0065185,3.0005,-1,0,68
1.3045,3.0179,-0.0065185,0.00047122,-2,0,69
5.4495,-0.37949,-0.0065185,0.00047122,-2,0,69
4.6327,2.4519,-0.0065185,4.0005,-1,1,69
4.0485,6.4179,-0.0065185,0.00047122,-2,1,69
-0.88294,-2.4386,-0.0065185,0.00047122,-2,0,69
-0.74983,-2.4386,-0.0065185,0.00047122,-2,1,69
2.0045,2.0179,-0.0065185,0.00047122,-2,1,69
2.0045,2.0179,-0.0065185,0.00047122,-2,1,69
-1.9955,-1.9821,-0.0065185,0.00047122,-2,0,69
4.0045,0.017889,-0.0065185,0.00047122,-2,1,69
4.0045,4.0179,-0.0065185,0.00047122,-2,1,69
-3.9955,-2.8721,-0.0065185,0.00047122,-2,0,69
3.4045,3.4179,-4.0065,0.00047122,1,1,69
3.0045,-3.3821,-0.0065185,0.00047122,-2,1,69
-4.9955,-4.9821,-0.0065185,0.00047122,-2,0,69
4.0045,2.1854,-0.0065185,0.00047122,-2,1,69
-2.9955,-3.3821,-0.0065185,0.00047122,-2,0,69
5.0045,5.0179,-0.0065185,0.00047122,-2,1,69
4.2545,2.1854,-3.0065,0.00047122,1,1,69
5.0045,5.0179,-0.0065185,0.00047122,-2,1,69
-0.99553,-2.1496,-0.0065185,0.00047122,-2,1,69
2.0045,-0.83211,-0.0065185,0.00047122,-2,0,69
0.70447,1.7179,-0.0065185,0.00047122,-2,0,69
0.59947,-1.4462,3.9935,0.00047122,1,1,69
-1.273,-0.48786,-0.0065185,0.00047122,-2,1,69
1.3045,1.9739,-0.0065185,0.00047122,-2,1,69
0.55947,1.1305,-0.0065185,0.00047122,-2,1,69
2.2327,2.8602,-0.0065185,0.00047122,-2,0,69
0.048485,0.061901,-0.0065185,0.00047122,-2,1,69
1.8545,-1.2496,-0.0065185,0.00047122,-2,0,69
-1.568,-1.5546,4.9935,0.00047122,1,1,69
-0.60965,0.53989,-0.0065185,0.00047122,-2,1,69
2.5265,-4.0383,-0.0065185,0.00047122,-2,1,69
-2.6955,-2.1258,-0.0065185,0.00047122,-2,1,69
-2.8455,-2.8321,-0.0065185,0.00047122,-2,0,69
0.30447,0.31789,-0.0065185,0.00047122,-2,0,69
-1.5505,-4.8679,-0.0065185,0.00047122,-2,0,69
-0.44553,-1.442,-0.0065185,0.00047122,-2,0,69
-1.5455,1.1414,-0.0065185,0.00047122,-2,1,69
-1.313,-1.2996,-4.0065,0.00047122,1,1,69
1.282,0.45187,-0.0065185,0.00047122,-2,1,69
-0.69553,-1.8721,-0.0065185,0.00047122,-2,0,69
1.4495,1.4629,-0.0065185,0.00047122,-2,1,69
-1.2238,-1.6264,3.9935,0.00047122,1,1,69
2.0045,-2.3381,-0.0065185,0.00047122,-2,1,69
-2.6955,-2.6821,-0.0065185,0.00047122,-2,0,69
-6.4405,-0.46392,-0.0065185,0.00047122,-2,0,69
-4.2238,-3.6233,-0.0065185,0.00047122,-2,0,69
-4.0395,-4.0261,-0.0065185,0.00047122,-2,0,69
-3.4329,-3.9401,3.9935,0.00047122,1,0,69
-3.2412,-3.5884,-0.0065185,0.00047122,-2,1,69
3.3633,3.3767,-0.0065185,0.00047122,-2,1,69
6.4045,6.4179,-0.0065185,0.00047122,-2,1,69
5.4445,1.8641,3.9935,0.00047122,1,1,69
4.461,3.7927,-0.0065185,0.00047122,-2,1,69
-3.0836,-3.0701,-0.0065185,0.00047122,-2,0,69
2.6293,3.7567,4.9935,0.00047122,1,1,69
1.5131,1.5265,-0.0065185,0.00047122,-2,0,69
1.0045,0.94436,-0.0065185,0.00047122,-2,1,69
2.1545,-3.9027,-0.0065185,0.00047122,-2,0,69
-1.273,-1.8627,-0.0065185,0.00047122,-2,0,69
-4.6955,-4.6821,-0.0065185,0.00047122,-2,0,69
1.4495,0.94088,-0.0065185,0.00047122,-2,1,69
-1.2238,-1.2104,-5.0065,0.00047122,1,0,69
-3.0395,-3.3132,-0.0065185,0.00047122,-2,0,69
-0.88294,-0.86952,-0.0065185,0.00047122,-2,0,69
-3.2412,3.8428,-0.0065185,0.00047122,-2,1,69
-3.3544,-3.341,-0.0065185,0.00047122,-2,0,69
-8.3955,-8.3821,-0.0065185,0.00047122,-2,1,69
7.1445,6.7244,-5.0065,0.00047122,1,0,69
-4.608,0.65539,-0.0065185,0.00047122,-2,1,69
-1.0662,-1.0527,-0.0065185,0.00047122,-2,1,69
-3.6056,-3.5921,-0.0065185,0.00047122,-2,1,69
0.223,2.8505,-0.0065185,0.00047122,-2,0,69
0.19022,-1.9442,-5.0065,0.00047122,1,0,69
-2.3926,-4.2049,-0.0065185,0.00047122,-2,0,69
-1.6331,-2.2322,-0.0065185,0.00047122,-2,0,69
3.8464,1.4098,-0.0065185,0.00047122,-2,1,69
-1.0112,-3.2477,-0.0065185,0.00047122,-2,1,69
-0.69553,-1.7984,-0.0065185,0.00047122,-2,0,69
-0.59053,-2.2027,-4.0065,0.00047122,1,0,69
-2.718,2.6954,-0.0065185,0.00047122,-2,0,69
-1.2955,-2.9435,-0.0065185,0.00047122,-2,0,69
0.45447,-1.0871,-0.0065185,0.00047122,-2,1,69
0.55447,2.5163,-0.0065185,0.00047122,-2,1,69
-3.163,-0.44961,-0.0065185,0.00047122,-2,1,69
3.8545,1.7553,-0.0065185,0.00047122,-2,0,69
3.277,3.2904,-5.0065,0.00047122,1,0,69
3.6186,3.632,-0.0065185,0.00047122,-2,0,69
-2.5175,-1.0947,-0.0065185,0.00047122,-2,0,69
-2.6955,-2.6821,-0.0065185,0.00047122,-2,0,69
2.4495,-1.5921,-0.0065185,0.00047122,-2,1,69
2.0827,1.5667,2.9935,0.00047122,1,0,69
2.282,0.46789,-0.0065185,0.00047122,-2,1,69
2.3903,0.85039,-0.0065185,0.00047122,-2,1,69
0.52648,0.21476,-0.0065185,0.00047122,-2,1,69
0.44818,0.42582,-3.0065,0.00047122,1,1,69
3.0045,3.0179,-0.0065185,0.00047122,-2,1,69
6.5545,6.5679,-0.0065185,0.00047122,-2,1,69
-5.163,-4.8245,-0.0065185,0.00047122,-2,0,69
-6.8379,-6.5481,-0.0065185,0.00047122,-2,0,69
6.5705,6.5839,-0.0065185,0.00047122,-2,1,69
5.3356,5.349,-0.0065185,0.00047122,-2,1,69
-4.527,-1.3151,3.9935,0.00047122,1,0,69
-4.9573,2.6004,-0.0065185,0.00047122,-2,0,69
-2.813,-4.1996,-0.0065185,0.00047122,-2,1,69
0.30447,-0.87211,-0.0065185,0.00047122,-2,0,69
2.7045,2.7179,-0.0065185,0.00047122,-2,1,69
4.8545,4.8679,-0.0065185,0.00047122,-2,1,69
4.127,-1.3888,-4.0065,0.00047122,1,1,69
3.6186,2.1305,-0.0065185,0.00047122,-2,1,69
-5.5175,3.6622,-0.0065185,0.00047122,-2,0,69
-4.4392,-3.341,-0.0065185,0.00047122,-2,0,69
-4.3727,-3.4371,-0.0065185,0.00047122,-2,0,69
3.7251,2.6253,4.9935,0.00047122,1,0,69
3.8945,2.9004,-0.0065185,0.00047122,-2,0,69
-1.539,3.0864,-0.0065185,0.00047122,-2,1,69
-1.3955,2.7404,-0.0065185,0.00047122,-2,0,69
0.70447,-0.26208,-0.0065185,0.00047122,-2,1,69
4.1545,-0.99361,-0.0065185,0.00047122,-2,1,69
-2.273,-3.5096,-0.0065185,0.00047122,-2,1,69
3.5545,0.79307,-0.0065185,0.00047122,-2,1,69
-3.013,-3.9027,-5.0065,0.00047122,1,1,69
-0.15315,2.2679,-0.0065185,0.00047122,-2,0,69
-0.42951,1.1465,-0.0065185,0.00047122,-2,0,69
-2.3266,-0.16786,-0.0065185,0.00047122,-2,0,69
1.9859,1.1829,2.9935,0.00047122,1,0,69
1.9662,3.2904,-0.0065185,0.00047122,-2,1,69
4.8545,2.5178,-0.0065185,0.00047122,-2,1,69
3.727,3.5399,-0.0065185,0.00047122,-2,1,69
3.1686,3.3516,2.9935,0.00047122,1,1,69
3.5265,3.395,-0.0065185,0.00047122,-2,0,69
2.9982,2.6291,-2.0065,0.00047122,1,1,69
-0.61838,-2.6821,-0.0065185,0.00047122,-2,0,69
-5.8455,-5.8321,-0.0065185,0.00047122,-2,0,69
3.727,-1.8206,-0.0065185,0.00047122,-2,1,69
-3.6097,-3.5962,-0.0065185,0.00047122,-2,0,69
-1.5175,-1.5041,-0.0065185,0.00047122,-2,0,69
-1.2892,-2.2682,-5.0065,0.00047122,1,0,69
-4.3727,-4.3593,-0.0065185,0.00047122,-2,0,69
-2.3161,-2.3027,-0.0065185,0.00047122,-2,0,69
0.27696,2.4979,-0.0065185,0.00047122,-2,1,69
1.7729,1.7863,-0.0065185,0.00047122,-2,1,69
-1.4987,-2.1088,-4.0065,0.00047122,1,0,69
-3.4405,-3.4271,-0.0065185,0.00047122,-2,0,69
-6.2238,-6.2104,-0.0065185,0.00047122,-2,0,69
4.0485,3.0179,-0.0065185,0.00047122,-2,0,69
-3.4329,-3.4195,-4.0065,0.00047122,1,0,69
1.7588,4.4179,-0.0065185,0.00047122,-2,1,69
0.64563,2.9079,-0.0065185,0.00047122,-2,1,69
-3.5405,-3.5271,-0.0065185,0.00047122,-2,0,69
-1.4588,-1.4453,-0.0065185,0.00047122,-2,1,69
3.1545,3.1679,-0.0065185,0.00047122,-2,0,69
0.60447,5.5265,-0.0065185,0.00047122,-2,1,69
0.51447,-2.2027,-4.0065,0.00047122,1,1,69
0.54797,0.56139,-0.0065185,0.00047122,-2,1,69
1.9164,1.9299,-0.0065185,0.00047122,-2,0,69
-6.3955,-0.52561,-0.0065185,0.00047122,-2,0,69
2.5545,3.5773,-0.0065185,0.00047122,-2,1,69
0.17197,-1.4131,-0.0065185,0.00047122,-2,0,69
0.70447,-1.8245,-0.0065185,0.00047122,-2,0,69
-0.14553,-0.57711,-0.0065185,0.00047122,-2,1,69
1.282,-0.46323,-0.0065185,0.00047122,-2,1,69
3.7045,2.7404,-0.0065185,0.00047122,-2,0,69
-3.6955,-3.1271,-0.0065185,0.00047122,-2,1,69
-1.4405,-1.4271,-0.0065185,0.00047122,-2,1,69
2.2327,2.6911,-0.0065185,0.00047122,-2,1,69
0.15447,-0.88978,-0.0065185,0.00047122,-2,1,69
-2.1455,0.14539,-0.0065185,0.00047122,-2,1,69
-1.823,-2.3005,-4.0065,0.00047122,1,0,69
1.837,0.61789,-0.0065185,0.00047122,-2,1,69
2.4045,1.5755,-0.0065185,0.00047122,-2,1,69
-1.8855,0.57418,-0.0065185,0.00047122,-2,1,69
1.1545,1.7519,-0.0065185,0.00047122,-2,1,69
3.7045,3.7179,-0.0065185,0.00047122,-2,0,69
-3.9955,-3.9821,-0.0065185,0.00047122,-2,0,70
-2.9955,-2.1496,-0.0065185,0.00047122,-2,0,70
-1.9955,-0.92923,-0.0065185,0.00047122,-2,0,70
1.7045,0.35544,1.9935,0.00047122,1,1,70
-1.9955,-0.52403,-0.0065185,0.00047122,-2,0,70
-1.9955,-1.9821,-0.0065185,0.00047122,-2,0,70
3.0045,0.62617,-0.0065185,0.00047122,-2,1,70
-3.9955,-2.5321,-0.0065185,0.00047122,-2,0,70
1.0045,2.8134,-0.0065185,0.00047122,-2,1,70
-2.9955,-0.31826,-0.0065185,0.00047122,-2,0,70
5.0045,2.1311,-0.0065185,0.00047122,-2,1,70
-4.9955,-3.8609,-0.0065185,0.00047122,-2,0,70
-4.2455,-4.2321,1.9935,0.00047122,1,0,70
5.0045,4.7497,-0.0065185,0.00047122,-2,1,70
-2.9955,1.6909,-0.0065185,0.00047122,-2,0,70
0.0044729,0.21169,-0.0065185,0.00047122,-2,0,70
3.0045,2.0207,-0.0065185,0.00047122,-2,1,70
-3.9955,-2.3921,-0.0065185,0.00047122,-2,0,70
-3.3955,-3.3821,2.9935,0.00047122,1,0,70
-0.99553,-0.98211,-0.0065185,0.00047122,-2,0,70
0.0044729,-0.0681,-0.0065185,0.00047122,-2,1,70
0.0044729,1.9334,-0.0065185,0.00047122,-2,1,70
3.0045,0.017889,-0.0065185,0.00047122,-2,1,70
2.5545,3.899,3.9935,0.00047122,1,1,70
-3.9955,-3.9821,-0.0065185,0.00047122,-2,0,70
5.0045,2.9079,-0.0065185,0.00047122,-2,1,70
-3.9955,-4.2321,-0.0065185,0.00047122,-2,0,70
-1.9955,-1.9821,-0.0065185,0.00047122,-2,0,70
4.0045,2.9079,-0.0065185,0.00047122,-2,1,70
4.0045,4.5199,-0.0065185,0.00047122,-2,1,70
-3.3955,-2.8721,-4.0065,0.00047122,1,0,70
4.0045,3.4179,-0.0065185,0.00047122,-2,1,70
3.0045,3.3262,-0.0065185,0.00047122,-2,1,70
-2.5455,-2.8721,-2.0065,0.00047122,1,0,70
2.0045,1.7179,-0.0065185,0.00047122,-2,1,70
2.0045,2.2072,-0.0065185,0.00047122,-2,1,70
1.0045,1.6238,-0.0065185,0.00047122,-2,1,70
2.0045,2.1547,-0.0065185,0.00047122,-2,1,70
2.0045,2.1342,-0.0065185,0.00047122,-2,1,70
1.7045,0.63201,4.9935,0.00047122,1,1,70
0.0044729,0.017889,-0.0065185,0.00047122,-2,0,70
-2.9955,3.7018,-0.0065185,0.00047122,-2,0,70
1.0045,4.0885,-0.0065185,0.00047122,-2,1,70
0.85447,0.86789,4.9935,0.00047122,1,1,70
-3.718,-2.3897,-0.0065185,0.00047122,-2,0,70
2.6186,3.182,-0.0065185,0.00047122,-2,1,70
3.5265,1.6868,-0.0065185,0.00047122,-2,1,70
1.4482,1.9066,-0.0065185,0.00047122,-2,1,70
-4.3727,-3.0204,-0.0065185,0.00047122,-2,0,70
3.7251,1.061,3.9935,0.00047122,1,1,70
5.277,5.2904,-0.0065185,0.00047122,-2,1,70
5.2361,4.4273,-0.0065185,0.00047122,-2,1,70
2.2013,2.2148,-0.0065185,0.00047122,-2,1,70
-4.1629,-1.6434,-0.0065185,0.00047122,-2,0,70
3.1467,3.1601,-0.0065185,0.00047122,-2,1,70
-4.1164,-3.6738,-0.0065185,0.00047122,-2,0,70
3.5072,2.2123,3.9935,0.00047122,1,1,70
-3.0829,-3.1594,-0.0065185,0.00047122,-2,0,70
-2.0698,-1.7928,-0.0065185,0.00047122,-2,0,70
-1.0586,-0.82117,-0.0065185,0.00047122,-2,0,70
-1.9419,1.7235,-0.0065185,0.00047122,-2,0,70
0.30447,3.5839,-0.0065185,0.00047122,-2,0,70
-0.55053,-0.53711,-0.0065185,0.00047122,-2,0,70
0.47622,2.8493,4.9935,0.00047122,1,1,70
3.4495,2.0459,-0.0065185,0.00047122,-2,1,70
-4.2238,-4.8229,-0.0065185,0.00047122,-2,0,70
-2.0395,-2.0261,-0.0065185,0.00047122,-2,0,70
-3.8829,-3.8695,-0.0065185,0.00047122,-2,0,70
-1.2412,-1.9675,-0.0065185,0.00047122,-2,0,70
-1.0544,2.2251,-3.0065,0.00047122,1,0,70
-3.4405,-3.9771,-0.0065185,0.00047122,-2,0,70
-2.2238,0.14934,-0.0065185,0.00047122,-2,0,70
2.0485,2.5069,-0.0065185,0.00047122,-2,1,70
1.8919,1.9053,-0.0065185,0.00047122,-2,1,70
-1.5998,-0.0097604,3.9935,0.00047122,1,0,70
-1.3544,-2.741,-0.0065185,0.00047122,-2,0,70
-1.6955,-2.8721,-0.0065185,0.00047122,-2,0,70
0.44947,2.9011,-0.0065185,0.00047122,-2,0,70
2.1545,1.6089,-0.0065185,0.00047122,-2,0,70
2.282,2.8762,-0.0065185,0.00047122,-2,1,70
-1.9314,-1.5355,-3.0065,0.00047122,1,0,70
0.17197,0.18539,-0.0065185,0.00047122,-2,1,70
0.14685,4.0278,-1.0065,0.00047122,1,0,70
-0.11655,-0.46323,-1.0065,0.00047122,1,1,70
-4.2238,0.14539,-0.0065185,0.00047122,-2,0,70
-4.0395,-1.651,-0.0065185,0.00047122,-2,0,70
4.8919,2.7074,-0.0065185,0.00047122,-2,1,70
-4.1498,-3.8258,-4.0065,0.00047122,1,0,70
-4.6367,-2.5646,-0.0065185,0.00047122,-2,0,70
-5.5405,-4.2873,-0.0065185,0.00047122,-2,0,70
5.4677,5.2904,-0.0065185,0.00047122,-2,1,70
-2.3893,-1.9366,-0.0065185,0.00047122,-2,0,70
2.0392,1.9148,-2.0065,0.00047122,1,1,70
-2.28,-1.6194,-0.0065185,0.00047122,-2,0,70
1.2463,1.1601,-0.0065185,0.00047122,-2,1,70
-3.2011,1.5082,-0.0065185,0.00047122,-2,0,70
2.7292,2.6707,4.9935,0.00047122,1,1,70
-0.84702,-0.89476,-0.0065185,0.00047122,-2,1,70
-2.8693,-2.9079,-0.0065185,0.00047122,-2,0,70
-6.5455,-6.5321,-0.0065185,0.00047122,-2,0,70
7.172,2.3017,-0.0065185,0.00047122,-2,1,70
5.8468,2.0494,-0.0065185,0.00047122,-2,1,70
4.9705,1.5321,3.9935,0.00047122,1,1,70
4.2256,1.815,4.9935,0.00047122,1,0,70
6.461,6.9079,-0.0065185,0.00047122,-2,1,70
-5.3955,-2.9438,-0.0065185,0.00047122,-2,0,70
-3.8855,-1.7996,-0.0065185,0.00047122,-2,0,70
-7.452,-5.677,-0.0065185,0.00047122,-2,0,70
-5.0836,-3.5727,-0.0065185,0.00047122,-2,0,70
4.3293,2.4057,2.9935,0.00047122,1,0,70
2.172,4.0765,-0.0065185,0.00047122,-2,1,70
4.0045,1.3803,-0.0065185,0.00047122,-2,0,70
-0.59553,2.2659,-0.0065185,0.00047122,-2,0,70
-1.1055,-2.9977,-0.0065185,0.00047122,-2,0,70
-0.93903,-2.0354,2.9935,0.00047122,1,1,70
0.89447,0.38636,-0.0065185,0.00047122,-2,0,70
0.54797,-0.37014,-0.0065185,0.00047122,-2,1,70
-0.9075,-0.75729,-0.0065185,0.00047122,-2,0,70
0.77929,0.52649,-0.0065185,0.00047122,-2,0,70
2.4959,3.5165,-0.0065185,0.00047122,-2,1,70
1.7222,1.9279,-0.0065185,0.00047122,-2,1,70
-1.9056,-1.9456,-0.0065185,0.00047122,-2,0,70
1.628,1.7804,-4.0065,0.00047122,1,0,70
-0.82803,2.8802,-0.0065185,0.00047122,-2,0,70
-1.1532,-5.8721,-0.0065185,0.00047122,-2,0,70
0.98845,4.6419,-3.0065,0.00047122,1,1,70
-0.83191,3.899,3.9935,0.00047122,1,1,70
3.1621,7.1854,-0.0065185,0.00047122,-2,1,70
-3.4295,-1.3635,-0.0065185,0.00047122,-2,0,70
-0.32664,6.7244,-0.0065185,0.00047122,-2,1,70
0.28592,-2.9201,-3.0065,0.00047122,1,1,70
-2.273,1.8718,-0.0065185,0.00047122,-2,0,70
2.3903,1.9538,-0.0065185,0.00047122,-2,1,70
3.4825,3.4959,-0.0065185,0.00047122,-2,1,70
0.56077,0.57418,-0.0065185,0.00047122,-2,1,70
-0.61838,-1.4473,-0.0065185,0.00047122,-2,0,70
-2.6749,0.29934,-0.0065185,0.00047122,-2,0,70
-0.72304,-0.02038,-0.0065185,0.00047122,-2,0,70
-0.61391,-1.3321,2.9935,0.00047122,1,1,70
1.727,-2.729,-0.0065185,0.00047122,-2,0,70
-0.60965,1.3354,-0.0065185,0.00047122,-2,1,70
0.52648,-1.8245,-0.0065185,0.00047122,-2,1,70
-0.99553,-0.98211,-0.0065185,0.00047122,-2,0,70
0.85447,0.86789,3.9935,0.00047122,1,1,70
-4.718,-4.1046,-0.0065185,0.00047122,-2,0,70
4.6186,2.723,-0.0065185,0.00047122,-2,1,70
1.5265,1.5399,-0.0065185,0.00047122,-2,1,70
1.2982,2.4059,4.9935,0.00047122,1,1,70
-5.3727,-5.3593,-0.0065185,0.00047122,-2,0,70
-5.3161,-5.3027,-0.0065185,0.00047122,-2,0,70
4.527,1.7096,-0.0065185,2.0005,-1,1,70
4.2361,2.3659,-0.0065185,0.00047122,-2,1,70
-4.1924,-3.579,-0.0065185,0.00047122,-2,0,70
5.1718,3.5852,-0.0065185,0.00047122,-2,1,70
-4.3878,-4.3744,-5.0065,0.00047122,1,0,70
-4.1164,-4.103,-0.0065185,0.00047122,-2,0,70
3.1072,2.9016,-0.0065185,0.00047122,-2,1,70
3.0918,3.1759,-0.0065185,0.00047122,-2,1,70
3.0787,3.0921,-0.0065185,0.00047122,-2,1,70
5.0676,2.114,-0.0065185,0.00047122,-2,1,70
-4.0492,-4.0358,-0.0065185,0.00047122,-2,0,70
5.0501,4.9663,-0.0065185,0.00047122,-2,1,70
-4.0343,-4.0209,-0.0065185,0.00047122,-2,0,70
4.0374,2.5906,-0.0065185,0.00047122,-2,1,70
2.0325,1.9862,-0.0065185,0.00047122,-2,1,70
5.0283,5.0417,-0.0065185,0.00047122,-2,1,70
3.0247,3.0381,-0.0065185,0.00047122,-2,1,70
-3.0127,-2.0873,-0.0065185,0.00047122,-2,0,70
2.0191,2.5825,-0.0065185,0.00047122,-2,1,70
-1.708,-1.6945,-4.0065,0.00047122,1,0,70
-0.98497,3.4285,-0.0065185,0.00047122,-2,1,70
-2.9865,-0.84227,-0.0065185,0.00047122,-2,0,70
0.45447,2.2954,-0.0065185,0.00047122,-2,1,70
-1.4455,0.40039,-0.0065185,0.00047122,-2,0,70
-1.3955,-1.819,-0.0065185,0.00047122,-2,1,70
0.55447,3.1724,-0.0065185,0.00047122,-2,1,71
-7.163,-0.44961,-0.0065185,0.00047122,-2,0,71
-2.8379,-2.8245,-0.0065185,0.00047122,-2,0,71
-2.5615,-2.5481,-0.0065185,0.00047122,-2,0,71
0.33559,4.4196,-0.0065185,0.00047122,-2,1,71
0.13592,-1.0637,-0.0065185,0.00047122,-2,0,71
-1.1455,-0.22134,-0.0065185,0.00047122,-2,0,71
-0.29553,-0.28211,-0.0065185,0.00047122,-2,1,71
-1.5505,-1.5371,-0.0065185,0.00047122,-2,0,71
-5.5455,-5.5321,-0.0065185,0.00047122,-2,0,71
5.172,1.6834,-0.0065185,0.00047122,-2,1,71
-4.8379,-4.3745,-0.0065185,0.00047122,-2,0,71
4.1205,4.1339,2.9935,0.00047122,1,1,71
-6.3266,-5.2546,-0.0065185,0.00047122,-2,0,71
3.1359,3.1493,-0.0065185,0.00047122,-2,0,71
-3.6955,-2.0214,-0.0065185,0.00047122,-2,0,71
-0.69553,0.85055,-0.0065185,0.00047122,-2,0,71
3.4495,2.6911,-0.0065185,0.00047122,-2,1,71
-2.9238,-1.803,2.9935,0.00047122,1,0,71
3.0485,-1.4881,-0.0065185,0.00047122,-2,1,71
-2.8829,-2.0695,-0.0065185,0.00047122,-2,0,71
-4.7498,-4.0564,-0.0065185,0.00047122,-2,0,71
-2.6367,-1.8515,-0.0065185,0.00047122,-2,0,71
-2.2405,-1.7358,-5.0065,0.00047122,1,0,71
1.5412,-4.2777,-0.0065185,0.00047122,-2,0,71
0.61072,1.6791,-0.0065185,0.00047122,-2,1,71
-0.14553,0.5332,-0.0065185,0.00047122,-2,0,71
-0.14553,-0.92588,-0.0065185,0.00047122,-2,1,71
0.13197,-2.7046,-0.0065185,-1.9995,-1,0,71
1.3903,1.4038,-0.0065185,0.00047122,-2,1,71
1.1825,0.45731,-3.0065,0.00047122,1,0,71
-1.5518,-1.2786,-0.0065185,0.00047122,-2,1,71
3.6273,1.5917,-0.0065185,0.00047122,-2,1,71
6.4045,1.5755,-0.0065185,0.00047122,-2,0,71
2.5545,-1.5481,-0.0065185,0.00047122,-2,0,71
1.172,-2.3132,-0.0065185,0.00047122,-2,0,71
0.84685,-2.1136,-0.0065185,0.00047122,-2,0,71
-1.5615,-1.5481,-0.0065185,0.00047122,-2,0,71
-4.9955,-4.9821,-0.0065185,0.00047122,-2,0,71
4.2545,-0.13198,4.9935,0.00047122,1,1,71
-3.9955,-4.2321,-0.0065185,0.00047122,-2,0,71
3.0045,3.4179,-0.0065185,0.00047122,-2,1,71
0.0044729,2.9026,-0.0065185,0.00047122,-2,1,71
0.0044729,0.30237,4.9935,0.00047122,1,0,71
-0.99553,0.017889,-0.0065185,0.00047122,-2,1,71
0.85447,-3.5946,-0.0065185,0.00047122,-2,0,71
0.72697,0.017889,-0.0065185,0.00047122,-2,0,71
2.6186,2.0179,-0.0065185,0.00047122,-2,1,71
2.7045,2.7179,-0.0065185,0.00047122,-2,1,71
-2.2905,-0.42582,-5.0065,0.00047122,1,1,71
-3.718,-3.3593,-0.0065185,0.00047122,-2,0,71
-0.54553,0.97388,-0.0065185,0.00047122,-2,0,71
0.83697,-5.2202,-0.0065185,0.00047122,-2,1,71
0.55447,1.8136,-0.0065185,0.00047122,-2,0,71
-0.29553,2.8776,-0.0065185,0.00047122,-2,0,71
5.7045,0.27289,-0.0065185,0.00047122,-2,1,71
4.8495,4.8629,4.9935,0.00047122,1,1,71
-4.2238,-1.6197,-0.0065185,0.00047122,-2,0,71
1.0485,1.0619,-0.0065185,0.00047122,-2,1,71
0.11706,2.0023,-0.0065185,0.00047122,-2,0,71
0.75877,0.77219,-0.0065185,0.00047122,-2,1,71
3.6456,3.659,-0.0065185,0.00047122,-2,1,71
-0.45055,1.2991,-0.0065185,0.00047122,-2,1,71
0.39124,1.3817,-5.0065,0.00047122,1,1,71
-2.273,-2.2596,-0.0065185,0.00047122,-2,0,71
3.5545,6.1804,-0.0065185,0.00047122,-2,1,71
-2.163,-2.9996,-0.0065185,0.00047122,-2,0,71
2.8468,1.8603,-0.0065185,0.00047122,-2,1,71
3.5705,3.5839,-0.0065185,0.00047122,-2,1,71
-3.0266,-2.0357,-5.0065,0.00047122,1,0,71
5.1359,4.1664,-0.0065185,0.00047122,-2,1,71
-5.9573,-5.9438,-0.0065185,0.00047122,-2,0,71
1.8219,3.906,-0.0065185,0.00047122,-2,1,71
0.69932,0.95909,-0.0065185,0.00047122,-2,0,71
0.5951,0.60851,-4.0065,0.00047122,1,0,71
2.0045,1.4038,-0.0065185,0.00047122,-2,1,71
-3.9955,-3.9821,-0.0065185,0.00047122,-2,0,71
0.0044729,-0.42582,-0.0065185,0.00047122,-2,1,71
1.0045,-1.693,-0.0065185,0.00047122,-2,0,71
-1.9955,-1.1527,-0.0065185,0.00047122,-2,0,71
1.7045,1.7179,4.9935,0.00047122,1,1,71
2.4495,5.7129,-0.0065185,0.00047122,-2,1,71
4.2327,2.0961,-0.0065185,0.00047122,-2,1,71
5.0485,5.0619,-0.0065185,0.00047122,-2,1,71
3.8919,3.395,-0.0065185,0.00047122,-2,1,71
-2.7498,-2.1451,-0.0065185,0.00047122,-2,0,71
0.36332,0.7454,-0.0065185,0.00047122,-2,0,71
-0.30055,1.6945,4.9935,0.00047122,1,1,71
-3.5323,4.7311,-0.0065185,0.00047122,-2,1,71
-0.60178,-3.2148,-0.0065185,0.00047122,-2,0,71
-3.8455,-2.5374,-0.0065185,0.00047122,-2,0,71
2.727,3.2904,-0.0065185,0.00047122,-2,1,71
-2.3097,-2.2962,-5.0065,0.00047122,1,0,71
-2.5175,-2.5041,-0.0065185,0.00047122,-2,0,71
-2.4392,-2.4258,-0.0065185,0.00047122,-2,0,71
0.62732,-4.335,-0.0065185,0.00047122,-2,0,71
0.5339,0.54731,-5.0065,0.00047122,1,0,71
-3.268,-5.1586,-0.0065185,0.00047122,-2,0,71
-5.2271,-2.7637,-0.0065185,0.00047122,-2,0,71
-4.1924,-4.9015,-0.0065185,0.00047122,-2,0,71
-3.1629,-3.9511,-0.0065185,0.00047122,-2,0,71
-2.1378,-3.0157,-0.0065185,0.00047122,-2,0,71
4.1254,4.1388,-0.0065185,0.00047122,-2,1,71
-3.4983,-1.5299,-5.0065,0.00047122,1,0,71
-0.082881,-0.069465,-0.0065185,0.00047122,-2,0,71
4.0787,3.7046,-0.0065185,0.00047122,-2,1,71
-5.0586,-3.4452,-0.0065185,0.00047122,-2,0,71
-4.0492,-4.0358,-0.0065185,0.00047122,-2,0,71
4.0501,3.676,-0.0065185,0.00047122,-2,1,71
-3.4343,-3.5139,1.9935,0.00047122,1,0,71
-4.0285,-4.0151,-0.0065185,0.00047122,-2,0,71
-3.0235,-3.0101,-0.0065185,0.00047122,-2,0,71
3.0283,-1.1866,-0.0065185,0.00047122,-2,0,71
-1.5455,-1.5321,-0.0065185,0.00047122,-2,0,71
-1.313,0.84683,3.9935,0.00047122,1,1,71
3.1621,4.1404,-0.0065185,0.00047122,-2,1,71
2.4385,6.9079,-0.0065185,0.00047122,-2,1,71
-1.6644,-3.5271,-0.0065185,0.00047122,-2,0,71
-2.8641,-4.4453,-0.0065185,0.00047122,-2,0,71
3.0427,4.4027,-0.0065185,0.00047122,-2,1,71
4.187,5.3526,-0.0065185,0.00047122,-2,1,71
2.3096,4.3002,-0.0065185,0.00047122,-2,1,71
-1.9549,-2.6804,3.9935,0.00047122,1,1,71
6.172,3.0324,-0.0065185,0.00047122,-2,1,71
-5.2379,-3.3821,-0.0065185,0.00047122,-1,0,71
-5.8855,-5.8721,-0.0065185,0.00047122,-2,0,71
5.011,0.38636,4.9935,0.00047122,1,1,71
2.0925,4.7515,-0.0065185,0.00047122,-2,1,71
1.2297,1.2431,-0.0065185,0.00047122,-2,0,71
-1.4869,-2.6327,-0.0065185,0.00047122,-2,0,71
1.2722,1.2856,-4.0065,0.00047122,1,0,71
0.094435,2.4179,-0.0065185,0.00047122,-2,1,71
-0.92199,-0.90858,-0.0065185,0.00047122,-2,0,71
1.792,3.4744,-0.0065185,0.00047122,-2,1,71
-1.3262,0.10591,-0.0065185,0.00047122,-2,0,71
-1.2955,1.1489,-0.0065185,0.00047122,-2,1,71
-1.5505,-1.5371,-0.0065185,0.00047122,-2,0,71
2.5545,2.5679,-0.0065185,0.00047122,-2,1,71
-2.163,-2.1496,-3.0065,0.00047122,1,0,71
0.1621,0.17551,-0.0065185,0.00047122,-2,0,71
-1.5615,-1.5481,-0.0065185,0.00047122,-2,0,71
3.3356,3.1914,-0.0065185,0.00047122,-2,1,71
-2.127,-2.8136,-0.0065185,0.00047122,-2,0,71
1.8162,1.8296,-3.0065,0.00047122,1,0,71
-3.273,-3.2596,-0.0065185,0.00047122,-2,0,71
-1.3814,-1.559,-0.0065185,0.00047122,-2,0,71
1.4825,3.5603,-0.0065185,0.00047122,-2,1,71
-1.2518,-1.2384,3.9935,0.00047122,1,0,71
-1.6184,-3.3132,-0.0065185,0.00047122,-2,0,71
0.32505,3.2285,-0.0065185,0.00047122,-2,0,71
2.277,2.2904,-0.0065185,0.00047122,-2,1,71
-5.6955,-0.86464,-0.0065185,0.00047122,-2,0,71
4.4495,3.0179,-0.0065185,0.00047122,-2,1,71
2.2327,4.1361,-0.0065185,0.00047122,-2,0,71
1.8985,0.86789,2.9935,0.00047122,1,0,71
2.727,4.6559,-0.0065185,0.00047122,-2,1,71
1.3045,-2.7637,-0.0065185,0.00047122,-2,0,71
1.5595,1.1755,-0.0065185,0.00047122,-2,1,71
0.55447,0.56789,-0.0065185,0.00047122,-2,1,71
-3.163,-1.1056,-0.0065185,0.00047122,-2,0,71
1.8468,2.7103,-0.0065185,0.00047122,-2,1,71
-4.5615,-4.3132,-0.0065185,0.00047122,-2,0,71
-3.3266,-1.3132,-0.0065185,0.00047122,-2,0,71
-0.12698,-0.11356,-0.0065185,0.00047122,-2,0,71
0.042742,0.20042,-0.0065185,0.00047122,-2,1,71
-4.8455,2.0636,-0.0065185,0.00047122,-2,0,71
4.727,4.1404,-0.0065185,0.00047122,-2,1,71
-5.6097,-2.4947,-0.0065185,0.00047122,-2,0,71
2.5265,4.7899,-0.0065185,0.00047122,-2,1,71
2.1482,2.1616,3.9935,0.00047122,1,1,71
3.3816,2.8729,-0.0065185,0.00047122,-2,1,71
5.3251,4.5547,-0.0065185,0.00047122,-2,1,71
1.277,0.62414,-0.0065185,0.00047122,-2,1,71
0.23609,0.24951,-0.0065185,0.00047122,-2,1,71
1.2013,1.2148,-0.0065185,0.00047122,-2,1,71
-0.33553,2.6552,3.9935,0.00047122,1,0,72
5.172,6.4179,-0.0065185,0.00047122,-2,1,72
-5.5455,-0.89409,-0.0065185,0.00047122,-2,0,72
5.172,3.7514,-0.0065185,0.00047122,-2,1,72
3.8468,3.8603,-0.0065185,0.00047122,-2,0,72
-3.2955,-2.8146,-0.0065185,0.00047122,-2,0,72
-2.5505,-2.1397,-0.0065185,0.00047122,-2,0,72
-1.7673,-1.4161,-0.0065185,0.00047122,-2,0,72
-0.95151,0.2744,-0.0065185,0.00047122,-2,0,72
0.89188,-0.7947,-0.0065185,0.00047122,-2,0,72
3.7588,3.7722,-0.0065185,0.00047122,-2,1,72
-3.1867,-0.79958,-3.0065,0.00047122,1,0,72
-6.163,-3.9821,-0.0065185,0.00047122,-2,0,72
-2.8379,-0.98211,-0.0065185,0.00047122,-2,0,72
-6.5615,-4.9821,-0.0065185,0.00047122,-2,0,72
5.3356,1.5839,-0.0065185,0.00047122,-2,1,72
2.1359,4.5493,-0.0065185,0.00047122,-2,1,72
1.8162,0.86789,2.9935,0.00047122,1,1,72
5.8219,3.3854,-0.0065185,0.00047122,-2,1,72
4.6993,4.7127,-0.0065185,0.00047122,-2,1,72
2.5951,2.6085,-0.0065185,0.00047122,-2,1,72
3.5065,3.5905,-0.0065185,0.00047122,-2,1,72
-2.9723,-2.5321,3.9935,0.00047122,1,1,72
-2.828,-8.3821,-0.0065185,0.00047122,-2,0,72
-1.8379,-1.8245,-0.0065185,0.00047122,-2,1,72
1.5705,-2.1765,-0.0065185,0.00047122,-2,1,72
-2.9955,1.5718,-0.0065185,0.00047122,-2,0,72
-2.5455,1.1493,-0.0065185,0.00047122,-2,1,72
1.0045,-2.1496,-0.0065185,0.00047122,-2,1,72
0.85447,0.86789,2.9935,0.00047122,1,1,72
2.0045,2.5679,-0.0065185,0.00047122,-2,1,72
-1.9955,-1.6821,-0.0065185,0.00047122,-2,0,72
1.0045,1.7179,-0.0065185,0.00047122,-2,1,72
3.0045,0.86789,-0.0065185,0.00047122,-2,1,72
4.0045,2.5679,-0.0065185,0.00047122,-2,1,72
3.4045,-1.9821,-0.0065185,-1.9995,-1,0,72
0.89447,2.9079,-0.0065185,0.00047122,-2,0,72
-0.75203,-0.73861,-4.0065,0.00047122,1,0,72
-0.44053,-2.6554,-0.0065185,0.00047122,-2,1,72
1.7762,3.7579,-0.0065185,0.00047122,-2,1,72
-1.0395,2.4744,-0.0065185,0.00047122,-2,0,72
0.89188,0.9053,3.9935,0.00047122,1,0,72
-3.7498,1.106,-0.0065185,0.00047122,-2,0,72
2.5545,2.5679,-0.0065185,0.00047122,-2,0,72
-1.9955,1.349,-0.0065185,0.00047122,-2,0,72
-3.6955,-3.7701,-0.0065185,0.00047122,-2,0,72
1.4495,3.1629,-0.0065185,0.00047122,-2,1,72
-1.2238,0.83536,-5.0065,0.00047122,1,0,72
1.9605,1.9739,-0.0065185,0.00047122,-2,1,72
-1.6581,5.6304,-0.0065185,2.0005,-1,1,72
2.7588,3.7179,-0.0065185,0.00047122,-2,1,72
-4.6367,-3.5554,-0.0065185,0.00047122,-2,0,72
3.9495,2.2461,-0.0065185,1.0005,-1,0,72
6.8945,4.8679,-0.0065185,0.00047122,-2,1,72
-5.852,-2.2507,-5.0065,0.00047122,1,0,72
-7.8855,-7.8721,-0.0065185,0.00047122,-2,0,72
4.461,6.0869,-0.0065185,0.00047122,-2,1,72
-0.083552,2.1788,-0.0065185,0.00047122,-2,1,72
2.7045,-0.42711,-0.0065185,0.00047122,-2,1,72
1.4495,-2.719,-0.0065185,0.00047122,-2,1,72
-0.76728,-3.0261,-0.0065185,0.00047122,-2,0,72
-0.65151,1.0619,1.9935,0.00047122,1,1,72
0.89188,0.27289,-0.0065185,0.00047122,-2,0,72
1.0045,-0.21036,-0.0065185,0.00047122,-2,1,72
1.8545,1.8679,-0.0065185,0.00047122,-2,1,72
-1.568,3.4729,-0.0065185,4.0005,-1,1,72
-4.273,-4.9821,-0.0065185,0.00047122,-2,0,72
-3.6314,-2.3501,3.9935,0.00047122,1,0,72
-3.4735,3.4179,-0.0065185,0.00047122,-2,0,72
2.5608,5.1059,-0.0065185,0.00047122,-2,0,72
-1.4455,-1.4321,-0.0065185,0.00047122,-2,0,72
-0.82803,-0.81461,-0.0065185,0.00047122,-2,0,72
0.7121,-2.0701,-3.0065,0.00047122,1,0,72
-3.163,4.1339,-0.0065185,0.00047122,-2,1,72
-3.8379,0.18539,-0.0065185,0.00047122,-2,0,72
3.7045,1.7179,-0.0065185,0.00047122,-2,1,72
0.44947,0.46289,-0.0065185,0.00047122,-2,0,72
2.1545,-0.31011,-0.0065185,0.00047122,-2,1,72
1.832,1.6898,4.9935,0.00047122,1,0,72
-0.60965,4.2679,-0.0065185,0.00047122,-2,1,72
-0.99553,0.9053,-0.0065185,0.00047122,-2,0,72
3.1545,4.7722,-0.0065185,0.00047122,-2,1,72
-0.59553,-0.58211,-0.0065185,0.00047122,-2,0,72
-3.3955,0.53521,-0.0065185,0.00047122,-2,0,72
-4.8855,-0.50412,-0.0065185,0.00047122,-2,0,72
-4.152,-2.1258,1.9935,0.00047122,1,1,72
-3.4405,-0.37014,-0.0065185,0.00047122,-2,0,72
-0.69553,-0.75693,-0.0065185,0.00047122,-2,1,72
0.85447,-0.57711,-0.0065185,0.00047122,-2,1,72
3.727,3.7404,-0.0065185,0.00047122,-2,1,72
-3.1597,0.77219,3.9935,0.00047122,1,1,72
-2.163,0.017889,-0.0065185,0.00047122,-2,0,72
1.0045,-2.4284,-0.0065185,0.00047122,-2,1,72
-1.9955,1.245,-0.0065185,0.00047122,-2,1,72
-1.6955,-1.6821,3.9935,0.00047122,1,1,72
-2.9955,3.6904,-0.0065185,0.00047122,-2,0,72
-0.54553,4.9079,-0.0065185,0.00047122,-2,1,72
2.3045,4.0179,-0.0065185,0.00047122,-2,1,72
-3.3955,-1.8245,-0.0065185,0.00047122,-2,0,72
-0.88553,0.45187,-0.0065185,0.00047122,-2,1,72
-2.2955,-1.3946,-0.0065185,0.00047122,-2,0,72
-1.9505,-1.9371,3.9935,0.00047122,1,0,72
1.1145,1.1279,-0.0065185,0.00047122,-2,1,72
0.40447,-0.092111,-0.0065185,0.00047122,-2,0,72
3.5545,-1.5898,-0.0065185,0.00047122,-2,1,72
2.172,1.1079,-0.0065185,0.00047122,-2,1,72
-1.8379,-1.8245,-0.0065185,0.00047122,-2,0,72
-1.5615,-2.1623,1.9935,0.00047122,1,1,72
2.0045,-1.0127,-0.0065185,0.00047122,-2,0,72
1.0045,-0.42711,-0.0065185,0.00047122,-2,1,72
0.15447,-0.42711,-0.0065185,0.00047122,-2,1,72
-0.14553,-0.13211,-0.0065185,0.00047122,-2,1,72
-0.12303,-0.86873,-4.0065,0.00047122,1,0,72
-0.27303,-0.07423,-0.0065185,0.00047122,-2,0,72
0.15447,0.49588,-0.0065185,0.00047122,-2,1,72
-0.12303,-0.10961,-5.0065,0.00047122,1,1,72
-2.3814,-1.456,-0.0065185,0.00047122,-2,0,72
0.45447,-5.3694,-0.0065185,0.00047122,-2,1,72
1.5545,0.40039,-0.0065185,0.00047122,-2,0,72
3.1545,3.1679,-0.0065185,0.00047122,-2,0,72
-2.673,3.8024,2.9935,0.00047122,1,1,72
3.3903,-3.1462,-0.0065185,0.00047122,-2,1,72
0.40447,-5.1496,-0.0065185,0.00047122,-2,0,72
0.45447,0.46789,-0.0065185,0.00047122,-2,0,72
0.38697,0.30689,3.9935,0.00047122,1,1,72
0.17197,2.723,-0.0065185,0.00047122,-2,0,72
-2.2955,-1.1663,-0.0065185,0.00047122,-2,1,72
-2.5505,-3.4801,-0.0065185,0.00047122,-2,0,72
2.1762,1.6796,4.9935,0.00047122,1,0,72
-0.95151,-7.1221,-0.0065185,0.00047122,-2,0,72
-1.6955,-2.4386,-0.0065185,0.00047122,-2,1,72
3.0045,3.0179,-0.0065185,0.00047122,-2,1,72
-3.9955,1.2461,-0.0065185,0.00047122,-2,0,72
3.0045,3.4179,-0.0065185,0.00047122,-2,1,72
-1.9955,-2.5321,-0.0065185,0.00047122,-2,0,72
1.0045,1.7179,-0.0065185,0.00047122,-2,1,72
-0.84553,-1.1668,-4.0065,0.00047122,1,0,72
-0.99553,-3.6666,-0.0065185,0.00047122,-2,0,72
-3.9955,-4.2239,-0.0065185,0.00047122,-2,0,72
-3.9955,-0.70461,-0.0065185,0.00047122,-2,0,72
-0.99553,-3.5568,-0.0065185,0.00047122,-2,0,72
-0.84553,-0.98061,-4.0065,0.00047122,1,0,72
5.0045,3.4179,-0.0065185,0.00047122,-2,1,72
5.0045,5.0179,-0.0065185,0.00047122,-2,1,72
3.0045,3.0179,-0.0065185,0.00047122,-2,1,72
-2.5455,-3.0527,-4.0065,0.00047122,1,0,72
0.0044729,0.017889,-0.0065185,0.00047122,-2,0,72
-3.9955,-4.0381,-0.0065185,0.00047122,-2,0,72
-3.9955,-3.9821,-0.0065185,0.00047122,-2,0,72
-3.9955,-3.9821,-0.0065185,0.00047122,-2,0,72
-3.9955,-4.0165,-0.0065185,0.00047122,-2,0,72
0.0044729,-0.011348,-0.0065185,0.00047122,-2,0,72
0.0044729,1.3002,-4.0065,0.00047122,1,0,72
3.0045,4.1079,-0.0065185,0.00047122,-2,1,72
5.5545,5.5679,-0.0065185,0.00047122,-2,1,72
-4.163,2.4591,-0.0065185,0.00047122,-2,0,72
-2.8379,-2.8245,-0.0065185,0.00047122,-2,0,72
5.5705,3.0289,-0.0065185,0.00047122,-2,1,72
4.3356,4.349,-0.0065185,0.00047122,-2,1,72
-3.127,-4.0036,-0.0065185,0.00047122,-2,0,72
-1.9573,-1.9438,-0.0065185,0.00047122,-2,0,72
-3.813,-3.7996,-0.0065185,0.00047122,-2,0,72
-4.6904,-3.987,-0.0065185,0.00047122,-2,0,72
-1.5862,-0.98627,-0.0065185,0.00047122,-2,0,72
1.5024,1.5159,-0.0065185,0.00047122,-2,1,72
2.7045,1.7149,-0.0065185,0.00047122,-2,1,72
-1.4405,-0.19096,-0.0065185,0.00047122,-2,0,72
1.2327,1.2461,-4.0065,0.00047122,1,0,72
-2.9955,-6.3821,-0.0065185,0.00047122,-2,0,72
4.0045,3.3016,-0.0065185,0.00047122,-2,1,72
0.0044729,2.4744,-0.0065185,0.00047122,-2,1,72
-1.9955,-1.9821,-0.0065185,0.00047122,-2,0,72
-0.99553,-0.98211,-0.0065185,0.00047122,-2,0,72
-5.5405,-2.7637,-0.0065185,0.00047122,-2,0,73
-2.4588,-4.6953,-0.0065185,0.00047122,-2,0,73
-2.3893,-2.3759,-0.0065185,0.00047122,-2,0,73
-0.33021,-1.5694,-0.0065185,0.00047122,-2,1,73
5.0045,3.7896,-0.0065185,0.00047122,-2,1,73
5.0045,5.0179,-0.0065185,0.00047122,-2,1,73
3.0045,-0.18765,-0.0065185,0.00047122,-2,1,73
-4.9955,-4.2278,-0.0065185,0.00047122,-2,0,73
-3.9955,-3.341,-0.0065185,0.00047122,-2,0,73
1.0045,1.3153,-0.0065185,0.00047122,-2,0,73
3.8545,4.5839,-0.0065185,0.00047122,-2,1,73
3.5545,3.5679,-0.0065185,0.00047122,-2,1,73
-3.013,-2.7637,-5.0065,0.00047122,1,0,73
1.8468,0.017889,-0.0065185,0.00047122,-2,0,73
4.0045,5.1964,-0.0065185,0.00047122,-2,1,73
-3.3955,-1.3132,-3.0065,0.00047122,1,1,73
3.0045,2.9079,-0.0065185,0.00047122,-2,1,73
-2.5455,-2.5321,-0.0065185,0.00047122,-2,0,73
2.172,3.9483,3.9935,0.00047122,1,1,73
1.8468,5.1927,-0.0065185,0.00047122,-2,1,73
3.5705,3.5265,-0.0065185,0.00047122,-2,1,73
4.3356,1.349,-0.0065185,0.00047122,-2,1,73
5.1359,5.1493,-0.0065185,0.00047122,-2,1,73
-4.3573,-3.1113,-5.0065,0.00047122,1,0,73
3.8219,5.0554,-0.0065185,0.00047122,-2,1,73
1.6993,1.6873,-0.0065185,0.00047122,-2,1,73
-0.4049,-0.39149,-0.0065185,0.00047122,-2,0,73
-0.84553,2.3439,-0.0065185,0.00047122,-2,0,73
2.727,-1.5481,-0.0065185,0.00047122,-2,1,73
5.6186,3.6868,-0.0065185,0.00047122,-2,1,73
-4.7675,-1.9491,-5.0065,0.00047122,1,0,73
-3.4392,-2.0204,-0.0065185,0.00047122,-2,0,73
-3.3727,-3.9718,-0.0065185,0.00047122,-2,0,73
3.3251,2.323,-0.0065185,0.00047122,-2,1,73
-3.268,-2.4221,-0.0065185,0.00047122,-2,0,73
-4.2271,-4.2137,-0.0065185,0.00047122,-2,0,73
-1.1924,-0.55539,-0.0065185,0.00047122,-2,0,73
-1.1629,-1.9918,-0.0065185,0.00047122,-2,0,73
-1.8533,-2.2904,-0.0065185,0.00047122,-2,0,73
1.5836,-0.82552,2.9935,0.00047122,1,1,73
1.4495,1.4629,-0.0065185,0.00047122,-2,1,73
4.2327,1.6634,-0.0065185,0.00047122,-2,1,73
-2.0395,-2.0261,-0.0065185,0.00047122,-2,0,73
1.7419,1.8082,-4.0065,0.00047122,1,1,73
-2.2412,-3.7027,-0.0065185,0.00047122,-2,0,73
1.4545,-1.891,-0.0065185,0.00047122,-2,0,73
0.83697,0.96139,-0.0065185,0.00047122,-2,1,73
0.55447,0.90789,-0.0065185,0.00047122,-2,1,73
-0.16303,-0.14961,-0.0065185,0.00047122,-2,0,73
0.14685,0.52915,2.9935,0.00047122,1,0,73
-0.44053,4.3427,-0.0065185,0.00047122,-2,1,73
0.85447,1.5265,-0.0065185,0.00047122,-2,1,73
1.282,1.2954,-0.0065185,0.00047122,-2,1,73
0.30447,0.413,-0.0065185,0.00047122,-2,1,73
-1.2955,-0.50064,-0.0065185,0.00047122,-2,0,73
-3.5455,-3.5321,-0.0065185,0.00047122,-2,0,73
3.022,-0.16635,-3.0065,0.00047122,1,1,73
-3.8379,0.72551,-0.0065185,0.00047122,-2,0,73
5.5705,2.4722,-0.0065185,0.00047122,-2,1,73
-5.3266,-4.0233,-0.0065185,0.00047122,-2,0,73
3.1359,3.9629,-0.0065185,0.00047122,-2,1,73
-0.033796,-0.51888,-0.0065185,0.00047122,-2,0,73
0.85447,-1.4271,-0.0065185,0.00047122,-2,0,73
0.72697,0.045538,3.9935,0.00047122,1,1,73
-1.3814,1.4179,-0.0065185,0.00047122,-2,1,73
-1.4735,0.90789,-0.0065185,0.00047122,-2,0,73
-3.6955,-1.2384,-0.0065185,0.00047122,-2,0,73
-2.4405,-2.4271,-0.0065185,0.00047122,-2,0,73
0.77622,0.78964,-0.0065185,0.00047122,-2,0,73
0.66046,-1.2104,3.9935,0.00047122,1,0,73
1.1171,1.1305,-0.0065185,0.00047122,-2,1,73
3.7045,1.7179,-0.0065185,0.00047122,-2,1,73
-4.4405,-5.4386,-0.0065185,0.00047122,-2,0,73
-2.2238,-3.0701,-0.0065185,0.00047122,-2,0,73
1.8985,2.2902,-4.0065,0.00047122,1,0,73
-3.273,-7.3821,-0.0065185,0.00047122,-2,0,73
-2.3814,-5.8721,-0.0065185,0.00047122,-2,0,73
-3.4735,-6.4386,-0.0065185,0.00047122,-2,0,73
-3.5518,-6.0701,-0.0065185,0.00047122,-2,0,73
1.6273,1.0052,-0.0065185,0.00047122,-2,1,73
-1.3749,-3.1907,3.9935,0.00047122,1,0,73
-2.723,-4.2644,-0.0065185,0.00047122,-2,0,73
-1.7639,-1.6474,-0.0065185,0.00047122,-2,0,73
-1.4987,0.091421,-0.0065185,1.0005,-1,1,73
3.5595,5.8679,-0.0065185,0.00047122,-2,1,73
-0.76728,-3.7569,-0.0065185,0.00047122,-2,0,73
0.66046,2.632,-0.0065185,2.0005,-1,1,73
0.56206,0.6884,3.9935,0.00047122,1,1,73
4.2502,3.8616,-0.0065185,0.00047122,-2,1,73
-2.3544,-3.9086,-0.0065185,0.00047122,-2,0,73
-2.4505,-3.7696,-0.0065185,0.00047122,-2,0,73
3.5412,3.361,-0.0065185,0.00047122,-2,1,73
3.0107,3.6495,-4.0065,0.00047122,1,1,73
1.6698,2.2148,-0.0065185,0.00047122,-2,1,73
-1.711,-2.3932,-0.0065185,0.00047122,-2,0,73
1.7627,2.1601,-0.0065185,0.00047122,-2,1,73
1.4989,-1.9492,-3.0065,0.00047122,1,1,73
2.1792,2.3154,-0.0065185,0.00047122,-2,1,73
1.3045,-2.0623,-0.0065185,0.00047122,-2,1,73
0.55447,-1.9079,-0.0065185,0.00047122,-2,0,73
0.30447,0.95714,-0.0065185,0.00047122,-2,0,73
2.5595,0.27289,-0.0065185,0.00047122,-2,0,73
1.2327,-2.1539,-0.0065185,0.00047122,-2,1,73
-1.0395,-1.0261,3.9935,0.00047122,1,1,73
-0.99553,-0.98211,-0.0065185,0.00047122,-2,0,73
1.1545,1.4729,-0.0065185,0.00047122,-2,0,73
-1.718,-1.7046,-0.0065185,0.00047122,-2,0,73
0.39035,1.7122,-0.0065185,0.00047122,-2,0,73
0.52648,0.53989,-0.0065185,0.00047122,-2,1,73
-0.43923,0.29668,-4.0065,0.00047122,1,1,73
2.0045,5.4179,-0.0065185,0.00047122,-2,1,73
1.3045,2.8123,-0.0065185,0.00047122,-2,1,73
-2.5455,-1.0871,-0.0065185,0.00047122,-2,0,73
2.172,2.1854,-0.0065185,0.00047122,-2,1,73
-1.8379,-1.8245,1.9935,0.00047122,1,0,73
1.5705,-1.4096,-0.0065185,0.00047122,-2,1,73
0.33559,0.24951,-0.0065185,0.00047122,-2,0,73
1.1545,0.29934,-0.0065185,0.00047122,-2,1,73
-4.6955,-0.94384,-0.0065185,0.00047122,-2,0,73
1.4495,1.4629,-0.0065185,0.00047122,-2,1,73
-2.2238,-1.677,-0.0065185,0.00047122,-2,0,73
6.0485,2.4509,-0.0065185,0.00047122,-2,1,73
-5.1329,-4.7341,2.9935,0.00047122,1,0,73
-1.2412,-1.2278,-0.0065185,0.00047122,-2,0,73
0.30447,0.31789,-0.0065185,0.00047122,-2,1,73
-2.2955,-0.12449,-0.0065185,0.00047122,-2,0,73
1.9595,3.1558,4.9935,0.00047122,1,1,73
0.11447,-7.1221,-0.0065185,0.00047122,-2,0,73
0.46097,-0.075611,-0.0065185,0.00047122,-2,0,73
-0.38355,5.7179,-0.0065185,4.0005,-1,1,73
-0.32535,0.64542,4.9935,0.00047122,1,1,73
-2.7673,5.4961,-0.0065185,0.00047122,-2,1,73
1.9605,1.6868,-0.0065185,0.00047122,-2,1,73
-5.5455,-1.9847,-0.0065185,0.00047122,-2,0,73
-5.163,-4.9886,-0.0065185,0.00047122,-2,0,73
3.8468,3.8603,-0.0065185,0.00047122,-2,1,73
0.43845,-3.7156,-0.0065185,0.00047122,-2,0,73
-0.66441,-0.351,-0.0065185,0.00047122,-2,0,73
0.57302,0.18058,-3.0065,0.00047122,1,1,73
-1.5505,-1.7539,-0.0065185,0.00047122,-2,0,73
0.45447,-0.92136,-0.0065185,0.00047122,-2,1,73
3.5545,-1.1056,-0.0065185,0.00047122,-2,1,73
2.172,2.1854,-0.0065185,0.00047122,-2,1,73
1.8468,1.4947,-4.0065,0.00047122,1,1,73
-2.5615,-2.5481,-0.0065185,0.00047122,-2,0,73
1.3356,-1.541,-0.0065185,0.00047122,-2,1,73
-0.12698,-1.1136,-0.0065185,0.00047122,-2,1,73
0.1162,-0.43836,3.9935,0.00047122,1,0,73
1.727,-3.3821,-0.0065185,0.00047122,-2,0,73
2.8545,-0.87211,-0.0065185,0.00047122,-2,1,73
-3.6955,-2.5041,-0.0065185,0.00047122,-2,0,73
-2.4405,-1.0399,-0.0065185,0.00047122,-2,1,73
-3.8455,-1.7324,-0.0065185,0.00047122,-2,0,73
-1.5455,-1.5321,-0.0065185,0.00047122,-2,0,73
1.322,1.5194,-3.0065,0.00047122,1,1,73
-1.8379,1.8136,-0.0065185,0.00047122,-2,0,73
0.57049,0.65904,-0.0065185,0.00047122,-2,1,73
-1.3266,-1.3132,-0.0065185,0.00047122,-2,1,73
-2.9955,0.27715,-0.0065185,0.00047122,-2,1,73
1.0045,1.0179,-0.0065185,0.00047122,-2,1,73
-0.14553,-0.13211,-0.0065185,0.00047122,-2,0,73
-1.8455,-1.8321,-0.0065185,0.00047122,-2,1,73
-4.1455,-6.5481,-0.0065185,0.00047122,-2,0,73
-0.27303,1.061,-0.0065185,0.00047122,-2,0,73
0.6186,0.63201,-0.0065185,0.00047122,-2,1,73
-3.9955,-3.2596,-0.0065185,0.00047122,-2,0,73
5.0045,-0.79958,-0.0065185,0.00047122,-2,1,73
3.0045,3.0179,-0.0065185,0.00047122,-2,1,73
5.0045,3.6304,-0.0065185,0.00047122,-2,1,73
4.2545,3.8907,-4.0065,0.00047122,1,0,73
6.617,6.6304,-0.0065185,0.00047122,-2,1,73
-2.5455,0.35789,-0.0065185,0.00047122,-2,1,73
-0.99553,1.4744,-0.0065185,0.00047122,-2,0,73
3.8545,0.86789,-0.0065185,0.00047122,-2,1,73
-5.718,-3.2546,-0.0065185,0.00047122,-2,0,73
1.1359,-1.3132,-0.0065185,0.00047122,1,1,74
-2.9955,-2.9821,-0.0065185,0.00047122,-2,1,74
-2.9955,0.017889,-0.0065185,0.00047122,-2,0,74
1.5545,1.1493,-0.0065185,0.00047122,-2,1,74
0.17197,-1.9821,-0.0065185,0.00047122,-2,1,74
0.84685,-0.98211,-0.0065185,0.00047122,-2,1,74
1.5705,0.017889,-0.0065185,0.00047122,-2,1,74
-0.32664,0.53989,-0.0065185,0.00047122,-2,0,74
-4.127,-4.1136,-0.0065185,0.00047122,-2,0,74
-4.9573,-4.9438,-0.0065185,0.00047122,-2,0,74
-3.813,-2.9821,-0.0065185,0.00047122,-2,0,74
-1.6904,-0.15496,-0.0065185,0.00047122,-2,0,74
-1.4362,-1.4227,3.9935,0.00047122,1,0,74
-0.49756,0.017889,-0.0065185,0.00047122,-2,0,74
-0.5688,-2.8721,-0.0065185,0.00047122,-2,1,74
2.6418,2.6552,-0.0065185,0.00047122,-2,1,74
-6.5455,-2.5321,-0.0065185,0.00047122,-2,0,74
-6.163,-6.1496,-0.0065185,0.00047122,-2,0,74
5.2468,3.4299,4.9935,0.00047122,1,1,74
4.5705,4.5839,-0.0065185,0.00047122,-2,1,74
3.3356,3.349,-0.0065185,0.00047122,-2,1,74
1.1359,1.1493,-0.0065185,0.00047122,-2,1,74
1.9662,2.9004,-0.0065185,0.00047122,-2,1,74
1.6719,1.0995,4.9935,0.00047122,1,1,74
1.6993,1.7127,-0.0065185,0.00047122,-2,1,74
1.5951,1.1852,-0.0065185,0.00047122,-2,1,74
1.5065,1.1601,-0.0065185,0.00047122,-2,1,74
4.4312,4.1388,-0.0065185,0.00047122,-2,1,74
4.3672,4.3806,-0.0065185,0.00047122,-2,1,74
5.3128,5.3262,-0.0065185,0.00047122,-2,1,74
4.5165,1.695,-4.0065,0.00047122,1,1,74
4.2272,-3.1594,-0.0065185,0.00047122,-2,1,74
4.1938,4.2072,-0.0065185,0.00047122,-2,1,74
3.1654,2.9535,-0.0065185,0.00047122,-2,1,74
-0.13233,-0.11891,-0.0065185,0.00047122,-2,0,74
-1.8792,2.3017,-0.0065185,0.00047122,-2,0,74
-1.6955,1.8603,-0.0065185,0.00047122,-2,0,74
2.4495,2.4629,-0.0065185,0.00047122,-2,1,74
0.77622,3.349,-0.0065185,0.00047122,-2,1,74
0.66046,-1.0089,-4.0065,0.00047122,1,1,74
6.4495,-3.3675,-0.0065185,0.00047122,-2,1,74
3.2327,4.2803,-0.0065185,0.00047122,-2,1,74
2.0485,1.7285,-0.0065185,0.00047122,-2,1,74
-1.7329,-1.7195,3.9935,0.00047122,1,0,74
-4.7498,-4.7364,-0.0065185,0.00047122,-2,0,74
3.6456,-2.8656,-0.0065185,0.00047122,-2,1,74
1.5495,2.5734,-0.0065185,0.00047122,-2,1,74
-2.4588,-2.4453,-0.0065185,0.00047122,-2,0,74
-4.3893,-4.3759,-0.0065185,0.00047122,-2,0,74
3.7392,0.9667,-4.0065,0.00047122,1,0,74
6.8945,4.5399,-0.0065185,0.00047122,-2,1,74
6.4045,3.0203,-0.0065185,0.00047122,-2,1,74
5.8945,3.02,-0.0065185,0.00047122,-2,1,74
4.461,2.0197,-0.0065185,0.00047122,-2,1,74
2.0925,0.019391,-0.0065185,0.00047122,-2,0,74
1.7793,-5.4907,-0.0065185,-3.9995,-1,0,74
1.5131,1.5265,-5.0065,0.00047122,1,1,74
1.7222,-0.17446,-0.0065185,0.00047122,-2,1,74
-3.5455,-3.5321,-0.0065185,0.00047122,-2,0,74
3.172,1.8054,-0.0065185,0.00047122,-2,1,74
1.8468,0.68726,-0.0065185,0.00047122,-2,1,74
0.43845,-3.7667,-0.0065185,0.00047122,-2,1,74
-2.2955,-2.2821,-0.0065185,0.00047122,-2,0,74
-1.9505,-1.9961,-4.0065,0.00047122,1,0,74
0.89447,3.7673,-0.0065185,0.00047122,-2,0,74
0.30447,4.9079,-0.0065185,0.00047122,-2,0,74
-1.4405,2.4744,-0.0065185,0.00047122,-2,0,74
0.23272,-0.52868,-0.0065185,0.00047122,-2,1,74
0.19849,0.2119,-3.0065,0.00047122,1,0,74
3.282,3.2954,-0.0065185,0.00047122,-2,0,74
2.3903,0.85039,-0.0065185,0.00047122,-2,0,74
2.4825,-2.9144,-0.0065185,0.00047122,-2,1,74
6.5545,3.0914,-0.0065185,0.00047122,-2,1,74
5.572,1.8082,4.9935,0.00047122,1,1,74
5.8468,3.5985,-0.0065185,0.00047122,-2,1,74
5.5705,3.4489,-0.0065185,0.00047122,-2,1,74
-5.3266,-2.3885,-0.0065185,0.00047122,-2,0,74
6.1359,3.0068,-0.0065185,0.00047122,-2,1,74
-4.9573,-3.8827,-0.0065185,0.00047122,-2,0,74
4.2219,4.2354,-2.0065,0.00047122,1,1,74
-1.3007,-1.2873,-0.0065185,0.00047122,-2,0,74
-4.6955,-4.4271,-0.0065185,0.00047122,-2,0,74
1.4495,1.4285,-0.0065185,0.00047122,-2,1,74
-4.2238,-1.0261,-0.0065185,0.00047122,-2,0,74
2.0485,3.4553,-0.0065185,0.00047122,-2,1,74
-2.8829,-2.8695,-0.0065185,0.00047122,-2,0,74
-2.4498,-1.4589,-5.0065,0.00047122,1,0,74
4.6456,4.8129,-0.0065185,0.00047122,-2,1,74
-5.5405,-3.9271,-0.0065185,0.00047122,-2,0,74
0.46771,4.6616,-0.0065185,0.00047122,-2,1,74
1.3982,1.3526,-0.0065185,0.00047122,-2,1,74
-1.1802,-0.3168,-5.0065,0.00047122,1,0,74
-2.28,-2.2239,-0.0065185,0.00047122,-2,0,74
-0.23734,-3.8364,-0.0065185,0.00047122,-2,0,74
2.21,2.1926,-0.0065185,0.00047122,-2,1,74
-1.8702,-0.13061,-4.0065,0.00047122,1,0,74
-2.144,-2.1083,-0.0065185,0.00047122,-2,0,74
-4.1218,-2.9983,-0.0065185,0.00047122,-2,0,74
-5.1028,-3.4733,-0.0065185,0.00047122,-2,0,74
-5.0867,-5.0733,-0.0065185,0.00047122,-2,0,74
-4.073,-4.0596,-0.0065185,0.00047122,-2,0,74
-4.0614,-4.0381,-0.0065185,0.00047122,-2,0,74
3.4605,2.6755,4.9935,0.00047122,1,1,74
5.0521,5.0584,-0.0065185,0.00047122,-2,1,74
-4.036,-4.0226,-0.0065185,0.00047122,-2,0,74
-2.0299,-2.0165,-0.0065185,0.00047122,-2,0,74
-0.024763,-2.6214,-0.0065185,0.00047122,-2,0,74
0.029324,0.039012,-0.0065185,0.00047122,-2,1,74
-0.01665,-0.0032345,2.9935,0.00047122,1,0,74
-0.013482,0.0026272,-0.0065185,0.00047122,-2,0,74
-0.010789,2.1701,-0.0065185,0.00047122,-2,0,74
1.9915,2.0049,-0.0065185,0.00047122,-2,1,74
-5.6955,-1.6727,-0.0065185,0.00047122,-2,0,74
4.8495,4.8629,-3.0065,0.00047122,1,1,74
0.23272,0.24614,-0.0065185,0.00047122,-2,1,74
-1.0395,1.1414,-0.0065185,0.00047122,-2,0,74
0.89188,0.017889,-0.0065185,0.00047122,-2,1,74
1.7588,0.017889,-0.0065185,0.00047122,-2,1,74
0.64563,1.509,-0.0065185,0.00047122,-2,1,74
0.54945,0.56287,-0.0065185,0.00047122,-2,1,74
2.5412,-0.44535,-0.0065185,0.00047122,-2,1,74
-2.1518,-2.5321,-5.0065,0.00047122,1,0,74
-5.163,-2.9821,-0.0065185,0.00047122,-2,0,74
-3.8379,-1.9821,-0.0065185,0.00047122,-2,0,74
4.5705,3.0885,-0.0065185,0.00047122,-2,1,74
-3.8766,-3.8632,-5.0065,0.00047122,1,0,74
2.1359,4.2679,-0.0065185,0.00047122,-2,1,74
-0.95726,-0.94384,-0.0065185,0.00047122,-2,0,74
0.187,-0.70461,-0.0065185,0.00047122,-2,1,74
0.15962,0.17304,-3.0065,0.00047122,1,1,74
4.727,4.7404,-0.0065185,0.00047122,-2,1,74
3.6186,-2.5933,-0.0065185,0.00047122,-2,1,74
5.5265,4.6407,-0.0065185,0.00047122,-2,1,74
5.4482,4.6973,-0.0065185,0.00047122,-2,1,74
-3.3727,-3.3593,-0.0065185,0.00047122,-2,0,74
0.32505,-0.21373,-0.0065185,0.00047122,-2,1,74
-0.72304,-1.179,-0.0065185,0.00047122,-2,0,74
0.62286,0.63627,-2.0065,0.00047122,1,1,74
-0.27303,-0.25961,-0.0065185,0.00047122,-2,0,74
2.1545,2.1679,-0.0065185,0.00047122,-2,1,74
-6.5455,-1.3039,-0.0065185,0.00047122,-2,1,74
7.4045,7.4179,-0.0065185,0.00047122,-2,1,74
-6.2855,-2.4947,-5.0065,0.00047122,1,0,74
-5.8855,-3.8054,-0.0065185,0.00047122,-2,0,74
-2.452,0.38061,-0.0065185,0.00047122,-2,0,74
-4.0836,-1.8413,-0.0065185,0.00047122,-2,0,74
3.4793,3.4927,3.9935,0.00047122,1,1,74
0.51307,0.52649,-0.0065185,0.00047122,-2,0,74
-2.8455,-2.8321,-0.0065185,0.00047122,-2,0,74
4.727,1.5614,-0.0065185,0.00047122,-2,1,74
3.6186,0.92986,-0.0065185,0.00047122,-2,1,74
-5.5175,-5.5041,-0.0065185,0.00047122,-2,0,74
4.4482,0.56043,-0.0065185,0.00047122,-2,1,74
3.7816,2.1356,4.9935,0.00047122,1,1,74
-5.3161,-5.3027,-0.0065185,0.00047122,-2,0,74
1.277,0.091421,-0.0065185,0.00047122,-2,1,74
1.0861,2.2304,-0.0065185,3.0005,-1,1,74
1.2013,2.8248,-0.0065185,0.00047122,-2,1,74
-2.1629,-0.99945,-0.0065185,0.00047122,-2,0,74
-0.13777,-0.12435,-0.0065185,0.00047122,-2,0,74
0.88357,0.89698,-0.0065185,0.00047122,-2,1,74
-0.84553,1.2461,-0.0065185,0.00047122,-2,0,74
-0.27303,-0.25961,-0.0065185,0.00047122,-2,0,74
0.85447,0.65285,-0.0065185,0.00047122,-2,1,74
0.72697,-0.1967,-0.0065185,0.00047122,-2,1,74
0.39035,-0.59624,-0.0065185,0.00047122,-2,1,74
-3.8455,-3.8321,-0.0065185,0.00047122,-2,0,74
-3.718,-0.11389,-0.0065185,0.00047122,-2,0,74
-3.1597,-3.1462,2.9935,0.00047122,1,1,74
1.837,6.5679,-0.0065185,0.00047122,-2,1,74
-1.1532,1.8603,-0.0065185,0.00047122,-2,0,74
0.98845,-2.1397,-0.0065185,-3.9995,-1,1,74
-0.32664,2.5839,-0.0065185,0.00047122,-2,1,74
-1.8641,-1.8507,-0.0065185,0.00047122,-2,0,74
-1.7498,-4.3489,-0.0065185,0.00047122,-2,0,75
-5.6367,-5.2442,-0.0065185,0.00047122,-2,0,75
-5.5405,-5.5271,-0.0065185,0.00047122,-2,0,75
2.4677,0.82135,-0.0065185,0.00047122,-2,1,75
-1.3893,-1.3759,-0.0065185,0.00047122,-2,1,75
0.85447,1.0047,-0.0065185,0.00047122,-2,0,75
4.727,4.7404,-0.0065185,0.00047122,-2,1,75
0.40447,0.41789,-0.0065185,0.00047122,-2,0,75
-0.44553,-3.8695,-0.0065185,0.00047122,-2,1,75
-0.82803,2.1854,-0.0065185,0.00047122,-2,1,75
-2.1532,-3.1733,-0.0065185,0.00047122,-2,1,75
-1.4295,-3.9271,-0.0065185,0.00047122,-2,1,75
-1.6644,-3.4453,-0.0065185,0.00047122,-2,0,75
0.55447,1.0539,-0.0065185,0.00047122,-2,1,75
-1.828,-2.1397,-0.0065185,0.00047122,-2,0,75
2.4045,1.5755,-0.0065185,0.00047122,-2,0,75
-3.1455,-3.1321,-0.0065185,0.00047122,-2,0,75
2.682,2.0868,-4.0065,0.00047122,1,1,75
1.1145,0.52789,-0.0065185,0.00047122,-2,0,75
-0.53903,-2.6278,-0.0065185,0.00047122,-2,0,75
-1.5455,-0.78409,-0.0065185,0.00047122,-2,1,75
3.1545,0.41057,-0.0065185,0.00047122,-2,0,75
-2.673,-2.6596,-2.0065,0.00047122,1,0,75
-4.8855,-1.5898,-0.0065185,0.00047122,-2,0,75
7.461,6.4629,-0.0065185,0.00047122,-2,1,75
6.0925,5.2461,-0.0065185,0.00047122,-2,0,75
-0.39553,1.7896,-0.0065185,0.00047122,-2,1,75
-2.8855,-2.5347,-0.0065185,0.00047122,-2,1,75
-4.452,-0.86952,-0.0065185,0.00047122,-2,1,75
-3.0836,-1.7364,-0.0065185,0.00047122,-2,0,75
1.1545,-3.2019,-0.0065185,0.00047122,-2,1,75
-0.29553,0.99539,-0.0065185,0.00047122,-2,0,75
0.25947,1.9143,2.9935,0.00047122,1,1,75
2.5595,-3.9771,-0.0065185,0.00047122,-2,0,75
1.7762,2.5742,-0.0065185,0.00047122,-2,1,75
4.5545,1.8639,-0.0065185,0.00047122,-2,0,75
3.7045,1.1305,-0.0065185,0.00047122,-2,1,75
3.1495,3.3053,4.9935,0.00047122,1,1,75
2.4495,5.8339,-0.0065185,0.00047122,-2,1,75
1.2327,2.199,-0.0065185,0.00047122,-2,1,75
0.048485,1.0619,-0.0065185,0.00047122,-2,0,75
-1.8455,-0.98211,-0.0065185,0.00047122,-2,0,75
2.727,2.7404,-0.0065185,0.00047122,-2,1,75
-2.3097,0.098615,-3.0065,0.00047122,1,0,75
0.48247,0.49588,-0.0065185,0.00047122,-2,0,75
-2.4392,-2.1496,-0.0065185,0.00047122,-2,0,75
-1.3727,-2.0593,-0.0065185,0.00047122,-2,0,75
2.6839,3.0179,-0.0065185,0.00047122,-2,1,75
-0.44553,2.2954,-0.0065185,0.00047122,-2,0,75
0.45447,0.46789,-0.0065185,0.00047122,-2,0,75
0.83697,-2.6716,-0.0065185,0.00047122,-2,0,75
-0.15315,-1.8148,-0.0065185,0.00047122,-2,1,75
1.4385,0.61937,-0.0065185,0.00047122,-2,0,75
0.67336,0.68677,-0.0065185,0.00047122,-2,1,75
-2.2955,-1.8146,-0.0065185,0.00047122,-2,0,75
-1.9505,1.3755,-5.0065,0.00047122,1,1,75
-2.7673,-2.7539,-0.0065185,0.00047122,-2,0,75
-7.3955,-6.0511,-0.0065185,0.00047122,-2,0,75
-7.8855,-6.2721,-0.0065185,0.00047122,-2,0,75
-7.452,-6.0069,-0.0065185,0.00047122,-2,0,75
-6.0836,-5.4907,-0.0065185,0.00047122,-2,0,75
-5.1703,-5.3694,-3.0065,0.00047122,1,1,75
1.8945,1.5679,-0.0065185,0.00047122,-2,1,75
4.1545,4.1679,-0.0065185,0.00047122,-2,1,75
-3.273,-4.7696,-0.0065185,0.00047122,-2,1,75
1.6045,1.6179,-0.0065185,0.00047122,-2,1,75
-1.3555,2.3859,-5.0065,0.00047122,1,0,75
-3.452,-2.3446,-0.0065185,0.00047122,-2,1,75
3.0925,3.1059,-0.0065185,0.00047122,-2,1,75
-3.8455,0.088514,-0.0065185,0.00047122,-2,0,75
0.28197,-1.5413,-0.0065185,0.00047122,-2,0,75
0.39035,3.2364,-0.0065185,0.00047122,-2,1,75
0.33247,0.34588,4.9935,0.00047122,1,1,75
-0.71803,-0.59624,-0.0065185,0.00047122,-2,0,75
-2.3814,4.2445,-0.0065185,0.00047122,-2,0,75
-3.5455,-3.5321,-0.0065185,0.00047122,-2,1,75
1.1545,3.0051,-0.0065185,0.00047122,-2,1,75
-1.273,-2.0027,-0.0065185,0.00047122,-2,0,75
-2.3814,-3.2546,-0.0065185,0.00047122,-2,0,75
2.0325,1.6945,-4.0065,0.00047122,1,1,75
3.5608,3.5742,-0.0065185,0.00047122,-2,0,75
3.4045,3.5852,-0.0065185,0.00047122,-2,0,75
1.8945,1.9079,-0.0065185,0.00047122,-2,0,75
0.46097,0.47439,-0.0065185,0.00047122,-2,0,75
0.3925,2.1059,2.9935,0.00047122,1,1,75
-2.5505,-1.0235,-0.0065185,0.00047122,-2,0,75
-1.2238,5.5854,-0.0065185,0.00047122,-2,1,75
-1.0395,-0.13974,-0.0065185,-1.9995,-1,1,75
0.89188,-1.5481,3.9935,0.00047122,1,0,75
3.7588,1.6868,-0.0065185,0.00047122,-2,0,75
-2.6367,-2.8721,-0.0065185,0.00047122,-2,0,75
2.3045,-1.4769,-0.0065185,0.00047122,-2,0,75
0.55947,-0.070136,-0.0065185,0.00047122,-2,1,75
2.7045,3.9079,-0.0065185,0.00047122,-2,1,75
-2.4405,-0.3831,-0.0065185,0.00047122,-2,0,75
2.0827,2.0961,-4.0065,0.00047122,1,1,75
4.0485,4.7927,-0.0065185,0.00047122,-2,1,75
1.8919,2.5265,-0.0065185,0.00047122,-2,1,75
3.7588,-1.1563,-0.0065185,0.00047122,-2,1,75
-4.6367,-4.6233,-0.0065185,0.00047122,-2,0,75
5.5495,5.9444,-0.0065185,0.00047122,-2,1,75
4.7177,2.6478,-3.0065,0.00047122,1,1,75
1.3982,-1.8627,-0.0065185,0.00047122,-2,0,75
2.8545,2.8679,-0.0065185,0.00047122,-2,0,75
-1.273,-3.8245,-0.0065185,0.00047122,-2,0,75
-0.60965,1.3421,-0.0065185,0.00047122,-2,0,75
0.52648,0.74543,-4.0065,0.00047122,1,0,75
0.44818,0.46159,-0.0065185,0.00047122,-2,1,75
2.0045,2.9079,-0.0065185,0.00047122,-2,1,75
-1.2955,-0.52561,-0.0065185,0.00047122,-2,1,75
1.4495,2.1059,-0.0065185,0.00047122,-2,1,75
-0.22378,-1.2104,-0.0065185,0.00047122,-2,0,75
-3.0395,-0.17612,-0.0065185,0.00047122,-2,1,75
-2.6955,-0.25961,-0.0065185,0.00047122,-2,0,75
-2.2905,-2.2771,3.9935,0.00047122,1,0,75
1.282,2.6954,-0.0065185,0.00047122,-2,1,75
1.3045,-2.0846,-0.0065185,0.00047122,-2,1,75
2.5545,0.68726,-0.0065185,0.00047122,-2,1,75
-2.163,0.67717,3.9935,0.00047122,1,0,75
0.1621,0.17551,-0.0065185,0.00047122,-2,0,75
0.43845,1.6068,-0.0065185,0.00047122,-2,1,75
-3.6955,-4.4386,-0.0065185,0.00047122,-2,0,75
3.1495,0.97447,-4.0065,0.00047122,1,0,75
2.4495,-2.1539,-0.0065185,0.00047122,-2,1,75
0.15447,0.16789,-0.0065185,0.00047122,-2,0,75
-1.273,0.045538,-0.0065185,0.00047122,-2,0,75
-1.2955,-1.2821,-0.0065185,0.00047122,-2,0,75
1.1095,2.0659,-2.0065,0.00047122,1,0,75
-0.22378,0.13614,-0.0065185,0.00047122,-2,1,75
0.85447,-0.96388,-0.0065185,0.00047122,-2,1,75
0.72697,0.74039,-4.0065,0.00047122,1,0,75
3.0045,-3.0474,-0.0065185,0.00047122,-2,1,75
3.5545,0.30237,-0.0065185,0.00047122,-2,1,75
2.172,1.1097,-0.0065185,0.00047122,-2,1,75
3.8468,0.22343,-0.0065185,0.00047122,-2,0,75
-3.2615,-3.2481,-2.0065,0.00047122,1,1,75
5.4495,3.1629,-0.0065185,0.00047122,-2,1,75
2.4045,3.4179,-0.0065185,0.00047122,-2,0,75
2.1545,0.39614,-0.0065185,0.00047122,-2,1,75
1.832,1.0619,4.9935,0.00047122,1,1,75
-5.163,-6.3996,-0.0065185,0.00047122,-2,0,75
5.8468,4.4103,-0.0065185,0.00047122,-2,1,75
3.5705,3.5839,-0.0065185,0.00047122,-2,1,75
4.3356,3.4529,-0.0065185,0.00047122,-2,1,75
3.1359,3.0311,-0.0065185,0.00047122,-2,1,75
2.9662,2.1116,-0.0065185,0.00047122,-2,1,75
2.5219,2.5354,-4.0065,0.00047122,1,0,75
1.4495,1.4629,-0.0065185,0.00047122,-2,0,75
1.7762,5.9079,-0.0065185,0.00047122,-2,1,75
-2.9515,1.2674,-0.0065185,0.00047122,-2,1,75
0.40447,5.5059,-0.0065185,0.00047122,-2,0,75
1.1145,4.1664,-0.0065185,0.00047122,-2,1,75
-0.53903,-0.52561,-0.0065185,0.00047122,-2,0,75
2.0925,2.1059,-0.0065185,0.00047122,-2,0,75
-0.77035,-0.19091,-0.0065185,0.00047122,-2,1,75
-2.5041,-0.90459,-0.0065185,0.00047122,-2,0,75
3.8545,0.5777,-0.0065185,0.00047122,-2,1,75
-4.718,-1.918,-0.0065185,0.00047122,-2,0,75
3.6186,2.8959,-0.0065185,0.00047122,-2,1,75
-0.51753,-0.50412,-0.0065185,0.00047122,-2,0,75
0.56077,0.57418,-0.0065185,0.00047122,-2,1,75
0.47732,-1.5039,-4.0065,0.00047122,1,1,75
-3.273,-2.6596,-0.0065185,0.00047122,-2,0,75
-4.3955,-3.8721,-0.0065185,0.00047122,-2,0,75
-2.8855,-2.4386,-0.0065185,0.00047122,-2,0,75
-6.452,-6.0701,-0.0065185,0.00047122,-2,0,75
6.0925,6.1059,-0.0065185,0.00047122,-2,1,75
-0.73351,-3.8321,-0.0065185,-2.9995,-1,0,76
4.727,-2.1308,-0.0065185,0.00047122,-2,1,76
1.6186,-0.75693,-0.0065185,0.00047122,-2,1,76
-0.51753,-3.3941,-0.0065185,0.00047122,-2,1,76
2.0045,2.0179,-0.0065185,0.00047122,-2,1,76
5.0045,-0.98017,-0.0065185,0.00047122,-2,1,76
2.0045,4.2679,-0.0065185,0.00047122,-2,1,76
0.0044729,-1.4907,-0.0065185,0.00047122,-2,0,76
-1.9955,-1.4271,-0.0065185,0.00047122,-2,0,76
-0.69553,1.0179,-0.0065185,0.00047122,-2,1,76
-1.8455,0.61289,-0.0065185,0.00047122,-2,0,76
4.727,1.5904,-0.0065185,0.00047122,-2,1,76
-4.0097,-3.3821,3.9935,0.00047122,1,1,76
1.1145,-3.3941,-0.0065185,0.00047122,-2,0,76
0.40447,-3.4258,-0.0065185,0.00047122,-2,0,76
-0.10553,-0.092111,-0.0065185,0.00047122,-2,0,76
-2.539,-2.5256,-0.0065185,0.00047122,-2,0,76
-1.0836,-1.4844,-0.0065185,0.00047122,-2,1,76
0.92929,0.94271,1.9935,0.00047122,1,0,76
1.4959,-1.4852,-0.0065185,0.00047122,-2,1,76
-0.27784,1.1852,-0.0065185,0.00047122,-2,1,76
0.094435,-2.2919,-0.0065185,0.00047122,-2,0,76
-0.069059,-1.103,-0.0065185,0.00047122,-2,0,76
0.066975,0.84316,4.9935,0.00047122,1,1,76
-1.3262,-4.3195,-0.0065185,0.00047122,-2,0,76
-2.4266,-3.0564,-0.0065185,0.00047122,-2,0,76
-0.51191,-0.94349,-0.0065185,0.00047122,-2,0,76
-0.43445,-0.88576,-2.0065,0.00047122,1,0,76
-0.64611,-1.0277,-0.0065185,0.00047122,-2,0,76
0.70747,1.5016,-0.0065185,0.00047122,-2,1,76
-0.59307,-0.86506,-4.0065,0.00047122,1,0,76
-2.7809,-3.1675,-0.0065185,0.00047122,-2,0,76
-3.8131,-2.5559,-0.0065185,0.00047122,-2,0,76
0.15951,-3.2271,-0.0065185,0.00047122,-2,0,76
-0.86374,-0.85033,-0.0065185,0.00047122,-2,0,76
0.11649,0.0032706,-0.0065185,0.00047122,-2,1,76
-1.9955,-1.9821,-0.0065185,0.00047122,-2,0,76
0.30447,2.0988,-0.0065185,0.00047122,-2,0,76
-1.5505,1.4629,-0.0065185,0.00047122,-2,0,76
1.3262,2.6264,4.9935,0.00047122,1,0,76
1.9605,7.2679,-0.0065185,0.00047122,-2,1,76
1.5545,1.5679,-0.0065185,0.00047122,-2,0,76
1.1545,2.0538,-0.0065185,0.00047122,-2,1,76
0.98197,0.99539,4.9935,0.00047122,1,0,76
-4.6097,-4.5962,-0.0065185,0.00047122,-2,0,76
-5.5175,3.6304,-0.0065185,0.00047122,-2,1,76
-1.2455,-4.6758,-0.0065185,0.00047122,-2,0,76
0.55447,-2.3593,-0.0065185,0.00047122,-2,0,76
-0.16303,0.33847,-0.0065185,0.00047122,-2,1,76
0.14685,-1.9546,3.9935,0.00047122,1,0,76
-0.42951,4.9839,-0.0065185,0.00047122,-2,0,76
1.6734,3.2148,-0.0065185,0.00047122,-2,1,76
1.873,3.1852,-0.0065185,0.00047122,-2,1,76
-2.0338,-2.0204,-0.0065185,0.00047122,-2,0,76
1.187,2.1388,-0.0065185,0.00047122,-2,1,76
-2.3007,-2.2873,-0.0065185,0.00047122,-2,0,76
-1.9549,-0.14579,3.9935,0.00047122,1,0,76
-2.4935,-2.4801,-0.0065185,0.00047122,-2,0,76
-2.5688,3.3346,-0.0065185,0.00047122,-2,0,76
-3.6328,-2.1694,-0.0065185,0.00047122,-2,0,76
-4.6872,-4.6738,-0.0065185,0.00047122,-2,0,76
-4.7335,-4.72,-0.0065185,0.00047122,-2,0,76
4.0317,2.5073,4.9935,0.00047122,1,1,76
3.8151,4.0459,-0.0065185,0.00047122,-2,1,76
-1.8346,-3.6184,-0.0065185,0.00047122,-2,0,76
-3.8587,-3.8453,-0.0065185,0.00047122,-2,0,76
-2.8792,-2.9993,-0.0065185,0.00047122,-2,0,76
-2.8967,-1.1115,-0.0065185,0.00047122,-2,0,76
-2.4615,-2.5445,-3.0065,0.00047122,1,0,76
0.075883,0.089298,-0.0065185,0.00047122,-2,1,76
3.0045,2.1944,-0.0065185,0.00047122,-2,0,76
-3.9955,-4.3745,-0.0065185,0.00047122,-2,0,76
-6.3955,-2.1496,-0.0065185,0.00047122,-2,0,76
-5.4355,-4.3745,-3.0065,0.00047122,1,0,76
7.461,7.4744,-0.0065185,0.00047122,-2,1,76
-3.0836,-4.2376,-0.0065185,0.00047122,-2,0,76
-1.2207,2.6427,-0.0065185,0.00047122,-2,0,76
7.5545,1.6062,-0.0065185,0.00047122,-2,0,76
-8.2455,-3.618,-0.0065185,0.00047122,-2,1,76
7.017,7.0304,-3.0065,0.00047122,1,1,76
7.8945,2.3173,-0.0065185,0.00047122,-2,0,76
-6.2455,-2.0646,-0.0065185,0.00047122,-2,1,76
1.617,-2.4088,-0.0065185,0.00047122,-2,0,76
1.0751,1.1002,-0.0065185,0.00047122,-2,0,76
-0.3855,-0.37208,-0.0065185,0.00047122,-2,0,76
-1.777,-1.6892,-0.0065185,0.00047122,-2,0,76
-1.5098,-1.4964,3.9935,0.00047122,1,1,76
-0.88553,-3.0615,-0.0065185,0.00047122,-2,1,76
0.46097,-4.5721,-0.0065185,0.00047122,-2,1,76
-1.2955,-0.62514,-0.0065185,0.00047122,-2,0,76
-1.5505,-1.7539,-0.0065185,0.00047122,-2,0,76
-1.3173,-0.92136,2.9935,0.00047122,1,0,76
2.9605,3.1305,-0.0065185,0.00047122,-2,1,76
-3.1081,-3.0947,-0.0065185,0.00047122,-2,0,76
-3.2412,-3.2278,-0.0065185,0.00047122,-2,0,76
-2.7544,2.1289,1.9935,0.00047122,1,0,76
1.5495,1.4811,-0.0065185,0.00047122,-2,1,76
2.8545,2.8679,-0.0065185,0.00047122,-2,1,76
3.727,1.6399,-0.0065185,0.00047122,-2,1,76
3.6186,3.182,-0.0065185,0.00047122,-2,1,76
-2.5175,-2.8695,-0.0065185,0.00047122,-2,0,76
2.1482,2.9397,-2.0065,0.00047122,1,1,76
4.3816,-1.305,-0.0065185,0.00047122,-2,1,76
1.3251,1.3385,-0.0065185,0.00047122,-2,1,76
-3.268,-3.4453,-0.0065185,0.00047122,-2,0,76
3.2361,2.706,-0.0065185,0.00047122,-2,1,76
4.2013,4.2148,-0.0065185,0.00047122,-2,1,76
3.5718,2.3527,-3.0065,0.00047122,1,1,76
4.1467,4.1601,-0.0065185,0.00047122,-2,1,76
-5.1164,-5.1877,-0.0065185,0.00047122,-2,0,76
3.1072,-1.6498,-0.0065185,0.00047122,-2,1,76
5.0918,5.1664,-0.0065185,0.00047122,-2,1,76
4.3287,2.2596,2.9935,0.00047122,1,1,76
5.0676,2.6752,-0.0065185,0.00047122,-2,1,76
-3.0492,-4.3233,-0.0065185,0.00047122,-2,0,76
0.050072,2.6135,-0.0065185,0.00047122,-2,0,76
1.0045,-0.048002,-0.0065185,0.00047122,-2,1,76
-1.9955,1.0103,-0.0065185,0.00047122,-2,1,76
1.7045,1.7179,-0.0065185,0.00047122,-2,1,76
-1.9955,-0.59624,-0.0065185,0.00047122,-2,0,76
-1.6955,-1.6821,-4.0065,0.00047122,1,0,76
-4.9955,-3.3821,-0.0065185,0.00047122,-2,0,76
-3.9955,-4.2321,-0.0065185,0.00047122,-2,0,76
-2.9955,-3.3821,-0.0065185,0.00047122,-2,0,76
-2.5455,-2.5321,3.9935,0.00047122,1,0,76
-0.99553,3.4179,-0.0065185,0.00047122,-2,0,76
0.0044729,0.86789,-0.0065185,0.00047122,-2,1,76
-0.99553,0.017889,-0.0065185,0.00047122,-2,0,76
-0.84553,-0.83211,3.9935,0.00047122,1,1,76
0.28197,0.29539,-0.0065185,0.00047122,-2,1,76
-0.3814,0.63201,-0.0065185,0.00047122,-2,0,76
-0.51753,3.3244,-0.0065185,0.00047122,-2,0,76
-0.43923,2.0179,-0.0065185,2.0005,-1,0,76
4.0045,0.39504,-0.0065185,0.00047122,-2,1,76
3.0045,3.0179,-0.0065185,0.00047122,-2,0,76
1.4545,1.1279,-0.0065185,0.00047122,-2,1,76
1.237,-2.0615,4.9935,0.00047122,1,1,76
-0.15315,-2.3897,-0.0065185,0.00047122,-2,0,76
1.5705,1.5839,-0.0065185,0.00047122,-2,1,76
3.0045,3.0179,-0.0065185,0.00047122,-2,1,76
4.0045,4.0179,-0.0065185,0.00047122,-2,1,76
-3.3955,-0.028061,-3.0065,0.00047122,1,0,76
-2.9955,-2.9821,-0.0065185,0.00047122,-2,0,76
2.0045,2.1854,-0.0065185,0.00047122,-2,1,76
4.0045,4.0179,-0.0065185,0.00047122,-2,1,76
-3.3955,-1.4271,-4.0065,0.00047122,1,0,76
1.0045,1.0179,-0.0065185,0.00047122,-2,1,76
4.8545,4.8679,-0.0065185,0.00047122,-2,1,76
5.727,5.7404,-0.0065185,0.00047122,-2,1,76
3.6186,0.9165,-0.0065185,0.00047122,-2,1,76
3.5265,3.0899,-0.0065185,0.00047122,-2,1,76
2.9982,3.0116,4.9935,0.00047122,1,1,76
1.3816,1.395,-0.0065185,0.00047122,-2,1,76
0.32505,-1.0721,-0.0065185,0.00047122,-2,0,76
-4.9955,-4.9821,-0.0065185,0.00047122,-2,0,76
4.0045,1.4079,-0.0065185,0.00047122,-2,1,76
-2.9955,0.21476,-0.0065185,0.00047122,-2,0,76
-0.99553,0.68214,-0.0065185,0.00047122,-2,1,76
-1.9955,-3.585,-0.0065185,0.00047122,-2,0,76
-2.2955,1.7179,-0.0065185,0.00047122,-2,1,76
2.5595,1.9729,-0.0065185,0.00047122,-2,0,76
0.77622,0.78964,-0.0065185,0.00047122,-2,1,76
0.70447,0.71789,-0.0065185,0.00047122,-2,1,76
-2.4405,-2.0615,-0.0065185,0.00047122,-2,0,76
-0.22378,-2.9201,-0.0065185,0.00047122,-2,1,76
-2.1455,-0.17612,-0.0065185,0.00047122,-2,1,76
-1.823,-3.1462,2.9935,0.00047122,1,0,76
2.172,-2.5321,-0.0065185,0.00047122,-2,0,76
-2.9955,-1.3025,-0.0065185,0.00047122,-2,0,76
-5.5455,-1.5481,-0.0065185,0.00047122,-2,0,76
4.172,4.1854,-0.0065185,0.00047122,-2,0,76
-1.6955,-3.2811,-0.0065185,0.00047122,-2,1,76
3.8468,-2.7446,-0.0065185,0.00047122,-2,1,77
4.5705,4.5839,-0.0065185,0.00047122,-2,1,77
4.3356,2.794,-0.0065185,0.00047122,-2,1,77
-2.127,1.2364,-0.0065185,0.00047122,-2,0,77
2.9662,0.29964,-0.0065185,0.00047122,-2,1,77
4.8219,4.8354,-0.0065185,0.00047122,-2,1,77
2.6993,0.65544,-0.0065185,0.00047122,-2,1,77
2.5951,2.6085,-0.0065185,0.00047122,-2,1,77
4.5065,3.0335,-0.0065185,0.00047122,-2,1,77
4.4312,1.332,-0.0065185,0.00047122,-2,1,77
0.36719,3.7806,-0.0065185,0.00047122,-2,0,77
1.0045,0.62242,-0.0065185,0.00047122,-2,1,77
-0.84553,-0.83211,-3.0065,0.00047122,1,0,77
-2.9955,2.5679,-0.0065185,0.00047122,-2,0,77
-0.44553,-0.43211,-0.0065185,0.00047122,-2,0,77
1.4545,-0.31589,-0.0065185,0.00047122,-2,0,77
0.83697,4.3002,-0.0065185,0.00047122,-2,1,77
-3.5455,-0.68974,-0.0065185,0.00047122,-2,0,77
3.022,3.0354,-4.0065,0.00047122,1,0,77
2.727,2.8284,-0.0065185,0.00047122,-2,1,77
5.7045,5.7179,-0.0065185,0.00047122,-2,1,77
5.4495,5.5265,-0.0065185,0.00047122,-2,1,77
-5.2238,0.87766,-0.0065185,0.00047122,-2,0,77
4.4485,4.5079,-4.0065,0.00047122,1,1,77
3.8919,3.9053,-0.0065185,0.00047122,-2,1,77
-2.7498,2.1536,-0.0065185,0.00047122,-2,0,77
-3.6367,-3.6233,-0.0065185,0.00047122,-2,0,77
-1.5405,-1.5271,-0.0065185,0.00047122,-2,0,77
2.4677,1.7094,-0.0065185,0.00047122,-2,1,77
4.3982,4.4116,-0.0065185,0.00047122,-2,1,77
3.7392,1.8123,-3.0065,0.00047122,1,1,77
5.289,5.3149,-0.0065185,0.00047122,-2,1,77
4.2463,4.2703,-0.0065185,0.00047122,-2,1,77
-4.2011,-4.1877,-0.0065185,0.00047122,-2,0,77
3.1792,-1.3657,-0.0065185,0.00047122,-2,1,77
3.153,2.7229,-0.0065185,0.00047122,-2,1,77
-0.12175,-0.10834,-0.0065185,0.00047122,-2,0,77
1.1118,2.2927,-0.0065185,0.00047122,-2,1,77
0.095672,0.1131,-0.0065185,0.00047122,-2,1,77
-0.073046,-0.78213,-3.0065,0.00047122,1,0,77
-2.9296,2.6338,-0.0065185,0.00047122,-2,0,77
6.5545,6.5679,-0.0065185,0.00047122,-2,1,77
-5.163,1.91,-0.0065185,0.00047122,-2,0,77
4.3968,4.4103,3.9935,0.00047122,1,1,77
-2.5615,-4.9481,-0.0065185,0.00047122,-2,0,77
3.3356,2.199,-0.0065185,0.00047122,-2,1,77
-5.127,-2.8136,-0.0065185,0.00047122,-2,0,77
-5.9573,-2.5646,-0.0065185,0.00047122,-2,0,77
4.8219,4.8354,-0.0065185,0.00047122,-2,1,77
-4.0904,-3.004,-5.0065,0.00047122,1,0,77
-3.5862,-3.7301,-0.0065185,0.00047122,-2,0,77
5.5065,5.5199,-0.0065185,0.00047122,-2,1,77
-5.4223,-1.7869,-0.0065185,0.00047122,-2,0,77
3.3672,4.6306,-0.0065185,0.00047122,-2,1,77
-1.3038,-2.8404,-0.0065185,0.00047122,-2,0,77
-1.1076,-3.2442,-0.0065185,-2.9995,-1,0,77
0.94973,0.96314,3.9935,0.00047122,1,1,77
1.8151,-3.5715,-0.0065185,0.00047122,-2,1,77
5.7045,1.1279,-0.0065185,0.00047122,-2,1,77
4.4495,1.5792,-0.0065185,0.00047122,-2,1,77
-6.2238,-3.7604,-0.0065185,0.00047122,-2,0,77
-3.0395,-3.0261,-0.0065185,0.00047122,-2,0,77
2.8919,2.1218,-0.0065185,0.00047122,-2,1,77
2.4588,0.43558,2.9935,0.00047122,1,1,77
3.6456,3.209,-0.0065185,0.00047122,-2,1,77
-3.5405,-3.0771,-0.0065185,0.00047122,-2,0,77
3.4677,3.0311,-0.0065185,0.00047122,-2,0,77
-3.5455,-3.5321,-0.0065185,0.00047122,-2,0,77
1.8545,1.2913,-0.0065185,0.00047122,-2,1,77
1.577,0.38427,-4.0065,0.00047122,1,1,77
-1.6097,-1.5962,-0.0065185,0.00047122,-2,0,77
1.5265,-2.3501,-0.0065185,0.00047122,-2,1,77
3.4482,3.4616,-0.0065185,0.00047122,-2,1,77
4.3816,4.395,-0.0065185,0.00047122,-2,1,77
-3.7161,-0.91681,3.9935,0.00047122,1,0,77
2.277,1.8355,-0.0065185,0.00047122,-2,1,77
4.2361,-3.0271,-0.0065185,0.00047122,-2,1,77
5.2013,5.2148,-0.0065185,0.00047122,-2,1,77
1.1718,0.90587,-0.0065185,0.00047122,-2,1,77
-2.1378,-2.5809,-0.0065185,0.00047122,-2,0,77
1.8254,1.637,4.9935,0.00047122,1,1,77
2.1072,1.9491,-0.0065185,0.00047122,-2,1,77
0.091827,-0.040584,-0.0065185,0.00047122,-2,0,77
4.0045,7.0885,-0.0065185,0.00047122,-2,1,77
-0.39553,2.9548,-0.0065185,0.00047122,-2,1,77
1.4545,0.35789,-0.0065185,0.00047122,-2,1,77
5.4045,3.4179,-0.0065185,0.00047122,-2,1,77
-4.5855,-4.5721,-3.0065,0.00047122,1,0,77
5.461,4.3427,-0.0065185,0.00047122,-2,1,77
4.0925,4.0765,-0.0065185,0.00047122,-2,1,77
2.7793,2.3002,-0.0065185,0.00047122,-2,1,77
0.51307,2.9715,-0.0065185,0.00047122,-2,0,77
0.43678,0.094357,3.9935,0.00047122,1,1,77
1.0944,1.8494,-0.0065185,0.00047122,-2,1,77
0.93094,0.68726,-0.0065185,0.00047122,-2,1,77
3.792,3.5869,-0.0065185,0.00047122,-2,1,77
-3.2149,-2.0701,-5.0065,0.00047122,1,0,77
-2.5645,-3.7569,-0.0065185,0.00047122,-2,0,77
5.4881,5.3673,-0.0065185,0.00047122,-2,1,77
3.4156,3.3855,-0.0065185,0.00047122,-2,1,77
-5.3449,-3.6221,-0.0065185,0.00047122,-2,0,77
3.3015,5.1944,-0.0065185,0.00047122,-2,1,77
-4.248,-3.3196,-0.0065185,0.00047122,-2,0,77
3.6191,3.5729,4.9935,0.00047122,1,1,77
-1.1779,-4.8011,-0.0065185,0.00047122,-2,0,77
1.8494,1.5343,-0.0065185,0.00047122,-2,0,77
-3.8637,0.8356,-0.0065185,0.00047122,-2,0,77
-0.59553,3.0685,-0.0065185,0.00047122,-2,1,77
-0.88553,2.5399,-0.0065185,0.00047122,-2,1,77
-0.75203,0.45139,4.9935,0.00047122,1,1,77
-2.5505,6.7244,-0.0065185,0.00047122,-2,1,77
0.77622,2.1896,-0.0065185,0.00047122,-2,0,77
0.048485,0.79271,-0.0065185,0.00047122,-2,0,77
-0.84553,-0.83211,-0.0065185,0.00047122,-2,0,77
-0.71803,-0.45606,2.9935,0.00047122,1,1,77
-2.9955,-0.43211,-0.0065185,0.00047122,-2,0,77
-1.5455,0.49588,-0.0065185,0.00047122,-2,1,77
-1.1455,-1.1321,-0.0065185,0.00047122,-2,0,77
-2.6955,-2.6821,-0.0065185,0.00047122,-2,0,77
-1.4405,-1.4271,-0.0065185,0.00047122,-2,1,77
-0.99553,-1.2666,-0.0065185,0.00047122,-2,0,77
-0.99553,-0.98211,-0.0065185,0.00047122,-2,1,77
-0.84553,-0.94384,4.9935,0.00047122,1,1,77
-3.9955,-3.9821,-0.0065185,0.00047122,-2,0,77
1.4045,-3.7431,-0.0065185,0.00047122,-2,0,77
-1.6955,-0.10834,-0.0065185,0.00047122,-2,0,77
1.4495,-0.99361,4.9935,0.00047122,1,1,77
6.2327,5.4961,-0.0065185,0.00047122,-2,1,77
6.0485,6.0619,-0.0065185,0.00047122,-2,1,77
-4.8829,-4.048,-0.0065185,0.00047122,-2,0,77
4.1588,3.1445,-3.0065,0.00047122,1,1,77
-4.6367,2.5203,-0.0065185,0.00047122,-2,0,77
-1.5405,-1.0226,-0.0065185,0.00047122,-2,0,77
-5.4588,-5.0165,-0.0065185,0.00047122,-2,0,77
-3.3893,-3.0113,-0.0065185,0.00047122,-2,1,77
-2.5455,-2.5321,-0.0065185,0.00047122,-2,0,77
-2.163,-4.9821,-0.0065185,-4.9995,-1,0,77
-3.9955,-3.9821,-0.0065185,0.00047122,-2,0,77
3.4045,1.3002,2.9935,0.00047122,1,1,77
5.0045,2.7426,-0.0065185,0.00047122,-2,1,77
4.0045,4.1664,-0.0065185,0.00047122,-2,1,77
0.0044729,0.017889,-0.0065185,0.00047122,-2,0,77
3.0045,3.0885,-0.0065185,0.00047122,-2,1,77
-2.5455,-2.5321,3.9935,0.00047122,1,0,77
2.0045,2.0954,-0.0065185,0.00047122,-2,1,77
2.0045,-2.8721,-0.0065185,0.00047122,-2,1,77
2.0045,-1.6821,-0.0065185,0.00047122,-2,0,77
-1.6955,-1.6821,-4.0065,0.00047122,1,0,77
1.5595,1.5729,-0.0065185,0.00047122,-2,0,77
1.2327,2.9079,-0.0065185,0.00047122,-2,0,77
-1.9955,-0.99689,-0.0065185,0.00047122,-2,1,77
2.0045,1.7179,-0.0065185,0.00047122,-2,1,77
0.30447,0.31789,-0.0065185,0.00047122,-2,1,77
1.7045,1.7179,-0.0065185,0.00047122,-2,1,77
1.4495,-1.0109,-4.0065,0.00047122,1,0,77
4.0045,-2.1539,-0.0065185,0.00047122,-2,1,77
-4.3955,-0.27182,-0.0065185,0.00047122,-2,0,77
1.8945,1.9079,-0.0065185,0.00047122,-2,1,77
4.461,1.4947,-0.0065185,0.00047122,-2,1,77
4.0925,2.659,-0.0065185,0.00047122,-2,1,77
-2.7703,-1.9721,-0.0065185,0.00047122,-2,0,77
0.49587,1.5547,-0.0065185,0.00047122,-2,0,77
3.2868,3.3002,-0.0065185,0.00047122,-2,1,77
1.0944,1.1079,-0.0065185,0.00047122,-2,1,77
3.9309,1.4664,-0.0065185,0.00047122,-2,1,77
4.792,3.3554,-0.0065185,0.00047122,-2,1,77
-3.6649,-3.1877,-0.0065185,0.00047122,-2,0,77
4.5734,3.0826,-0.0065185,0.00047122,-2,1,77
3.4881,3.9015,-0.0065185,0.00047122,-2,1,77
2.9656,2.6941,4.9935,0.00047122,1,0,77
-2.163,-4.2321,-0.0065185,0.00047122,-2,0,77
-3.9955,-3.9821,-0.0065185,0.00047122,-2,0,77
3.0045,3.2703,-0.0065185,0.00047122,-2,1,77
3.0045,3.2325,-0.0065185,0.00047122,-2,1,77
2.0045,1.3317,-0.0065185,0.00047122,-2,1,77
-1.9955,-1.9821,-0.0065185,0.00047122,-2,0,78
-3.9955,-3.9821,-0.0065185,0.00047122,-2,0,78
-1.9955,-1.605,-0.0065185,0.00047122,-2,0,78
-1.9955,-1.6615,-0.0065185,0.00047122,-2,0,78
-0.99553,0.39504,-0.0065185,0.00047122,-2,0,78
-0.99553,-1.2137,-0.0065185,0.00047122,-2,0,78
0.15447,0.16789,-0.0065185,0.00047122,-2,1,78
-0.12303,-1.4462,-0.0065185,0.00047122,1,0,78
2.282,0.017889,-0.0065185,0.00047122,-2,1,78
-7.5455,0.63201,-0.0065185,0.00047122,-2,1,78
7.2545,1.6634,-0.0065185,0.00047122,-2,1,78
-7.5455,-7.5321,-0.0065185,0.00047122,-2,0,78
6.422,5.256,4.9935,0.00047122,1,0,78
-0.38303,5.599,-0.0065185,0.00047122,-2,1,78
0.60447,-1.1636,-0.0065185,0.00047122,-2,0,78
-0.59553,-2.0964,-0.0065185,0.00047122,-2,0,78
-1.1055,3.7254,-0.0065185,0.00047122,-2,0,78
-0.53903,-1.6197,-0.0065185,0.00047122,-2,0,78
0.46645,0.81986,2.9935,0.00047122,1,0,78
0.17197,0.47439,-0.0065185,0.00047122,-2,0,78
0.1621,-1.3129,-0.0065185,0.00047122,-2,0,78
3.3045,0.09271,-0.0065185,0.00047122,-2,0,78
-5.2455,-5.2321,-0.0065185,0.00047122,-2,0,78
4.467,2.1502,-2.0065,0.00047122,1,1,78
2.727,2.7404,-0.0065185,0.00047122,-2,1,78
-3.6097,-2.6109,-0.0065185,0.00047122,-2,0,78
3.5265,3.5399,-0.0065185,0.00047122,-2,1,78
3.4482,3.4616,-0.0065185,0.00047122,-2,1,78
-4.3727,0.52815,-0.0065185,0.00047122,-2,0,78
3.3251,3.7385,-0.0065185,0.00047122,-2,1,78
-2.818,-2.3674,-4.0065,0.00047122,1,1,78
-5.163,-5.1496,-0.0065185,0.00047122,-2,0,78
-4.5455,-2.179,-0.0065185,0.00047122,-2,0,78
-6.163,-4.1495,-0.0065185,0.00047122,-2,0,78
-5.8379,-3.9125,-0.0065185,0.00047122,-2,0,78
-6.5615,-4.9481,-0.0065185,0.00047122,-2,0,78
6.3356,4.3707,-0.0065185,0.00047122,-2,1,78
-3.127,-3.1136,-0.0065185,0.00047122,-2,0,78
-2.6573,-3.6689,1.9935,0.00047122,1,1,78
-2.258,0.90042,-4.0065,0.00047122,1,0,78
1.3096,1.323,-0.0065185,0.00047122,-2,1,78
5.7045,5.7179,-0.0065185,0.00047122,-2,1,78
5.4495,2.1321,-0.0065185,0.00047122,-2,1,78
-4.6238,0.87766,-3.0065,0.00047122,1,1,78
1.1145,5.7927,-0.0065185,0.00047122,-2,1,78
1.548,5.5265,-0.0065185,0.00047122,-2,1,78
-2.0836,1.3002,-0.0065185,0.00047122,-2,1,78
4.7793,4.5839,-0.0065185,0.00047122,-2,0,78
-4.5041,-2.0556,-0.0065185,0.00047122,-2,0,78
3.8368,3.6993,-3.0065,0.00047122,1,0,78
3.0944,0.46577,-0.0065185,0.00047122,-2,0,78
4.9309,1.8504,-0.0065185,0.00047122,-2,1,78
8.4045,2.1577,-0.0065185,0.00047122,-2,1,78
-6.8855,-5.4604,-0.0065185,0.00047122,-2,0,78
-5.852,-2.0261,-0.0065185,-0.99953,-1,0,78
4.9825,2.1059,-0.0065185,0.00047122,-1,0,78
4.2358,3.2287,2.9935,0.00047122,1,0,78
1.9164,4.0179,-0.0065185,0.00047122,-2,0,78
1.4045,1.4179,-0.0065185,0.00047122,-2,1,78
-3.2955,3.3689,-0.0065185,0.00047122,-2,1,78
2.2545,2.8229,-0.0065185,0.00047122,-2,1,78
1.7045,3.049,-0.0065185,0.00047122,-2,1,78
-2.9955,-1.0261,-0.0065185,0.00047122,-2,0,78
2.5545,3.5296,4.9935,0.00047122,1,1,78
-0.99553,-4.2321,-0.0065185,0.00047122,-2,0,78
-1.9955,-1.9821,-0.0065185,0.00047122,-2,0,78
3.0045,1.331,-0.0065185,0.00047122,-2,1,78
5.0045,3.0699,-0.0065185,0.00047122,-2,1,78
3.0045,4.2679,-0.0065185,0.00047122,-2,1,78
-2.5455,-2.5321,3.9935,0.00047122,1,1,78
4.172,-1.3821,-0.0065185,0.00047122,-2,0,78
-5.8379,-5.8245,-0.0065185,0.00047122,-2,0,78
3.4045,0.96139,-0.0065185,0.00047122,-2,1,78
0.89447,0.20723,-0.0065185,0.00047122,-2,0,78
-0.75203,-2.4386,-3.0065,0.00047122,1,1,78
0.55947,2.5679,-0.0065185,0.00047122,-2,0,78
1.7762,0.48964,-0.0065185,0.00047122,-2,1,78
4.5545,2.5679,-0.0065185,0.00047122,-2,1,78
-6.163,-5.2104,-0.0065185,0.00047122,-2,0,78
6.8468,3.3053,-0.0065185,0.00047122,-2,1,78
5.8205,5.8339,-4.0065,0.00047122,1,0,78
-0.38303,-0.36961,-0.0065185,0.00047122,-2,0,78
-0.066152,-3.6939,-0.0065185,0.00047122,-2,1,78
-0.3855,-5.4386,-0.0065185,0.00047122,-2,0,78
0.223,-4.2376,-0.0065185,0.00047122,-2,0,78
1.1187,-0.16786,-0.0065185,0.00047122,-2,1,78
-1.3926,-4.0407,-0.0065185,0.00047122,-2,0,78
1.192,1.2054,-4.0065,0.00047122,1,0,78
-2.163,2.3279,-0.0065185,0.00047122,-2,1,78
0.84685,1.8603,-0.0065185,0.00047122,-2,0,78
-3.4295,-3.4161,-0.0065185,0.00047122,-2,0,78
-2.6644,-2.651,-0.0065185,0.00047122,-2,0,78
2.273,-0.49943,-2.0065,0.00047122,1,1,78
0.042742,2.5265,-0.0065185,0.00047122,-2,1,78
0.187,0.20042,-0.0065185,0.00047122,-2,1,78
1.6993,1.941,-0.0065185,0.00047122,-2,1,78
-1.4362,0.094357,-5.0065,0.00047122,1,0,78
-0.71803,-0.70461,-0.0065185,0.00047122,-2,0,78
-0.60965,-0.73641,-0.0065185,0.00047122,-2,0,78
-2.5175,-2.5041,-0.0065185,0.00047122,-2,0,78
-2.4392,-3.0358,-0.0065185,0.00047122,-2,0,78
-2.3727,-2.3593,-0.0065185,0.00047122,-2,0,78
-2.3161,-1.8209,-0.0065185,0.00047122,-2,0,78
-1.968,-1.9546,-5.0065,0.00047122,1,0,78
-4.2271,-4.2137,-0.0065185,0.00047122,-2,0,78
-3.1924,-3.7915,-0.0065185,0.00047122,-2,0,78
2.7218,2.7734,4.9935,0.00047122,1,1,78
-2.3053,-2.1244,-0.0065185,-1.9995,-1,0,78
-4.1164,-3.7155,-0.0065185,0.00047122,-2,1,78
3.5072,3.5441,3.9935,0.00047122,1,1,78
-3.0829,-6.3821,-0.0065185,0.00047122,-2,0,78
-1.0698,-5.0906,-0.0065185,0.00047122,-2,0,78
-0.93241,0.94541,-0.0065185,0.00047122,-2,0,78
1.8545,-1.2201,-0.0065185,0.00047122,-2,1,78
-1.568,-0.21799,-4.0065,0.00047122,1,0,78
-2.3814,-2.368,-0.0065185,0.00047122,-2,0,78
-7.5455,2.4642,-0.0065185,0.00047122,-2,0,78
-6.163,-1.5256,-0.0065185,0.00047122,-2,0,78
-5.8379,-1.5066,-0.0065185,0.00047122,-2,0,78
-6.5615,-1.6073,-0.0065185,0.00047122,-2,0,78
-5.3266,-2.4735,-0.0065185,0.00047122,-2,0,78
-4.127,-4.7261,-0.0065185,0.00047122,-2,0,78
3.5162,3.5296,4.9935,0.00047122,1,1,78
1.8219,1.8354,-0.0065185,0.00047122,-2,1,78
-3.6904,-2.1946,-0.0065185,0.00047122,-2,1,78
-1.4455,3.1585,-0.0065185,0.00047122,-2,0,78
1.237,0.80786,-3.0065,0.00047122,1,1,78
3.1621,-4.7506,-0.0065185,0.00047122,-2,1,78
1.4385,2.3821,-0.0065185,0.00047122,-2,0,78
-1.5455,-1.201,-0.0065185,0.00047122,-2,0,78
1.322,2.2385,-2.0065,0.00047122,1,0,78
3.8468,0.31789,-0.0065185,0.00047122,-2,1,78
2.7045,2.7179,-0.0065185,0.00047122,-2,0,78
-3.1455,-3.1321,-0.0065185,0.00047122,-2,0,78
-3.273,1.0302,-0.0065185,0.00047122,-2,0,78
-1.3814,-2.768,-0.0065185,0.00047122,-2,0,78
-2.4735,-0.52403,-0.0065185,0.00047122,-2,0,78
-2.5518,-1.9977,-0.0065185,0.00047122,-2,0,78
-2.1684,-1.3129,-4.0065,0.00047122,1,0,78
2.6839,3.0973,-0.0065185,0.00047122,-2,1,78
-0.72304,-2.2596,-0.0065185,0.00047122,-2,0,78
-0.61391,-0.31826,-2.0065,0.00047122,1,0,78
0.20135,-1.2453,-0.0065185,0.00047122,-2,1,78
-0.16287,-0.14945,3.9935,0.00047122,1,1,78
-2.1378,-2.1244,-0.0065185,0.00047122,-2,0,78
-4.6955,-4.6821,-0.0065185,0.00047122,-2,0,78
3.4495,-3.326,-0.0065185,0.00047122,-2,1,78
-2.9238,-2.9104,1.9935,0.00047122,1,0,78
4.0485,2.3767,-0.0065185,0.00047122,-2,1,78
4.8919,3.4729,-0.0065185,0.00047122,-2,1,78
-5.7498,-5.7364,-0.0065185,0.00047122,-2,0,78
4.6456,3.6241,-0.0065185,0.00047122,-2,1,78
4.5495,-0.32454,-0.0065185,0.00047122,-2,1,78
-2.4588,-3.8453,-0.0065185,0.00047122,-2,0,78
2.0982,1.4761,-3.0065,0.00047122,1,0,78
3.4495,3.4629,-0.0065185,0.00047122,-2,0,78
-2.2238,1.9009,-0.0065185,0.00047122,-2,1,78
0.048485,0.061901,-0.0065185,0.00047122,-2,0,78
-0.88294,1.5839,-0.0065185,0.00047122,-2,1,78
-0.24123,-0.22781,-0.0065185,0.00047122,-2,0,78
-2.3544,1.181,-0.0065185,0.00047122,-2,0,78
-3.4505,-1.9871,-0.0065185,0.00047122,-2,0,78
-4.5323,-2.9189,-0.0065185,0.00047122,-2,0,78
4.6107,4.9627,-0.0065185,0.00047122,-2,1,78
-0.66084,-4.8227,-0.0065185,0.00047122,-2,0,78
-2.711,-2.6976,-0.0065185,0.00047122,-2,0,78
-2.7537,-0.4628,-0.0065185,0.00047122,-2,0,78
-2.79,-2.8948,-0.0065185,0.00047122,-2,0,78
-4.8208,-2.3574,-0.0065185,0.00047122,-2,0,78
-4.097,-4.0836,-5.0065,0.00047122,1,0,78
3.8782,4.4906,-0.0065185,0.00047122,-2,0,78
-7.3955,-3.4873,-0.0065185,0.00047122,-2,1,78
-4.8855,-4.8721,-0.0065185,0.00047122,-2,0,78
-0.69553,-1.8721,-0.0065185,0.00047122,-2,0,78
-1.4405,-2.4386,-0.0065185,0.00047122,-2,0,78
-3.273,-1.5256,-0.0065185,0.00047122,-2,1,79
-3.3955,0.63201,-0.0065185,0.00047122,-2,0,79
-4.9955,-2.8721,-0.0065185,0.00047122,-2,1,79
-7.2455,-3.7884,-0.0065185,0.00047122,-2,1,79
-5.608,-5.5946,-0.0065185,0.00047122,-2,0,79
-6.6955,-3.9244,-0.0065185,0.00047122,-2,0,79
-3.4405,-3.8245,-0.0065185,0.00047122,-2,0,79
-2.2238,-2.2104,-0.0065185,0.00047122,-2,0,79
-6.0395,-4.0967,-0.0065185,0.00047122,-2,0,79
-5.8829,-5.3636,-0.0065185,0.00047122,-2,0,79
-1.7498,-1.9438,-0.0065185,0.00047122,-2,0,79
1.4956,4.4479,1.9935,0.00047122,1,1,79
-1.263,-2.377,-5.0065,0.00047122,1,0,79
3.4677,4.8585,-0.0065185,0.00047122,-2,0,79
4.5545,5.6304,-0.0065185,0.00047122,-2,1,79
-3.6955,-2.3168,-0.0065185,0.00047122,-2,0,79
-4.4405,-2.109,-0.0065185,0.00047122,-2,0,79
-1.2238,-1.2104,-0.0065185,0.00047122,-2,0,79
1.0485,3.2294,4.9935,0.00047122,1,0,79
-0.99553,-1.9992,-0.0065185,0.00047122,-2,1,79
-1.9955,2.4339,-0.0065185,0.00047122,-2,0,79
1.7045,-1.3527,1.9935,0.00047122,1,1,79
0.0044729,-1.1136,-0.0065185,0.00047122,-2,1,79
0.0044729,-0.75564,4.9935,0.00047122,1,0,79
-1.9955,-0.39289,-0.0065185,0.00047122,-2,0,79
-2.6955,-0.28726,-0.0065185,0.00047122,-2,0,79
3.4495,4.5335,-0.0065185,0.00047122,-2,1,79
3.2327,3.2461,-0.0065185,0.00047122,-2,1,79
-5.0395,-1.0004,-0.0065185,0.00047122,-2,0,79
4.8919,4.9053,-0.0065185,0.00047122,-2,1,79
4.1588,3.6622,4.9935,0.00047122,1,1,79
4.6456,4.659,-0.0065185,0.00047122,-2,1,79
-1.5405,-3.3719,-0.0065185,0.00047122,-2,0,79
4.4677,1.3311,-0.0065185,0.00047122,-2,1,79
5.3982,3.8116,-0.0065185,0.00047122,-2,1,79
5.3392,4.6026,-0.0065185,0.00047122,-2,1,79
3.289,2.9016,-0.0065185,0.00047122,-2,1,79
3.2463,3.8722,-0.0065185,0.00047122,-2,1,79
2.21,2.2234,-0.0065185,0.00047122,-2,1,79
1.8792,2.114,3.9935,0.00047122,1,0,79
-1.5505,3.5664,-0.0065185,0.00047122,-2,0,79
1.2327,-0.96609,-0.0065185,0.00047122,-2,0,79
-0.95151,-0.651,-0.0065185,0.00047122,-2,0,79
-0.80812,1.1493,3.9935,0.00047122,1,1,79
-1.4405,3.4179,-0.0065185,0.00047122,-2,1,79
2.2327,-4.3807,-0.0065185,0.00047122,-2,1,79
-2.8455,-0.83211,-0.0065185,0.00047122,-2,0,79
2.427,0.62793,-3.0065,0.00047122,1,1,79
-3.6097,1.9538,-0.0065185,0.00047122,-2,0,79
-3.0675,-3.0541,3.9935,0.00047122,1,0,79
-4.4392,-4.4258,-0.0065185,0.00047122,-2,0,79
-4.3727,2.5307,-0.0065185,0.00047122,-2,0,79
-1.3161,-3.7027,-0.0065185,0.00047122,-2,0,79
-0.72304,-1.3932,-0.0065185,0.00047122,-2,1,79
1.7729,-0.93623,-0.0065185,0.00047122,-2,1,79
3.7045,-0.29923,-0.0065185,0.00047122,-2,1,79
3.1495,1.1959,-4.0065,0.00047122,1,0,79
-5.4405,2.1896,-0.0065185,0.00047122,-2,0,79
0.40447,0.41789,-0.0065185,0.00047122,-2,0,79
-0.54553,-0.53211,-0.0065185,0.00047122,-2,1,79
-1.2955,-1.2821,-0.0065185,0.00047122,-2,0,79
-1.4455,1.9267,-0.0065185,0.00047122,-2,0,79
0.40447,4.059,-0.0065185,0.00047122,-2,0,79
-0.33553,2.1047,-3.0065,0.00047122,1,1,79
1.837,4.4811,-0.0065185,0.00047122,-2,1,79
-4.3955,-1.5397,-0.0065185,0.00047122,-2,0,79
2.8945,1.8603,-0.0065185,0.00047122,-2,1,79
3.461,2.3064,-0.0065185,0.00047122,-2,1,79
-5.0836,-2.9201,-0.0065185,0.00047122,-2,0,79
4.3293,4.3427,-4.0065,0.00047122,1,0,79
-0.82803,3.1471,-0.0065185,0.00047122,-2,0,79
-1.1532,-5.8721,-0.0065185,0.00047122,-2,0,79
1.5705,1.5839,-0.0065185,0.00047122,-2,0,79
4.3356,-0.49337,-0.0065185,0.00047122,-2,0,79
3.6859,0.79307,3.9935,0.00047122,1,1,79
4.172,4.1854,-0.0065185,0.00047122,-2,1,79
5.8468,2.6777,-0.0065185,0.00047122,-2,1,79
4.5705,5.4744,-0.0065185,0.00047122,-2,1,79
6.3356,4.239,-0.0065185,0.00047122,-2,1,79
5.1359,5.3993,-0.0065185,0.00047122,-2,1,79
4.3662,5.5265,-0.0065185,4.0005,-1,1,79
0.187,-4.1544,-0.0065185,0.00047122,-2,1,79
-0.84553,-0.13726,-0.0065185,0.00047122,-2,1,79
3.0045,-2.0701,-0.0065185,0.00047122,-2,0,79
-2.9955,-2.5321,-0.0065185,0.00047122,-2,0,79
4.5545,4.5679,-0.0065185,0.00047122,-2,1,79
-3.863,-1.7869,3.9935,0.00047122,1,1,79
-4.4405,1.8519,-0.0065185,0.00047122,-2,1,79
-4.2238,-2.72,-0.0065185,0.00047122,-2,0,79
6.5545,-0.27111,-0.0065185,0.00047122,-2,1,79
-5.163,-5.1496,-0.0065185,0.00047122,-2,0,79
-4.3879,-4.7145,1.9935,0.00047122,1,0,79
-4.5615,0.15187,-0.0065185,0.00047122,-2,0,79
-0.32664,-3.6636,-0.0065185,0.00047122,-2,1,79
-3.1455,-6.1496,-0.0065185,0.00047122,-2,1,79
-2.673,-0.22134,4.9935,0.00047122,1,0,79
-4.8855,-2.7996,-0.0065185,0.00047122,-2,0,79
2.461,-3.5946,-0.0065185,0.00047122,-2,1,79
-1.0836,-1.7042,-0.0065185,0.00047122,-2,0,79
-1.7703,2.6279,-0.0065185,0.00047122,-2,0,79
2.5131,-2.9231,-0.0065185,0.00047122,-2,1,79
-4.2778,1.0536,-0.0065185,0.00047122,-2,0,79
-3.6355,-2.8404,1.9935,0.00047122,1,0,79
2.9309,0.65544,-0.0065185,0.00047122,-2,1,79
3.792,1.8598,-0.0065185,0.00047122,-2,1,79
-4.6649,2.2305,-0.0065185,0.00047122,-2,1,79
-5.3955,-3.5431,-0.0065185,0.00047122,-2,1,79
-4.8855,-4.8721,-0.0065185,0.00047122,-2,0,79
-4.152,-0.67281,1.9935,0.00047122,1,1,79
1.0925,-2.6821,-0.0065185,0.00047122,-2,0,79
0.77929,-2.4271,-0.0065185,0.00047122,-2,0,79
-0.48693,-3.2104,-0.0065185,0.00047122,-2,0,79
-1.2778,0.41164,-0.0065185,0.00047122,-2,0,79
1.0944,-0.86952,-4.0065,0.00047122,1,1,79
1.0045,1.0179,-0.0065185,0.00047122,-2,1,79
1.0045,0.47291,-0.0065185,0.00047122,-2,1,79
-2.1455,2.4744,-0.0065185,0.00047122,-2,1,79
0.28197,0.29539,-0.0065185,0.00047122,-2,0,79
-3.3814,-1.5355,-0.0065185,0.00047122,-2,0,79
0.40447,0.41789,-0.0065185,0.00047122,-2,1,79
-3.8855,-2.5481,-0.0065185,0.00047122,-2,0,79
-3.302,-1.3486,-4.0065,0.00047122,1,0,79
-2.0836,-1.1136,-0.0065185,0.00047122,-2,1,79
-2.9955,-1.7569,-0.0065185,0.00047122,-2,1,79
-0.99553,-0.98211,-0.0065185,0.00047122,-2,0,79
0.85447,2.9559,4.9935,0.00047122,1,1,79
0.28197,-0.82449,-0.0065185,0.00047122,-2,0,79
-0.3814,-0.36799,-0.0065185,0.00047122,-2,0,79
-2.1455,-6.0527,-0.0065185,0.00047122,-2,1,79
-1.823,-3.7236,-3.0065,0.00047122,1,0,79
-3.163,-3.5321,-0.0065185,0.00047122,-2,0,79
5.8468,1.6634,-0.0065185,0.00047122,-2,0,79
5.4045,1.5742,-0.0065185,0.00047122,-2,1,79
5.7045,5.7179,-0.0065185,0.00047122,-2,1,79
6.4495,6.4629,-0.0065185,0.00047122,-2,0,79
-8.2455,-4.6588,-0.0065185,0.00047122,-2,0,79
-5.3955,-5.1569,-0.0065185,0.00047122,-2,0,79
4.5945,4.6079,4.9935,0.00047122,1,0,79
3.4495,3.4629,-0.0065185,0.00047122,-2,1,79
0.30447,-5.2946,-0.0065185,0.00047122,-2,0,79
1.5595,1.5285,-0.0065185,0.00047122,-2,0,79
1.7762,1.3396,-0.0065185,0.00047122,-2,0,79
-1.5015,-1.4881,4.9935,0.00047122,1,0,79
0.17197,-6.2321,-0.0065185,0.00047122,-2,0,79
-1.6955,-0.080948,-0.0065185,0.00047122,-2,1,79
-1.9955,-1.9821,-0.0065185,0.00047122,-2,0,79
-1.6955,-0.351,-5.0065,0.00047122,1,1,79
3.0045,-0.069547,-0.0065185,0.00047122,-2,1,79
0.45447,-4.482,-0.0065185,0.00047122,-2,1,79
2.5545,-5.2202,-0.0065185,0.00047122,-2,1,79
2.172,2.1854,-0.0065185,0.00047122,-2,1,79
0.84685,0.86026,-0.0065185,0.00047122,-2,1,79
-2.5615,-1.5481,-0.0065185,0.00047122,-2,1,79
2.1856,-0.735,-4.0065,0.00047122,1,0,79
2.727,-2.6596,-0.0065185,0.00047122,-2,1,79
-4.6955,2.9079,-0.0065185,0.00047122,-2,1,79
-2.5455,0.017889,-0.0065185,0.00047122,-2,1,79
-2.163,0.017889,-0.0065185,0.00047122,-2,0,79
-2.9955,-2.9821,-0.0065185,0.00047122,-2,1,79
0.45447,0.46789,-0.0065185,0.00047122,-2,1,79
-0.16303,-0.14961,-0.0065185,0.00047122,-2,1,79
0.14685,1.7905,0.99348,0.00047122,1,1,79
-3.4405,-1.1321,-0.0065185,0.00047122,-2,0,79
0.30447,1.8122,-0.0065185,0.00047122,-2,0,79
2.4495,-2.8136,-0.0065185,0.00047122,-2,1,79
-3.2238,0.12962,-0.0065185,0.00047122,-2,1,79
-3.6955,-2.7046,-0.0065185,0.00047122,-2,0,79
2.7045,3.1629,-0.0065185,0.00047122,-2,1,79
-2.2905,-1.5864,-3.0065,0.00047122,1,1,79
-1.718,-1.9329,-0.0065185,0.00047122,-2,0,79
-1.1455,3.2294,-0.0065185,0.00047122,-2,1,79
1.282,1.2954,-0.0065185,0.00047122,-2,1,79
0.30447,-0.92781,-0.0065185,0.00047122,-2,1,79
0.30447,-0.45386,-0.0065185,0.00047122,-2,1,79
0.72697,-1.8096,-0.0065185,0.00047122,-2,0,80
-4.6097,-0.59624,-0.0065185,0.00047122,-2,1,80
1.5265,2.349,-0.0065185,0.00047122,-2,1,80
4.8545,3.3516,-0.0065185,0.00047122,-2,1,80
-4.718,-4.7046,-0.0065185,0.00047122,-2,0,80
4.6186,6.1059,-0.0065185,0.00047122,-2,1,80
3.5265,4.7927,-0.0065185,0.00047122,-2,1,80
-0.55182,3.6145,-0.0065185,0.00047122,-2,0,80
5.8545,0.49074,-0.0065185,0.00047122,-2,1,80
2.727,2.7404,-0.0065185,0.00047122,-2,1,80
-2.6097,-0.6998,-0.0065185,0.00047122,-2,0,80
3.5265,3.5399,-0.0065185,0.00047122,-2,0,80
-2.9892,-1.6056,-2.0065,0.00047122,1,0,80
-4.3727,-3.1946,-0.0065185,0.00047122,-2,1,80
-1.5955,4.8629,-0.0065185,0.00047122,-2,1,80
-0.24553,5.2461,-0.0065185,0.00047122,-2,1,80
-2.608,2.0619,-0.0065185,0.00047122,-2,1,80
0.075098,0.088514,-0.0065185,0.00047122,-2,0,80
0.064504,1.6435,3.9935,0.00047122,1,0,80
-0.21405,-2.741,-0.0065185,0.00047122,-2,1,80
0.89022,0.90364,-0.0065185,0.00047122,-2,1,80
0.15447,0.16789,-0.0065185,0.00047122,-2,1,80
-0.71803,-0.70461,-0.0065185,0.00047122,-2,0,80
-0.60965,-1.0261,3.9935,0.00047122,1,0,80
-0.99553,3.4179,-0.0065185,0.00047122,-2,1,80
-2.1455,-2.6303,-0.0065185,0.00047122,-2,0,80
-0.71803,5.0244,-0.0065185,0.00047122,-2,1,80
-0.60965,2.1059,-0.0065185,0.00047122,-2,0,80
-1.9955,-0.50412,-0.0065185,0.00047122,-2,0,80
4.0045,1.7179,-0.0065185,0.00047122,-2,0,80
-3.3955,-1.4271,4.9935,0.00047122,1,0,80
-2.9955,-2.9821,-0.0065185,0.00047122,-2,0,80
-3.9955,-3.9821,-0.0065185,0.00047122,-2,0,80
-3.9955,1.0005,-0.0065185,0.00047122,-2,0,80
-4.9955,-3.3821,-0.0065185,0.00047122,-2,0,80
3.0045,0.79936,-0.0065185,0.00047122,-2,1,80
-4.9955,-3.5946,-0.0065185,0.00047122,-2,0,80
-2.9955,-1.3792,-0.0065185,0.00047122,-2,0,80
-1.9955,-3.5946,-0.0065185,0.00047122,-2,0,80
-1.6955,-1.6821,3.9935,0.00047122,1,1,80
-2.4405,-0.44274,-0.0065185,0.00047122,-2,0,80
0.15447,1.8546,-0.0065185,0.00047122,-2,1,80
-2.1455,0.14539,-0.0065185,0.00047122,-2,1,80
1.832,0.47986,-5.0065,0.00047122,1,0,80
0.39035,-0.75693,-0.0065185,0.00047122,-2,1,80
3.8545,3.8679,-0.0065185,0.00047122,-2,1,80
2.727,2.7404,-0.0065185,0.00047122,-2,1,80
-2.6097,0.62792,-0.0065185,0.00047122,-2,0,80
3.5265,3.5399,-0.0065185,0.00047122,-2,1,80
-2.9892,2.1761,-4.0065,0.00047122,1,0,80
-5.3727,-1.7792,-0.0065185,0.00047122,-2,0,80
3.3251,3.3385,-0.0065185,0.00047122,-2,1,80
-3.268,-1.824,-0.0065185,0.00047122,-2,0,80
4.2361,4.2495,-0.0065185,0.00047122,-2,1,80
4.2013,4.2148,-0.0065185,0.00047122,-2,1,80
-1.1629,-2.368,-0.0065185,0.00047122,-2,1,80
-0.98777,-0.22758,-4.0065,0.00047122,1,0,80
-3.1164,-2.4683,-0.0065185,0.00047122,-2,0,80
-4.0983,-3.5453,-0.0065185,0.00047122,-2,0,80
-4.0829,-3.6109,-0.0065185,0.00047122,-2,0,80
-3.0698,-3.0545,-0.0065185,0.00047122,-2,0,80
0.94136,-2.2639,-0.0065185,0.00047122,-2,1,80
0.15447,3.694,-0.0065185,0.00047122,-2,1,80
-0.12303,-0.10961,3.9935,0.00047122,1,0,80
-2.718,-2.7046,-0.0065185,0.00047122,-2,0,80
1.6186,-1.9456,-0.0065185,0.00047122,-2,0,80
0.15447,-1.3541,-0.0065185,0.00047122,-2,1,80
0.72697,-2.9201,-0.0065185,0.00047122,-2,1,80
2.0045,1.2954,-0.0065185,0.00047122,-2,1,80
-1.6955,-0.50412,3.9935,0.00047122,1,0,80
3.0045,-3.9041,-0.0065185,0.00047122,-2,1,80
-1.9955,-2.0884,-0.0065185,0.00047122,-2,0,80
-0.99553,-0.98211,-0.0065185,0.00047122,-2,1,80
-0.84553,-0.83211,-0.0065185,0.00047122,-2,0,80
-0.71803,-1.2104,3.9935,0.00047122,1,0,80
-0.99553,3.6495,-0.0065185,0.00047122,-2,0,80
-1.9955,-1.7852,-0.0065185,0.00047122,-2,0,80
-1.9955,-1.9821,-0.0065185,0.00047122,-2,1,80
-5.6955,-5.6821,-0.0065185,0.00047122,-2,0,80
2.4045,0.41899,-0.0065185,0.00047122,-2,1,80
-2.0355,-2.0221,1.9935,0.00047122,1,1,80
-2.273,0.82774,-0.0065185,0.00047122,-2,1,80
0.39035,-0.42711,-0.0065185,0.00047122,-2,1,80
-4.8455,-1.6276,-0.0065185,0.00047122,-2,0,80
-1.718,-1.7046,-0.0065185,0.00047122,-2,0,80
-1.4597,-4.4381,0.99348,0.00047122,1,0,80
-2.4735,-2.4601,-0.0065185,0.00047122,-2,0,80
2.1108,-0.39106,3.9935,0.00047122,1,0,80
2.6273,2.0562,-0.0065185,0.00047122,-2,1,80
-2.2249,-4.7145,-4.0065,0.00047122,1,0,80
-3.163,-2.5481,-0.0065185,0.00047122,-2,0,80
-3.8379,-3.3132,-0.0065185,0.00047122,-2,0,80
3.2705,4.0404,-2.0065,0.00047122,1,0,80
-4.4405,0.75616,-0.0065185,0.00047122,-2,0,80
-1.5455,0.20042,-0.0065185,0.00047122,-2,1,80
-1.1455,-1.1321,-0.0065185,0.00047122,-2,1,80
0.98197,3.1426,-3.0065,0.00047122,1,0,80
3.3903,3.4038,-0.0065185,0.00047122,-2,1,80
-7.3955,-1.8146,-0.0065185,0.00047122,-2,0,80
6.8945,3.6954,-0.0065185,0.00047122,-2,1,80
3.461,-0.54813,-0.0065185,0.00047122,-2,1,80
2.9425,4.9959,1.9935,0.00047122,1,1,80
1.7793,1.7927,-0.0065185,0.00047122,-2,0,80
-1.5041,0.97962,3.9935,0.00047122,1,1,80
1.0045,-3.3821,-0.0065185,0.00047122,-2,1,80
3.8545,0.12789,-0.0065185,0.00047122,-2,1,80
4.727,-1.5512,-0.0065185,0.00047122,-2,1,80
4.6186,4.632,-0.0065185,0.00047122,-2,1,80
-3.5175,-3.3941,-0.0065185,0.00047122,-2,0,80
2.9982,3.0116,2.9935,0.00047122,1,1,80
-1.6184,-3.2644,-0.0065185,0.00047122,-2,0,80
2.7045,-2.4702,-0.0065185,0.00047122,-2,0,80
0.15447,-1.1546,-0.0065185,0.00047122,-2,1,80
-0.27303,-1.0637,-0.0065185,0.00047122,-2,0,80
0.24035,1.0648,-3.0065,0.00047122,1,1,80
0.48247,1.1852,-0.0065185,0.00047122,-2,1,80
1.5608,-2.5933,-0.0065185,0.00047122,-2,1,80
4.6273,1.3407,-0.0065185,0.00047122,-2,1,80
-3.6749,-4.3349,-0.0065185,0.00047122,-2,0,80
-3.723,-4.0695,-0.0065185,0.00047122,-2,0,80
1.7729,1.7863,-0.0065185,0.00047122,-2,1,80
-0.1924,2.5375,-0.0065185,0.00047122,-2,0,80
-0.16287,1.9386,-5.0065,0.00047122,1,0,80
3.0045,4.7927,-0.0065185,0.00047122,-2,1,80
5.5545,5.5679,-0.0065185,0.00047122,-2,1,80
-5.163,3.0885,-0.0065185,0.00047122,-2,0,80
4.3968,-0.042143,3.9935,0.00047122,1,1,80
-2.5615,-1.1636,-0.0065185,0.00047122,-2,0,80
-1.3266,1.9036,-0.0065185,0.00047122,-2,1,80
-1.127,4.0179,-0.0065185,4.0005,-1,1,80
0.9662,1.5937,-3.0065,0.00047122,1,0,80
-0.99553,2.5679,-0.0065185,0.00047122,-2,0,80
-1.1455,-1.1321,-0.0065185,0.00047122,-2,0,80
-1.6955,-1.6821,-0.0065185,0.00047122,-2,1,80
-2.9955,0.33847,-0.0065185,0.00047122,-2,1,80
-2.9955,-2.5321,-0.0065185,0.00047122,-2,0,80
-1.5455,-1.1496,-0.0065185,0.00047122,-2,1,80
0.15447,1.9796,-0.0065185,0.00047122,-2,1,80
-0.12303,-1.102,-3.0065,0.00047122,1,0,80
1.727,3.2904,-0.0065185,0.00047122,-2,1,80
-1.4597,-2.1632,-2.0065,0.00047122,1,0,80
-4.5175,-2.8136,-0.0065185,0.00047122,-2,1,80
-1.3955,-1.3821,-0.0065185,0.00047122,-2,1,80
-1.1855,-3.2493,-2.0065,0.00047122,1,0,80
0.55947,1.3825,-0.0065185,0.00047122,-2,1,80
0.47622,2.2904,-0.0065185,2.0005,-1,1,80
-0.95151,-3.2104,-0.0065185,0.00047122,-2,1,80
0.81706,1.9148,-3.0065,0.00047122,1,1,80
-3.2412,-1.1935,-0.0065185,0.00047122,-2,0,80
-3.3544,-4.1244,-0.0065185,0.00047122,-2,0,80
-3.4505,-1.0297,-0.0065185,0.00047122,-2,0,80
2.5412,3.1207,-0.0065185,0.00047122,-2,1,80
-4.6018,-3.651,-0.0065185,0.00047122,-2,0,80
-3.6608,-2.8507,-0.0065185,0.00047122,-2,0,80
-3.111,-2.1332,3.9935,0.00047122,1,1,80
-2.8855,-1.7569,-0.0065185,0.00047122,-2,1,80
-1.452,3.6027,-0.0065185,0.00047122,-2,1,80
-1.9075,-3.2886,-0.0065185,0.00047122,-2,0,80
2.2297,2.9279,-0.0065185,0.00047122,-2,1,80
0.49587,1.9814,-0.0065185,0.00047122,-2,1,80
-1.2778,0.93039,-0.0065185,0.00047122,-2,0,80
-1.9955,-0.53711,-0.0065185,0.00047122,-2,0,80
1.0045,-2.3003,-0.0065185,0.00047122,-2,1,80
0.0044729,0.017889,-0.0065185,0.00047122,-2,1,80
1.0045,-0.86952,-0.0065185,0.00047122,-2,0,80
0.0044729,0.017889,-0.0065185,0.00047122,-2,1,80
0.0044729,-1.2266,-0.0065185,0.00047122,-2,0,80
1.0045,1.0179,-0.0065185,0.00047122,-2,1,80
1.8545,1.8679,-0.0065185,0.00047122,-2,1,80
1.577,-0.42582,-4.0065,0.00047122,1,1,80
2.6186,2.632,-0.0065185,0.00047122,-2,1,80
4.5265,4.5399,-0.0065185,0.00047122,-2,1,80
4.4482,4.4616,-0.0065185,0.00047122,-2,1,80
-4.3727,2.1059,-0.0065185,0.00047122,-2,0,80
3.3251,3.3385,-0.0065185,0.00047122,-2,1,80
1.3903,-0.59624,-0.0065185,0.00047122,-2,0,81
-1.5175,1.7179,-0.0065185,0.00047122,-2,0,81
-1.4392,-0.98211,-0.0065185,0.00047122,-2,0,81
-1.3727,-0.70461,-0.0065185,0.00047122,-2,0,81
-1.6749,1.1885,-0.0065185,0.00047122,-2,1,81
-0.72304,-0.70962,-0.0065185,0.00047122,-2,0,81
-3.8455,-3.8321,-0.0065185,0.00047122,-2,0,81
2.727,1.2461,-0.0065185,0.00047122,-2,1,81
1.6186,2.0619,-0.0065185,0.00047122,-2,1,81
1.5265,1.5399,-0.0065185,0.00047122,-2,1,81
4.4482,4.4616,-0.0065185,0.00047122,-2,1,81
-0.37268,-1.4033,-0.0065185,0.00047122,-2,1,81
0.32505,1.4503,2.9935,0.00047122,1,0,81
0.0044729,-3.2864,-0.0065185,0.00047122,-2,1,81
-1.9955,-1.9821,-0.0065185,0.00047122,-2,0,81
-1.9955,0.56287,-0.0065185,0.00047122,-2,0,81
3.0045,1.2547,-0.0065185,0.00047122,-2,1,81
1.0045,0.62414,-0.0065185,0.00047122,-2,1,81
-0.84553,-1.8149,3.9935,0.00047122,1,1,81
2.282,3.4179,-0.0065185,0.00047122,-2,0,81
-4.5455,-4.5321,-0.0065185,0.00047122,-2,0,81
2.7045,-0.31323,-0.0065185,0.00047122,-2,1,81
-1.4405,-1.4271,-0.0065185,0.00047122,-2,1,81
1.2327,-0.94384,-5.0065,0.00047122,1,0,81
0.0044729,0.017889,-0.0065185,0.00047122,-2,1,81
1.0045,0.017889,-0.0065185,0.00047122,-2,0,81
-1.1455,-1.9821,-0.0065185,0.00047122,-2,0,81
-2.273,-2.9821,-0.0065185,0.00047122,-2,0,81
-2.3814,-2.368,-0.0065185,0.00047122,-2,0,81
2.4825,1.3816,-0.0065185,0.00047122,-2,1,81
-2.1018,-2.5321,-3.0065,0.00047122,1,0,81
4.3816,4.395,-0.0065185,0.00047122,-2,1,81
-2.3955,3.1854,-0.0065185,0.00047122,-2,1,81
0.15447,2.9079,-0.0065185,0.00047122,-2,0,81
-2.718,-1.9821,-0.0065185,0.00047122,-2,0,81
3.6186,-0.090486,-0.0065185,0.00047122,-2,1,81
1.4825,-3.0541,-0.0065185,0.00047122,-2,1,81
2.7045,1.7179,-0.0065185,0.00047122,-2,1,81
6.4495,-0.97449,-0.0065185,0.00047122,-2,1,81
5.4827,2.7019,4.9935,0.00047122,1,1,81
6.0485,3.6868,-0.0065185,0.00047122,-2,1,81
-4.8829,-4.482,-0.0065185,0.00047122,-2,0,81
3.7588,2.4562,-0.0065185,0.00047122,-2,1,81
3.1956,1.7504,-3.0065,0.00047122,1,0,81
-2.163,-2.6946,-0.0065185,0.00047122,-2,0,81
-3.9955,-4.4453,-0.0065185,0.00047122,-2,0,81
2.0045,2.0179,-0.0065185,0.00047122,-2,1,81
2.0045,-1.5481,-0.0065185,0.00047122,-2,1,81
2.0045,1.7179,-0.0065185,0.00047122,-2,1,81
1.7045,1.7179,4.9935,0.00047122,1,1,81
4.0045,4.2234,-0.0065185,0.00047122,-2,1,81
-1.9955,-3.7693,-0.0065185,0.00047122,-2,1,81
-4.6955,-6.0527,-0.0065185,0.00047122,-2,0,81
2.5545,0.017889,-0.0065185,0.00047122,-2,1,81
0.83697,0.85039,-0.0065185,0.00047122,-2,1,81
5.5545,5.5679,-0.0065185,0.00047122,-2,1,81
-4.713,0.9053,3.9935,0.00047122,1,1,81
-3.163,-1.8245,-0.0065185,0.00047122,-2,1,81
3.8468,-0.87211,-0.0065185,0.00047122,-2,1,81
-3.6955,-2.7046,-0.0065185,0.00047122,-2,0,81
4.4495,4.4629,-0.0065185,0.00047122,-2,1,81
-4.2238,-3.5041,-0.0065185,0.00047122,-2,0,81
-3.0395,-1.0261,-0.0065185,0.00047122,-2,0,81
-2.5829,-2.0593,1.9935,0.00047122,1,1,81
-2.4405,-2.4271,-0.0065185,0.00047122,-2,0,81
0.85447,0.65904,-0.0065185,0.00047122,-2,0,81
4.0045,5.2461,-0.0065185,0.00047122,-2,1,81
-1.9955,-1.9821,-0.0065185,0.00047122,-2,0,81
-2.9955,-2.9821,-0.0065185,0.00047122,-2,0,81
2.5545,-0.42582,-4.0065,0.00047122,1,1,81
0.0044729,0.017889,-0.0065185,0.00047122,-2,0,81
2.0045,0.56287,-0.0065185,0.00047122,-2,1,81
-3.6955,0.77439,-0.0065185,0.00047122,-2,0,81
5.4495,3.1629,-0.0065185,0.00047122,-2,1,81
4.6327,3.7526,2.9935,0.00047122,1,1,81
5.0485,2.8524,-0.0065185,0.00047122,-2,1,81
2.8919,2.2597,-0.0065185,0.00047122,-2,1,81
-2.7498,-3.6264,-0.0065185,0.00047122,-2,0,81
2.6456,2.359,-0.0065185,0.00047122,-2,1,81
4.5495,1.8664,-0.0065185,0.00047122,-2,1,81
3.8677,3.5441,2.9935,0.00047122,1,1,81
-2.6018,-2.5884,-0.0065185,0.00047122,-2,0,81
-0.54553,2.2766,-0.0065185,0.00047122,-2,0,81
0.83697,-0.44961,-0.0065185,0.00047122,-2,1,81
5.5545,4.4629,-0.0065185,0.00047122,-2,1,81
6.172,5.2461,-0.0065185,0.00047122,-2,1,81
5.8468,5.8603,-0.0065185,0.00047122,-2,1,81
4.9705,2.5456,-4.0065,0.00047122,1,1,81
-4.3266,-3.7364,-0.0065185,0.00047122,-2,0,81
-4.127,-3.6233,-0.0065185,0.00047122,-2,0,81
-2.9573,-2.5271,-0.0065185,0.00047122,-2,0,81
2.8219,2.8354,-0.0065185,0.00047122,-2,1,81
2.3993,-1.0621,-4.0065,0.00047122,1,0,81
0.44947,-1.156,-0.0065185,0.00047122,-2,0,81
-0.76728,-3.7221,-0.0065185,0.00047122,-2,0,81
-0.95151,-2.7721,-0.0065185,0.00047122,-2,0,81
-0.80812,-3.7701,2.9935,0.00047122,1,1,81
-2.5505,-6.5321,-0.0065185,0.00047122,-2,1,81
1.4045,-2.6515,-0.0065185,0.00047122,-2,0,81
1.8945,1.8639,-0.0065185,0.00047122,-2,0,81
1.461,1.4744,-0.0065185,0.00047122,-2,0,81
-1.9075,-1.8941,-0.0065185,0.00047122,-2,0,81
1.2297,-1.1428,-0.0065185,0.00047122,-2,1,81
-1.0369,-2.8291,1.9935,0.00047122,1,0,81
-2.7132,-2.6998,-0.0065185,0.00047122,-2,0,81
-1.9056,1.2483,-0.0065185,0.00047122,-2,0,81
4.9309,-1.6056,-0.0065185,0.00047122,-2,1,81
7.4045,3.2629,-0.0065185,0.00047122,-2,0,81
1.4045,1.5755,-0.0065185,0.00047122,-2,0,81
-1.1855,-1.1721,-4.0065,0.00047122,1,1,81
-0.53903,-3.0773,-0.0065185,0.00047122,-2,0,81
-0.083552,-0.070136,-0.0065185,0.00047122,-2,1,81
-1.7703,-1.7569,-0.0065185,0.00047122,-2,1,81
-2.4869,-4.0406,-0.0065185,0.00047122,-2,0,81
-2.1132,1.743,3.9935,0.00047122,1,1,81
-0.10553,-4.4721,-0.0065185,0.00047122,-2,0,81
2.548,6.3002,-0.0065185,0.00047122,-2,1,81
1.9164,3.2754,-0.0065185,0.00047122,-2,1,81
-1.2207,-5.4701,-0.0065185,0.00047122,-2,0,81
-0.48693,-3.7569,-0.0065185,0.00047122,-2,0,81
-1.2778,2.8548,-0.0065185,0.00047122,-2,0,81
0.0044729,3.1426,-0.0065185,0.00047122,-2,0,81
0.0044729,1.5839,3.9935,0.00047122,1,0,81
0.0044729,-3.3821,-0.0065185,0.00047122,-2,0,81
0.0044729,4.0393,-0.0065185,0.00047122,-2,0,81
-4.9955,0.017889,-0.0065185,0.00047122,-2,0,81
4.2545,4.2679,3.9935,0.00047122,1,1,81
4.0045,4.0179,-0.0065185,0.00047122,-2,1,81
-3.9955,-3.3915,-0.0065185,0.00047122,-2,0,81
4.0045,4.0179,-0.0065185,0.00047122,-2,1,81
-3.3955,-1.6434,3.9935,0.00047122,1,0,81
-3.9955,3.7806,-0.0065185,0.00047122,-2,0,81
-0.99553,-0.6738,-0.0065185,0.00047122,-2,0,81
-1.9955,-2.8721,-0.0065185,0.00047122,-2,0,81
-4.9955,-4.7594,-0.0065185,0.00047122,-2,0,81
-4.2455,-1.2378,-3.0065,0.00047122,1,0,81
-4.9955,-2.5321,-0.0065185,0.00047122,-2,0,81
-3.9955,-3.8453,-0.0065185,0.00047122,-2,0,81
3.4045,3.6304,4.9935,0.00047122,1,1,81
-2.9955,-4.1333,-0.0065185,0.00047122,-2,0,81
5.0045,2.5679,-0.0065185,0.00047122,-2,1,81
-1.9955,-4.1607,-0.0065185,0.00047122,-2,0,81
-4.9955,-4.9214,-0.0065185,0.00047122,-2,0,81
4.2545,1.4629,4.9935,0.00047122,1,1,81
-1.9955,-1.9383,-0.0065185,0.00047122,-2,0,81
2.0045,2.0179,-0.0065185,0.00047122,-2,1,81
5.0045,5.0179,-0.0065185,0.00047122,-2,1,81
-4.2455,-2.5652,1.9935,0.00047122,1,0,81
-2.9955,-1.6821,-0.0065185,0.00047122,-2,0,81
3.5545,2.5873,-0.0065185,0.00047122,-2,1,81
-2.163,-2.0604,-0.0065185,0.00047122,-2,1,81
0.0044729,0.017889,-0.0065185,0.00047122,-2,0,81
1.0045,1.0179,-0.0065185,0.00047122,-2,1,81
1.8545,1.871,-0.0065185,0.00047122,-2,1,81
1.577,1.9993,4.9935,0.00047122,1,1,81
1.3903,-4.8462,-0.0065185,0.00047122,-2,1,81
1.3045,4.4479,-0.0065185,0.00047122,-2,1,81
-2.5455,-2.5321,-0.0065185,0.00047122,-2,1,81
3.0045,0.60851,-0.0065185,0.00047122,-2,1,81
1.5545,-0.48008,-0.0065185,0.00047122,-2,1,81
-2.163,-2.1496,-0.0065185,0.00047122,-2,0,81
1.8468,-0.37369,-0.0065185,0.00047122,-2,0,81
-1.9955,0.94275,-0.0065185,0.00047122,-2,0,81
-0.99553,-1.6821,-0.0065185,0.00047122,-2,0,81
1.0045,0.55465,-0.0065185,0.00047122,-2,1,81
1.8545,0.86789,-0.0065185,0.00047122,-2,1,81
3.727,0.25376,-0.0065185,0.00047122,-2,1,81
-1.6097,-2.0101,-0.0065185,0.00047122,-2,0,81
5.5265,0.42418,-0.0065185,0.00047122,-2,1,81
-4.6892,-3.855,3.9935,0.00047122,1,1,81
4.617,4.0075,-0.0065185,0.00047122,-2,0,81
6.0751,-2.0221,-0.0065185,0.00047122,-2,1,81
-0.44553,-0.43211,-0.0065185,0.00047122,-2,0,81
-0.37803,-1.918,2.9935,0.00047122,1,0,81
0.17197,-3.8679,-0.0065185,0.00047122,-2,1,81
-1.4588,-1.4453,-0.0065185,0.00047122,-2,0,83
-2.3893,-2.3759,-0.0065185,0.00047122,-2,0,83
-3.3302,-3.3168,-0.0065185,0.00047122,-2,0,83
-1.28,-1.2666,-0.0065185,0.00047122,-2,0,83
-0.75372,-0.62327,-0.0065185,0.00047122,-2,1,83
0.21001,-0.83211,-0.0065185,0.00047122,-2,0,83
1.0045,0.1926,-0.0065185,0.00047122,-2,0,83
-3.9955,-3.368,-0.0065185,0.00047122,-2,0,83
5.4045,0.74039,-0.0065185,0.00047122,-2,1,83
4.8945,2.332,-0.0065185,0.00047122,-2,1,83
-3.452,-3.4386,-0.0065185,0.00047122,-2,1,83
1.8545,2.4629,-0.0065185,0.00047122,-2,0,83
-1.568,2.2954,-0.0065185,3.0005,-1,1,83
-1.3814,0.95259,-0.0065185,0.00047122,-2,1,83
0.30447,2.2904,-0.0065185,0.00047122,-2,1,83
-2.5505,-2.5371,-0.0065185,0.00047122,-2,0,83
-1.2238,-0.56921,-0.0065185,0.00047122,-2,1,83
1.0485,1.0619,-4.0065,0.00047122,1,0,83
3.1171,2.5305,-0.0065185,0.00047122,-2,1,83
-4.2412,-2.6278,-0.0065185,0.00047122,-2,0,83
2.3633,3.1207,-0.0065185,0.00047122,-2,1,83
0.45949,3.7177,-0.0065185,0.00047122,-2,1,83
-0.38229,-0.36888,-5.0065,0.00047122,1,1,83
-2.718,-2.7046,-0.0065185,0.00047122,-2,0,83
6.7045,5.3304,-0.0065185,0.00047122,-2,1,83
-3.4405,-5.6771,-0.0065185,0.00047122,-2,0,83
6.2327,1.7566,-0.0065185,0.00047122,-2,1,83
-4.0395,-5.2761,-0.0065185,0.00047122,-2,0,83
0.89188,0.045893,-0.0065185,0.00047122,-2,1,83
0.75877,2.9397,4.9935,0.00047122,1,1,83
4.6456,4.0381,-0.0065185,0.00047122,-2,1,83
4.5495,4.5629,-0.0065185,0.00047122,-2,1,83
5.4677,5.4811,-0.0065185,0.00047122,-2,1,83
-2.3893,-2.9859,-0.0065185,0.00047122,-2,0,83
-1.3302,-1.3168,-0.0065185,0.00047122,-2,0,83
-1.28,-1.2666,-0.0065185,0.00047122,-2,0,83
-0.75372,1.2538,-0.0065185,0.00047122,-2,0,83
0.85447,0.66235,-0.0065185,0.00047122,-2,1,83
-0.71803,0.9053,-3.0065,0.00047122,1,1,83
-2.9955,-0.59624,-0.0065185,0.00047122,-2,0,83
1.5545,2.7074,-0.0065185,0.00047122,-2,1,83
-1.163,-1.1496,-0.0065185,0.00047122,-2,0,83
-0.9879,0.36324,1.9935,0.00047122,1,0,83
-0.56155,-0.54813,-0.0065185,0.00047122,-2,1,83
3.8545,3.8679,-0.0065185,0.00047122,-2,1,83
4.727,0.50877,-0.0065185,0.00047122,-2,1,83
2.6186,4.4619,-0.0065185,0.00047122,-2,1,83
0.52648,2.2399,-0.0065185,0.00047122,-2,1,83
0.44818,0.46159,-2.0065,0.00047122,1,1,83
-3.3727,1.0767,-0.0065185,0.00047122,-2,0,83
-4.3161,-4.5271,-0.0065185,0.00047122,-2,0,83
1.277,1.2904,-0.0065185,0.00047122,-2,1,83
-5.2271,-5.3759,-0.0065185,0.00047122,-2,0,83
3.2013,1.9186,-0.0065185,0.00047122,-2,1,83
0.17182,0.30237,-0.0065185,0.00047122,-2,0,83
0.14671,0.16013,1.9935,0.00047122,1,0,83
-1.9955,-0.13974,-0.0065185,0.00047122,-2,0,83
1.7045,-2.9931,-0.0065185,0.00047122,1,1,83
-1.9955,-1.9821,-0.0065185,0.00047122,-2,0,83
-2.9955,-2.9821,-0.0065185,0.00047122,-2,0,83
4.0045,3.0562,-0.0065185,0.00047122,-2,1,83
-2.9955,0.83536,-0.0065185,0.00047122,-2,0,83
-2.5455,-2.5321,3.9935,0.00047122,1,0,83
-1.9955,-2.5727,-0.0065185,0.00047122,-2,1,83
-0.99553,2.9079,-0.0065185,0.00047122,-2,0,83
-2.9955,-0.83211,-0.0065185,0.00047122,-2,0,83
-0.99553,-2.1694,-0.0065185,0.00047122,-2,1,83
-3.8455,-0.83211,-0.0065185,0.00047122,-2,0,83
-3.268,-4.3745,2.9935,0.00047122,1,0,83
5.172,-0.36461,-0.0065185,0.00047122,-2,1,83
-5.8379,-2.5321,-0.0065185,0.00047122,-2,0,83
-3.5615,-3.5481,-0.0065185,0.00047122,-2,0,83
-1.3266,-1.3132,-0.0065185,0.00047122,-2,0,83
1.1359,3.6058,-4.0065,0.00047122,1,1,83
-1.9573,3.4179,-0.0065185,0.00047122,-2,1,83
1.8545,1.6854,-0.0065185,0.00047122,-2,1,83
-3.1455,-3.2873,-0.0065185,0.00047122,-2,0,83
8.4045,7.1059,-0.0065185,0.00047122,-2,1,83
5.8945,4.7927,-0.0065185,0.00047122,-2,1,83
5.011,1.0045,3.9935,0.00047122,1,0,83
3.172,1.6622,-0.0065185,0.00047122,-2,1,83
4.8545,5.7927,-0.0065185,0.00047122,-2,1,83
-5.718,-3.9472,-0.0065185,0.00047122,-2,1,83
2.2545,2.2679,-0.0065185,0.00047122,-2,1,83
-0.29553,-0.056933,-0.0065185,0.00047122,-2,0,83
0.55947,2.4616,-0.0065185,0.00047122,-2,0,83
-0.46728,-0.45386,-2.0065,0.00047122,1,0,83
1.0485,1.0619,-0.0065185,0.00047122,-2,1,83
-0.99553,1.4629,-0.0065185,0.00047122,-2,0,83
2.0045,0.055299,-0.0065185,0.00047122,-2,1,83
2.7045,0.29539,-0.0065185,0.00047122,-2,1,83
2.2995,1.4629,4.9935,0.00047122,1,1,83
1.7762,3.5399,-0.0065185,0.00047122,-2,0,83
1.9605,3.4616,-0.0065185,0.00047122,-2,1,83
-1.4455,-1.4321,-0.0065185,0.00047122,-2,0,83
1.237,6.0279,4.9935,0.00047122,1,0,83
0.84685,-5.2321,-0.0065185,0.00047122,-2,0,83
2.1545,2.1679,-0.0065185,0.00047122,-2,0,83
2.282,2.2954,-0.0065185,0.00047122,-2,1,83
-0.54553,1.7741,-0.0065185,0.00047122,-2,1,83
0.70447,-1.8149,-0.0065185,0.00047122,-2,0,83
-1.1455,0.41526,-0.0065185,0.00047122,-2,1,83
0.98197,0.15187,2.9935,0.00047122,1,0,83
2.6186,-1.201,-0.0065185,0.00047122,-2,1,83
-0.51753,-0.50412,-0.0065185,0.00047122,-2,0,83
-3.4392,-3.4258,-0.0065185,0.00047122,-2,0,83
-2.3727,-2.3593,-0.0065185,0.00047122,-2,0,83
-2.3161,-2.3027,-0.0065185,0.00047122,-2,0,83
-1.968,-1.142,3.9935,0.00047122,1,0,83
-4.2271,-4.4841,-0.0065185,0.00047122,-2,0,83
-0.1924,-0.17899,-0.0065185,0.00047122,-2,1,83
5.0045,5.0179,-0.0065185,0.00047122,-2,1,83
3.0045,3.0179,-0.0065185,0.00047122,-2,1,83
-2.5455,-1.4949,3.9935,0.00047122,1,0,83
3.0045,-1.8735,-0.0065185,0.00047122,-2,1,83
5.0045,2.5679,-0.0065185,0.00047122,-2,1,83
3.0045,5.3579,-0.0065185,0.00047122,-2,1,83
4.0045,4.0179,-0.0065185,0.00047122,-2,1,83
-4.9955,-2.9371,-0.0065185,0.00047122,-2,0,83
3.0045,4.2679,-0.0065185,0.00047122,-2,1,83
3.0045,2.5679,-0.0065185,0.00047122,-2,1,83
2.5545,3.0515,3.9935,0.00047122,1,0,83
-1.828,3.4179,-0.0065185,0.00047122,-2,0,83
-0.15315,-1.5397,-0.0065185,0.00047122,-2,0,83
-1.4295,-1.4161,-0.0065185,0.00047122,-2,0,83
-1.2144,-0.095995,2.9935,0.00047122,1,0,83
-1.8641,3.6993,-0.0065185,0.00047122,-2,0,83
-2.0338,-1.0235,-0.0065185,0.00047122,-2,0,83
-1.7281,-2.6998,-0.0065185,-3.9995,-1,0,83
-1.4682,-1.4548,-5.0065,0.00047122,1,1,83
-3.8379,-3.8245,-0.0065185,0.00047122,-2,0,83
-6.6955,-6.6821,-0.0065185,0.00047122,-2,0,83
-4.4405,-4.4977,-0.0065185,0.00047122,-2,0,83
-3.2238,-1.4131,-0.0065185,0.00047122,-2,0,83
4.0485,1.7018,-0.0065185,0.00047122,-2,0,83
1.5545,0.86026,-0.0065185,0.00047122,-2,0,83
2.172,1.5839,-0.0065185,0.00047122,-2,0,83
-1.8379,-2.4656,-4.0065,0.00047122,1,1,83
-3.5615,-3.1136,-0.0065185,0.00047122,-2,0,83
-4.6955,-4.2032,-0.0065185,0.00047122,-2,0,83
-3.4405,-3.4271,-0.0065185,0.00047122,-2,0,83
4.2327,4.2734,-0.0065185,0.00047122,-2,1,83
-3.5895,-3.5761,-4.0065,0.00047122,1,0,83
-3.8829,-3.8695,-0.0065185,0.00047122,-2,0,83
-3.7498,-3.6264,-0.0065185,0.00047122,-2,0,83
-2.6367,-3.6221,-0.0065185,0.00047122,-2,0,83
2.2495,2.6444,4.9935,0.00047122,1,1,83
0.54124,-4.6953,-0.0065185,0.00047122,-2,1,83
-2.8455,-0.16274,-0.0065185,0.00047122,-2,0,83
5.727,1.9473,-0.0065185,0.00047122,-2,1,83
-5.6097,-5.5962,-0.0065185,0.00047122,-2,0,83
3.5265,1.7681,-0.0065185,0.00047122,-2,1,83
3.4482,0.68214,-0.0065185,0.00047122,-2,1,83
2.9316,0.965,4.9935,0.00047122,1,0,83
1.837,-4.5527,-0.0065185,0.00047122,-2,0,83
-0.39553,-1.5397,-0.0065185,0.00047122,-2,1,83
1.1145,-0.32211,-0.0065185,0.00047122,-2,1,83
-0.45203,3.6148,-0.0065185,0.00047122,-2,1,83
2.0925,-1.8495,-0.0065185,0.00047122,-2,0,83
0.22965,0.24307,-0.0065185,0.00047122,-2,0,83
-2.2955,-3.9821,-0.0065185,0.00047122,-2,0,83
-1.9505,0.12066,0.99348,0.00047122,1,1,83
-1.1055,-1.2977,-0.0065185,0.00047122,-2,0,83
0.54797,3.4921,-0.0065185,0.00047122,-2,0,83
1.4545,1.4679,-0.0065185,0.00047122,-2,1,83
2.837,2.8504,-0.0065185,0.00047122,-2,1,83
-0.15315,2.5496,-0.0065185,0.00047122,-2,1,83
0.30447,0.31789,-0.0065185,0.00047122,-2,1,83
-0.25053,0.13177,-5.0065,0.00047122,1,1,83
-2.5505,0.26789,-0.0065185,0.00047122,-2,1,83
-5.3955,-5.3821,-0.0065185,0.00047122,-2,0,83
-3.6955,-1.4852,-0.0065185,0.00047122,-2,0,83
-3.4405,-1.2873,-0.0065185,0.00047122,-2,0,83
-4.2238,-2.6554,-0.0065185,0.00047122,-2,0,83
4.0045,3.3208,-0.0065185,0.00047122,-2,0,84
3.0045,4.3803,-0.0065185,0.00047122,-2,1,84
-0.54553,-2.8721,-0.0065185,0.00047122,-2,1,84
-1.2955,-2.9821,-0.0065185,0.00047122,-2,1,84
1.1095,1.8603,1.9935,0.00047122,1,0,84
-3.2238,-1.9821,-0.0065185,0.00047122,-2,0,84
2.0485,-1.4271,-0.0065185,0.00047122,-2,1,84
-3.8829,-0.83211,-0.0065185,0.00047122,-2,0,84
-3.7498,-3.2864,-0.0065185,0.00047122,-2,0,84
-5.6367,-5.6233,-0.0065185,0.00047122,-2,0,84
-4.5405,-2.1496,-0.0065185,0.00047122,-2,0,84
3.4677,3.4179,-0.0065185,0.00047122,-2,1,84
-2.9393,-2.9259,-3.0065,0.00047122,1,0,84
-1.3302,-0.98211,-0.0065185,0.00047122,-2,0,84
-0.28001,-0.26659,-0.0065185,0.00047122,-2,1,84
-0.99553,-2.8245,-0.0065185,0.00047122,-2,0,84
-1.8455,0.017889,-0.0065185,0.00047122,-2,0,84
0.72697,0.86789,-0.0065185,0.00047122,-2,1,84
-0.60965,0.017889,1.9935,0.00047122,1,1,84
-1.9955,-3.6821,-0.0065185,0.00047122,-2,1,84
2.3045,2.3179,-0.0065185,0.00047122,-2,1,84
2.5595,2.5729,-0.0065185,0.00047122,-2,1,84
0.77622,0.78964,-0.0065185,0.00047122,-2,0,84
-0.65151,-0.2546,4.9935,0.00047122,1,0,84
2.8919,-1.6587,-0.0065185,0.00047122,-2,1,84
-0.29553,5.3304,-0.0065185,0.00047122,-2,0,84
2.3045,-2.7261,-0.0065185,0.00047122,-2,1,84
0.40447,6.0279,-0.0065185,0.00047122,-2,0,84
1.4545,-3.2864,-0.0065185,0.00047122,-2,0,84
1.837,1.2504,-0.0065185,0.00047122,-2,1,84
1.5621,4.5108,4.9935,0.00047122,1,1,84
4.8945,4.4744,-0.0065185,0.00047122,-2,1,84
7.461,7.1059,-0.0065185,0.00047122,-2,1,84
3.0925,2.7927,-0.0065185,0.00047122,-2,1,84
1.7793,4.1365,-0.0065185,0.00047122,-2,0,84
3.0045,5.2364,-0.0065185,0.00047122,-2,1,84
-3.5455,-1.2644,-0.0065185,0.00047122,-2,1,84
2.8545,2.8679,-0.0065185,0.00047122,-2,0,84
4.727,4.7404,-0.0065185,0.00047122,-2,0,84
4.0186,1.5839,-5.0065,0.00047122,1,0,84
2.5265,2.0179,-0.0065185,0.00047122,-2,1,84
-0.69553,4.6304,-0.0065185,0.00047122,-2,0,84
2.4495,-2.6756,-0.0065185,0.00047122,-2,0,84
2.0827,2.0961,-5.0065,0.00047122,1,0,84
4.727,-3.9596,-0.0065185,0.00047122,-2,0,84
1.6186,1.2495,-0.0065185,0.00047122,-2,1,84
3.8545,3.8679,-0.0065185,0.00047122,-2,1,84
3.727,3.7404,-0.0065185,0.00047122,-2,1,84
3.6186,3.632,-0.0065185,0.00047122,-2,1,84
-3.0675,-0.82469,1.9935,0.00047122,1,1,84
1.172,-0.17351,-0.0065185,0.00047122,-2,1,84
1.1545,1.1679,-0.0065185,0.00047122,-2,1,84
0.72697,0.54351,-0.0065185,0.00047122,-2,0,84
1.6186,1.632,-0.0065185,0.00047122,-2,1,84
0.15447,0.80539,-0.0065185,0.00047122,-2,1,84
0.15447,-0.10961,-0.0065185,0.00047122,-2,1,84
-0.12303,-0.027269,-5.0065,0.00047122,1,0,84
0.28197,0.49588,-0.0065185,0.00047122,-2,1,84
1.1545,5.6304,-0.0065185,0.00047122,-2,1,84
-0.29553,-0.28211,-0.0065185,0.00047122,-2,1,84
0.55947,0.18831,-0.0065185,0.00047122,-2,1,84
-1.2955,-0.68836,-0.0065185,0.00047122,-2,0,84
-1.5455,-0.026124,-0.0065185,0.00047122,-2,0,84
-1.313,-0.92136,-4.0065,0.00047122,1,0,84
2.1621,-4.1364,-0.0065185,0.00047122,-2,1,84
1.4045,-4.4381,-0.0065185,0.00047122,-2,1,84
1.1145,-1.1721,-0.0065185,0.00047122,-2,1,84
0.60447,-3.5151,-0.0065185,0.00047122,-2,0,84
-0.88553,0.78964,-0.0065185,0.00047122,-2,1,84
-0.75203,0.45139,2.9935,0.00047122,1,1,84
-6.4405,-4.9886,-0.0065185,0.00047122,-2,0,84
-4.2238,-5.0701,-0.0065185,0.00047122,-2,0,84
4.0485,5.4052,-0.0065185,0.00047122,-2,1,84
2.8919,3.5265,-0.0065185,0.00047122,-2,1,84
2.4588,2.9397,3.9935,0.00047122,1,0,84
-4.4405,-2.9144,-0.0065185,0.00047122,-2,0,84
-3.5455,-1.9086,-0.0065185,0.00047122,-2,0,84
5.172,5.1854,-0.0065185,0.00047122,-2,1,84
6.8468,6.8603,-0.0065185,0.00047122,-2,1,84
6.5705,2.3617,-0.0065185,0.00047122,-2,1,84
5.5856,5.599,-4.0065,0.00047122,1,1,84
3.1359,3.1493,-0.0065185,0.00047122,-2,1,84
-1.9573,-1.3315,-0.0065185,0.00047122,-2,0,84
0.82194,-1.6211,-0.0065185,0.00047122,-2,1,84
4.6993,4.2703,-0.0065185,0.00047122,-2,1,84
-2.5862,-0.1967,-0.0065185,0.00047122,-2,0,84
3.5065,1.9003,-0.0065185,0.00047122,-2,1,84
2.9812,2.9946,4.9935,0.00047122,1,1,84
-1.6328,4.3997,-0.0065185,0.00047122,-2,0,84
-6.6955,-1.3738,-0.0065185,0.00047122,-2,1,84
7.2545,7.2679,-0.0065185,0.00047122,-2,1,84
-6.5455,-2.3094,-0.0065185,0.00047122,-2,0,84
-5.563,-1.1636,-4.0065,0.00047122,1,1,84
5.8945,4.7503,-0.0065185,0.00047122,-2,1,84
-6.5455,-4.4381,-0.0065185,0.00047122,-2,0,84
6.172,4.749,-0.0065185,0.00047122,-2,1,84
-5.2379,-4.5136,-5.0065,0.00047122,1,1,84
-2.8855,-4.4381,-0.0065185,0.00047122,-2,0,84
-3.9955,-3.9821,-0.0065185,0.00047122,-2,0,84
-4.9955,-4.1842,-0.0065185,0.00047122,-2,0,84
3.0045,3.0179,-0.0065185,0.00047122,-2,1,84
-0.99553,-3.5946,-0.0065185,0.00047122,-2,0,84
0.0044729,0.86789,-0.0065185,0.00047122,-2,0,84
0.0044729,-1.2952,-4.0065,0.00047122,1,0,84
1.0045,-3.3821,-0.0065185,0.00047122,-2,1,84
-0.84553,-0.83211,-0.0065185,0.00047122,-2,0,84
-0.71803,-0.70461,-0.0065185,0.00047122,-2,0,84
2.6186,0.3237,-0.0065185,0.00047122,-2,1,84
-3.5175,-2.2041,-0.0065185,0.00047122,-2,0,84
2.9982,3.0116,4.9935,0.00047122,1,1,84
3.6273,-4.6093,-0.0065185,0.00047122,-2,1,84
-1.3955,3.6304,-0.0065185,0.00047122,-2,1,84
2.3045,2.3179,-0.0065185,0.00047122,-2,1,84
0.60447,-2.4386,-0.0065185,0.00047122,-2,0,84
0.51447,1.3299,-5.0065,0.00047122,1,1,84
-0.10553,-7.2321,-0.0065185,0.00047122,-2,0,84
-0.54553,-0.070136,-0.0065185,0.00047122,-2,1,84
2.7045,-0.061586,-0.0065185,0.00047122,-2,1,84
2.4495,2.7927,-0.0065185,0.00047122,-2,1,84
0.23272,1.9686,-0.0065185,0.00047122,-2,0,84
0.19849,-0.36799,-0.0065185,-0.99953,-1,0,84
-1.718,-0.46011,-0.0065185,0.00047122,-2,0,84
-1.4597,0.33023,-5.0065,0.00047122,1,0,84
2.4825,-4.7541,-0.0065185,0.00047122,-2,1,84
-1.5455,-2.8527,-0.0065185,0.00047122,-2,1,84
3.1545,-2.7802,-0.0065185,0.00047122,-2,1,84
2.682,-3.3146,4.9935,0.00047122,1,1,84
6.8945,6.9079,-0.0065185,0.00047122,-2,1,84
5.461,1.1321,-0.0065185,0.00047122,-2,1,84
6.0925,6.1059,-0.0065185,0.00047122,-2,1,84
5.1793,1.2655,2.9935,0.00047122,1,0,84
3.8945,4.0765,-0.0065185,0.00047122,-2,1,84
0.85447,2.7536,-0.0065185,0.00047122,-2,0,84
2.0045,1.1079,-0.0065185,0.00047122,-2,0,84
-1.6955,0.65544,-0.0065185,2.0005,-1,1,84
-2.9955,-4.1402,-0.0065185,0.00047122,-2,0,84
4.5545,1.2461,-0.0065185,0.00047122,-2,1,84
-4.163,-3.8496,-0.0065185,0.00047122,-2,0,84
3.5468,3.5603,4.9935,0.00047122,1,1,84
2.5705,5.0222,-0.0065185,0.00047122,-2,1,84
-2.6644,1.509,-0.0065185,0.00047122,-2,1,84
-1.8641,-2.8371,-0.0065185,0.00047122,-2,0,84
0.45447,0.12789,-0.0065185,0.00047122,-2,0,84
-0.37803,1.6569,2.9935,0.00047122,1,1,84
0.1621,-4.6201,-0.0065185,0.00047122,-2,0,84
1.5705,0.09271,-0.0065185,0.00047122,-2,0,84
-1.9955,-3.4271,-0.0065185,0.00047122,-2,0,84
1.7045,-1.1136,-2.0065,0.00047122,1,0,84
-2.5505,-5.6821,-0.0065185,0.00047122,-2,0,84
-1.2238,0.57548,-0.0065185,0.00047122,-2,1,84
2.0485,-0.67696,-0.0065185,0.00047122,-2,1,84
3.1545,0.2119,-0.0065185,0.00047122,-2,0,84
0.72697,0.017889,-0.0065185,0.00047122,-2,0,84
2.0045,2.0179,-0.0065185,0.00047122,-2,0,84
-1.6955,-0.50412,-3.0065,0.00047122,1,0,84
-1.4405,-0.42582,-0.0065185,0.00047122,-2,1,84
-0.99553,0.41057,-0.0065185,0.00047122,-2,0,84
1.0045,1.0179,-0.0065185,0.00047122,-2,0,84
1.0045,0.74039,-0.0065185,0.00047122,-2,1,84
-1.9955,-3.0721,-0.0065185,0.00047122,-2,1,84
2.7045,1.7179,-0.0065185,0.00047122,-2,0,84
0.44947,0.46289,-0.0065185,0.00047122,-2,0,84
-2.2238,-1.2266,-0.0065185,0.00047122,-2,0,84
4.8545,1.9119,-0.0065185,0.00047122,-2,1,84
-1.718,-1.5041,-0.0065185,0.00047122,-2,0,84
2.3903,-3.3158,-0.0065185,0.00047122,-2,1,84
-0.44553,-2.9606,-0.0065185,0.00047122,-2,1,84
-0.37803,-0.36461,4.9935,0.00047122,1,1,84
0.1621,-6.0745,-0.0065185,0.00047122,-2,0,84
-0.12951,-3.1907,4.9935,0.00047122,1,0,84
-0.55053,-5.5632,-0.0065185,0.00047122,-2,0,84
1.3045,1.8864,-0.0065185,0.00047122,-2,1,84
-4.5455,-3.0261,-0.0065185,0.00047122,-2,0,84
-4.163,-2.8695,-0.0065185,0.00047122,-2,0,84
-4.8379,-3.7364,-0.0065185,0.00047122,-2,0,84
-2.718,-2.7046,-0.0065185,0.00047122,-2,1,85
2.3045,2.3179,-0.0065185,0.00047122,-2,0,85
1.4045,1.4179,-0.0065185,0.00047122,-2,0,85
3.8945,3.9079,-0.0065185,0.00047122,-2,1,85
-1.8455,-0.63524,-0.0065185,0.00047122,-2,0,85
1.727,1.5904,-0.0065185,0.00047122,-2,0,85
3.8545,-0.54192,-0.0065185,0.00047122,-2,1,85
2.5545,-0.34957,-0.0065185,0.00047122,-2,1,85
1.172,2.1854,-0.0065185,0.00047122,-2,1,85
1.1621,-0.97449,-0.0065185,0.00047122,-2,1,85
1.4545,1.4679,-0.0065185,0.00047122,-2,0,85
-1.828,-3.368,-0.0065185,0.00047122,-2,0,85
1.5621,1.5755,-4.0065,0.00047122,1,1,85
0.89447,-2.3932,-0.0065185,0.00047122,-2,0,85
1.3045,1.3179,-0.0065185,0.00047122,-2,1,85
-0.44553,-0.89409,-0.0065185,0.00047122,-2,1,85
-0.82803,-1.2073,-0.0065185,0.00047122,-2,1,85
3.8468,0.085442,-0.0065185,0.00047122,-2,1,85
3.2705,3.2839,4.9935,0.00047122,1,1,85
-3.3266,-5.3221,-0.0065185,0.00047122,-2,0,85
5.1359,5.1493,-0.0065185,0.00047122,-2,1,85
4.9662,2.4246,-0.0065185,0.00047122,-2,1,85
4.8219,4.6873,-0.0065185,0.00047122,-2,1,85
-4.0904,-3.4411,3.9935,0.00047122,1,1,85
-2.8855,-2.4386,-0.0065185,0.00047122,-2,0,85
-3.9955,-3.9821,-0.0065185,0.00047122,-2,0,85
4.0045,4.4446,-0.0065185,0.00047122,-2,1,85
4.0045,4.3806,-0.0065185,0.00047122,-2,1,85
3.0045,-1.7569,-0.0065185,0.00047122,-2,0,85
-1.5455,-1.5321,-0.0065185,0.00047122,-2,1,85
1.322,-1.0417,-4.0065,0.00047122,1,1,85
-0.27303,1.5755,-0.0065185,0.00047122,-2,1,85
0.85447,1.0288,-0.0065185,0.00047122,-2,0,85
-0.27303,0.349,-0.0065185,0.00047122,-2,1,85
-3.8455,-3.8321,-0.0065185,0.00047122,-2,0,85
4.5545,2.5679,-0.0065185,0.00047122,-2,1,85
-0.82803,-0.81461,-0.0065185,0.00047122,-2,0,85
-6.5455,-6.5321,-0.0065185,0.00047122,-2,0,85
-6.163,-6.1496,-0.0065185,0.00047122,-2,0,85
5.2468,-0.75363,-4.0065,0.00047122,1,0,85
-0.10553,-6.3821,-0.0065185,0.00047122,-2,1,85
-1.4455,-5.3132,-0.0065185,0.00047122,-2,0,85
0.17197,-3.1136,-0.0065185,0.00047122,-2,0,85
-0.1379,1.1219,-2.0065,0.00047122,1,1,85
2.5705,0.90042,-0.0065185,0.00047122,-2,0,85
3.3356,1.323,-0.0065185,0.00047122,-2,1,85
-5.6955,-4.7046,-0.0065185,0.00047122,-2,0,85
-5.4405,-2.3888,-0.0065185,0.00047122,-2,0,85
-4.2238,-3.9041,-0.0065185,0.00047122,-2,0,85
-3.5895,-2.9758,3.9935,0.00047122,1,0,85
-2.8829,-2.8695,-0.0065185,0.00047122,-2,0,85
2.7588,-2.1178,-0.0065185,0.00047122,-2,1,85
-1.6367,-1.9546,-0.0065185,0.00047122,-2,0,85
-2.5405,-2.5271,-0.0065185,0.00047122,-2,0,85
4.4677,1.2036,-0.0065185,0.00047122,-2,1,85
4.3982,4.4116,-0.0065185,0.00047122,-2,1,85
-3.7302,-3.2068,3.9935,0.00047122,1,1,85
-4.8855,3.297,-0.0065185,0.00047122,-2,0,85
-3.6955,-3.7701,-0.0065185,0.00047122,-2,0,85
0.55947,-1.7695,-0.0065185,0.00047122,-2,1,85
-0.69553,2.6911,-0.0065185,0.00047122,-2,1,85
2.1545,0.61289,-0.0065185,0.00047122,-2,1,85
-0.54553,-1.6447,-0.0065185,0.00047122,-2,0,85
0.47197,-0.6381,-2.0065,0.00047122,1,0,85
-3.4405,-3.6821,-0.0065185,0.00047122,-2,0,85
-2.2238,-2.2104,-0.0065185,0.00047122,-2,0,85
-4.0395,0.30499,-0.0065185,0.00047122,-2,0,85
0.89188,1.0619,-0.0065185,0.00047122,-2,1,85
1.2502,-3.037,-0.0065185,0.00047122,-2,1,85
1.0633,1.0767,-2.0065,0.00047122,1,0,85
3.4595,3.4729,-0.0065185,0.00047122,-2,1,85
-0.59553,-0.58211,-0.0065185,0.00047122,-2,1,85
-0.10553,-0.092111,-0.0065185,0.00047122,-2,0,85
0.45447,-1.9879,-0.0065185,0.00047122,-2,0,85
-0.37803,-1.6447,-4.0065,0.00047122,1,1,85
1.1621,2.6636,-0.0065185,0.00047122,-2,0,85
2.4385,2.4519,-0.0065185,0.00047122,-2,1,85
0.40447,0.41789,-0.0065185,0.00047122,-2,1,85
-1.1055,2.4447,-0.0065185,0.00047122,-2,1,85
0.46097,-1.8161,-0.0065185,0.00047122,-2,1,85
0.3925,0.40591,-2.0065,0.00047122,1,1,85
-1.2207,0.09271,-0.0065185,0.00047122,-2,0,85
0.45447,0.46789,-0.0065185,0.00047122,-2,1,85
-0.44553,-0.43211,-0.0065185,0.00047122,-2,0,85
-0.54553,-0.33127,-0.0065185,0.00047122,-2,0,85
-1.163,-0.44961,-0.0065185,0.00047122,-2,0,85
-5.8379,0.11359,-0.0065185,0.00047122,-2,0,85
-4.9615,-4.9481,-5.0065,0.00047122,1,1,85
0.89447,2.2679,-0.0065185,0.00047122,-2,1,85
-0.69553,-0.68211,-0.0065185,0.00047122,-2,1,85
2.5595,2.5729,-0.0065185,0.00047122,-2,1,85
-2.7673,-0.52868,-0.0065185,0.00047122,-2,0,85
2.3605,2.3739,4.9935,0.00047122,1,0,85
-2.8855,-3.1139,-0.0065185,0.00047122,-2,0,85
-4.9955,-3.5946,-0.0065185,0.00047122,-2,0,85
4.2545,4.2679,2.9935,0.00047122,1,1,85
-3.608,-2.5321,-3.0065,0.00047122,1,0,85
-0.99553,-1.1083,-0.0065185,0.00047122,-2,0,85
-0.99553,-2.2569,-0.0065185,0.00047122,-2,0,85
2.0045,-0.83211,-0.0065185,0.00047122,-2,1,85
1.7045,-0.78213,-0.0065185,0.00047122,-2,1,85
1.4495,-0.59624,-0.0065185,0.00047122,-2,1,85
3.2327,-0.50412,-0.0065185,0.00047122,-2,1,85
2.7485,2.7619,-2.0065,0.00047122,1,1,85
2.8919,1.6407,-0.0065185,0.00047122,-2,1,85
2.7588,-1.7477,-0.0065185,0.00047122,-2,1,85
3.6456,2.7454,-0.0065185,0.00047122,-2,1,85
2.5495,1.7863,-0.0065185,0.00047122,-2,1,85
-4.4588,-4.4453,-0.0065185,0.00047122,-2,0,85
3.7982,1.4557,-2.0065,0.00047122,1,1,85
-4.3302,1.3832,-0.0065185,0.00047122,-2,0,85
-4.28,-4.2666,-0.0065185,0.00047122,-2,0,85
-3.6373,0.77608,-0.0065185,1.0005,-1,0,85
-4.2011,-4.1877,-0.0065185,0.00047122,-2,0,85
3.5792,2.2806,-4.0065,0.00047122,1,1,85
1.153,0.95478,-0.0065185,0.00047122,-2,1,85
1.1307,1.1441,-0.0065185,0.00047122,-2,1,85
1.1118,0.97229,-0.0065185,0.00047122,-2,1,85
-0.90433,-2.1089,-0.0065185,0.00047122,-2,0,85
-0.76801,-0.75459,0.99348,0.00047122,1,0,85
2.282,0.14539,-0.0065185,0.00047122,-2,0,85
-1.3814,-1.2498,-0.0065185,0.00047122,-2,1,85
1.1825,1.1959,3.9935,0.00047122,1,0,85
2.5608,2.5742,-0.0065185,0.00047122,-2,0,85
0.62732,0.23039,-0.0065185,0.00047122,-2,0,85
-0.3161,2.1538,-0.0065185,0.00047122,-2,0,85
-0.26802,-0.2546,-5.0065,0.00047122,1,0,85
-0.22714,-4.4637,-0.0065185,0.00047122,-2,0,85
0.20135,0.42897,-0.0065185,0.00047122,-2,1,85
-0.16287,-0.14945,-0.0065185,0.00047122,-2,0,85
0.14671,0.31489,4.9935,0.00047122,1,1,85
-0.87462,-0.72966,-0.0065185,0.00047122,-2,0,85
-2.1455,0.76512,-0.0065185,0.00047122,-2,1,85
-1.273,-5.0527,-0.0065185,0.00047122,-2,1,85
2.3903,1.5713,-0.0065185,0.00047122,-2,1,85
-4.5455,-4.043,-0.0065185,0.00047122,-2,0,85
-5.163,-3.8496,-0.0065185,0.00047122,-2,0,85
-5.8379,-4.3745,-0.0065185,0.00047122,-2,0,85
4.9705,4.5493,4.9935,0.00047122,1,1,85
-4.3266,-5.5632,-0.0065185,0.00047122,-2,0,85
-5.127,-4.7996,-0.0065185,0.00047122,-2,0,85
-5.9573,-3.1113,-0.0065185,0.00047122,-2,0,85
4.8219,4.6085,-0.0065185,0.00047122,-2,1,85
-4.0904,-4.2895,-4.0065,0.00047122,1,0,85
-3.5862,-3.5727,-0.0065185,0.00047122,-2,0,85
2.5065,3.2706,-0.0065185,0.00047122,-2,1,85
0.57775,0.59116,-0.0065185,0.00047122,-2,1,85
0.49176,-1.6892,-2.0065,0.00047122,1,1,85
-3.718,-3.7046,-0.0065185,0.00047122,-2,0,85
2.6186,-2.4711,-0.0065185,0.00047122,-2,1,85
-2.5175,-2.2041,-0.0065185,0.00047122,-2,0,85
-4.4392,-4.4258,-0.0065185,0.00047122,-2,0,85
3.3816,1.84,-0.0065185,0.00047122,-2,1,85
2.3251,1.4729,-0.0065185,0.00047122,-2,1,85
1.977,1.7222,-4.0065,0.00047122,1,1,85
1.2361,-3.1505,-0.0065185,0.00047122,-2,1,85
-1.7987,-2.3168,-0.0065185,0.00047122,-2,0,85
5.7045,-0.87195,-0.0065185,0.00047122,-2,1,85
-2.4405,-4.8271,-0.0065185,0.00047122,-2,0,85
-3.2238,-3.2104,-0.0065185,0.00047122,-2,0,85
-5.0395,-1.7486,-0.0065185,0.00047122,-2,0,85
-2.8829,-3.005,-0.0065185,0.00047122,-2,0,85
-1.7498,-2.4364,-0.0065185,0.00047122,-2,0,85
2.6456,1.7454,-0.0065185,0.00047122,-2,1,85
0.54945,-0.21373,-0.0065185,0.00047122,-2,0,85
-2.9955,-0.44535,-0.0065185,0.00047122,-2,1,85
-2.9955,-3.0541,-0.0065185,0.00047122,-2,0,85
-4.5455,-4.1496,-0.0065185,0.00047122,-2,0,85
-5.163,-5.1496,-0.0065185,0.00047122,-2,0,85
-4.3879,-1.8245,2.9935,0.00047122,1,0,85
-6.5615,1.0019,-0.0065185,0.00047122,-2,1,85
-6.2455,0.18539,-0.0065185,0.00047122,-2,0,85
-6.6955,-5.2946,-0.0065185,0.00047122,-2,0,85
-5.4405,-5.6771,-0.0065185,0.00047122,-2,0,85
5.2327,4.1127,-0.0065185,0.00047122,-2,1,85
-4.6097,-0.31011,-0.0065185,0.00047122,-2,1,86
-0.39553,-3.9041,-0.0065185,0.00047122,-2,1,86
1.1145,1.1279,-0.0065185,0.00047122,-2,1,86
-2.539,-4.4601,-0.0065185,0.00047122,-2,0,86
-1.9075,-3.5384,-0.0065185,0.00047122,-2,0,86
-2.7703,-0.19091,-0.0065185,0.00047122,-2,0,86
3.8545,1.1885,-0.0065185,0.00047122,-2,1,86
-4.718,-1.4007,-0.0065185,0.00047122,-2,0,86
4.6186,4.032,-0.0065185,0.00047122,-2,1,86
-5.5175,-2.5646,-0.0065185,0.00047122,-2,0,86
-0.43923,-0.42582,-0.0065185,0.00047122,-2,1,86
0.0044729,3.6304,-0.0065185,0.00047122,-2,0,86
0.0044729,-2.5507,-4.0065,0.00047122,1,1,86
-0.99553,-3.3821,-0.0065185,0.00047122,-2,0,86
1.1545,-3.0506,-0.0065185,0.00047122,-2,1,86
2.7045,-0.73861,-0.0065185,0.00047122,-2,1,86
-1.4405,1.6208,-0.0065185,0.00047122,-2,0,86
1.2327,1.9686,-2.0065,0.00047122,1,1,86
-0.03954,2.876,-0.0065185,0.00047122,-2,1,86
0.85447,1.4629,-0.0065185,0.00047122,-2,1,86
0.72697,1.2461,-0.0065185,0.00047122,-2,1,86
1.3903,0.044918,-0.0065185,0.00047122,-2,1,86
-1.1735,-0.7947,1.9935,0.00047122,1,0,86
0.44947,-0.51888,-0.0065185,0.00047122,-2,0,86
2.8545,-0.36036,-0.0065185,0.00047122,-2,1,86
-2.718,-2.4046,-0.0065185,0.00047122,-2,0,86
0.39035,-2.7261,-0.0065185,0.00047122,-2,1,86
-0.14553,0.34588,-0.0065185,0.00047122,-2,0,86
0.15447,0.57418,-0.0065185,0.00047122,-2,1,86
0.13197,0.14539,2.9935,0.00047122,1,1,86
2.282,-1.6447,-0.0065185,0.00047122,-2,1,86
-1.5455,-1.5321,-0.0065185,0.00047122,-2,1,86
-1.1455,-1.1321,-0.0065185,0.00047122,-2,0,86
-2.6955,-2.6821,-0.0065185,0.00047122,-2,0,86
-6.4405,-1.05,-0.0065185,0.00047122,-2,0,86
4.2327,3.1364,-0.0065185,0.00047122,-2,1,86
-5.0395,-1.5704,-0.0065185,0.00047122,-2,0,86
-5.8829,-4.1646,-0.0065185,0.00047122,-2,0,86
5.0088,2.213,2.9935,0.00047122,1,0,86
-3.608,-3.0798,-0.0065185,0.00047122,-2,1,86
3.0751,2.1059,-0.0065185,0.00047122,-2,0,86
1.6145,0.79271,-0.0065185,0.00047122,-2,0,86
-1.3641,-1.5481,2.9935,0.00047122,1,1,86
-0.88127,-0.26442,-0.0065185,0.00047122,-2,1,86
0.40159,0.92793,-0.0065185,0.00047122,-2,1,86
-1.6331,-0.89802,-0.0065185,0.00047122,-2,0,86
1.8464,1.7804,-0.0065185,0.00047122,-2,1,86
3.0201,3.3485,-0.0065185,0.00047122,-2,1,86
2.5678,1.5948,4.9935,0.00047122,1,1,86
3.2933,3.7843,-0.0065185,0.00047122,-2,1,86
3.3999,3.6068,-0.0065185,0.00047122,-2,1,86
4.4906,4.6685,-0.0065185,0.00047122,-2,1,86
4.5677,2.1661,-0.0065185,0.00047122,-2,1,86
3.6332,4.0058,-0.0065185,0.00047122,-2,1,86
-3.68,-3.1675,-0.0065185,0.00047122,-2,0,86
3.1362,3.2355,2.9935,0.00047122,1,1,86
-0.22352,-0.14305,-0.0065185,0.00047122,-2,1,86
-0.18932,-0.11891,-0.0065185,0.00047122,-2,1,86
-0.16026,-0.094126,-0.0065185,0.00047122,-2,1,86
0.14449,-1.4529,-0.0065185,0.00047122,-2,0,86
0.12349,0.09882,-0.0065185,0.00047122,-2,1,86
1.0045,1.0179,-0.0065185,0.00047122,-2,1,86
-0.84553,-0.83211,-5.0065,0.00047122,1,0,86
-0.71803,-0.70461,-0.0065185,0.00047122,-2,0,86
0.6186,4.2445,-0.0065185,0.00047122,-2,1,86
-4.5175,-0.50412,-0.0065185,0.00047122,-2,0,86
-4.4392,-4.4258,-0.0065185,0.00047122,-2,0,86
1.3816,2.881,-0.0065185,0.00047122,-2,1,86
1.1751,0.845,-2.0065,0.00047122,1,0,86
0.28197,-0.9771,-0.0065185,0.00047122,-2,1,86
3.3903,3.4038,-0.0065185,0.00047122,-2,1,86
0.52648,-1.9329,-0.0065185,0.00047122,-2,0,86
-2.4392,-0.42582,-0.0065185,0.00047122,-2,0,86
2.0816,0.83048,-2.0065,0.00047122,1,0,86
2.3251,0.31789,-0.0065185,0.00047122,-2,1,86
2.7045,2.7179,-0.0065185,0.00047122,-2,1,86
-4.4405,-2.9821,-0.0065185,0.00047122,-2,0,86
3.2327,3.2461,-0.0065185,0.00047122,-2,1,86
0.048485,0.061901,-0.0065185,0.00047122,-2,0,86
0.041884,-0.3168,-4.0065,0.00047122,1,0,86
2.727,2.7404,-0.0065185,0.00047122,-2,1,86
0.6186,0.63201,-0.0065185,0.00047122,-2,1,86
-3.5175,-3.1877,-0.0065185,0.00047122,-2,0,86
-2.4392,-2.5138,-0.0065185,0.00047122,-2,0,86
-1.3727,-1.3593,-0.0065185,0.00047122,-2,0,86
-2.3161,-1.5533,-0.0065185,0.00047122,-2,0,86
-1.968,-1.7894,-5.0065,0.00047122,1,0,86
1.7729,1.9267,-0.0065185,0.00047122,-2,1,86
4.7045,4.7179,-0.0065185,0.00047122,-2,1,86
4.4495,-0.052736,-0.0065185,0.00047122,-2,1,86
3.7827,-6.5921,-0.0065185,-3.9995,-1,0,86
3.216,-2.3381,3.9935,0.00047122,1,1,86
3.8919,3.9053,-0.0065185,0.00047122,-2,1,86
-4.7498,-2.7848,-0.0065185,0.00047122,-2,0,86
-1.6367,-3.4386,-0.0065185,0.00047122,-2,0,86
1.3995,4.9959,-3.0065,0.00047122,1,0,86
-1.273,-2.0689,-0.0065185,0.00047122,-2,0,86
3.3903,3.8854,-0.0065185,0.00047122,-2,1,86
-2.4735,-1.6073,-0.0065185,0.00047122,-2,0,86
0.44818,-1.0235,-0.0065185,0.00047122,-2,0,86
2.6273,4.349,-0.0065185,0.00047122,-2,1,86
0.6839,2.1493,-0.0065185,0.00047122,-2,1,86
-0.57304,0.94436,3.9935,0.00047122,1,0,86
-2.7639,-2.1946,-0.0065185,0.00047122,-2,0,86
2.8076,-2.1773,-0.0065185,0.00047122,-2,1,86
-4.8282,-4.4131,-0.0065185,0.00047122,-2,0,86
-1.8533,-1.666,-0.0065185,0.00047122,-2,0,86
1.8836,2.1446,-0.0065185,0.00047122,-2,1,86
-1.5928,-1.3327,-3.0065,0.00047122,1,0,86
-3.9082,-3.6851,-0.0065185,0.00047122,-2,0,86
1.0787,1.2703,-0.0065185,0.00047122,-2,1,86
0.91759,-2.1321,-0.0065185,-2.9995,-1,0,86
-1.9419,-4.0981,-0.0065185,0.00047122,-2,0,86
-1.6499,-1.8431,3.9935,0.00047122,1,0,86
-4.9568,-5.1189,-0.0065185,0.00047122,-2,0,86
-3.9626,-5.5481,-0.0065185,0.00047122,-2,0,86
-3.9675,-4.0809,-0.0065185,0.00047122,-2,0,86
1.9807,-1.9861,-0.0065185,0.00047122,-2,1,86
-2.9753,-1.7535,-0.0065185,0.00047122,-2,0,86
3.9873,2.6286,-0.0065185,0.00047122,-2,1,86
-2.9809,-4.077,-0.0065185,0.00047122,-2,0,86
2.542,2.6117,-3.0065,0.00047122,1,1,86
-3.985,2.5306,-0.0065185,0.00047122,-2,0,86
-3.9865,-4.0138,-0.0065185,0.00047122,-2,0,86
-2.9879,-3.009,-0.0065185,0.00047122,-2,0,86
2.548,2.4973,4.9935,0.00047122,1,1,86
-0.0010403,0.037347,-0.0065185,0.00047122,-2,1,86
-2.9908,-3.6112,-0.0065185,0.00047122,-2,0,86
-4.9915,-5.1715,-0.0065185,0.00047122,-2,0,86
4.2511,2.1973,-4.0065,0.00047122,1,0,86
3.617,1.8603,-0.0065185,0.00047122,-2,0,86
7.0751,5.5839,-0.0065185,0.00047122,-2,1,86
-6.3955,2.3756,-0.0065185,0.00047122,-2,0,86
-4.8855,-2.0661,-0.0065185,0.00047122,-2,0,86
4.461,4.6419,-0.0065185,0.00047122,-2,1,86
3.0925,3.1059,-0.0065185,0.00047122,-2,1,86
-5.7703,-4.0337,-0.0065185,0.00047122,-2,0,86
-4.9041,-2.719,3.9935,0.00047122,1,1,86
-4.8855,-3.0261,-0.0065185,0.00047122,-2,0,86
-5.6955,-5.6821,-0.0065185,0.00047122,-2,0,86
-5.4405,-5.4271,-0.0065185,0.00047122,-2,0,86
4.2327,-0.84189,-0.0065185,0.00047122,-2,1,86
-3.5895,-2.5516,-5.0065,0.00047122,1,0,86
-2.8829,-2.8695,-0.0065185,0.00047122,-2,0,86
-0.74983,-3.6087,-0.0065185,0.00047122,-2,0,86
-0.63668,0.0059388,-0.0065185,0.00047122,-2,0,86
-0.54051,0.0077313,-3.0065,0.00047122,1,0,86
0.46771,3.0311,-0.0065185,0.00047122,-2,1,86
0.39822,0.41164,-0.0065185,0.00047122,-2,1,86
0.66979,0.011651,-0.0065185,0.00047122,-2,1,86
-1.8455,-0.54763,-0.0065185,0.00047122,-2,0,86
1.727,1.0179,-0.0065185,0.00047122,-2,1,86
3.6186,0.74039,-0.0065185,0.00047122,-2,1,86
3.0765,2.5679,-3.0065,0.00047122,1,0,86
0.17197,-2.0884,-0.0065185,0.00047122,-2,0,86
2.8468,-1.1496,-0.0065185,0.00047122,-2,1,86
0.85447,-1.4271,-0.0065185,0.00047122,-2,1,86
0.72697,0.12075,-0.0065185,0.00047122,-2,1,86
0.6186,-1.0261,-0.0065185,0.00047122,-2,1,86
0.52648,-0.86952,-2.0065,0.00047122,1,1,86
0.44818,0.46159,-0.0065185,0.00047122,-2,1,86
-0.61838,-2.0683,-0.0065185,0.00047122,-2,0,86
-2.8455,-0.51153,-0.0065185,0.00047122,-2,0,86
-2.718,-2.7046,-0.0065185,0.00047122,-2,0,86
1.6186,1.9053,-0.0065185,0.00047122,-2,1,86
-2.5175,-1.9647,-0.0065185,0.00047122,-2,0,86
-1.4392,-1.6233,-0.0065185,0.00047122,-2,0,86
1.3816,2.0079,-0.0065185,0.00047122,-2,1,86
-1.1661,-1.2953,3.9935,0.00047122,1,1,86
2.282,2.2954,-0.0065185,0.00047122,-2,1,86
1.3903,-0.82785,-0.0065185,0.00047122,-2,1,86
-3.4735,-4.1386,-0.0065185,0.00047122,-2,0,86
3.5608,3.5742,-0.0065185,0.00047122,-2,1,86
-2.6184,-4.7569,-0.0065185,0.00047122,-2,0,86
4.3251,2.9279,-0.0065185,0.00047122,-2,1,87
0.73198,0.7454,-0.0065185,0.00047122,-2,1,87
-3.8455,0.73899,-0.0065185,0.00047122,-2,0,87
-1.718,-1.7046,-0.0065185,0.00047122,-2,0,87
-3.6097,-3.5962,-0.0065185,0.00047122,-2,0,87
-2.5175,-0.89802,-0.0065185,0.00047122,-2,0,87
-1.4392,-0.89461,-0.0065185,0.00047122,-2,0,87
-2.3727,-1.3127,-0.0065185,0.00047122,-2,0,87
1.3251,1.061,-0.0065185,0.00047122,-2,0,87
0.15447,-0.11261,-0.0065185,0.00047122,-2,0,87
-0.14553,-0.57103,-0.0065185,0.00047122,-2,1,87
-4.8455,-4.8321,-0.0065185,0.00047122,-2,0,87
-4.118,0.11001,3.9935,0.00047122,1,0,87
0.11447,3.5399,-0.0065185,0.00047122,-2,1,87
2.5545,0.45139,-0.0065185,0.00047122,-2,1,87
0.83697,-2.4386,-0.0065185,0.00047122,-2,1,87
-0.44553,-2.9821,-0.0065185,0.00047122,-2,0,87
0.55447,0.40039,-0.0065185,0.00047122,-2,1,87
-0.46303,-0.44961,1.9935,0.00047122,1,0,87
0.1621,0.17551,-0.0065185,0.00047122,-2,1,87
-1.6955,-0.46538,-0.0065185,0.00047122,-2,0,87
1.4495,1.4629,-0.0065185,0.00047122,-2,0,87
4.0045,4.0179,-0.0065185,0.00047122,-2,1,87
-3.3955,-3.3821,3.9935,0.00047122,1,0,87
-3.8855,-3.8721,-0.0065185,0.00047122,-2,0,87
3.461,-0.41561,-0.0065185,0.00047122,-2,1,87
-1.0836,0.47291,-0.0065185,0.00047122,-2,0,87
1.2297,-2.4794,-0.0065185,0.00047122,-2,1,87
0.55447,-2.5962,-0.0065185,0.00047122,-2,1,87
1.172,1.8507,-0.0065185,0.00047122,-2,1,87
-0.9879,-0.97449,-4.0065,0.00047122,1,1,87
-4.718,-1.0818,-0.0065185,0.00047122,-2,0,87
3.6186,4.032,-0.0065185,0.00047122,-2,1,87
3.5265,3.5399,-0.0065185,0.00047122,-2,1,87
2.9982,2.4616,-0.0065185,2.0005,-1,1,87
2.3816,2.395,-0.0065185,0.00047122,-2,1,87
3.3251,3.3385,-0.0065185,0.00047122,-2,1,87
-3.268,-1.5857,-0.0065185,0.00047122,-2,0,87
-2.2271,-2.2137,-0.0065185,0.00047122,-2,0,87
-1.8924,-1.2231,1.9935,0.00047122,1,0,87
-0.16287,0.80539,-0.0065185,0.00047122,-2,0,87
-3.1378,1.3206,-0.0065185,0.00047122,-2,0,87
-2.1164,-1.9631,-0.0065185,0.00047122,-2,0,87
-1.7983,-1.1985,3.9935,0.00047122,1,0,87
-3.0829,3.829,-0.0065185,0.00047122,-2,0,87
-3.0698,-2.6327,-0.0065185,0.00047122,-2,0,87
-5.0586,-2.2127,-0.0065185,0.00047122,-2,0,87
-2.0492,-2.0358,-0.0065185,0.00047122,-2,0,87
0.050072,3.676,-0.0065185,0.00047122,-2,1,87
-0.034287,0.20029,3.9935,0.00047122,1,0,87
-2.0285,3.5729,-0.0065185,0.00047122,-2,0,87
-2.0235,-1.7101,-0.0065185,0.00047122,-2,0,87
4.0283,1.7417,-0.0065185,0.00047122,-2,1,87
-5.0158,-3.2869,-0.0065185,0.00047122,-2,0,87
5.0217,4.2851,-0.0065185,0.00047122,-2,1,87
-4.0101,-3.9133,-0.0065185,0.00047122,-2,0,87
-3.408,-3.5361,1.9935,0.00047122,1,0,87
1.9939,1.7676,-0.0065185,0.00047122,-2,0,87
-1.9865,-1.9731,-0.0065185,0.00047122,-2,0,87
6.7045,1.7538,-0.0065185,0.00047122,-2,1,87
5.4495,5.4961,-0.0065185,0.00047122,-2,1,87
4.2327,4.6461,-0.0065185,0.00047122,-2,1,87
5.0485,5.0619,-0.0065185,0.00047122,-2,1,87
-4.2829,-3.037,3.9935,0.00047122,1,0,87
4.7588,-2.6278,-0.0065185,0.00047122,-2,1,87
-0.35437,-0.34096,-0.0065185,0.00047122,-2,1,87
-0.45055,-0.51888,-0.0065185,0.00047122,-2,0,87
-2.8455,-2.8321,-0.0065185,0.00047122,-2,0,87
-1.718,-0.31086,-0.0065185,0.00047122,-2,0,87
-1.4597,0.94271,3.9935,0.00047122,1,0,87
-1.5175,2.8959,-0.0065185,0.00047122,-2,0,87
-2.4392,0.4502,-0.0065185,0.00047122,-2,0,87
-1.3727,-2.0593,-0.0065185,0.00047122,-2,0,87
-0.3161,-1.1527,-0.0065185,0.00047122,-2,0,87
0.27696,-0.76961,-4.0065,0.00047122,1,1,87
2.7729,4.0873,-0.0065185,0.00047122,-2,1,87
7.5545,2.711,-0.0065185,0.00047122,-2,1,87
-6.163,-6.3996,-0.0065185,0.00047122,-2,0,87
4.8468,5.1059,-0.0065185,0.00047122,-2,1,87
3.5705,4.6827,-0.0065185,0.00047122,-2,1,87
-3.0266,-3.0132,3.9935,0.00047122,1,0,87
2.1359,2.3002,-0.0065185,0.00047122,-2,1,87
2.9662,-1.9104,-0.0065185,0.00047122,-2,1,87
-0.17806,-0.16464,-0.0065185,0.00047122,-2,0,87
4.8545,2.5729,-0.0065185,0.00047122,-2,1,87
-4.718,1.9155,-0.0065185,0.00047122,-2,0,87
4.6186,2.3739,-0.0065185,0.00047122,-2,1,87
-3.9175,-3.9041,2.9935,0.00047122,1,0,87
4.4482,-3.2864,-0.0065185,0.00047122,-2,1,87
-4.3727,-3.7593,-0.0065185,0.00047122,-2,0,87
-4.3161,-3.4371,-0.0065185,0.00047122,-2,0,87
-3.268,-2.5189,-0.0065185,0.00047122,-2,0,87
-2.7771,-2.6702,3.9935,0.00047122,1,0,87
3.2013,2.6832,-0.0065185,0.00047122,-2,1,87
-2.1629,3.1924,-0.0065185,0.00047122,-2,0,87
1.8467,1.4761,2.9935,0.00047122,1,1,87
-0.11643,-0.10302,-0.0065185,0.00047122,-2,1,87
-3.9955,-3.9821,-0.0065185,0.00047122,-2,0,87
0.40447,-3.1306,-0.0065185,0.00047122,-2,1,87
2.8945,-0.10834,-0.0065185,0.00047122,-2,1,87
4.461,1.9106,-0.0065185,0.00047122,-2,1,87
-2.0836,-2.0701,-0.0065185,0.00047122,-2,0,87
-1.7703,-2.7187,3.9935,0.00047122,1,0,87
4.5131,-3.448,-0.0065185,0.00047122,-2,1,87
-3.2778,-2.4761,-0.0065185,0.00047122,-2,0,87
-2.0855,-0.9345,-0.0065185,0.00047122,-2,0,87
-3.922,-2.3536,-0.0065185,0.00047122,-2,0,87
3.792,2.9835,-0.0065185,0.00047122,-2,1,87
-3.2149,-2.1204,3.9935,0.00047122,1,0,87
1.5734,-3.407,-0.0065185,0.00047122,-2,1,87
-5.4791,-5.4657,-0.0065185,0.00047122,-2,0,87
5.4156,4.9999,-0.0065185,0.00047122,-2,1,87
-4.3449,-0.94565,-0.0065185,0.00047122,-2,0,87
3.7015,3.4049,-4.0065,0.00047122,1,1,87
-3.248,3.4289,-0.0065185,0.00047122,-2,0,87
-3.2101,-2.9727,-0.0065185,0.00047122,-2,0,87
-1.1779,-1.1645,-0.0065185,0.00047122,-2,0,87
-1.1506,-1.9795,-0.0065185,0.00047122,-2,1,87
0.15447,-0.54813,-0.0065185,0.00047122,-2,1,87
1.282,0.68677,-0.0065185,0.00047122,-2,1,87
3.3903,-0.59208,-0.0065185,0.00047122,-2,1,87
2.8825,2.4562,-4.0065,0.00047122,1,1,87
-1.4392,-1.7996,-0.0065185,0.00047122,-2,0,87
-1.1455,0.90789,-0.0065185,0.00047122,-2,0,87
-2.6955,-2.6821,-0.0065185,0.00047122,-2,0,87
2.2995,0.84876,-4.0065,0.00047122,1,1,87
3.2327,-3.6137,-0.0065185,0.00047122,-2,1,87
4.0485,2.7619,-0.0065185,0.00047122,-2,1,87
3.8919,2.4005,-0.0065185,0.00047122,-2,1,87
3.3088,3.3222,-4.0065,0.00047122,1,1,87
-2.6367,2.7767,-0.0065185,0.00047122,-2,0,87
2.5495,1.9151,-0.0065185,0.00047122,-2,1,87
3.4677,1.9261,-0.0065185,0.00047122,-2,1,87
4.3982,2.4936,-0.0065185,0.00047122,-2,1,87
5.3392,3.3548,-0.0065185,0.00047122,-2,1,87
-5.28,-4.5166,-0.0065185,0.00047122,-2,0,87
4.2463,4.5097,-0.0065185,0.00047122,-2,1,87
3.61,3.3791,-3.0065,0.00047122,1,1,87
-1.8208,-2.0151,-0.0065185,0.00047122,-2,0,87
0.70447,1.5694,-0.0065185,0.00047122,-2,1,87
1.5595,-0.57711,-0.0065185,0.00047122,-2,1,87
-6.5455,-6.5321,-0.0065185,0.00047122,-2,0,87
5.572,0.85427,-2.0065,0.00047122,1,1,87
-2.8379,-0.12449,-0.0065185,0.00047122,-2,0,87
1.4385,1.4519,-0.0065185,0.00047122,-2,1,87
-2.5455,0.74039,-0.0065185,0.00047122,-2,0,87
-2.163,0.95259,3.9935,0.00047122,1,0,87
2.8468,-1.5397,-0.0065185,0.00047122,-2,1,87
-2.5615,-0.53841,-0.0065185,0.00047122,-2,0,87
-3.3266,-1.605,-0.0065185,0.00047122,-2,0,87
-0.12698,-0.27566,-0.0065185,0.00047122,-2,1,87
-0.14553,-1.4658,-0.0065185,0.00047122,-2,0,87
-2.8455,-2.7996,-0.0065185,0.00047122,-2,0,87
2.427,0.098615,3.9935,0.00047122,1,1,87
-2.6097,-3.9962,-0.0065185,0.00047122,-2,0,87
-2.5175,-2.4841,-0.0065185,0.00047122,-2,0,87
-1.4392,-1.4258,-0.0065185,0.00047122,-2,0,87
-2.3727,-1.5875,-0.0065185,0.00047122,-2,0,87
4.3251,4.3262,-0.0065185,0.00047122,-2,1,87
-1.268,-1.6892,-0.0065185,0.00047122,-2,0,87
-0.22714,-0.20486,-0.0065185,0.00047122,-2,0,87
1.8076,1.8285,-0.0065185,0.00047122,-2,1,87
1.7045,-0.76358,-0.0065185,0.00047122,-2,1,87
4.4495,2.4959,-0.0065185,0.00047122,-2,1,87
-3.2238,0.46159,-0.0065185,0.00047122,-2,0,87
5.0485,2.7619,-0.0065185,0.00047122,-2,1,87
3.8919,4.3053,-0.0065185,0.00047122,-2,1,87
2.7588,2.2954,-0.0065185,0.00047122,-2,1,87
-2.3367,-1.4505,3.9935,0.00047122,1,0,87
-1.4505,-3.579,-0.0065185,0.00047122,-2,0,87
2.3045,1.1279,-0.0065185,0.00047122,-2,1,87
-0.39553,-1.9371,-0.0065185,0.00047122,-2,0,87
0.89447,-1.6474,-0.0065185,0.00047122,-2,0,87
2.3045,0.30689,-0.0065185,0.00047122,-2,1,87
-0.84553,-1.2093,-1.0065,0.00047122,1,0,88
1.0045,0.69731,-0.0065185,0.00047122,-2,1,88
0.85447,0.86789,-0.0065185,0.00047122,-2,1,88
0.28197,-0.70461,-0.0065185,0.00047122,-2,0,88
-3.3814,-0.21799,-0.0065185,0.00047122,-2,0,88
-7.3955,-4.7046,-0.0065185,0.00047122,-2,1,88
-4.3955,-4.3821,-0.0065185,0.00047122,-2,1,88
4.8945,5.3644,-0.0065185,0.00047122,-2,0,88
-3.452,-1.2546,-0.0065185,0.00047122,-2,0,88
2.8545,2.9559,-0.0065185,0.00047122,-2,1,88
4.727,4.7404,-0.0065185,0.00047122,-2,1,88
-3.6097,-2.4711,-0.0065185,0.00047122,-2,0,88
3.0765,3.0899,2.9935,0.00047122,1,1,88
4.4482,4.4616,-0.0065185,0.00047122,-2,1,88
-3.3727,-2.7908,-0.0065185,0.00047122,-2,0,88
-4.3161,-4.3027,-0.0065185,0.00047122,-2,0,88
4.277,2.4579,-0.0065185,0.00047122,-2,1,88
-3.6271,-3.7759,2.9935,0.00047122,1,0,88
3.0913,-2.3352,-2.0065,0.00047122,1,1,88
-3.8282,-3.8148,-0.0065185,0.00047122,-2,1,88
-1.1378,-1.2239,-0.0065185,0.00047122,-2,0,88
1.1254,1.1388,-0.0065185,0.00047122,-2,1,88
-0.098297,-0.15682,-0.0065185,0.00047122,-2,0,88
-0.082881,0.7568,1.9935,0.00047122,1,0,88
-0.92128,-1.6079,-0.0065185,0.00047122,-2,1,88
2.9414,2.9106,-0.0065185,0.00047122,-2,1,88
-0.44553,-0.43211,-0.0065185,0.00047122,-2,1,88
-0.82803,0.58641,-0.0065185,0.00047122,-2,1,88
-0.15315,-1.4601,-0.0065185,0.00047122,-2,0,88
1.3045,1.3179,-0.0065185,0.00047122,-2,0,88
-1.1005,0.13177,3.9935,0.00047122,1,1,88
1.7762,1.4519,-0.0065185,0.00047122,-2,0,88
1.9605,1.6868,-0.0065185,0.00047122,-2,1,88
-0.44553,-5.4386,-0.0065185,0.00047122,-2,0,88
-2.5455,-2.5321,-0.0065185,0.00047122,-2,0,88
6.172,-1.1833,-0.0065185,0.00047122,-2,1,88
-5.8379,-5.2245,-0.0065185,0.00047122,-2,0,88
6.5705,3.8811,-0.0065185,0.00047122,-2,1,88
-6.3266,-4.6259,-0.0065185,0.00047122,-2,0,88
5.3859,4.6026,3.9935,0.00047122,1,1,88
-2.9573,-2.9438,-0.0065185,0.00047122,-2,0,88
-1.813,-3.1139,-0.0065185,0.00047122,-2,0,88
-2.6904,-1.527,-0.0065185,0.00047122,-2,0,88
-2.2862,-1.8568,1.9935,0.00047122,1,0,88
-3.4976,-3.1306,-0.0065185,0.00047122,-2,0,88
-3.4223,1.0362,-0.0065185,0.00047122,-2,0,88
3.3672,3.1252,-0.0065185,0.00047122,-2,1,88
-4.3038,-4.2904,-0.0065185,0.00047122,-2,0,88
-5.2576,-2.0865,-0.0065185,0.00047122,-2,0,88
-4.4683,-4.4549,-5.0065,0.00047122,1,0,88
2.1938,2.0739,-0.0065185,0.00047122,-2,1,88
-0.15647,-0.14305,-0.0065185,0.00047122,-2,0,88
0.14127,2.0584,-0.0065185,2.0005,-1,1,88
0.12075,0.052284,-0.0065185,0.00047122,-2,1,88
-0.094364,-0.080948,-0.0065185,0.00047122,-2,0,88
-1.0795,-1.0661,-0.0065185,0.00047122,-2,0,88
-0.91694,-1.6061,3.9935,0.00047122,1,0,88
-4.0562,3.3572,-0.0065185,0.00047122,-2,0,88
-3.0471,-3.3974,-0.0065185,0.00047122,-2,0,88
4.0483,2.5809,-0.0065185,0.00047122,-2,1,88
3.0417,3.0289,-0.0065185,0.00047122,-2,1,88
-0.96384,-0.97274,-0.0065185,0.00047122,-2,1,88
2.9775,-2.4466,-0.0065185,0.00047122,-2,1,88
2.5316,-2.093,-4.0065,0.00047122,1,0,88
3.985,2.1659,-0.0065185,0.00047122,-2,1,88
-3.3955,1.0655,-0.0065185,0.00047122,-2,0,88
-2.8855,-1.5481,-0.0065185,0.00047122,-2,0,88
0.54797,1.6868,-0.0065185,0.00047122,-2,0,88
-1.0836,-0.11356,-0.0065185,0.00047122,-2,1,88
0.92929,1.7927,2.9935,0.00047122,1,0,88
-2.718,-1.9821,-0.0065185,0.00047122,-2,0,88
-4.6097,-4.5962,-0.0065185,0.00047122,-2,0,88
-5.5175,-5.5041,-0.0065185,0.00047122,-2,0,88
-2.4392,-2.4258,-0.0065185,0.00047122,-2,0,88
2.0816,-0.93608,-3.0065,0.00047122,1,1,88
-4.3161,2.2473,-0.0065185,0.00047122,-2,0,88
3.277,3.6904,-0.0065185,0.00047122,-2,1,88
-3.2271,-2.7637,-0.0065185,0.00047122,-2,0,88
0.8076,-2.5321,-0.0065185,0.00047122,-2,0,88
0.83713,0.86789,-0.0065185,0.00047122,-2,0,88
0.71223,0.86789,3.9935,0.00047122,1,0,88
-2.8746,-2.8612,-0.0065185,0.00047122,-2,1,88
2.9017,3.0179,-0.0065185,0.00047122,-2,1,88
7.5545,2.387,-0.0065185,0.00047122,-2,1,88
4.172,4.1059,-0.0065185,0.00047122,-2,1,88
3.8468,5.4052,-0.0065185,0.00047122,-2,1,88
-2.5615,-3.2481,-0.0065185,0.00047122,-2,0,88
2.1856,2.1502,4.9935,0.00047122,1,1,88
-6.127,-5.3636,-0.0065185,0.00047122,-2,0,88
-4.9573,-4.9438,-0.0065185,0.00047122,-2,0,88
4.8219,4.4479,-0.0065185,0.00047122,-2,1,88
5.6993,4.0873,-0.0065185,0.00047122,-2,1,88
4.8451,4.8369,4.9935,0.00047122,1,1,88
1.5065,4.7515,-0.0065185,0.00047122,-2,1,88
-2.5688,1.2946,-0.0065185,0.00047122,-2,1,88
-1.6328,-1.6194,-0.0065185,0.00047122,-2,0,88
-1.3872,-1.8526,2.9935,0.00047122,1,0,88
-1.4405,1.1229,-0.0065185,0.00047122,-2,0,88
-1.7673,-1.4161,-0.0065185,0.00047122,-2,1,88
1.9605,-1.3132,-0.0065185,0.00047122,-2,1,88
0.55447,-1.9821,-0.0065185,0.00047122,-2,1,88
-1.163,-1.1496,-0.0065185,0.00047122,-2,1,88
1.1545,-0.83211,-0.0065185,0.00047122,-2,0,88
0.98197,1.1729,-5.0065,0.00047122,1,0,88
2.3903,2.5547,-0.0065185,0.00047122,-2,1,88
-0.54553,-2.0101,-0.0065185,0.00047122,-2,0,88
-0.82803,0.48539,-0.0065185,0.00047122,-2,0,88
-1.4455,-1.4321,-0.0065185,0.00047122,-2,0,88
0.40447,2.1896,-0.0065185,0.00047122,-2,0,88
0.34447,-2.9119,-5.0065,0.00047122,1,0,88
0.83697,-5.1195,-0.0065185,0.00047122,-2,1,88
2.5545,0.72551,-0.0065185,0.00047122,-2,1,88
0.17197,-3.0527,-0.0065185,0.00047122,-2,0,88
0.14685,0.16026,0.99348,0.00047122,1,0,88
0.12549,0.86789,1.9935,0.00047122,1,0,88
-3.2238,1.7179,-0.0065185,0.00047122,-2,0,88
-2.0395,-1.6821,-0.0065185,0.00047122,-2,0,88
-2.8829,-1.7195,-0.0065185,0.00047122,-2,0,88
-2.7498,-1.9821,-0.0065185,0.00047122,-2,0,88
-1.6367,-1.6233,-0.0065185,0.00047122,-2,0,88
-0.54051,-0.52709,-0.0065185,0.00047122,-2,0,88
0.54124,-1.0261,-0.0065185,0.00047122,-2,0,88
0.46072,0.47414,3.9935,0.00047122,1,0,88
0.33916,-3.0474,-0.0065185,0.00047122,-2,0,88
2.0045,0.017889,-0.0065185,0.00047122,-2,1,88
-0.99553,-4.1386,-0.0065185,0.00047122,-2,0,88
0.85447,2.9559,-2.0065,0.00047122,1,1,88
-4.9955,-0.056933,-0.0065185,0.00047122,-2,0,88
4.0045,4.0179,-0.0065185,0.00047122,-2,1,88
-2.9955,-4.2644,-0.0065185,0.00047122,-2,0,88
2.5545,3.0885,-4.0065,0.00047122,1,1,88
5.0045,5.0179,-0.0065185,0.00047122,-2,1,88
4.0045,4.8054,-0.0065185,0.00047122,-2,1,88
5.0045,5.0179,-0.0065185,0.00047122,-2,1,88
-2.9955,1.5369,-0.0065185,0.00047122,-2,0,88
-2.9955,-3.4657,-0.0065185,0.00047122,-2,0,88
-1.9955,-2.3932,-0.0065185,0.00047122,-2,0,88
-0.99553,-1.3315,-0.0065185,0.00047122,-2,0,88
0.85447,1.8809,3.9935,0.00047122,1,1,88
1.0045,-3.6346,-0.0065185,0.00047122,-2,1,88
1.8545,-1.8721,-0.0065185,0.00047122,-2,1,88
-3.718,2.4744,-0.0065185,0.00047122,-2,0,88
-2.6097,-3.1462,-0.0065185,0.00047122,-2,0,88
-2.2175,0.09271,-4.0065,0.00047122,1,0,88
-1.4392,-3.8258,-0.0065185,0.00047122,-2,0,88
0.38162,-1.2644,-0.0065185,0.00047122,-2,1,88
-0.3161,-0.30269,-0.0065185,0.00047122,-2,0,88
-0.26802,-0.86873,-5.0065,0.00047122,1,0,88
-1.2271,-4.4637,-0.0065185,0.00047122,-2,0,88
-2.1924,-2.179,-0.0065185,0.00047122,-2,0,88
4.1718,3.4489,-0.0065185,0.00047122,-2,1,88
-2.1378,-0.73848,-0.0065185,0.00047122,-2,0,88
-1.1164,-0.57103,-0.0065185,0.00047122,-2,0,88
0.10724,1.1135,-0.0065185,0.00047122,-2,1,88
-0.082881,0.31489,-3.0065,0.00047122,1,0,88
0.078724,2.3154,-0.0065185,0.00047122,-2,1,88
-3.9324,-4.1967,-0.0065185,0.00047122,-2,0,88
1.4045,-0.035758,-0.0065185,0.00047122,-2,0,88
-0.69553,2.8623,-0.0065185,0.00047122,-2,0,88
-1.4405,-0.57711,-0.0065185,0.00047122,-2,0,88
-1.2238,3.9849,-0.0065185,4.0005,-1,1,88
0.0044729,2.3739,-0.0065185,0.00047122,-2,1,88
-0.99553,-0.98211,-0.0065185,0.00047122,-2,0,88
-2.9955,-2.9821,-0.0065185,0.00047122,-2,0,88
-1.9955,-1.9821,-0.0065185,0.00047122,-2,0,88
0.0044729,1.7927,-0.0065185,0.00047122,-2,1,88
-0.99553,0.017889,-0.0065185,0.00047122,-2,0,88
1.1545,0.4502,-0.0065185,0.00047122,-2,1,88
2.7045,1.1079,-0.0065185,0.00047122,-2,1,88
-2.2905,-2.2771,-5.0065,0.00047122,1,0,88
-0.76728,5.4961,-0.0065185,0.00047122,-2,1,88
-2.0395,0.67388,-0.0065185,0.00047122,-2,0,88
2.8919,1.4369,-0.0065185,0.00047122,-2,1,88
-1.7498,-2.4364,-0.0065185,0.00047122,-2,0,88
-3.3544,1.279,-0.0065185,0.00047122,-2,0,88
3.7588,3.2432,-0.0065185,0.00047122,-2,1,89
-0.35437,-1.1306,-0.0065185,0.00047122,-2,0,89
-4.8455,-0.28713,-0.0065185,0.00047122,-2,0,89
4.727,1.5755,-0.0065185,0.00047122,-2,1,89
5.6186,3.4519,-0.0065185,0.00047122,-2,1,89
-4.7675,1.4959,-0.0065185,2.0005,-1,0,89
-5.4392,-1.3072,-0.0065185,0.00047122,-2,0,89
-3.3727,-2.0204,-0.0065185,0.00047122,-2,1,89
4.5545,5.6304,-0.0065185,0.00047122,-2,1,89
-3.863,0.7454,-0.0065185,1.0005,-1,0,89
-0.44053,-2.0561,-0.0065185,0.00047122,-2,1,89
-2.8455,0.39614,-0.0065185,0.00047122,-2,0,89
2.427,0.38677,-3.0065,0.00047122,1,0,89
0.44947,-3.5321,-0.0065185,0.00047122,-2,0,89
-2.7673,1.7681,-0.0065185,0.00047122,-2,0,89
2.9605,5.8603,-0.0065185,0.00047122,-2,1,89
-3.1081,-3.0947,-0.0065185,0.00047122,-2,0,89
-3.2412,-3.7697,-0.0065185,0.00047122,-2,0,89
2.7633,4.5493,-3.0065,0.00047122,1,0,89
-0.10553,-0.092111,-0.0065185,0.00047122,-2,0,89
-0.089027,2.4744,-0.0065185,0.00047122,-1,0,89
-2.0836,1.8603,-0.0065185,0.00047122,-2,0,89
1.0045,-1.4222,-0.0065185,0.00047122,-2,1,89
-0.84553,1.5265,3.9935,0.00047122,1,0,89
2.727,2.7404,-0.0065185,0.00047122,-2,1,89
3.6186,3.632,-0.0065185,0.00047122,-2,1,89
3.5265,-3.3651,-0.0065185,0.00047122,-2,1,89
3.4482,3.4616,-0.0065185,0.00047122,-2,0,89
2.5545,2.5679,-0.0065185,0.00047122,-2,0,89
2.172,1.8603,-0.0065185,0.00047122,-2,1,89
1.8468,1.3766,-2.0065,0.00047122,1,1,89
-0.99553,2.129,-0.0065185,0.00047122,-2,0,89
-0.99553,-0.63269,-0.0065185,0.00047122,-2,0,89
-1.9955,-1.6851,-0.0065185,0.00047122,-2,0,89
4.0045,0.63201,-0.0065185,0.00047122,-2,1,89
3.0045,3.4179,-0.0065185,0.00047122,-2,1,89
-0.99553,-0.79971,-0.0065185,0.00047122,-2,1,89
-0.84553,-0.83211,-0.0065185,0.00047122,-2,1,89
0.72697,1.8603,-0.0065185,0.00047122,-2,0,89
0.6186,1.5839,3.9935,0.00047122,1,0,89
-2.4735,-1.651,-0.0065185,0.00047122,-2,0,89
-2.5518,-1.8507,-0.0065185,0.00047122,-2,0,89
0.62732,-2.8158,-0.0065185,0.00047122,-2,0,89
-0.52495,-0.01464,-2.0065,0.00047122,1,1,89
-0.71803,-0.70461,-0.0065185,0.00047122,-2,1,89
1.6186,-0.045709,-0.0065185,0.00047122,-2,1,89
-1.8455,-1.7324,-0.0065185,0.00047122,-2,0,89
1.577,1.9119,-1.0065,0.00047122,1,0,89
-3.273,-3.2596,-0.0065185,0.00047122,-2,0,89
2.7903,0.21838,-4.0065,0.00047122,1,0,89
-4.8855,3.9399,-0.0065185,0.00047122,-2,0,89
-2.6955,-0.53841,-0.0065185,0.00047122,-2,1,89
-4.1455,2.3129,-0.0065185,0.00047122,-2,0,89
2.282,3.5454,-0.0065185,0.00047122,-2,1,89
-3.3814,-4.2137,-0.0065185,0.00047122,-2,0,89
-2.4735,-2.3465,-0.0065185,0.00047122,-2,0,89
2.1108,2.1242,-4.0065,0.00047122,1,1,89
-2.6184,-3.1244,-0.0065185,0.00047122,-2,0,89
4.6839,4.6973,-0.0065185,0.00047122,-2,1,89
-3.723,2.7469,-0.0065185,0.00047122,-2,1,89
-0.39553,5.1059,-0.0065185,0.00047122,-2,1,89
-3.8855,-2.9464,-0.0065185,0.00047122,-2,0,89
-4.8455,-4.0452,-0.0065185,0.00047122,-2,0,89
-4.118,0.5777,-4.0065,0.00047122,1,0,89
2.6186,4.032,-0.0065185,0.00047122,-2,1,89
3.5265,3.5399,-0.0065185,0.00047122,-2,1,89
2.4482,2.4616,-0.0065185,0.00047122,-2,1,89
-1.3727,-1.0101,-0.0065185,0.00047122,-2,1,89
1.8545,1.1885,-0.0065185,0.00047122,-2,0,89
-1.568,-1.7195,-3.0065,0.00047122,1,0,89
3.282,1.4679,-0.0065185,0.00047122,-2,1,89
1.4045,1.4179,-0.0065185,0.00047122,-2,1,89
1.8945,-0.94782,-0.0065185,0.00047122,-2,1,89
0.46097,-2.3593,-0.0065185,0.00047122,-2,0,89
0.3925,0.40591,3.9935,0.00047122,1,0,89
3.4495,-2.768,-0.0065185,0.00047122,-2,1,89
-2.2238,-2.9104,-0.0065185,0.00047122,-2,0,89
6.0485,1.3116,-0.0065185,0.00047122,-2,1,89
-5.1329,-4.6093,-1.0065,0.00047122,1,0,89
-4.7498,-1.5864,-0.0065185,0.00047122,-2,0,89
-4.0367,-4.0233,1.9935,0.00047122,1,1,89
-5.8855,-3.1037,-0.0065185,0.00047122,-2,0,89
-3.5455,-3.5321,-0.0065185,0.00047122,-2,0,89
-7.163,-7.1496,-0.0065185,0.00047122,-2,0,89
4.8468,-0.88388,-0.0065185,0.00047122,-2,1,89
-5.5615,-4.0981,-0.0065185,0.00047122,-2,0,89
2.3356,3.5207,-0.0065185,0.00047122,-2,1,89
-1.977,-0.91947,2.9935,0.00047122,1,1,89
-2.718,1.6062,-0.0065185,0.00047122,-2,0,89
-1.2955,-1.2821,-0.0065185,0.00047122,-2,0,89
-0.54553,-0.53211,-0.0065185,0.00047122,-2,0,89
-1.828,-4.4258,-0.0065185,0.00047122,-2,0,89
-1.5532,1.3582,3.9935,0.00047122,1,1,89
-1.5615,1.3419,-0.0065185,0.00047122,-2,0,89
-0.32664,-0.31323,-0.0065185,0.00047122,-2,1,89
2.1545,3.0179,-0.0065185,0.00047122,-2,1,89
-1.823,-1.8096,-5.0065,0.00047122,1,0,89
-2.163,-2.1496,-0.0065185,0.00047122,-2,1,89
4.0045,1.5265,-0.0065185,0.00047122,-2,0,89
-2.9955,-3.3821,-0.0065185,0.00047122,-2,0,89
-1.4455,5.5179,-0.0065185,0.00047122,-2,1,89
-1.163,0.96139,-0.0065185,0.00047122,-2,0,89
3.8468,3.8603,-0.0065185,0.00047122,-2,1,89
3.2705,1.0702,-4.0065,0.00047122,1,0,89
2.5595,7.4179,-0.0065185,0.00047122,-2,1,89
-0.76728,-2.5041,-0.0065185,0.00047122,-2,0,89
-2.9515,-1.4769,-0.0065185,0.00047122,-2,1,89
1.6045,5.8354,-0.0065185,0.00047122,-2,0,89
-1.2455,-1.3421,-0.0065185,0.00047122,-2,1,89
1.067,-2.8046,-5.0065,0.00047122,1,0,89
-0.9249,-0.91149,-0.0065185,0.00047122,-2,0,89
-0.3855,-0.37208,-0.0065185,0.00047122,-2,0,89
-2.777,-2.7636,-0.0065185,0.00047122,-2,0,89
-3.1098,-5.1244,-0.0065185,0.00047122,-2,0,89
-2.6426,-2.3215,-5.0065,0.00047122,1,0,89
-1.6331,-3.0849,-0.0065185,0.00047122,-2,0,89
0.16256,-2.4365,-0.0065185,0.00047122,-2,0,89
-1.0112,-0.99774,-0.0065185,0.00047122,-2,0,89
-0.15881,-0.1454,-0.0065185,0.00047122,-2,0,89
-2.2843,-0.64988,-0.0065185,0.00047122,-2,0,89
-4.391,-1.9276,-0.0065185,0.00047122,-2,0,89
-1.4817,-2.0209,-0.0065185,0.00047122,-2,0,89
-1.2588,-3.6276,1.9935,0.00047122,1,0,89
1.3757,2.0891,-0.0065185,0.00047122,-2,1,89
0.15447,0.16789,-0.0065185,0.00047122,-2,1,89
1.1545,1.9977,-0.0065185,0.00047122,-2,1,89
-0.97303,-0.95961,1.9935,0.00047122,1,1,89
-0.60965,-1.6821,-0.0065185,0.00047122,-2,1,89
2.0045,0.53989,-0.0065185,0.00047122,-2,0,89
2.0045,2.0179,-0.0065185,0.00047122,-2,1,89
-1.6955,-0.88213,2.9935,0.00047122,1,1,89
-0.99553,-0.96388,-0.0065185,0.00047122,-2,0,89
-1.1455,-0.92136,-0.0065185,0.00047122,-2,1,89
2.282,2.2954,-0.0065185,0.00047122,-2,1,89
1.4545,-1.6447,-0.0065185,0.00047122,-2,0,89
0.17197,-1.2146,-0.0065185,0.00047122,-2,0,89
-0.69553,-0.6381,-0.0065185,0.00047122,-2,0,89
-0.44053,-1.5886,-0.0065185,0.00047122,-2,1,89
0.38272,0.52364,-4.0065,0.00047122,1,0,89
0.28197,0.40376,-0.0065185,0.00047122,-2,1,89
-0.84553,3.522,-0.0065185,0.00047122,-2,1,89
-1.9955,-0.18261,-0.0065185,0.00047122,-2,1,89
1.0045,1.4616,-0.0065185,0.00047122,-2,1,89
0.85447,-1.05,-4.0065,0.00047122,1,0,89
4.282,3.4179,-0.0065185,0.00047122,-2,1,89
2.3903,5.9079,-0.0065185,0.00047122,-2,1,89
0.52648,-0.86952,-0.0065185,0.00047122,-2,0,89
0.44818,-5.1408,3.9935,0.00047122,1,1,89
3.0045,-0.38211,-0.0065185,0.00047122,-2,0,89
-2.9955,-2.7456,-0.0065185,0.00047122,-2,0,89
0.45447,2.0112,-0.0065185,0.00047122,-2,0,89
0.83697,2.6241,-0.0065185,0.00047122,-2,1,89
0.55447,0.56789,-0.0065185,0.00047122,-2,1,89
2.172,2.1854,-0.0065185,0.00047122,-2,0,89
1.8468,0.25279,3.9935,0.00047122,1,0,89
2.0045,0.88644,-0.0065185,0.00047122,-2,0,89
-3.9955,-1.9104,-0.0065185,0.00047122,-2,1,89
1.0045,1.0179,-0.0065185,0.00047122,-2,0,89
-2.9955,-2.9821,-0.0065185,0.00047122,-2,0,89
5.0045,5.6085,-0.0065185,0.00047122,-2,1,89
2.0045,2.5199,-0.0065185,0.00047122,-2,1,89
-4.9955,-4.9821,-0.0065185,0.00047122,-2,0,89
2.0045,2.3806,-0.0065185,0.00047122,-2,1,89
-2.9955,0.99189,-0.0065185,0.00047122,-2,0,89
4.0045,2.83,-0.0065185,0.00047122,-2,1,89
-1.9955,-1.9821,-0.0065185,0.00047122,-2,0,89
1.0045,1.2072,-0.0065185,0.00047122,-2,1,89
3.0045,3.1788,-0.0065185,0.00047122,-2,1,89
-3.9955,-2.0701,-0.0065185,0.00047122,-2,0,89
3.4045,3.5342,-4.0065,0.00047122,1,1,89
4.0045,4.1167,-0.0065185,0.00047122,-2,1,89
2.0045,2.1019,-0.0065185,0.00047122,-2,1,89
-1.9955,-1.9821,-0.0065185,0.00047122,-2,0,89
-1.6955,4.0179,-0.0065185,4.0005,-1,0,89
2.0045,2.0179,-0.0065185,0.00047122,-2,0,89
2.461,2.1616,-0.0065185,0.00047122,-2,1,90
-1.0836,-1.0701,-0.0065185,0.00047122,-2,1,90
1.1545,2.0179,-0.0065185,0.00047122,-2,1,90
2.3045,-0.95961,-0.0065185,0.00047122,-2,1,90
-0.39553,-0.38211,-0.0065185,0.00047122,-2,0,90
1.1145,-0.30724,-0.0065185,0.00047122,-2,1,90
-2.3955,-2.3821,-0.0065185,0.00047122,-2,1,90
-1.8455,-3.0701,-0.0065185,0.00047122,-2,1,90
1.8545,1.5904,-0.0065185,0.00047122,-2,1,90
3.8545,3.632,-0.0065185,0.00047122,-2,1,90
-3.718,-3.7046,-0.0065185,0.00047122,-2,0,90
-4.6097,-0.35157,-0.0065185,0.00047122,-2,0,90
3.9265,3.795,-2.0065,0.00047122,1,1,90
-2.4392,1.2742,-0.0065185,0.00047122,-2,0,90
-4.3727,-4.2546,-0.0065185,0.00047122,-2,0,90
-5.3161,-1.7477,-0.0065185,0.00047122,-2,0,90
-3.268,-3.2546,-0.0065185,0.00047122,-2,0,90
-0.22714,-0.21373,-0.0065185,0.00047122,-2,1,90
-0.1924,-3.195,-4.0065,0.00047122,1,0,90
0.83713,0.89698,-0.0065185,0.00047122,-2,1,90
2.8545,2.8679,-0.0065185,0.00047122,-2,1,90
-3.718,-2.9821,-0.0065185,0.00047122,-2,0,90
3.6186,-2.0701,-0.0065185,0.00047122,-2,1,90
3.0765,3.0899,-3.0065,0.00047122,1,1,90
5.4482,5.4616,-0.0065185,0.00047122,-2,1,90
2.3816,-2.1496,-0.0065185,0.00047122,-2,1,90
5.3251,2.0385,-0.0065185,0.00047122,-2,1,90
4.277,4.2679,-0.0065185,0.00047122,-2,1,90
-4.2271,-3.3821,-0.0065185,0.00047122,-2,0,90
-3.1924,-2.9821,-0.0065185,0.00047122,-2,0,90
2.7218,2.9079,-3.0065,0.00047122,1,1,90
-1.8533,-1.9821,-0.0065185,0.00047122,-2,0,90
-0.29553,0.18539,-0.0065185,0.00047122,-2,1,90
4.4495,4.8603,-0.0065185,0.00047122,-2,1,90
-6.2238,-6.2104,-0.0065185,0.00047122,-2,0,90
-5.0395,-5.0261,-0.0065185,0.00047122,-2,0,90
-4.8829,-4.8695,-0.0065185,0.00047122,-2,0,90
3.7588,3.9796,-0.0065185,0.00047122,-2,1,90
5.6456,5.8354,-0.0065185,0.00047122,-2,1,90
-4.7905,-0.48833,2.9935,0.00047122,1,0,90
-2.4588,2.1047,-0.0065185,0.00047122,-2,0,90
-3.3893,-2.1841,-0.0065185,0.00047122,-2,0,90
3.3392,2.9946,-0.0065185,0.00047122,-2,1,90
-2.83,-2.8948,1.9935,0.00047122,1,0,90
-1.2373,1.4761,-0.0065185,0.00047122,-2,1,90
-3.8455,-1.5371,-0.0065185,0.00047122,-2,0,90
-6.5455,-0.92736,-0.0065185,0.00047122,-2,0,90
7.172,3.6072,-0.0065185,0.00047122,-2,1,90
6.8468,5.1788,-0.0065185,0.00047122,-2,1,90
-5.8115,-3.7314,-5.0065,0.00047122,1,0,90
-4.3266,-4.3132,-0.0065185,0.00047122,-2,0,90
1.1359,3.7292,-0.0065185,0.00047122,-2,0,90
-1.9955,-1.9821,-0.0065185,0.00047122,-2,0,90
-0.29553,4.3279,-0.0065185,0.00047122,-2,0,90
0.30447,4.2364,-0.0065185,0.00047122,-2,0,90
-1.5505,-2.4585,-0.0065185,0.00047122,-2,1,90
1.3262,4.1708,1.9935,0.00047122,1,0,90
-1.9515,-1.9381,-0.0065185,0.00047122,-2,0,90
-2.5455,-2.5852,-0.0065185,0.00047122,-2,0,90
-2.163,-1.2104,-0.0065185,0.00047122,-2,0,90
1.8468,1.8603,-0.0065185,0.00047122,-2,1,90
-0.42951,-0.41609,-0.0065185,0.00047122,-2,0,90
1.7045,0.96359,-0.0065185,0.00047122,-2,1,90
-1.4405,-1.4271,3.9935,0.00047122,1,0,90
-0.76728,-2.1539,-0.0065185,0.00047122,-2,1,90
1.9605,0.67388,-0.0065185,0.00047122,-2,1,90
-5.5455,-5.5321,-0.0065185,0.00047122,-2,0,90
-5.163,-1.2104,-0.0065185,0.00047122,-2,0,90
-5.8379,-5.0261,-0.0065185,0.00047122,-2,0,90
4.9705,3.0728,-4.0065,0.00047122,1,1,90
-5.3266,2.6636,-0.0065185,0.00047122,-2,0,90
5.1359,4.059,-0.0065185,0.00047122,-2,1,90
-5.9573,-3.9271,-0.0065185,0.00047122,-2,0,90
-3.813,-3.4453,-0.0065185,0.00047122,-2,0,90
-3.2404,-4.2895,-3.0065,0.00047122,1,0,90
5.5951,5.3526,-0.0065185,0.00047122,-2,1,90
-5.4976,-2.4341,-0.0065185,0.00047122,-2,0,90
4.4312,4.5097,-0.0065185,0.00047122,-2,1,90
-5.3582,-5.3448,-0.0065185,0.00047122,-2,0,90
4.3128,4.1926,-0.0065185,0.00047122,-2,1,90
-3.6576,-2.7007,2.9935,0.00047122,1,0,90
-3.2183,2.3451,-0.0065185,0.00047122,-2,0,90
-2.1849,-2.1715,-0.0065185,0.00047122,-2,0,90
-4.1565,-2.2408,-0.0065185,0.00047122,-2,0,90
-4.1323,-4.1189,-0.0065185,0.00047122,-2,0,90
-2.1118,-2.9884,-0.0065185,0.00047122,-2,0,90
0.90564,-1.7381,-0.0065185,0.00047122,-2,1,90
0.77046,-1.5111,-3.0065,0.00047122,1,1,90
-0.71803,1.8454,-0.0065185,0.00047122,-2,0,90
5.6186,0.63201,-0.0065185,0.00047122,-2,1,90
-5.5175,-4.7541,-0.0065185,0.00047122,-2,0,90
-3.4392,-3.4258,-0.0065185,0.00047122,-2,0,90
2.9316,4.0075,4.9935,0.00047122,1,1,90
-4.3161,-4.5527,-0.0065185,0.00047122,-2,0,90
4.277,3.5547,-0.0065185,0.00047122,-2,1,90
4.2361,3.1395,-0.0065185,0.00047122,-2,1,90
3.6013,3.0832,-4.0065,0.00047122,1,1,90
2.1718,-3.6666,-0.0065185,0.00047122,-2,1,90
-0.13777,-1.8244,-0.0065185,0.00047122,-2,1,90
-4.9955,-4.9821,-0.0065185,0.00047122,-2,0,90
-3.9955,-0.15682,-0.0065185,0.00047122,-2,0,90
5.0045,2.3739,-0.0065185,0.00047122,-2,1,90
-3.9955,-3.9821,-0.0065185,0.00047122,-2,0,90
-3.3955,-2.8403,2.9935,0.00047122,1,0,90
5.0045,-3.1733,-0.0065185,0.00047122,-2,1,90
-2.9955,-4.2321,-0.0065185,0.00047122,-2,0,90
-3.9955,-3.9821,-0.0065185,0.00047122,-2,0,90
-3.9955,-2.1496,-0.0065185,0.00047122,-2,0,90
-4.9955,-3.0474,-0.0065185,0.00047122,-2,0,90
-4.2455,-4.2321,2.9935,0.00047122,1,0,90
2.0045,1.7761,-0.0065185,0.00047122,-2,1,90
-1.9955,2.3909,-0.0065185,0.00047122,-2,0,90
3.0045,1.5432,-0.0065185,0.00047122,-2,0,90
-6.5455,-6.5321,-0.0065185,0.00047122,-2,0,90
5.572,4.6461,4.9935,0.00047122,1,1,90
-2.8855,-7.1221,-0.0065185,0.00047122,-2,1,90
-1.9955,-5.5946,-0.0065185,0.00047122,-2,1,90
-2.9955,-3.0527,-0.0065185,0.00047122,-2,0,90
-0.54553,-0.53211,-0.0065185,0.00047122,-2,0,90
-2.163,0.017889,-0.0065185,0.00047122,-2,0,90
-4.8379,0.017889,-0.0065185,0.00047122,-2,0,90
-2.5615,-0.98211,-0.0065185,0.00047122,-2,0,90
-2.1766,-2.1496,-5.0065,0.00047122,1,0,90
1.1359,5.3993,-0.0065185,0.00047122,-2,0,90
2.0045,5.6304,-0.0065185,0.00047122,-2,0,90
-3.9955,-3.9821,-0.0065185,0.00047122,-2,0,90
-3.3955,-2.5921,-5.0065,0.00047122,1,0,90
-6.8855,-3.9821,-0.0065185,0.00047122,-2,0,90
-3.452,-0.98211,-0.0065185,0.00047122,-2,0,90
2.0925,2.1059,-0.0065185,0.00047122,-2,0,90
-1.7703,0.017889,4.9935,0.00047122,1,1,90
3.0045,0.79936,-0.0065185,0.00047122,-2,1,90
3.0045,1.1321,-0.0065185,0.00047122,-2,1,90
-1.9955,-3.0527,-0.0065185,0.00047122,-2,0,90
3.0045,1.6554,-0.0065185,0.00047122,-2,1,90
-2.5455,-3.9821,-0.0065185,-3.9995,-1,0,90
2.0045,1.2461,-0.0065185,0.00047122,-2,1,90
3.0045,0.88117,-0.0065185,0.00047122,-2,1,90
2.5545,1.8567,3.9935,0.00047122,1,1,90
1.0045,1.0179,-0.0065185,0.00047122,-2,1,90
0.0044729,-0.49596,-0.0065185,0.00047122,-2,0,90
-0.99553,0.017889,-0.0065185,0.00047122,-2,0,90
1.0045,-0.83211,-0.0065185,0.00047122,-2,0,90
0.85447,0.86789,-3.0065,0.00047122,1,0,90
-0.99553,-2.4907,-0.0065185,0.00047122,-2,0,90
-4.8455,-4.8321,-0.0065185,0.00047122,-2,0,90
4.727,0.74039,-0.0065185,0.00047122,-2,1,90
4.0186,1.8519,4.9935,0.00047122,1,1,90
-1.5175,-1.5041,-0.0065185,0.00047122,-2,0,90
-1.4392,-1.4258,-0.0065185,0.00047122,-2,0,90
-1.3727,-1.3593,-0.0065185,0.00047122,-2,0,90
2.3251,2.9485,-0.0065185,0.00047122,-2,1,90
3.277,2.323,-0.0065185,0.00047122,-2,1,90
4.2361,3.4273,-0.0065185,0.00047122,-2,1,90
-3.5924,-1.4072,1.9935,0.00047122,1,0,90
-3.1629,-3.1495,-0.0065185,0.00047122,-2,0,90
-4.1378,-4.1244,-0.0065185,0.00047122,-2,0,90
3.1254,-1.0895,-0.0065185,0.00047122,-2,1,90
4.1072,3.7558,-0.0065185,0.00047122,-2,1,90
-4.0829,-2.237,-0.0065185,0.00047122,-2,0,90
3.0787,3.4921,-0.0065185,0.00047122,-2,1,90
2.0676,2.081,-0.0065185,0.00047122,-2,1,90
-4.0492,-2.2033,-0.0065185,0.00047122,-2,0,90
3.0501,2.9016,-0.0065185,0.00047122,-2,1,90
2.0432,2.9466,-0.0065185,0.00047122,-2,1,90
4.0374,4.0508,-0.0065185,0.00047122,-2,1,90
4.0325,1.3915,-0.0065185,0.00047122,-2,1,90
-3.0193,-3.0059,-0.0065185,0.00047122,-2,0,90
-3.0158,-3.0023,-0.0065185,0.00047122,-2,0,90
2.5717,2.4916,2.9935,0.00047122,1,1,90
4.0191,2.5306,-0.0065185,0.00047122,-2,1,90
4.0169,3.4303,-0.0065185,0.00047122,-2,1,90
-4.0061,-3.3927,-0.0065185,0.00047122,-2,1,90
5.4045,5.4179,-0.0065185,0.00047122,-2,1,90
0.70447,-1.0016,-0.0065185,0.00047122,-2,0,90
3.8919,3.9053,-0.0065185,0.00047122,-2,1,91
1.7588,1.7722,-0.0065185,0.00047122,-2,1,91
-0.63668,-0.35059,-0.0065185,0.00047122,-2,0,91
-1.5405,1.7927,-0.0065185,0.00047122,-2,0,91
-0.45876,1.5265,-0.0065185,0.00047122,-2,0,91
0.39822,0.41164,-0.0065185,0.00047122,-2,1,91
-0.33021,1.1079,-0.0065185,0.00047122,-2,0,91
2.72,0.42235,-0.0065185,0.00047122,-2,1,91
-0.54553,-2.2903,-0.0065185,0.00047122,-2,0,91
-0.82803,-3.3593,-0.0065185,0.00047122,-2,0,91
-0.54553,0.41526,-0.0065185,0.00047122,-2,0,91
-2.163,-0.44961,-0.0065185,0.00047122,-2,0,91
-1.8379,-1.0261,-5.0065,0.00047122,1,0,91
-1.4295,-1.4161,-0.0065185,0.00047122,-2,0,91
0.55447,1.8136,-0.0065185,0.00047122,-2,1,91
0.17197,-5.0527,-0.0065185,0.00047122,-2,0,91
-1.6955,-1.4271,-0.0065185,0.00047122,-2,0,91
0.44947,-0.31988,-0.0065185,0.00047122,-2,1,91
-0.37378,-0.36036,-5.0065,0.00047122,1,0,91
1.9605,2.1305,-0.0065185,0.00047122,-2,0,91
-0.10812,4.3847,-0.0065185,0.00047122,-2,1,91
0.25017,0.11359,-0.0065185,0.00047122,-2,0,91
-1.6367,0.22673,-0.0065185,0.00047122,-2,0,91
-1.3905,-1.3771,1.9935,0.00047122,1,1,91
4.727,-1.2884,-0.0065185,0.00047122,-2,1,91
2.4045,-0.64742,-0.0065185,0.00047122,-2,1,91
2.8945,0.30237,-0.0065185,0.00047122,-2,1,91
-0.45203,-2.8823,-0.0065185,0.00047122,-2,0,91
-0.083552,-0.37014,-0.0065185,0.00047122,-2,0,91
0.22965,0.24307,-0.0065185,0.00047122,-2,1,91
0.19587,1.3144,-3.0065,0.00047122,1,0,91
-1.7132,-1.3009,-0.0065185,0.00047122,-2,0,91
2.5545,-0.92136,-0.0065185,0.00047122,-2,0,91
-1.9955,-1.9821,-0.0065185,0.00047122,-2,1,91
-1.9955,-1.9821,-0.0065185,0.00047122,-2,0,91
2.7045,2.5839,-0.0065185,0.00047122,-2,1,91
1.4495,1.349,-0.0065185,0.00047122,-2,1,91
1.2327,0.14934,-0.0065185,-0.99953,-1,1,91
2.9605,2.9739,-0.0065185,0.00047122,-2,1,91
-2.5081,0.14051,3.9935,0.00047122,1,0,91
0.11447,0.12789,-0.0065185,0.00047122,-2,1,91
0.45447,0.12789,-0.0065185,0.00047122,-2,1,91
1.5545,1.5679,-0.0065185,0.00047122,-2,1,91
-1.313,1.4975,3.9935,0.00047122,1,0,91
-1.8379,-1.8245,-0.0065185,0.00047122,-2,0,91
0.57049,-1.3061,-0.0065185,0.00047122,-2,0,91
2.8545,0.64514,-0.0065185,0.00047122,-2,1,91
3.727,2.4404,-0.0065185,0.00047122,-2,1,91
1.6186,3.182,-0.0065185,0.00047122,-2,1,91
-1.3675,-2.3407,3.9935,0.00047122,1,0,91
3.4482,-2.0998,-0.0065185,0.00047122,-2,1,91
-1.3727,-3.6221,-0.0065185,0.00047122,-2,0,91
1.3251,1.1885,-0.0065185,0.00047122,-2,1,91
3.277,3.8054,-0.0065185,0.00047122,-2,1,91
2.2361,2.2495,-0.0065185,0.00047122,-2,1,91
1.2013,0.82889,-0.0065185,0.00047122,-2,1,91
1.0218,1.0352,-3.0065,0.00047122,1,1,91
-0.85329,-0.57103,-0.0065185,0.00047122,-2,0,91
0.15447,-2.0287,-0.0065185,0.00047122,-2,0,91
-1.718,-1.7046,-0.0065185,0.00047122,-2,0,91
-2.6097,0.12626,-0.0065185,0.00047122,-2,0,91
-4.5175,-3.0132,-0.0065185,0.00047122,-2,0,91
5.4482,4.5493,-0.0065185,0.00047122,-2,1,91
-4.6227,-4.6093,3.9935,0.00047122,1,0,91
-5.3161,3.0973,-0.0065185,0.00047122,-2,0,91
-4.268,-4.927,-0.0065185,0.00047122,-2,0,91
-4.2271,-3.6137,-0.0065185,0.00047122,-2,0,91
-4.1924,-3.8841,-0.0065185,0.00047122,-2,0,91
5.1718,3.8446,-0.0065185,0.00047122,-2,1,91
-4.3878,-4.5948,3.9935,0.00047122,1,0,91
-0.87462,-3.0738,-0.0065185,0.00047122,-2,1,91
-0.098297,-0.084881,-0.0065185,0.00047122,-2,0,91
0.91712,0.93053,-0.0065185,0.00047122,-2,1,91
4.8545,4.8679,-0.0065185,0.00047122,-2,1,91
-4.118,-0.54367,3.9935,0.00047122,1,0,91
3.6186,-2.768,-0.0065185,0.00047122,-2,1,91
0.52648,2.945,-0.0065185,0.00047122,-2,1,91
3.4482,3.3385,-0.0065185,0.00047122,-2,1,91
-0.61838,-0.70962,-0.0065185,0.00047122,-2,1,91
1.3251,0.33847,-0.0065185,0.00047122,-2,1,91
1.127,1.0648,4.9935,0.00047122,1,1,91
-2.2271,-2.2137,-0.0065185,0.00047122,-2,0,91
-3.1924,-3.179,-0.0065185,0.00047122,-2,0,91
3.1718,3.1388,-0.0065185,0.00047122,-2,1,91
-0.13777,-0.12435,-0.0065185,0.00047122,-2,0,91
0.88357,0.89698,-0.0065185,0.00047122,-2,0,91
-1.8928,1.9779,-0.0065185,0.00047122,-2,0,91
1.6171,1.6305,-3.0065,0.00047122,1,1,91
2.5595,5.3803,-0.0065185,0.00047122,-2,1,91
1.4045,0.18539,-0.0065185,0.00047122,-2,1,91
-0.10553,0.81625,-0.0065185,0.00047122,-2,0,91
-2.5455,-2.5321,-0.0065185,0.00047122,-2,0,91
-2.163,-0.061586,2.9935,0.00047122,1,0,91
1.8468,0.65904,-0.0065185,0.00047122,-2,1,91
-0.56155,-0.54813,-0.0065185,0.00047122,-2,0,91
-0.66441,-1.5189,-0.0065185,0.00047122,-2,0,91
0.57302,0.58644,-2.0065,0.00047122,1,1,91
1.4495,1.4629,-0.0065185,0.00047122,-2,1,91
5.2327,5.1493,-0.0065185,0.00047122,-2,1,91
-1.0395,0.20213,-0.0065185,0.00047122,-2,0,91
0.89188,0.9053,-0.0065185,0.00047122,-2,1,91
0.75877,0.77219,-0.0065185,0.00047122,-2,1,91
-1.3544,-1.341,-0.0065185,0.00047122,-2,1,91
-1.1505,0.51992,-4.0065,0.00047122,1,0,91
0.44947,-0.44535,-0.0065185,0.00047122,-2,1,91
2.2327,1.0179,-0.0065185,0.00047122,-2,1,91
-1.0395,-1.7161,-0.0065185,0.00047122,-2,0,91
-0.88294,0.017889,-0.0065185,0.00047122,-2,0,91
0.75877,0.017889,-0.0065185,0.00047122,-2,1,91
-0.63668,0.017889,3.9935,0.00047122,1,0,91
-0.54051,0.017889,-0.0065185,0.00047122,-2,0,91
-1.4588,-0.98211,-0.0065185,0.00047122,-2,0,91
-3.3893,-3.9086,-0.0065185,0.00047122,-2,0,91
-4.3302,1.3184,-0.0065185,0.00047122,-2,0,91
-3.68,-3.3821,3.9935,0.00047122,1,0,91
-0.23734,0.017889,-0.0065185,0.00047122,-2,0,91
-2.2011,2.4243,-0.0065185,0.00047122,-2,1,91
3.3045,-1.6821,-0.0065185,0.00047122,-2,0,91
2.2545,6.3559,-0.0065185,0.00047122,-2,0,91
1.617,1.6304,-0.0065185,0.00047122,-2,1,91
-0.29553,1.7179,-0.0065185,0.00047122,-2,0,91
1.4495,1.4629,-0.0065185,0.00047122,-2,0,91
-1.2238,0.41888,3.9935,0.00047122,1,0,91
2.0045,-2.3381,-0.0065185,0.00047122,-2,1,91
-0.99553,1.2079,-0.0065185,0.00047122,-2,0,91
4.0045,6.4744,-0.0065185,0.00047122,-2,0,91
-3.3955,-1.3476,4.9935,0.00047122,1,1,91
2.0045,-3.591,-0.0065185,0.00047122,-2,0,91
2.0045,2.2629,-0.0065185,0.00047122,-2,1,91
6.7045,3.0002,-0.0065185,0.00047122,-2,1,91
5.6995,5.7129,-4.0065,0.00047122,1,1,91
3.2327,3.0619,-0.0065185,0.00047122,-2,1,91
3.0485,3.0619,-0.0065185,0.00047122,-2,1,91
4.8919,4.7722,-0.0065185,0.00047122,-2,1,91
-4.7498,1.4648,-0.0065185,0.00047122,-2,0,91
-3.6367,-3.5271,-0.0065185,0.00047122,-2,0,91
5.5495,3.4529,-0.0065185,0.00047122,-2,1,91
-4.4588,-4.6259,-0.0065185,0.00047122,-2,0,91
3.7982,3.8116,3.9935,0.00047122,1,1,91
-0.33021,-3.6666,-0.0065185,0.00047122,-2,0,91
-0.71104,0.2597,-0.0065185,0.00047122,-2,1,91
-1.2373,0.66235,-0.0065185,0.00047122,-2,0,91
2.21,1.0426,-0.0065185,0.00047122,-2,1,91
-1.8702,-1.8306,1.9935,0.00047122,1,1,91
-3.5505,1.6114,-0.0065185,0.00047122,-2,0,91
0.77622,3.0396,-0.0065185,0.00047122,-2,0,91
-5.6955,-4.8229,-0.0065185,0.00047122,-2,0,91
-4.8405,-2.4711,3.9935,0.00047122,1,1,91
5.2327,-0.49211,-0.0065185,0.00047122,-2,1,91
-3.3955,-3.4826,-0.0065185,0.00047122,-2,0,91
-1.8855,-1.8721,-0.0065185,0.00047122,-2,0,91
0.54797,0.56139,-0.0065185,0.00047122,-2,0,91
0.91645,-2.0701,-0.0065185,0.00047122,-2,1,91
-0.44553,-2.9821,-0.0065185,0.00047122,-2,0,91
-0.37803,1.0954,-5.0065,0.00047122,1,0,91
-2.163,-6.3996,-0.0065185,0.00047122,-2,0,91
-0.8379,-1.8245,-0.0065185,0.00047122,-2,0,91
0.43845,-0.69813,-0.0065185,0.00047122,-2,0,91
0.33559,-0.41314,-0.0065185,0.00047122,-2,1,91
-3.127,0.97927,-0.0065185,0.00047122,-2,0,91
0.9662,2.129,-0.0065185,0.00047122,-2,1,91
0.187,-0.79958,-0.0065185,0.00047122,-2,0,91
0.69932,-0.53511,-0.0065185,0.00047122,-2,1,91
-0.4049,-0.72966,-0.0065185,0.00047122,-2,1,91
-1.4976,-1.4841,-0.0065185,0.00047122,-2,0,91
0.57775,-0.40884,-0.0065185,0.00047122,-2,0,91
0.64176,0.50517,-0.0065185,0.00047122,-2,0,91
1.3128,1.1497,-0.0065185,0.00047122,-2,1,91
-1.7335,-1.8701,-0.0065185,0.00047122,-2,0,91
1.4817,1.4951,-3.0065,0.00047122,1,0,91
0.81513,0.35055,-0.0065185,0.00047122,-2,0,91
1.8435,1.8569,-0.0065185,0.00047122,-2,1,91
-2.2955,-3.2596,-0.0065185,0.00047122,-2,0,91
1.4045,-0.41609,-0.0065185,0.00047122,-2,1,91
-4.8855,-0.084977,-0.0065185,0.00047122,-2,0,91
-0.27303,-0.45496,-0.0065185,0.00047122,-2,1,92
-0.14553,-0.13211,-0.0065185,0.00047122,-2,0,92
-1.718,-1.5962,-0.0065185,0.00047122,-2,1,92
-3.6097,-0.060412,-0.0065185,0.00047122,-2,0,92
-4.5455,-4.5321,-0.0065185,0.00047122,-2,0,92
-4.163,-0.10524,-0.0065185,0.00047122,-2,0,92
-5.8379,-3.7096,-0.0065185,0.00047122,-2,0,92
2.5705,2.5839,-0.0065185,0.00047122,-2,1,92
0.33559,0.349,-0.0065185,0.00047122,-2,0,92
-4.8455,-4.8321,-0.0065185,0.00047122,-2,0,92
5.727,0.88263,-0.0065185,0.00047122,-2,1,92
4.6186,4.632,-0.0065185,0.00047122,-2,1,92
3.9265,2.9892,4.9935,0.00047122,1,1,92
-0.55182,4.7116,-0.0065185,0.00047122,-2,0,92
3.8545,3.8679,-0.0065185,0.00047122,-2,1,92
-3.718,0.088514,-0.0065185,0.00047122,-2,0,92
3.1686,2.632,-0.0065185,2.0005,-1,1,92
-4.5175,-0.7886,-0.0065185,0.00047122,-2,0,92
-3.8392,-1.4964,1.9935,0.00047122,1,1,92
-5.8855,1.3407,-0.0065185,0.00047122,-2,0,92
-3.5455,-1.3027,-0.0065185,0.00047122,-2,0,92
-5.163,-4.2376,-0.0065185,0.00047122,-2,0,92
-5.8379,-4.3745,-0.0065185,0.00047122,-2,0,92
4.9705,3.6148,-3.0065,0.00047122,1,1,92
6.3356,5.1852,-0.0065185,0.00047122,-2,1,92
5.1359,4.1601,-0.0065185,0.00047122,-2,1,92
-4.9573,-4.9438,-0.0065185,0.00047122,-2,0,92
0.82194,0.12066,-0.0065185,0.00047122,-2,0,92
0.0044729,1.349,-0.0065185,0.00047122,-2,0,92
0.0044729,-0.57273,-0.0065185,0.00047122,-2,1,92
0.0044729,0.017889,3.9935,0.00047122,1,0,92
4.0045,4.0179,-0.0065185,0.00047122,-2,1,92
5.0045,-2.8721,-0.0065185,0.00047122,-2,1,92
-1.9955,-4.2321,-0.0065185,0.00047122,-2,0,92
1.0045,1.7179,-0.0065185,0.00047122,-2,1,92
0.0044729,0.017889,-0.0065185,0.00047122,-2,0,92
0.0044729,-0.70461,-0.0065185,0.00047122,-2,1,92
-2.9955,-3.5962,-0.0065185,0.00047122,-2,0,92
6.5545,0.017889,-0.0065185,0.00047122,-2,1,92
5.572,3.4179,4.9935,0.00047122,1,1,92
-3.8379,-3.8245,-0.0065185,0.00047122,-2,0,92
-2.5615,-2.5481,-0.0065185,0.00047122,-2,0,92
-2.3266,-2.3132,-0.0065185,0.00047122,-2,0,92
1.9859,2.6279,4.9935,0.00047122,1,1,92
-5.9573,-5.1938,-0.0065185,0.00047122,-2,0,92
-5.813,-5.7996,-0.0065185,0.00047122,-2,0,92
5.6993,5.0179,-0.0065185,0.00047122,-2,1,92
-4.5862,-4.5727,-0.0065185,0.00047122,-2,0,92
-4.4976,-4.4841,-0.0065185,0.00047122,-2,0,92
3.8312,2.6631,4.9935,0.00047122,1,1,92
-0.63281,-0.61939,-0.0065185,0.00047122,-2,0,92
0.85447,-3.5946,-0.0065185,0.00047122,-2,1,92
-0.71803,3.0885,-0.0065185,0.00047122,-2,0,92
0.39035,3.6279,-0.0065185,0.00047122,-2,1,92
-1.1455,-1.1321,-0.0065185,0.00047122,-2,0,92
2.7045,1.7179,-0.0065185,0.00047122,-2,1,92
-2.2905,-2.2771,-5.0065,0.00047122,1,0,92
3.2327,5.4961,-0.0065185,0.00047122,-2,0,92
0.70447,2.6304,-0.0065185,0.00047122,-2,0,92
-3.4405,-1.6587,-0.0065185,0.00047122,-2,0,92
2.7045,4.3279,-0.0065185,0.00047122,-2,1,92
-3.4405,-2.1495,-0.0065185,0.00047122,-2,0,92
2.2327,2.2461,-0.0065185,0.00047122,-2,1,92
-1.8895,-0.71714,-5.0065,0.00047122,1,0,92
1.1171,1.1305,-0.0065185,0.00047122,-2,1,92
3.7045,1.6305,-0.0065185,0.00047122,-2,0,92
3.7045,-3.127,-0.0065185,0.00047122,-2,1,92
1.7045,1.7179,-0.0065185,0.00047122,-2,1,92
-1.4405,1.0082,-0.0065185,0.00047122,-2,0,92
1.2327,1.2461,-4.0065,0.00047122,1,0,92
-0.99553,-1.585,-0.0065185,0.00047122,-2,0,92
-0.99553,-0.98211,-0.0065185,0.00047122,-2,0,92
1.0045,-3.1611,-0.0065185,0.00047122,-2,1,92
-1.1455,-0.59624,-0.0065185,0.00047122,-2,0,92
0.98197,0.99539,3.9935,0.00047122,1,0,92
2.3903,2.4038,-0.0065185,0.00047122,-2,0,92
0.48247,0.49588,-0.0065185,0.00047122,-2,1,92
2.1545,3.0179,-0.0065185,0.00047122,-2,1,92
1.5545,1.5679,-0.0065185,0.00047122,-2,0,92
0.85447,0.63201,-0.0065185,0.00047122,-2,1,92
-0.71803,-2.0127,-5.0065,0.00047122,1,0,92
4.6186,4.7116,-0.0065185,0.00047122,-2,1,92
-4.5175,-3.9041,-0.0065185,0.00047122,-2,0,92
-1.4392,-3.8258,-0.0065185,0.00047122,-2,0,92
-1.6184,-1.7096,-0.0065185,0.00047122,-2,0,92
0.30447,0.31789,-0.0065185,0.00047122,-2,0,92
-0.55053,-2.5962,-0.0065185,0.00047122,-2,1,92
-0.46728,-0.73573,3.9935,0.00047122,1,1,92
-1.9515,2.9742,-0.0065185,0.00047122,-2,0,92
3.5545,-3.7595,-0.0065185,0.00047122,-2,1,92
3.172,-1.4386,-0.0065185,0.00047122,-2,1,92
-5.8379,-2.547,-0.0065185,0.00047122,-2,0,92
4.9705,1.6431,3.9935,0.00047122,1,1,92
4.3356,1.5093,-0.0065185,0.00047122,-2,1,92
3.1359,0.73558,-0.0065185,0.00047122,-2,1,92
-2.9573,-2.9438,-0.0065185,0.00047122,-2,0,92
-2.513,-1.1437,1.9935,0.00047122,1,0,92
-1.6904,1.023,-0.0065185,0.00047122,-2,0,92
-4.5862,-0.16274,-0.0065185,0.00047122,-2,0,92
-4.4976,-3.8841,-0.0065185,0.00047122,-2,0,92
3.4312,2.5343,-0.0065185,0.00047122,-2,1,92
-0.35824,-2.461,-0.0065185,0.00047122,-2,0,92
0.31278,-0.33153,-0.0065185,0.00047122,-2,1,92
-0.25759,-0.24417,2.9935,0.00047122,1,1,92
-2.9955,-0.43211,-0.0065185,0.00047122,-2,0,92
1.5545,-1.1967,-0.0065185,0.00047122,-2,1,92
1.172,-1.1645,-0.0065185,0.00047122,-2,0,92
3.1545,3.1679,-0.0065185,0.00047122,-2,1,92
-2.673,-1.5481,-3.0065,0.00047122,1,1,92
-2.3814,-5.5321,-0.0065185,0.00047122,-2,0,92
-3.5455,-2.4386,-0.0065185,0.00047122,-2,0,92
-3.163,-3.1496,-0.0065185,0.00047122,-2,0,92
6.8468,2.5152,-0.0065185,0.00047122,-2,1,92
-5.8115,-5.7407,2.9935,0.00047122,1,0,92
1.3356,-1.2498,-0.0065185,0.00047122,-2,1,92
0.87302,0.88644,-0.0065185,0.00047122,-2,0,92
0.9662,0.94436,-0.0065185,0.00047122,-2,1,92
-2.813,-2.7996,-0.0065185,0.00047122,-2,0,92
-2.6904,-0.65148,-0.0065185,0.00047122,-2,0,92
3.5951,2.2869,-0.0065185,0.00047122,-2,1,92
0.5065,0.50151,-0.0065185,0.00047122,-2,1,92
-0.42225,-2.5763,2.9935,0.00047122,1,0,92
-1.3582,-1.3315,-0.0065185,0.00047122,-2,0,92
-1.3038,-1.2791,-0.0065185,0.00047122,-2,0,92
-1.2576,-1.2346,-0.0065185,0.00047122,-2,0,92
-1.0683,1.3612,3.9935,0.00047122,1,0,92
3.1938,3.2003,-0.0065185,0.00047122,-2,1,92
2.1654,2.1729,-0.0065185,0.00047122,-2,1,92
-1.1323,2.3426,-0.0065185,0.00047122,-2,0,92
0.97075,0.9799,-4.0065,0.00047122,1,1,92
0.90564,3.3191,-0.0065185,0.00047122,-2,1,92
0.85447,0.86789,-0.0065185,0.00047122,-2,1,92
-0.71803,-0.63582,-0.0065185,0.00047122,-2,0,92
0.6186,2.1059,-0.0065185,0.00047122,-2,1,92
1.5265,1.7927,-0.0065185,0.00047122,-2,1,92
1.4482,1.3116,-0.0065185,0.00047122,-2,1,92
0.62732,-1.2093,-0.0065185,0.00047122,-2,1,92
-0.52495,1.8304,3.9935,0.00047122,1,0,92
-0.71803,2.6954,-0.0065185,0.00047122,-2,1,92
-2.9955,0.53989,-0.0065185,0.00047122,-2,0,92
3.5545,-2.8823,-0.0065185,0.00047122,-2,1,92
-4.163,-4.1496,-0.0065185,0.00047122,-2,0,92
-3.5379,-0.38403,3.9935,0.00047122,1,0,92
3.5705,-3.6546,-0.0065185,0.00047122,-2,1,92
-3.0266,-1.4505,3.9935,0.00047122,1,0,92
-0.12698,2.2864,-0.0065185,0.00047122,-2,0,92
-0.10726,-0.093843,3.9935,0.00047122,1,0,92
-5.813,-4.8399,-0.0065185,0.00047122,-2,0,92
2.6993,-2.993,-0.0065185,0.00047122,-2,1,92
2.5951,1.9151,-0.0065185,0.00047122,-2,1,92
-2.4976,-1.3398,-0.0065185,0.00047122,-2,0,92
-3.4223,-3.4088,-0.0065185,0.00047122,-2,0,92
-0.35824,-1.7898,-0.0065185,0.00047122,-2,0,92
-0.30384,-0.29042,-5.0065,0.00047122,1,0,92
-0.25759,-4.4942,-0.0065185,0.00047122,-2,0,92
-1.2183,-0.20486,-0.0065185,0.00047122,-2,0,92
-0.18487,0.050834,-0.0065185,0.00047122,-2,0,92
1.1654,0.71238,-0.0065185,0.00047122,-2,0,92
0.85447,0.63201,-0.0065185,0.00047122,-2,1,92
-0.99553,-0.82089,-0.0065185,0.00047122,-2,0,92
-1.9955,-0.93095,-0.0065185,0.00047122,-2,0,92
2.0045,2.0179,-0.0065185,0.00047122,-2,1,92
-4.9955,-1.4985,-0.0065185,0.00047122,-2,0,92
-1.9955,-1.9821,-0.0065185,0.00047122,-2,0,92
0.0044729,3.6304,-0.0065185,0.00047122,-2,1,92
-1.9955,-1.9821,-0.0065185,0.00047122,-2,1,92
-3.9955,-3.9821,-0.0065185,0.00047122,-2,0,92
-4.3955,-4.3821,-0.0065185,0.00047122,-2,0,92
3.7445,-0.0090433,2.9935,0.00047122,1,1,92
0.54797,-4.9886,-0.0065185,0.00047122,-2,1,92
0.55447,-4.1496,-0.0065185,0.00047122,-2,1,92
-2.163,1.8603,-0.0065185,0.00047122,-2,0,92
-1.8379,-1.8245,-0.0065185,0.00047122,-2,0,92
2.5705,-0.31323,-0.0065185,0.00047122,-2,1,92
7.2545,7.2679,-0.0065185,0.00047122,-2,0,93
3.617,1.9036,-0.0065185,0.00047122,-2,1,93
3.0045,3.0179,-0.0065185,0.00047122,-2,1,93
-2.9955,-2.9821,-0.0065185,0.00047122,-2,0,93
3.0045,2.2364,-0.0065185,0.00047122,-2,1,93
1.0045,1.0179,-0.0065185,0.00047122,-2,0,93
-0.14553,-0.13211,-0.0065185,0.00047122,-2,1,93
0.15447,1.8603,-0.0065185,0.00047122,-2,1,93
3.282,0.14539,-0.0065185,0.00047122,-2,0,93
-4.3955,-4.3821,-0.0065185,0.00047122,-2,1,93
-4.8855,-4.8721,-0.0065185,0.00047122,-2,1,93
2.461,2.4744,-0.0065185,0.00047122,-2,1,93
2.0925,0.46159,4.9935,0.00047122,1,0,93
2.7793,5.2679,-0.0065185,0.00047122,-2,1,93
1.8545,1.1885,-0.0065185,0.00047122,-2,1,93
-5.718,-0.83211,-0.0065185,0.00047122,-2,1,93
-7.2455,-3.7046,-0.0065185,0.00047122,-2,1,93
-7.608,-4.5962,-0.0065185,0.00047122,-2,0,93
6.4751,3.5322,4.9935,0.00047122,1,0,93
5.6145,5.6279,-0.0065185,0.00047122,-2,1,93
1.5545,6.1804,-0.0065185,0.00047122,-2,0,93
3.1545,1.2559,-0.0065185,0.00047122,-2,1,93
3.4045,1.7927,-0.0065185,0.00047122,-2,1,93
-2.8855,-3.7092,-4.0065,0.00047122,1,1,93
1.0045,5.8744,-0.0065185,0.00047122,-2,0,93
2.0045,-2.435,-0.0065185,0.00047122,-2,0,93
0.30447,0.31789,-0.0065185,0.00047122,-2,1,93
-2.5505,-4.5962,-0.0065185,0.00047122,-2,1,93
5.4045,2.1896,-0.0065185,0.00047122,-2,0,93
4.8945,3.2265,-0.0065185,0.00047122,-2,0,93
4.161,4.1744,2.9935,0.00047122,1,0,93
-2.0836,-4.6201,-0.0065185,0.00047122,-2,0,93
1.0045,0.94436,-0.0065185,0.00047122,-2,0,93
-3.1455,-3.1321,-0.0065185,0.00047122,-2,0,93
-3.273,-3.3127,-0.0065185,0.00047122,-2,1,93
-2.7814,-2.768,1.9935,0.00047122,1,1,93
0.11447,0.12789,-0.0065185,0.00047122,-2,1,93
3.461,0.056157,-0.0065185,0.00047122,-2,1,93
4.8545,4.8679,-0.0065185,0.00047122,-2,0,93
-4.118,-2.3381,4.9935,0.00047122,1,0,93
-2.6097,-0.6033,-0.0065185,0.00047122,-2,0,93
-0.51753,-0.92781,-0.0065185,0.00047122,-2,1,93
1.0045,1.0179,-0.0065185,0.00047122,-2,0,93
-0.84553,-1.3639,2.9935,0.00047122,1,0,93
0.0044729,-0.30362,-0.0065185,0.00047122,-2,0,93
-1.9955,-1.5355,-0.0065185,0.00047122,-2,0,93
-3.9955,-1.1601,-0.0065185,0.00047122,-2,0,93
4.0045,4.0179,-0.0065185,0.00047122,-2,0,93
0.60447,1.1279,-0.0065185,0.00047122,-2,1,93
0.51447,-2.5515,4.9935,0.00047122,1,0,93
0.89447,-1.7096,-0.0065185,0.00047122,-2,0,93
-0.45203,-1.5946,-0.0065185,0.00047122,-2,1,93
-2.9075,-4.7852,-0.0065185,0.00047122,-2,0,93
-2.2207,-1.0971,-0.0065185,0.00047122,-2,1,93
1.8959,1.1994,2.9935,0.00047122,1,0,93
1.1145,3.0914,-0.0065185,0.00047122,-2,0,93
-1.5955,-1.5821,-0.0065185,0.00047122,-2,0,93
-1.1055,-1.0921,-0.0065185,0.00047122,-2,0,93
-0.53903,-0.52561,-0.0065185,0.00047122,-2,0,93
1.0925,1.1059,-0.0065185,0.00047122,-2,0,93
-1.2207,-4.1136,-0.0065185,0.00047122,-2,1,93
-1.0369,-1.0235,-3.0065,0.00047122,1,0,93
-2.7132,-3.4586,-0.0065185,0.00047122,-2,1,93
-1.5955,-0.28458,-0.0065185,0.00047122,-2,1,93
0.25447,1.3779,-0.0065185,0.00047122,-2,1,93
-4.3955,-1.6511,-0.0065185,0.00047122,-2,0,93
4.8545,2.2385,-0.0065185,0.00047122,-2,0,93
-4.118,-3.1611,-2.0065,0.00047122,1,0,93
-5.6097,-3.4862,-0.0065185,0.00047122,-2,0,93
5.5265,5.7129,-0.0065185,0.00047122,-2,1,93
5.4482,6.2461,-0.0065185,0.00047122,-2,1,93
-4.6227,-4.6386,3.9935,0.00047122,1,0,93
4.3251,-2.4947,-0.0065185,0.00047122,-2,0,93
-1.3955,2.6354,-0.0065185,0.00047122,-2,1,93
3.8945,-4.1386,-0.0065185,0.00047122,-2,1,93
-2.8455,-2.8321,-0.0065185,0.00047122,-2,0,93
-3.718,-2.7926,-0.0065185,0.00047122,-2,0,93
-3.1597,-3.1462,2.9935,0.00047122,1,1,93
-6.163,-6.1496,-0.0065185,0.00047122,-2,1,93
-1.8379,2.1854,-0.0065185,0.00047122,-2,1,93
2.5705,0.94275,-0.0065185,0.00047122,-2,0,93
-5.3266,0.73391,-0.0065185,0.00047122,-2,0,93
-7.3955,-1.8361,-0.0065185,0.00047122,-2,1,93
-6.3955,-6.2721,-0.0065185,0.00047122,-2,0,93
5.4445,3.2919,-2.0065,0.00047122,1,1,93
-4.163,-0.37014,-0.0065185,0.00047122,-2,0,93
-3.8379,-3.8245,-0.0065185,0.00047122,-2,0,93
3.2705,2.9715,-4.0065,0.00047122,1,1,93
1.6734,2.0868,-0.0065185,0.00047122,-2,0,93
1.423,1.4364,3.9935,0.00047122,1,1,93
1.172,1.1854,-0.0065185,0.00047122,-2,1,93
1.8468,1.8603,-0.0065185,0.00047122,-2,1,93
2.5705,1.805,-0.0065185,0.00047122,-2,1,93
2.1856,2.199,-4.0065,0.00047122,1,1,93
2.1359,-1.6073,-0.0065185,0.00047122,-2,0,93
-0.14553,-3.8721,-0.0065185,0.00047122,-2,1,93
-2.8455,-0.10961,-0.0065185,0.00047122,-2,1,93
3.727,1.023,-0.0065185,0.00047122,-2,1,93
-0.44553,-1.5371,-0.0065185,0.00047122,-2,0,93
1.5545,-1.5041,-0.0065185,0.00047122,-2,1,93
-1.163,-1.1496,-0.0065185,0.00047122,-2,0,93
0.99685,-1.9253,4.9935,0.00047122,1,0,93
-0.71803,0.25279,-0.0065185,0.00047122,-2,0,93
0.6186,-3.5946,-0.0065185,0.00047122,-2,1,93
-2.5175,-2.9438,-0.0065185,0.00047122,-2,1,93
-2.1392,4.0179,-0.0065185,4.0005,-1,1,93
-1.4405,-1.4271,-0.0065185,0.00047122,-2,1,93
-0.22378,-0.21036,-0.0065185,0.00047122,-2,1,93
-0.18954,1.6208,4.9935,0.00047122,1,0,93
-1.273,-0.61966,-0.0065185,0.00047122,-2,1,93
-2.2955,-3.2278,-0.0065185,0.00047122,-2,1,93
-0.59553,-0.91149,-0.0065185,0.00047122,-2,0,93
-2.1055,-2.3721,-0.0065185,0.00047122,-2,0,93
-2.539,-2.7636,-0.0065185,0.00047122,-2,0,93
-1.9075,-2.0964,-0.0065185,0.00047122,-2,0,93
2.2297,2.2431,-0.0065185,0.00047122,-2,0,93
-3.3955,-0.62327,-0.0065185,0.00047122,-2,0,93
2.0045,2.9079,-0.0065185,0.00047122,-2,1,93
5.0045,5.0179,-0.0065185,0.00047122,-2,0,93
-2.2455,-0.5904,-0.0065185,0.00047122,-2,1,93
-0.38303,1.9304,-0.0065185,0.00047122,-2,1,93
-0.39553,1.5729,-0.0065185,0.00047122,-2,0,93
2.4545,2.0205,-0.0065185,0.00047122,-2,1,93
2.087,3.5136,-4.0065,0.00047122,1,0,93
1.392,-1.7522,-0.0065185,0.00047122,-2,1,93
0.075098,-7.1221,-0.0065185,0.00047122,-2,0,93
0.6145,0.62792,-0.0065185,0.00047122,-2,1,93
-0.69553,-4.2376,-0.0065185,0.00047122,-2,1,93
-3.5505,1.0103,-0.0065185,0.00047122,-2,1,93
3.0045,2.8756,-0.0065185,0.00047122,-2,1,94
5.0045,2.787,-0.0065185,0.00047122,-2,1,94
-3.9955,-4.2321,-0.0065185,0.00047122,-2,0,94
2.0045,1.9305,-0.0065185,0.00047122,-2,1,94
0.0044729,-0.056362,-0.0065185,0.00047122,-2,0,94
4.0045,0.017889,-0.0065185,0.00047122,-2,1,94
-3.9955,-1.8941,-0.0065185,0.00047122,-2,0,94
-1.9955,-0.20729,-0.0065185,0.00047122,-2,0,94
-4.9955,-2.4386,-0.0065185,0.00047122,-2,0,94
3.0045,4.2679,-0.0065185,0.00047122,-2,1,94
2.0045,2.0179,-0.0065185,0.00047122,-2,1,94
3.0045,3.0179,-0.0065185,0.00047122,-2,1,94
-2.5455,-1.037,-5.0065,0.00047122,1,0,94
1.0045,1.0179,-0.0065185,0.00047122,-2,1,94
0.85447,1.4369,-0.0065185,0.00047122,-2,1,94
0.72697,-3.0527,-0.0065185,0.00047122,-2,1,94
-2.3814,-5.5921,-0.0065185,0.00047122,-2,0,94
-1.5455,0.53989,-0.0065185,0.00047122,-2,1,94
-1.313,-1.2996,-2.0065,0.00047122,1,0,94
2.1621,2.1755,-0.0065185,0.00047122,-2,1,94
1.4045,-1.6615,-0.0065185,0.00047122,-2,1,94
-2.8855,-1.6439,-0.0065185,0.00047122,-2,0,94
5.461,0.24951,-0.0065185,0.00047122,-2,1,94
-4.6336,-4.6201,1.9935,0.00047122,1,0,94
-4.7703,-4.7569,-0.0065185,0.00047122,-2,0,94
3.5131,0.081487,-0.0065185,0.00047122,-2,1,94
0.28678,0.3002,-0.0065185,0.00047122,-2,0,94
-1.8455,1.5657,-0.0065185,0.00047122,-2,0,94
-1.568,-0.75386,-0.0065185,-1.9995,-1,0,94
-2.6097,-2.5962,-0.0065185,0.00047122,-2,0,94
-2.2175,-1.1182,-3.0065,0.00047122,1,0,94
0.44818,-0.73641,-0.0065185,0.00047122,-2,0,94
-0.99553,-0.35926,-0.0065185,0.00047122,-2,1,94
-2.9955,-4.8245,-0.0065185,0.00047122,-2,0,94
-3.5455,-2.5321,-0.0065185,0.00047122,-2,0,94
-5.163,-5.1496,-0.0065185,0.00047122,-2,0,94
4.8468,3.5399,-0.0065185,0.00047122,-2,1,94
-3.5615,-2.1623,-0.0065185,0.00047122,-2,0,94
-2.3266,-2.3132,-0.0065185,0.00047122,-2,0,94
-1.977,-2.5586,1.9935,0.00047122,1,0,94
4.9662,4.2904,-0.0065185,0.00047122,-2,1,94
-1.813,0.64542,-0.0065185,0.00047122,-2,0,94
0.30962,0.32304,-0.0065185,0.00047122,-2,1,94
-0.2549,0.90773,-5.0065,0.00047122,1,0,94
1.282,2.632,-0.0065185,0.00047122,-2,1,94
0.30447,4.2445,-0.0065185,0.00047122,-2,0,94
0.44947,-0.23711,-0.0065185,0.00047122,-2,0,94
0.15447,-0.42711,-0.0065185,0.00047122,-2,0,94
1.282,0.78964,-0.0065185,0.00047122,-2,0,94
-1.0814,2.9476,4.9935,0.00047122,1,0,94
-0.44053,2.1428,-0.0065185,0.00047122,-2,1,94
-3.1455,4.0741,-0.0065185,0.00047122,-2,0,94
7.4045,-3.7752,-0.0065185,0.00047122,-2,1,94
-7.8855,-7.8721,-0.0065185,0.00047122,-2,0,94
-6.452,-0.65358,-0.0065185,0.00047122,-2,0,94
-5.0836,-1.0964,-0.0065185,0.00047122,-2,0,94
-4.3203,-4.6469,1.9935,0.00047122,1,0,94
5.5131,2.6554,-0.0065185,0.00047122,-2,1,94
-6.2778,2.621,-0.0065185,0.00047122,-2,0,94
-5.3355,0.0022608,-0.0065185,-0.99953,-1,0,94
-2.922,-1.1454,-0.0065185,0.00047122,-2,0,94
3.792,2.3773,-0.0065185,0.00047122,-2,1,94
4.6738,3.4134,-0.0065185,0.00047122,-2,1,94
-3.9645,-1.6358,3.9935,0.00047122,1,0,94
-1.4791,-1.4657,-0.0065185,0.00047122,-2,0,94
0.41555,-3.2434,-0.0065185,0.00047122,-2,0,94
-0.99553,-3.4386,-0.0065185,0.00047122,-2,0,94
3.0045,1.8089,-0.0065185,0.00047122,-2,1,94
4.0045,4.0179,-0.0065185,0.00047122,-2,1,94
3.4045,2.1854,-3.0065,0.00047122,1,0,94
1.8945,0.86026,-0.0065185,0.00047122,-2,0,94
0.46097,-4.1496,-0.0065185,0.00047122,-2,0,94
-0.083552,-2.2397,-0.0065185,0.00047122,-2,1,94
1.2297,1.8864,-0.0065185,0.00047122,-2,1,94
-1.0369,-0.46538,-5.0065,0.00047122,1,0,94
-3.7132,-5.3636,-0.0065185,0.00047122,-2,0,94
2.9145,3.323,-0.0065185,0.00047122,-2,1,94
-0.069059,-1.7996,-0.0065185,0.00047122,-2,0,94
1.217,1.5159,-0.0065185,0.00047122,-2,1,94
-0.32615,-2.1654,-0.0065185,0.00047122,-2,0,94
0.28551,0.50517,2.9935,0.00047122,1,1,94
3.5209,3.7096,-0.0065185,0.00047122,-2,1,94
-1.5844,-1.8875,-0.0065185,0.00047122,-2,0,94
-0.64611,-1.2904,-0.0065185,0.00047122,-2,0,94
-3.6985,-1.6892,-0.0065185,0.00047122,-2,0,94
-3.7431,-3.2212,-0.0065185,0.00047122,-2,0,94
1.7899,3.2811,-0.0065185,0.00047122,-2,1,94
-1.5131,-1.8431,-5.0065,0.00047122,1,0,94
-3.8405,-4.1189,-0.0065185,0.00047122,-2,0,94
-2.8637,-2.8981,-0.0065185,0.00047122,-2,0,94
3.8925,3.0171,-0.0065185,0.00047122,-2,1,94
-0.90031,-1.0661,-0.0065185,0.00047122,-2,0,94
-0.7646,-2.9435,-5.0065,0.00047122,1,0,94
-2.9267,-3.0428,-0.0065185,0.00047122,-2,0,94
0.062945,-0.033705,-0.0065185,0.00047122,-2,1,94
-2.9955,-2.9821,-0.0065185,0.00047122,-2,0,94
-2.5455,-5.1421,-5.0065,0.00047122,1,0,94
0.17197,-2.005,-0.0065185,0.00047122,-2,0,94
3.7045,-1.5946,-0.0065185,0.00047122,-2,1,94
-5.4405,-5.4271,-0.0065185,0.00047122,-2,0,94
-5.2238,-5.2104,-0.0065185,0.00047122,-2,0,94
5.0485,-0.069547,-0.0065185,0.00047122,-2,1,94
-4.8829,-4.2695,-0.0065185,0.00047122,-2,0,94
4.1588,1.815,2.9935,0.00047122,1,1,94
0.36332,-3.1733,-0.0065185,0.00047122,-2,1,94
2.8545,-0.14961,-0.0065185,0.00047122,-2,1,94
-3.718,0.87589,-0.0065185,0.00047122,-2,0,94
-0.60965,-0.59624,-0.0065185,0.00047122,-2,1,94
3.0045,3.0179,-0.0065185,0.00047122,-2,1,94
2.5545,1.1493,-4.0065,0.00047122,1,1,94
2.0045,2.0179,-0.0065185,0.00047122,-2,1,94
3.0045,-4.2032,-0.0065185,0.00047122,-2,1,94
3.0045,3.0179,-0.0065185,0.00047122,-2,1,94
-1.9955,-1.1879,-0.0065185,0.00047122,-2,0,94
1.7045,1.7179,-4.0065,0.00047122,1,0,94
3.4495,-1.3821,-0.0065185,0.00047122,-2,0,94
3.2327,3.2461,-0.0065185,0.00047122,-2,1,94
-4.6955,2.9764,-0.0065185,0.00047122,-2,0,94
3.4495,3.4629,-0.0065185,0.00047122,-2,1,94
4.2327,1.8227,-0.0065185,0.00047122,-2,1,94
0.048485,3.6119,-0.0065185,0.00047122,-2,0,94
-0.84553,-1.0942,-0.0065185,0.00047122,-2,0,94
-0.71803,-0.70461,3.9935,0.00047122,1,1,94
2.0045,-4.9481,-0.0065185,0.00047122,-2,0,94
-1.9955,1.2079,-0.0065185,0.00047122,-2,0,94
2.3045,-1.6821,-0.0065185,0.00047122,-2,1,94
1.9595,-1.2104,-3.0065,0.00047122,1,1,94
-0.10553,-2.9821,-0.0065185,0.00047122,-2,1,94
0.46097,-1.9821,-0.0065185,0.00047122,-2,0,94
5.7045,-0.22776,-0.0065185,0.00047122,-2,1,94
-4.8405,-4.8271,1.9935,0.00047122,1,0,94
-4.2238,-4.2104,-0.0065185,0.00047122,-2,0,94
-5.0395,-5.0261,-0.0065185,0.00047122,-2,0,94
5.8919,-0.24863,-0.0065185,0.00047122,-2,1,94
5.7588,5.8354,-0.0065185,0.00047122,-2,1,94
-4.6367,-4.2358,-0.0065185,0.00047122,-2,0,94
-5.5405,-5.5271,-0.0065185,0.00047122,-2,0,94
-1.4588,-3.3353,-0.0065185,0.00047122,-2,0,94
-1.2393,-1.2259,-3.0065,0.00047122,1,0,94
-1.3302,-2.8668,-0.0065185,0.00047122,-2,0,94
1.289,1.3262,-0.0065185,0.00047122,-2,1,94
0.24628,0.27995,-0.0065185,0.00047122,-2,1,94
-1.2011,-1.1877,-0.0065185,0.00047122,-2,0,94
-1.0202,-0.67883,1.9935,0.00047122,1,0,94
-5.144,-5.1306,-0.0065185,0.00047122,-2,0,94
-4.1218,-4.1189,-0.0065185,0.00047122,-2,0,94
-4.1028,-4.0894,-0.0065185,0.00047122,-2,0,94
3.4957,-0.92729,4.9935,0.00047122,1,1,94
2.927,-4.3161,-0.0065185,0.00047122,-2,1,94
5.5545,-0.59461,-0.0065185,0.00047122,-2,1,94
-4.713,-6.1496,-0.0065185,-3.9995,-1,0,94
5.8468,-2.6397,-0.0065185,0.00047122,-2,1,94
4.5705,4.5839,-0.0065185,0.00047122,-2,1,94
4.3356,1.0221,-0.0065185,0.00047122,-2,1,94
3.6859,0.965,4.9935,0.00047122,1,1,94
5.9662,2.9054,-0.0065185,0.00047122,-2,1,94
4.8219,3.1098,-0.0065185,0.00047122,-2,1,94
-3.6904,-4.077,-0.0065185,0.00047122,-2,0,94
3.5951,2.1812,-0.0065185,0.00047122,-2,1,94
-4.4976,-4.4841,-0.0065185,0.00047122,-2,0,94
5.4312,4.4134,-0.0065185,0.00047122,-2,1,94
-2.3582,-2.3448,-0.0065185,0.00047122,-2,0,94
2.3128,1.5811,-0.0065185,0.00047122,-2,1,94
1.2665,1.4114,-0.0065185,0.00047122,-2,1,94
1.2272,0.70232,-0.0065185,0.00047122,-2,1,94
0.19381,0.20723,-0.0065185,0.00047122,-2,0,94
-1.9955,-1.9821,-0.0065185,0.00047122,-2,0,94
3.0045,2.4959,-0.0065185,0.00047122,-2,1,94
-3.9955,0.29687,-0.0065185,0.00047122,-2,0,94
-3.3955,-3.3821,-4.0065,0.00047122,1,0,94
-3.9955,-3.0615,-0.0065185,0.00047122,-2,0,94
-3.9955,-3.7096,-0.0065185,0.00047122,-2,0,94
-4.9955,-4.9821,-0.0065185,0.00047122,-2,0,94
-2.9955,-2.4386,-0.0065185,0.00047122,-2,0,94
-3.9955,-2.5321,-0.0065185,0.00047122,-2,0,94
-2.1455,-2.1321,-0.0065185,0.00047122,-2,1,95
-2.718,-1.9821,-0.0065185,0.00047122,-2,0,95
2.3903,3.0179,-0.0065185,0.00047122,-2,0,95
-1.4735,-1.4601,-0.0065185,0.00047122,-2,0,95
1.3045,1.3179,-0.0065185,0.00047122,-2,1,95
-0.44553,-0.43211,-0.0065185,0.00047122,-2,0,95
-3.5455,-3.5321,-0.0065185,0.00047122,-2,0,95
3.172,1.1547,-0.0065185,0.00047122,-2,1,95
0.84685,1.8603,-0.0065185,0.00047122,-2,1,95
1.5705,1.5839,-0.0065185,0.00047122,-2,1,95
1.3356,-0.6206,-0.0065185,0.00047122,-2,1,95
0.13592,1.1493,-0.0065185,0.00047122,-2,0,95
-0.10726,-3.1321,-0.0065185,-3.9995,-1,0,95
3.8219,3.4179,-0.0065185,0.00047122,-2,1,95
5.6993,5.0617,-0.0065185,0.00047122,-2,1,95
-4.5862,-4.6061,-0.0065185,0.00047122,-2,0,95
4.5065,5.5059,-0.0065185,0.00047122,-2,1,95
-3.8223,-5.1569,2.9935,0.00047122,1,0,95
3.3672,-1.0235,-0.0065185,0.00047122,-2,1,95
-4.3038,-3.8144,-0.0065185,0.00047122,-2,0,95
2.2665,2.0344,-0.0065185,0.00047122,-2,1,95
1.2272,2.9219,-0.0065185,0.00047122,-2,1,95
-1.0349,-1.6196,-5.0065,0.00047122,1,0,95
5.1654,4.278,-0.0065185,0.00047122,-2,1,95
4.1413,4.0265,-0.0065185,0.00047122,-2,1,95
-4.1118,-4.0782,-0.0065185,0.00047122,-2,0,95
3.1033,3.829,-0.0065185,0.00047122,-2,1,95
3.0885,2.5732,-0.0065185,0.00047122,-2,1,95
-3.0669,-3.2791,-0.0065185,0.00047122,-2,0,95
2.6152,2.4378,-4.0065,0.00047122,1,1,95
5.0561,5.2325,-0.0065185,0.00047122,-2,1,95
1.0483,1.2003,-0.0065185,0.00047122,-2,1,95
1.9672,2.3194,-0.0065185,0.00047122,-2,0,95
-2.9638,-1.6801,-0.0065185,0.00047122,-2,0,95
-4.5455,-3.4271,-0.0065185,0.00047122,-2,0,95
4.172,2.0902,-0.0065185,0.00047122,-2,1,95
-1.8379,-3.5245,-0.0065185,0.00047122,-2,0,95
-0.56155,-0.54813,-0.0065185,0.00047122,-2,0,95
-0.47664,-0.73641,3.9935,0.00047122,1,0,95
-0.12698,0.37673,-0.0065185,0.00047122,-2,0,95
-0.95726,2.3629,-0.0065185,0.00047122,-2,1,95
-0.99553,1.6569,-0.0065185,0.00047122,-2,0,95
0.85447,0.71274,-4.0065,0.00047122,1,1,95
-5.718,2.6954,-0.0065185,0.00047122,-2,0,95
-3.6097,-3.4841,-0.0065185,0.00047122,-2,0,95
3.5265,4.0571,-0.0065185,0.00047122,-2,1,95
0.56077,-2.8948,-0.0065185,0.00047122,-2,1,95
0.47732,0.49074,-2.0065,0.00047122,1,1,95
2.282,0.99539,-0.0065185,0.00047122,-2,1,95
-3.5455,-2.9931,-0.0065185,0.00047122,-2,0,95
0.17197,2.0961,-0.0065185,0.00047122,-2,1,95
0.84685,0.061901,-0.0065185,0.00047122,-2,0,95
-0.14553,-0.69813,-0.0065185,0.00047122,-2,1,95
0.28197,0.14539,-0.0065185,0.00047122,-2,0,95
-0.2314,-0.21799,-4.0065,0.00047122,1,1,95
-5.5175,2.8959,-0.0065185,0.00047122,-2,0,95
5.4482,4.7116,-0.0065185,0.00047122,-2,1,95
-4.6227,-4.6093,3.9935,0.00047122,1,0,95
-1.3161,-1.3027,-0.0065185,0.00047122,-2,0,95
0.27696,0.48112,-0.0065185,0.00047122,-2,1,95
2.2361,2.4116,-0.0065185,0.00047122,-2,1,95
-2.1924,-2.179,-0.0065185,0.00047122,-2,0,95
1.8718,-1.4724,-4.0065,0.00047122,1,1,95
-3.1378,3.2756,-0.0065185,0.00047122,-2,0,95
0.12538,0.22343,-0.0065185,0.00047122,-2,1,95
-2.8928,-2.8074,-0.0065185,0.00047122,-2,0,95
1.4545,1.4679,-0.0065185,0.00047122,-2,0,95
0.17197,2.1111,-0.0065185,0.00047122,-2,1,95
-0.1379,-0.12449,1.9935,0.00047122,1,0,95
0.57049,-0.11609,-0.0065185,0.00047122,-2,1,95
0.67336,-0.46323,-0.0065185,0.00047122,-2,0,95
2.873,2.5354,-0.0065185,0.00047122,-2,1,95
-0.59553,2.4562,-0.0065185,0.00047122,-2,1,95
-0.10553,-0.49211,-0.0065185,0.00047122,-2,0,95
1.4545,-1.8281,-0.0065185,0.00047122,-2,0,95
1.237,1.2504,3.9935,0.00047122,1,0,95
2.1621,1.9299,-0.0065185,0.00047122,-2,0,95
1.4385,1.1331,-0.0065185,0.00047122,-2,1,95
-0.54553,-1.1075,-0.0065185,0.00047122,-2,0,95
0.83697,0.92986,-0.0065185,0.00047122,-2,0,95
-0.70315,0.41526,-3.0065,0.00047122,1,0,95
-0.16303,-0.53211,-0.0065185,0.00047122,-2,0,95
0.1621,0.25618,-0.0065185,0.00047122,-2,1,95
-0.29553,-0.28211,-0.0065185,0.00047122,-2,1,95
-0.25053,-0.10313,-2.0065,0.00047122,1,1,95
-2.2238,-1.7696,-0.0065185,0.00047122,-2,0,95
-2.0395,-1.6515,-0.0065185,0.00047122,-2,0,95
-0.88294,-0.55108,-0.0065185,0.00047122,-2,0,95
-0.74983,-0.46573,-0.0065185,0.00047122,-2,0,95
0.36332,0.60681,-0.0065185,0.00047122,-2,0,95
2.5495,-0.38699,-0.0065185,0.00047122,-2,1,95
-2.1588,-1.9791,-5.0065,0.00047122,1,1,95
2.4495,4.6616,-0.0065185,0.00047122,-2,1,95
2.0827,3.3526,-0.0065185,3.0005,-1,1,95
2.727,2.7404,-0.0065185,0.00047122,-2,1,95
-0.3814,1.1471,-0.0065185,0.00047122,-2,1,95
-2.4735,-2.7766,-0.0065185,0.00047122,-2,0,95
2.1108,2.1242,4.9935,0.00047122,1,0,95
3.3816,-0.21909,-0.0065185,0.00047122,-2,1,95
2.8751,5.3385,-0.0065185,5.0005,-1,1,95
-4.268,-2.4221,-0.0065185,0.00047122,-2,0,95
-5.2271,-5.2137,-0.0065185,0.00047122,-2,0,95
4.4513,3.1048,3.9935,0.00047122,1,1,95
-2.1629,-3.5495,-0.0065185,0.00047122,-2,0,95
2.1467,0.415,-0.0065185,0.00047122,-2,1,95
-1.1164,-1.103,-0.0065185,0.00047122,-2,0,95
-1.0983,-1.0849,-0.0065185,0.00047122,-2,0,95
0.091827,-0.96648,-0.0065185,0.00047122,-2,1,95
-1.9213,0.068583,-0.0065185,0.00047122,-2,0,95
-4.6955,0.8353,-0.0065185,0.00047122,-2,0,95
-3.9905,-3.9771,2.9935,0.00047122,1,0,95
-2.2238,3.1129,-0.0065185,0.00047122,-2,0,95
-2.0395,-1.8761,-0.0065185,0.00047122,-2,0,95
3.8919,1.7553,-0.0065185,0.00047122,-2,1,95
-3.2998,-3.2864,2.9935,0.00047122,1,0,95
-3.6367,2.8524,-0.0065185,0.00047122,-2,0,95
-0.54051,0.2597,-0.0065185,0.00047122,-2,0,95
3.5412,-2.6128,-0.0065185,0.00047122,-2,1,95
3.0107,3.5926,-3.0065,0.00047122,1,1,95
0.89447,-4.0981,-0.0065185,0.00047122,-2,1,95
2.461,-1.3132,-0.0065185,0.00047122,-2,1,95
3.0925,-2.5586,-0.0065185,0.00047122,-2,1,95
-0.77035,-2.6069,-0.0065185,0.00047122,-2,0,95
-3.5041,-3.4907,-0.0065185,0.00047122,-2,0,95
-3.2778,-3.2644,-0.0065185,0.00047122,-2,0,95
5.0944,3.4273,-0.0065185,0.00047122,-2,1,95
4.3309,0.42235,-2.0065,0.00047122,1,1,95
-5.783,0.93039,-0.0065185,0.00047122,-2,0,95
-5.6649,-5.6515,-0.0065185,0.00047122,-2,0,95
-2.5645,-2.5511,-0.0065185,0.00047122,-2,0,95
2.4881,3.5721,-0.0065185,0.00047122,-2,1,95
2.1156,1.4951,-2.0065,0.00047122,1,1,95
-0.34494,-0.33153,-0.0065185,0.00047122,-2,0,95
0.30148,-0.14305,-0.0065185,0.00047122,-2,1,95
-4.248,-4.2346,-0.0065185,0.00047122,-2,0,95
3.6191,-1.1424,4.9935,0.00047122,1,1,95
-5.1779,-4.4145,-0.0065185,0.00047122,-2,0,95
4.1595,4.4229,-0.0065185,0.00047122,-2,1,95
4.1363,4.1497,-0.0065185,0.00047122,-2,1,95
1.1165,1.1299,-0.0065185,0.00047122,-2,1,95
1.0997,0.9663,-0.0065185,0.00047122,-2,1,95
4.0854,4.0988,-0.0065185,0.00047122,-2,1,95
-3.4643,-1.8257,3.9935,0.00047122,1,0,95
-3.054,-3.0406,-0.0065185,0.00047122,-2,0,95
-5.0452,-5.0318,-0.0065185,0.00047122,-2,0,95
4.0467,-2.3964,-0.0065185,0.00047122,-2,1,95
-4.0314,-3.418,-0.0065185,0.00047122,-2,0,95
4.035,3.4013,-0.0065185,0.00047122,-2,1,95
3.0304,3.0038,-0.0065185,0.00047122,-2,1,95
5.0265,5.0399,-0.0065185,0.00047122,-2,1,95
4.0232,2.4642,-0.0065185,0.00047122,-2,1,95
4.0204,4.0093,-0.0065185,0.00047122,-2,1,95
4.018,4.0106,-0.0065185,0.00047122,-2,1,95
3.016,2.4859,-0.0065185,0.00047122,-2,1,95
5.0143,2.5626,-0.0065185,0.00047122,-2,1,95
-1.0038,-0.99043,-0.0065185,0.00047122,-2,0,95
-1.0026,-0.98918,-0.0065185,0.00047122,-2,0,95
0.86048,3.0853,-3.0065,0.00047122,1,1,95
3.9994,2.5628,-0.0065185,0.00047122,-2,1,95
-0.39553,-2.152,-0.0065185,0.00047122,-2,0,95
-0.88553,-0.87211,-0.0065185,0.00047122,-2,1,95
-0.29553,0.15187,-0.0065185,0.00047122,-2,0,95
3.7045,-0.49337,-0.0065185,0.00047122,-2,1,95
-1.1455,0.94882,-0.0065185,0.00047122,-2,0,96
2.3045,-1.068,-0.0065185,0.00047122,-2,0,96
-0.44053,3.4764,-0.0065185,0.00047122,-2,0,96
-1.2238,0.06759,-0.0065185,0.00047122,-2,1,96
-1.0395,0.017889,-0.0065185,0.00047122,-1,0,96
1.8919,1.9053,-0.0065185,0.00047122,-2,1,96
4.7588,4.7722,-0.0065185,0.00047122,-2,1,96
-4.6367,-0.17956,-0.0065185,0.00047122,-2,0,96
-2.5405,-3.3821,-0.0065185,0.00047122,-2,0,96
-2.5323,-2.5189,-0.0065185,0.00047122,-2,1,96
3.6107,4.0179,-0.0065185,0.00047122,-2,0,96
3.0698,-1.545,0.99348,0.00047122,1,0,96
-2.601,-0.54763,-2.0065,0.00047122,1,1,96
1.7627,1.4761,-0.0065185,0.00047122,-2,1,96
6.7045,1.4629,-0.0065185,0.00047122,-2,1,96
6.4495,6.2461,-0.0065185,0.00047122,-2,1,96
4.2327,4.0619,-0.0065185,0.00047122,-2,1,96
-3.0395,-4.0967,-0.0065185,0.00047122,-2,0,96
2.5919,2.4722,-4.0065,0.00047122,1,0,96
4.4495,-0.38211,-0.0065185,0.00047122,-2,1,96
1.4545,3.3767,-0.0065185,0.00047122,-2,0,96
1.837,3.4729,-0.0065185,0.00047122,-2,0,96
1.8468,1.8603,-0.0065185,0.00047122,-2,1,96
1.5705,1.1659,-4.0065,0.00047122,1,1,96
3.3356,3.349,-0.0065185,0.00047122,-2,1,96
-5.127,2.6234,-0.0065185,0.00047122,-2,0,96
3.9662,3.6597,-0.0065185,0.00047122,-2,1,96
3.8219,3.3854,-0.0065185,0.00047122,-2,1,96
2.6993,2.7127,-0.0065185,0.00047122,-2,1,96
5.5951,2.3339,-0.0065185,0.00047122,-2,1,96
4.7565,4.7699,4.9935,0.00047122,1,0,96
-6.608,-3.7019,-0.0065185,0.00047122,-2,1,96
5.0751,6.1804,-0.0065185,0.00047122,-2,0,96
5.6145,4.7885,-0.0065185,0.00047122,-2,1,96
6.5545,6.5679,-0.0065185,0.00047122,-2,0,96
-6.3955,-3.0961,-0.0065185,0.00047122,-2,1,96
5.8945,5.4579,-0.0065185,0.00047122,-2,0,96
3.461,5.0244,-0.0065185,0.00047122,-2,0,96
5.0925,5.1059,-0.0065185,0.00047122,-2,0,96
4.3293,2.5152,-3.0065,0.00047122,1,1,96
1.172,1.4687,-0.0065185,0.00047122,-2,0,96
-2.8455,-2.8321,-0.0065185,0.00047122,-2,0,96
0.28197,-2.547,-0.0065185,0.00047122,-2,0,96
0.24035,1.3817,3.9935,0.00047122,1,0,96
4.5265,-3.8189,-0.0065185,0.00047122,-2,1,96
-2.4392,-3.8258,-0.0065185,0.00047122,-2,0,96
-4.3727,-4.3593,-0.0065185,0.00047122,-2,0,96
-1.3161,-0.71388,-0.0065185,0.00047122,-2,0,96
-0.72304,1.0181,-0.0065185,0.00047122,-2,1,96
0.62286,1.0617,2.9935,0.00047122,1,0,96
-0.1924,2.371,-0.0065185,0.00047122,-2,0,96
-1.1629,-0.14945,-0.0065185,0.00047122,-2,0,96
-1.1378,-1.1244,-0.0065185,0.00047122,-2,0,96
4.1254,0.63923,-0.0065185,0.00047122,-2,1,96
-4.0983,-3.2961,-0.0065185,0.00047122,-2,0,96
-2.0829,-1.909,-0.0065185,0.00047122,-2,0,96
1.7787,2.8458,3.9935,0.00047122,1,1,96
-3.0586,-3.4452,-0.0065185,0.00047122,-2,0,96
3.0581,2.523,-0.0065185,0.00047122,-2,1,96
-4.0411,-4.0277,-0.0065185,0.00047122,-2,0,96
-4.0343,-2.1884,-0.0065185,0.00047122,-2,0,96
-4.0285,-4.0151,-0.0065185,0.00047122,-2,0,96
-4.0235,-4.0101,-0.0065185,0.00047122,-2,0,96
3.4283,2.4545,3.9935,0.00047122,1,1,96
-4.0158,-3.4023,-0.0065185,0.00047122,-2,0,96
4.0217,3.4035,-0.0065185,0.00047122,-2,1,96
-5.0101,-3.3699,-0.0065185,0.00047122,-2,0,96
-4.008,-3.9945,-0.0065185,0.00047122,-2,0,96
-3.0061,-2.9927,-0.0065185,0.00047122,-2,0,96
-2.5545,-3.0617,-4.0065,0.00047122,1,0,96
-1.0032,-0.98974,-0.0065185,0.00047122,-2,0,96
1.998,-2.8667,-0.0065185,0.00047122,-2,0,96
2.999,3.0225,-0.0065185,0.00047122,-2,0,96
2.9998,3.0132,-0.0065185,0.00047122,-2,0,96
-2.5415,-1.2137,-4.0065,0.00047122,1,0,96
2.172,1.0585,-0.0065185,0.00047122,-2,0,96
-1.9955,2.9079,-0.0065185,0.00047122,-2,0,96
-2.9955,-2.9846,-0.0065185,0.00047122,-2,0,96
2.0045,1.4629,-0.0065185,0.00047122,-2,1,96
-0.99553,-0.98388,-0.0065185,0.00047122,-2,0,96
-0.84553,-1.4271,-5.0065,0.00047122,1,0,96
-2.9955,-2.9821,-0.0065185,0.00047122,-2,0,96
-4.9955,-4.9832,-0.0065185,0.00047122,-2,0,96
-3.9955,-3.0537,-0.0065185,0.00047122,-2,0,96
4.0045,4.0179,-0.0065185,0.00047122,-2,1,96
-2.9955,-2.8721,-0.0065185,0.00047122,-2,0,96
3.0045,2.5679,-0.0065185,0.00047122,-2,1,96
-2.5455,-2.5326,-3.0065,0.00047122,1,0,96
3.0045,2.5679,-0.0065185,0.00047122,-2,1,96
-3.9955,-2.5321,-0.0065185,0.00047122,-2,0,96
-1.9955,-3.3824,-0.0065185,0.00047122,-2,0,96
0.0044729,0.017889,-0.0065185,0.00047122,-2,1,96
0.0044729,-1.4273,-5.0065,0.00047122,1,0,96
-0.99553,-4.2323,-0.0065185,0.00047122,-2,0,96
0.85447,4.0179,-0.0065185,4.0005,-1,1,96
-0.99553,-0.98224,-0.0065185,0.00047122,-2,0,96
-0.84553,-0.59635,-5.0065,0.00047122,1,0,96
2.0045,-4.2322,-0.0065185,0.00047122,-2,0,96
2.0045,1.7179,-0.0065185,0.00047122,-2,0,96
0.0044729,-1.6821,-0.0065185,0.00047122,-2,1,96
0.0044729,0.017831,-0.0065185,0.00047122,-2,0,96
-1.9955,-1.9821,-0.0065185,0.00047122,-2,1,96
4.0045,0.017889,-0.0065185,0.00047122,-2,0,96
-3.3955,-3.3821,-2.0065,0.00047122,1,1,96
3.0045,1.7179,-0.0065185,0.00047122,-2,0,96
-0.99553,-2.5321,-0.0065185,0.00047122,-2,1,96
-0.99553,0.86789,-0.0065185,0.00047122,-2,0,96
1.0045,0.86789,-0.0065185,0.00047122,-2,1,96
1.0045,1.0179,-0.0065185,0.00047122,-2,0,96
0.85447,-0.70461,-3.0065,0.00047122,1,0,96
-3.9955,2.5679,-0.0065185,0.00047122,-2,1,96
-3.9955,-3.9821,-0.0065185,0.00047122,-2,1,96
2.0045,2.9079,-0.0065185,0.00047122,-2,0,96
-0.99553,-1.6821,-0.0065185,0.00047122,-2,1,96
0.85447,0.86789,3.9935,0.00047122,1,0,96
3.0045,-3.3821,-0.0065185,0.00047122,-2,1,96
-1.9955,-1.9821,-0.0065185,0.00047122,-2,0,96
4.0045,4.0179,-0.0065185,0.00047122,-2,1,96
-3.9955,-1.8245,-0.0065185,0.00047122,-2,0,96
-3.9955,-3.9821,-0.0065185,0.00047122,-2,0,96
4.0045,2.9079,-0.0065185,0.00047122,-2,1,96
-1.9955,-3.3821,-0.0065185,0.00047122,-2,0,96
1.7045,1.7179,-2.0065,0.00047122,1,1,96
-2.9955,1.7179,-0.0065185,0.00047122,-2,0,96
0.0044729,0.017889,-0.0065185,0.00047122,-2,0,96
4.0045,4.0179,-0.0065185,0.00047122,-2,0,96
-3.3955,1.8603,-4.0065,0.00047122,1,0,96
-7.8855,-3.4161,-0.0065185,0.00047122,-2,1,96
5.2545,1.0179,-0.0065185,0.00047122,-2,0,96
4.617,6.0869,-0.0065185,0.00047122,-2,0,96
-3.9162,-3.9027,-2.0065,0.00047122,1,1,96
0.6145,4.3279,-0.0065185,0.00047122,-2,0,96
-0.777,-2.9821,-0.0065185,0.00047122,-2,0,96
2.1187,-0.42286,-0.0065185,0.00047122,-2,1,96
-0.39264,-1.7792,-0.0065185,0.00047122,-2,0,96
1.642,0.35544,-0.0065185,0.00047122,-2,1,96
-0.83744,-2.5321,-0.0065185,0.00047122,-2,0,96
-0.011155,-0.98211,-0.0065185,0.00047122,-2,1,96
-0.0088109,0.004605,2.9935,0.00047122,1,0,96
-0.28432,-0.2709,-0.0065185,0.00047122,-2,0,96
-0.60005,0.45737,-0.0065185,0.00047122,-2,1,96
1.5183,0.53174,-0.0065185,0.00047122,-2,0,96
1.4412,1.4547,-0.0065185,0.00047122,-2,0,96
-1.2168,-1.0759,-3.0065,0.00047122,1,1,96
1.32,3.6993,-0.0065185,0.00047122,-2,0,96
-1.2638,-1.1003,-0.0065185,0.00047122,-2,1,96
3.2325,3.8354,-0.0065185,0.00047122,-2,0,96
2.7483,1.4352,2.9935,0.00047122,1,0,96
-4.1603,-2.6968,-0.0065185,0.00047122,-2,1,96
-2.1355,-2.1221,-0.0065185,0.00047122,-2,0,96
-2.6955,-2.6821,-0.0065185,0.00047122,-2,0,96
-0.44053,-0.42711,-0.0065185,0.00047122,-2,0,96
-2.7673,1.5544,-0.0065185,0.00047122,-2,0,96
0.40447,0.41789,-0.0065185,0.00047122,-2,1,96
-0.33553,1.7492,-5.0065,0.00047122,1,0,96
0.54797,3.2072,-0.0065185,0.00047122,-2,1,96
-0.54553,5.7184,-0.0065185,0.00047122,-2,1,96
2.3045,0.48539,-0.0065185,0.00047122,-2,0,96
-1.5505,-1.8735,-0.0065185,0.00047122,-2,0,96
4.5545,1.6796,-0.0065185,0.00047122,-2,0,96
-4.6955,-4.6821,-0.0065185,0.00047122,-2,1,96
5.4495,3.1305,-0.0065185,0.00047122,-2,0,96
5.2327,2.8122,-0.0065185,0.00047122,-2,0,96
4.0485,2.7767,-0.0065185,0.00047122,-2,1,96
5.5545,5.9079,-0.0065185,0.00047122,-2,1,96
-3.163,-3.1929,-0.0065185,0.00047122,-2,0,96
-4.8379,-5.0701,-0.0065185,0.00047122,-2,0,96
-2.5615,-2.7569,-0.0065185,0.00047122,-2,0,96
1.3356,2.1406,-0.0065185,0.00047122,-2,0,96
1.1359,1.6713,-5.0065,0.00047122,1,0,96
3.0045,3.4616,-0.0065185,0.00047122,-2,0,96
4.0045,4.0179,-0.0065185,0.00047122,-2,0,96
-2.9955,3.0885,-0.0065185,0.00047122,-2,1,96
-0.99553,-0.98211,-0.0065185,0.00047122,-2,1,96
0.0044729,0.017889,-0.0065185,0.00047122,-2,1,96
0.84685,-0.60496,-0.0065185,0.00047122,-2,0,97
5.8545,-0.10313,-0.0065185,0.00047122,-2,1,97
2.727,3.2461,-0.0065185,0.00047122,-2,1,97
4.6186,5.0619,-0.0065185,0.00047122,-2,1,97
3.5265,3.9053,-0.0065185,0.00047122,-2,1,97
1.4482,1.7722,-0.0065185,0.00047122,-2,0,97
-3.8455,-1.2093,-0.0065185,0.00047122,-2,0,97
-5.5455,-3.3027,-0.0065185,0.00047122,-2,0,97
7.172,7.1854,-0.0065185,0.00047122,-2,1,97
-4.8379,-3.1869,-0.0065185,0.00047122,-2,0,97
-3.5615,-2.729,-0.0065185,0.00047122,-2,0,97
-0.32664,-1.8495,-0.0065185,0.00047122,-2,1,97
-0.27698,-2.5586,-4.0065,0.00047122,1,0,97
-5.9573,-2.6596,-0.0065185,0.00047122,-2,0,97
-5.063,-5.0496,2.9935,0.00047122,1,1,97
-3.608,0.11139,-0.0065185,0.00047122,-2,0,97
2.0045,2.0179,-0.0065185,0.00047122,-2,1,97
-0.99553,-2.7569,-0.0065185,0.00047122,-2,0,97
-0.84553,-2.2006,-5.0065,0.00047122,1,0,97
-3.9955,4.2679,-0.0065185,0.00047122,-2,0,97
6.4045,2.3279,-0.0065185,0.00047122,-2,1,97
-6.8855,0.53851,-0.0065185,0.00047122,-2,0,97
7.461,7.4744,-0.0065185,0.00047122,-2,1,97
6.3425,0.68936,4.9935,0.00047122,1,1,97
2.7793,2.7927,-0.0065185,0.00047122,-2,0,97
0.85447,3.6304,-0.0065185,0.00047122,-2,1,97
2.0045,3.3803,-0.0065185,0.00047122,-2,1,97
1.3045,-1.6821,-0.0065185,0.00047122,-2,0,97
1.5595,3.0899,-0.0065185,0.00047122,-2,1,97
1.3262,1.3396,2.9935,0.00047122,1,1,97
1.128,4.4103,4.9935,0.00047122,1,1,97
1.1621,-5.7981,-0.0065185,0.00047122,-2,0,97
2.4385,2.6868,-0.0065185,0.00047122,-2,1,97
0.60447,1.8504,-0.0065185,0.00047122,-2,1,97
6.4045,-1.7407,-0.0065185,0.00047122,-2,1,97
6.8945,4.9796,-0.0065185,0.00047122,-2,1,97
-7.452,-7.4386,-0.0065185,0.00047122,-2,0,97
4.0925,2.5551,-0.0065185,0.00047122,-2,1,97
1.7793,2.3085,-0.0065185,0.00047122,-2,1,97
1.5131,0.51992,-4.0065,0.00047122,1,1,97
3.2868,3.3002,-0.0065185,0.00047122,-2,1,97
3.0944,-2.5094,-0.0065185,0.00047122,-2,1,97
-1.922,-1.9086,-0.0065185,0.00047122,-2,1,97
1.642,1.13,3.9935,0.00047122,1,0,97
2.727,2.7404,-0.0065185,0.00047122,-2,1,97
2.7045,3.9519,-0.0065185,0.00047122,-2,1,97
6.4495,7.4744,-0.0065185,0.00047122,-2,1,97
6.2327,6.2461,-0.0065185,0.00047122,-2,1,97
-4.0395,-2.3711,-0.0065185,0.00047122,-2,0,97
3.4419,4.0765,-3.0065,0.00047122,1,1,97
-2.7498,1.2856,-0.0065185,0.00047122,-2,0,97
2.6456,2.659,-0.0065185,0.00047122,-2,1,97
-0.45055,2.3894,-0.0065185,0.00047122,-2,0,97
2.1545,4.2461,-0.0065185,0.00047122,-2,1,97
-2.5455,-1.8096,-0.0065185,0.00047122,-2,1,97
-2.9955,-2.368,-0.0065185,0.00047122,-2,0,97
2.5545,0.30237,-4.0065,0.00047122,1,1,97
0.83697,1.2504,-0.0065185,0.00047122,-2,1,97
3.5545,3.9079,-0.0065185,0.00047122,-2,1,97
-4.163,-1.9749,-0.0065185,0.00047122,-2,0,97
-2.8379,-3.5245,-0.0065185,0.00047122,-2,0,97
-3.5615,-2.3981,-0.0065185,0.00047122,-2,0,97
-4.3266,-3.0132,-0.0065185,0.00047122,-2,0,97
-3.677,-3.6636,-4.0065,0.00047122,1,0,97
4.9662,4.5079,-0.0065185,0.00047122,-2,1,97
4.8219,4.9444,-0.0065185,0.00047122,-2,1,97
4.6993,4.8054,-0.0065185,0.00047122,-2,1,97
3.5951,3.6873,-0.0065185,0.00047122,-2,1,97
-2.4976,-2.6391,-0.0065185,0.00047122,-2,0,97
-2.1223,-2.1088,3.9935,0.00047122,1,1,97
0.44947,1.874,-0.0065185,0.00047122,-2,1,97
3.1545,4.3673,-0.0065185,0.00047122,-2,1,97
2.282,3.3149,-0.0065185,0.00047122,-2,1,97
-2.3814,1.8535,-0.0065185,0.00047122,-2,0,97
2.0325,2.7825,4.9935,0.00047122,1,1,97
-4.5518,-4.5384,-0.0065185,0.00047122,-2,0,97
-3.6184,-3.605,-0.0065185,0.00047122,-2,0,97
-2.6749,-2.7322,-0.0065185,0.00047122,-2,0,97
-1.723,-2.0941,-0.0065185,0.00047122,-2,0,97
-3.7639,-1.918,-0.0065185,0.00047122,-2,0,97
-3.1987,-3.1852,-5.0065,0.00047122,1,0,97
-2.8282,-4.0648,-0.0065185,0.00047122,-2,0,97
0.14671,0.16013,-0.0065185,0.00047122,-2,1,97
-0.99553,-2.1993,-0.0065185,0.00047122,-2,1,97
0.0044729,-0.83211,-0.0065185,0.00047122,-2,0,97
4.0045,3.2954,-0.0065185,0.00047122,-2,1,97
-1.3955,-3.3821,-0.0065185,0.00047122,-2,1,97
1.1945,-1.1136,-5.0065,0.00047122,1,0,97
-2.5505,4.2679,-0.0065185,0.00047122,-2,0,97
0.40447,-4.8229,-0.0065185,0.00047122,-2,1,97
0.11447,5.6385,-0.0065185,0.00047122,-2,1,97
0.45447,0.30689,-0.0065185,0.00047122,-2,1,97
0.38697,-0.061586,-2.0065,0.00047122,1,1,97
-0.82803,-0.81461,-0.0065185,0.00047122,-2,0,97
-1.5455,0.081487,-0.0065185,0.00047122,-2,0,97
-1.163,-1.2996,-0.0065185,0.00047122,-2,0,97
-0.9879,-0.17612,3.9935,0.00047122,1,1,97
-0.27303,-0.82563,-0.0065185,0.00047122,-2,1,97
-0.60965,-2.0221,-0.0065185,0.00047122,-2,0,97
-1.4735,2.4744,-0.0065185,0.00047122,-2,0,97
4.7045,4.7179,-0.0065185,0.00047122,-2,1,97
-4.4405,-1.05,-0.0065185,0.00047122,-2,0,97
3.2327,3.7961,-0.0065185,0.00047122,-2,1,97
-2.7395,-2.7261,-5.0065,0.00047122,1,0,97
3.8919,5.1553,-0.0065185,0.00047122,-2,1,97
-3.7498,-3.2864,-0.0065185,0.00047122,-2,0,97
-2.6367,-2.6233,-0.0065185,0.00047122,-2,0,97
-3.5405,-2.1496,-0.0065185,0.00047122,-2,0,97
3.4677,3.4811,-0.0065185,0.00047122,-2,1,97
-2.9393,-2.1496,2.9935,0.00047122,1,1,97
-2.163,2.5679,-0.0065185,0.00047122,-2,0,97
-1.9955,-1.9821,-0.0065185,0.00047122,-2,0,97
3.0045,3.2597,-0.0065185,0.00047122,-2,1,97
-0.99553,-0.98211,-0.0065185,0.00047122,-2,1,97
-0.84553,-1.1186,2.9935,0.00047122,1,1,97
1.727,1.7404,-0.0065185,0.00047122,-2,1,97
0.15447,3.1854,-0.0065185,0.00047122,-2,1,97
-0.84553,-0.10961,-0.0065185,0.00047122,-2,0,97
0.72697,0.74039,-0.0065185,0.00047122,-2,1,97
-0.3814,-0.40884,-0.0065185,0.00047122,-2,0,97
5.8545,-0.50412,-0.0065185,0.00047122,-2,1,97
4.727,4.0179,-0.0065185,0.00047122,-2,1,97
-4.0097,-3.5946,3.9935,0.00047122,1,0,97
5.5265,-3.3821,-0.0065185,0.00047122,-2,1,97
1.4482,1.0179,-0.0065185,0.00047122,-2,1,97
-1.3727,-1.3593,-0.0065185,0.00047122,-2,0,97
-1.1661,-3.0527,2.9935,0.00047122,1,1,97
0.28197,-1.5921,-0.0065185,0.00047122,-2,1,97
-4.3814,-7.1496,-0.0065185,0.00047122,-2,0,97
4.4825,1.6634,-0.0065185,0.00047122,-2,1,97
3.8108,2.665,2.9935,0.00047122,1,1,97
2.6273,3.899,-0.0065185,0.00047122,-2,0,97
6.5545,6.1854,-0.0065185,0.00047122,-2,1,97
5.4045,1.0335,-0.0065185,0.00047122,-2,1,97
-4.5855,-4.7145,-4.0065,0.00047122,1,0,97
-4.452,-4.4386,-0.0065185,0.00047122,-2,0,97
5.0925,2.3034,-0.0065185,0.00047122,-2,1,97
1.7793,1.7927,-0.0065185,0.00047122,-2,1,97
-1.5041,-3.6582,-3.0065,0.00047122,1,0,97
4.2868,2.1966,-0.0065185,0.00047122,-2,1,97
3.0944,1.7023,-0.0065185,0.00047122,-2,1,97
3.9309,3.9444,-0.0065185,0.00047122,-2,1,97
4.792,4.8054,-0.0065185,0.00047122,-2,1,97
4.0738,1.3901,4.9935,0.00047122,1,1,97
3.5734,2.8532,-0.0065185,0.00047122,-2,1,97
-2.4791,-2.4657,-0.0065185,0.00047122,-2,0,97
1.4156,0.89887,-0.0065185,0.00047122,-2,1,97
1.2039,2.9773,2.9935,0.00047122,1,1,97
3.3015,2.4819,-0.0065185,0.00047122,-2,1,97
5.2569,4.9448,-0.0065185,0.00047122,-2,1,97
3.2191,2.4,-0.0065185,0.00047122,-2,1,97
-3.1779,-2.7145,-0.0065185,0.00047122,-2,0,97
4.1595,3.973,-0.0065185,0.00047122,-2,1,97
3.5363,2.3172,1.9935,0.00047122,1,1,97
3.0065,1.6855,4.9935,0.00047122,1,1,97
-2.0907,-2.0773,-0.0065185,0.00047122,-2,1,97
4.7045,1.6945,-0.0065185,0.00047122,-2,1,97
6.5545,3.0686,-0.0065185,0.00047122,-2,1,97
-2.163,-5.5496,-0.0065185,0.00047122,-2,1,97
-1.9955,-4.8721,-0.0065185,0.00047122,-2,0,97
-0.29553,-1.9943,-0.0065185,0.00047122,-2,0,97
1.3045,1.3179,-0.0065185,0.00047122,-2,0,97
2.5595,2.5729,-0.0065185,0.00047122,-2,1,97
-0.39553,1.9739,-0.0065185,0.00047122,-2,0,97
1.8945,2.9079,-0.0065185,0.00047122,-2,0,97
-0.84553,0.77219,-0.0065185,0.00047122,-2,0,97
-2.718,-0.70461,-0.0065185,0.00047122,-2,0,97
-3.6097,-2.9821,-0.0065185,0.00047122,-2,0,97
-1.5175,-0.98211,-0.0065185,0.00047122,-2,0,97
1.2982,1.6898,3.9935,0.00047122,1,1,97
1.6273,2.0179,-0.0065185,0.00047122,-2,1,97
0.30447,-1.3615,-0.0065185,0.00047122,-2,1,97
-2.6955,-2.6821,-0.0065185,0.00047122,-2,0,97
-3.4405,-2.3018,-0.0065185,0.00047122,-2,0,97
1.2327,1.9148,-0.0065185,0.00047122,-2,1,97
-4.0855,-3.3027,-0.0065185,0.00047122,-2,0,98
4.9309,3.0688,-0.0065185,0.00047122,-2,1,98
-5.783,-3.5189,-0.0065185,0.00047122,-2,0,98
-3.6649,-3.179,-0.0065185,0.00047122,-2,0,98
-3.5645,-3.0809,-0.0065185,0.00047122,-2,0,98
-4.4791,-4.1244,-0.0065185,0.00047122,-2,0,98
-3.4066,-3.0535,-0.0065185,0.00047122,-2,0,98
-3.3449,-3.0428,-0.0065185,0.00047122,-2,0,98
-4.2925,-4.0337,-0.0065185,0.00047122,-2,0,98
4.2569,1.6646,-0.0065185,0.00047122,-2,1,98
1.2191,1.0552,-0.0065185,0.00047122,-2,1,98
-5.1779,-5.0358,-0.0065185,0.00047122,-2,0,98
-4.4006,-2.4842,-3.0065,0.00047122,1,0,98
3.1363,2.5908,-0.0065185,0.00047122,-2,1,98
-4.1075,-4.0151,-0.0065185,0.00047122,-2,0,98
-3.0907,-3.0101,-0.0065185,0.00047122,-2,0,98
0.085404,0.031947,-0.0065185,0.00047122,-2,1,98
-1.9267,-1.9702,-0.0065185,0.00047122,-2,0,98
1.646,1.7007,3.9935,0.00047122,1,1,98
3.4495,0.88644,-0.0065185,0.00047122,-2,1,98
5.2327,1.9462,-0.0065185,0.00047122,-2,1,98
3.0485,4.4619,-0.0065185,0.00047122,-2,1,98
2.8919,2.9053,-0.0065185,0.00047122,-2,1,98
2.4588,0.87227,-4.0065,0.00047122,1,1,98
0.36332,0.37673,-0.0065185,0.00047122,-2,1,98
-5.8455,-1.2588,-0.0065185,0.00047122,-2,0,98
-4.968,0.29539,-0.0065185,1.0005,-1,0,98
-5.6097,-7.0701,-0.0065185,0.00047122,-2,0,98
-3.5175,-4.7569,-0.0065185,0.00047122,-2,0,98
-2.9892,3.5742,-0.0065185,4.0005,-1,0,98
2.5491,2.6136,-4.0065,0.00047122,1,1,98
-0.3161,3.0973,-0.0065185,0.00047122,-2,0,98
2.732,2.7454,-0.0065185,0.00047122,-2,1,98
0.45447,3.0179,-0.0065185,0.00047122,-2,0,98
-2.163,0.017889,-0.0065185,0.00047122,-2,0,98
-0.15315,-0.13974,-0.0065185,0.00047122,-2,0,98
1.3045,2.5343,-0.0065185,0.00047122,-2,1,98
-0.44553,1.1229,-0.0065185,0.00047122,-2,0,98
0.55447,1.2461,-0.0065185,0.00047122,-2,0,98
-0.46303,-2.1496,-4.0065,0.00047122,1,1,98
3.4495,3.4629,-0.0065185,0.00047122,-2,1,98
4.2327,3.0179,-0.0065185,0.00047122,-2,1,98
2.0485,-1.3946,-0.0065185,0.00047122,-2,1,98
1.7419,1.7553,-4.0065,0.00047122,1,1,98
0.75877,-2.6278,-0.0065185,0.00047122,-2,1,98
0.36332,1.0179,-0.0065185,0.00047122,-2,0,98
-1.4505,-1.4371,-0.0065185,0.00047122,-2,0,98
-3.6955,-1.9821,-0.0065185,0.00047122,-2,0,98
4.4495,1.4629,-0.0065185,0.00047122,-2,0,98
-3.7738,-2.5321,-3.0065,0.00047122,1,0,98
4.0485,2.5679,-0.0065185,0.00047122,-2,1,98
4.8919,6.1854,-0.0065185,0.00047122,-2,1,98
-4.7498,-3.992,-0.0065185,0.00047122,-2,0,98
-3.6367,-2.9821,-0.0065185,0.00047122,-2,0,98
3.5495,4.239,-0.0065185,0.00047122,-2,1,98
5.4677,6.1493,-0.0065185,0.00047122,-2,1,98
-4.6393,-2.1496,2.9935,0.00047122,1,0,98
-3.3302,2.5679,-0.0065185,0.00047122,-2,0,98
-2.28,-2.5321,-0.0065185,0.00047122,-2,0,98
-2.2373,-1.9821,-0.0065185,0.00047122,-2,0,98
-2.2011,-2.4841,-0.0065185,0.00047122,-2,0,98
-5.1702,-4.9821,-0.0065185,0.00047122,-2,0,98
-0.14403,-0.34483,-0.0065185,0.00047122,-2,0,98
0.1307,1.2136,-3.0065,0.00047122,1,1,98
1.1118,1.28,-0.0065185,0.00047122,-2,1,98
-1.0867,-0.98211,-0.0065185,0.00047122,-2,0,98
2.082,2.2072,-0.0065185,0.00047122,-2,1,98
-5.0614,-4.9821,-0.0065185,0.00047122,-2,0,98
-4.0515,-3.9821,-0.0065185,0.00047122,-2,0,98
-3.4431,1.0331,1.9935,0.00047122,1,0,98
1.964,1.9191,-0.0065185,0.00047122,-2,1,98
1.6701,5.7179,-0.0065185,4.0005,-1,1,98
-2.4405,-2.2104,-0.0065185,0.00047122,-2,0,98
0.23272,1.2461,-0.0065185,0.00047122,-2,1,98
0.19849,0.2119,3.9935,0.00047122,1,1,98
-2.1081,4.3053,-0.0065185,0.00047122,-2,0,98
3.5545,1.9267,-0.0065185,0.00047122,-2,1,98
-4.163,-2.9996,-0.0065185,0.00047122,-2,0,98
-2.8379,0.40591,-0.0065185,0.00047122,-2,0,98
0.43845,3.7927,-0.0065185,0.00047122,-2,1,98
-0.36441,-0.351,-5.0065,0.00047122,1,0,98
-0.55053,5.7129,-0.0065185,0.00047122,-2,1,98
-1.2238,0.48964,-0.0065185,0.00047122,-2,0,98
-1.0395,-1.0261,-0.0065185,0.00047122,-2,1,98
2.0045,2.0179,-0.0065185,0.00047122,-2,1,98
-4.6955,-1.6821,-0.0065185,0.00047122,-2,0,98
4.4495,2.7454,-0.0065185,0.00047122,-2,1,98
3.7827,3.4136,4.9935,0.00047122,1,1,98
4.0485,2.821,-0.0065185,0.00047122,-2,1,98
1.8919,3.463,-0.0065185,0.00047122,-2,1,98
-1.7498,-1.7364,-0.0065185,0.00047122,-2,0,98
-0.35437,0.61948,-0.0065185,0.00047122,-2,0,98
0.30949,0.32291,4.9935,0.00047122,1,1,98
-3.718,-4.9546,-0.0065185,0.00047122,-2,0,98
-1.6097,-1.5962,-0.0065185,0.00047122,-2,0,98
0.48247,-1.7725,-0.0065185,0.00047122,-2,1,98
0.41077,0.42418,4.9935,0.00047122,1,1,98
-0.27303,4.9904,-0.0065185,0.00047122,-2,1,98
0.6186,-1.3132,-0.0065185,0.00047122,-2,1,98
2.5265,0.88644,-0.0065185,0.00047122,-2,1,98
-2.5518,-2.5384,-0.0065185,0.00047122,-2,0,98
0.45447,-3.3496,-0.0065185,0.00047122,-2,0,98
-1.163,-1.1496,-0.0065185,0.00047122,-2,1,98
0.99685,-0.45496,2.9935,0.00047122,1,0,98
1.282,1.2954,-0.0065185,0.00047122,-2,1,98
6.7045,6.7179,-0.0065185,0.00047122,-2,1,98
5.4495,5.4629,-0.0065185,0.00047122,-2,1,98
3.2327,3.2461,-0.0065185,0.00047122,-2,1,98
-3.0395,-0.064392,-0.0065185,0.00047122,-2,0,98
-2.5829,-2.8136,-5.0065,0.00047122,1,0,98
1.7588,1.7722,-0.0065185,0.00047122,-2,1,98
-2.6367,-2.7996,-0.0065185,0.00047122,-2,0,98
0.54945,0.56287,-0.0065185,0.00047122,-2,1,98
-1.5323,-1.5189,-0.0065185,0.00047122,-2,0,98
1.3107,-2.7027,4.9935,0.00047122,1,1,98
0.55947,-5.6771,-0.0065185,0.00047122,-2,0,98
-1.7673,-0.45386,-0.0065185,0.00047122,-2,0,98
-3.5455,-3.8946,-0.0065185,0.00047122,-2,0,98
-1.163,-1.1496,-0.0065185,0.00047122,-2,0,98
-1.8379,-1.0261,-0.0065185,0.00047122,-2,0,98
-1.5615,-1.4836,-0.0065185,0.00047122,-2,1,98
0.0044729,0.017889,-0.0065185,0.00047122,-2,0,98
0.0044729,1.593,-4.0065,0.00047122,1,0,98
1.0045,1.395,-0.0065185,0.00047122,-2,0,98
2.0045,2.3385,-0.0065185,0.00047122,-2,1,98
1.7045,1.7179,-0.0065185,0.00047122,-2,1,98
-1.4405,0.66091,3.9935,0.00047122,1,0,98
0.77622,3.4179,-0.0065185,0.00047122,-2,1,98
1.3045,-1.8281,-0.0065185,0.00047122,-2,0,98
-0.55053,-0.53711,-0.0065185,0.00047122,-2,1,98
-0.46728,-0.061586,-4.0065,0.00047122,1,0,98
-4.4405,-2.3381,-0.0065185,0.00047122,-2,0,98
2.2327,5.4579,-0.0065185,0.00047122,-2,1,98
2.0485,3.4744,-0.0065185,0.00047122,-2,1,98
1.1171,-1.8361,-0.0065185,0.00047122,-2,1,98
5.7045,5.7179,-0.0065185,0.00047122,-2,1,98
4.4495,-2.0127,-0.0065185,0.00047122,-2,1,98
1.2327,3.7961,-0.0065185,0.00047122,-2,0,98
1.0485,1.8082,2.9935,0.00047122,1,1,98
1.8919,-0.30269,-0.0065185,0.00047122,-2,1,98
-1.7498,-3.1496,-0.0065185,0.00047122,-2,0,98
0.64563,2.5828,-0.0065185,0.00047122,-2,0,98
0.54945,0.43514,2.9935,0.00047122,1,0,98
0.46771,3.0899,1.9935,0.00047122,1,1,98
0.39822,1.7179,-0.0065185,0.00047122,-2,0,98
-4.9955,1.8603,-0.0065185,0.00047122,-2,0,98
-3.9955,-4.2321,-0.0065185,0.00047122,-2,0,98
3.4045,3.4179,4.9935,0.00047122,1,1,98
-0.99553,-0.98211,-0.0065185,0.00047122,-2,0,98
-2.1455,-3.5946,-0.0065185,0.00047122,-2,1,98
0.72697,-5.6027,-0.0065185,0.00047122,-2,1,98
1.6186,-2.5921,-0.0065185,0.00047122,-2,1,98
0.48247,-1.3541,-0.0065185,0.00047122,-2,1,98
1.1545,-1.1454,-0.0065185,0.00047122,-2,1,98
0.98197,0.99539,4.9935,0.00047122,1,1,98
2.4495,-0.34456,-0.0065185,0.00047122,-2,1,98
-1.2238,-4.8229,-0.0065185,0.00047122,-2,1,98
2.0045,-1.0527,-0.0065185,0.00047122,-2,1,98
-0.99553,1.7912,-0.0065185,0.00047122,-2,0,98
1.0045,-1.3506,-0.0065185,0.00047122,-2,1,98
1.0045,1.0536,-0.0065185,0.00047122,-2,1,98
5.8545,4.2954,-0.0065185,0.00047122,-2,1,98
-2.718,-2.7046,-0.0065185,0.00047122,-2,0,98
0.6186,0.63201,-0.0065185,0.00047122,-2,1,98
3.5265,-0.42582,-0.0065185,0.00047122,-2,1,98
-4.4392,-4.4258,-0.0065185,0.00047122,-2,0,98
-4.3727,-4.3593,-0.0065185,0.00047122,-2,0,98
-3.3161,-3.3027,-0.0065185,0.00047122,-2,0,98
-0.72304,1.8564,-0.0065185,0.00047122,-2,1,98
0.62286,0.63627,-5.0065,0.00047122,1,0,98
2.2013,4.4648,-0.0065185,0.00047122,-2,1,98
-1.1629,-1.8495,-0.0065185,0.00047122,-2,0,98
3.1467,2.897,-0.0065185,0.00047122,-2,1,98
-3.1164,-3.103,-0.0065185,0.00047122,-2,0,98
-2.6483,-0.084881,-0.0065185,0.00047122,-1,0,98
-2.248,-2.4021,-0.0065185,0.00047122,-2,0,99
2.7899,3.0179,-0.0065185,0.00047122,-2,0,99
2.8221,2.8355,-0.0065185,0.00047122,-2,1,99
1.5545,2.5679,-0.0065185,0.00047122,-2,0,99
0.15447,-1.0261,-0.0065185,0.00047122,-2,0,99
-1.718,0.86789,-0.0065185,0.00047122,-2,0,99
2.6186,1.482,-0.0065185,0.00047122,-2,1,99
0.48247,-2.2041,-0.0065185,0.00047122,-2,0,99
1.4482,-0.38841,-0.0065185,0.00047122,-2,1,99
-4.3727,-1.2093,-0.0065185,0.00047122,-2,0,99
-4.3161,-3.3821,-0.0065185,0.00047122,-2,0,99
-3.668,-3.6546,-5.0065,0.00047122,1,0,99
4.2361,4.4995,-0.0065185,0.00047122,-2,1,99
-4.1924,-3.9821,-0.0065185,0.00047122,-2,0,99
-2.1629,-2.8721,-0.0065185,0.00047122,-2,0,99
1.1467,1.8601,-0.0065185,0.00047122,-2,1,99
-1.1164,-0.95302,-0.0065185,0.00047122,-2,0,99
0.95724,0.97066,-4.0065,0.00047122,1,1,99
-2.0829,3.4179,-0.0065185,0.00047122,-2,0,99
-1.0698,-1.6821,-0.0065185,0.00047122,-2,0,99
-0.93241,-0.919,-0.0065185,0.00047122,-2,1,99
0.95083,-0.75826,-0.0065185,0.00047122,-2,0,99
-0.79993,-0.78651,-3.0065,0.00047122,1,0,99
-4.718,-4.7046,-0.0065185,0.00047122,-2,0,99
4.0186,2.1854,-0.0065185,0.00047122,1,1,99
-4.5175,-0.50412,-0.0065185,0.00047122,-2,0,99
-5.4392,-5.4258,-0.0065185,0.00047122,-2,0,99
3.3816,4.239,-0.0065185,0.00047122,-2,1,99
-3.3161,-2.8527,-0.0065185,0.00047122,-2,0,99
2.827,2.8404,3.9935,0.00047122,1,1,99
2.2361,2.8354,-0.0065185,0.00047122,-2,1,99
-0.1924,-3.069,-0.0065185,0.00047122,-2,0,99
-1.1629,-1.1495,-0.0065185,0.00047122,-2,0,99
2.1467,2.5199,-0.0065185,0.00047122,-2,1,99
-2.8746,0.13879,-0.0065185,0.00047122,-2,1,99
-1.8928,-1.8793,-0.0065185,0.00047122,-2,0,99
-0.69553,-0.68211,-0.0065185,0.00047122,-2,0,99
4.4495,4.8603,-0.0065185,0.00047122,-2,1,99
-3.7738,-0.98761,1.9935,0.00047122,1,0,99
-4.0395,-4.3132,-0.0065185,0.00047122,-2,0,99
-2.8829,-2.8695,-0.0065185,0.00047122,-2,0,99
-2.2412,-0.24863,-0.0065185,0.00047122,-2,1,99
-1.9044,-3.1646,-0.0065185,-3.9995,-1,0,99
6.172,6.1854,-0.0065185,0.00047122,-2,1,99
-6.8379,-7.8721,-0.0065185,0.00047122,-2,0,99
3.5705,3.5839,-0.0065185,0.00047122,-2,1,99
-5.3266,-6.0701,-0.0065185,0.00047122,-2,0,99
-4.527,2.2431,-0.0065185,4.0005,-1,1,99
3.8562,-2.4204,0.99348,0.00047122,1,0,99
1.461,0.66235,-0.0065185,0.00047122,-2,0,99
2.0925,-3.2886,-0.0065185,0.00047122,-2,0,99
-1.2207,-5.0701,-0.0065185,0.00047122,-2,0,99
2.4959,1.7927,-0.0065185,0.00047122,-2,1,99
-2.1132,-3.4894,2.9935,0.00047122,1,0,99
-0.90556,2.4767,-0.0065185,0.00047122,-2,0,99
0.078005,2.1079,-0.0065185,0.00047122,-2,1,99
-2.783,-1.0556,-0.0065185,0.00047122,-2,1,99
0.67385,-1.9979,-0.0065185,0.00047122,-2,1,99
3.0045,1.9739,-0.0065185,0.00047122,-2,1,99
-1.9955,-1.9821,-0.0065185,0.00047122,-2,0,99
1.7045,-0.016507,4.9935,0.00047122,1,1,99
-1.9955,-4.2321,-0.0065185,0.00047122,-2,0,99
-0.99553,1.7179,-0.0065185,0.00047122,-2,1,99
1.0045,0.55465,-0.0065185,0.00047122,-2,1,99
3.0045,3.0179,-0.0065185,0.00047122,-2,1,99
0.0044729,0.017889,-0.0065185,0.00047122,-2,1,99
0.0044729,0.53989,-4.0065,0.00047122,1,0,99
-1.9955,-2.2239,-0.0065185,0.00047122,-2,1,99
1.0045,1.0179,-0.0065185,0.00047122,-2,1,99
-5.8455,2.2997,-0.0065185,0.00047122,-2,0,99
-5.718,-5.7046,-0.0065185,0.00047122,-2,0,99
-4.8597,-1.8198,-4.0065,0.00047122,1,0,99
-4.5175,-2.4735,-0.0065185,0.00047122,-2,0,99
1.5608,-3.3158,-0.0065185,0.00047122,-2,0,99
2.6273,4.1079,-0.0065185,0.00047122,-2,1,99
-5.5455,-1.1065,-0.0065185,0.00047122,-2,0,99
3.172,3.7961,-0.0065185,0.00047122,-2,1,99
-2.6879,-1.8761,-5.0065,0.00047122,1,1,99
-1.718,-1.7046,-0.0065185,0.00047122,-2,1,99
-0.3814,1.9631,-0.0065185,0.00047122,-2,0,99
-0.47352,2.2385,-0.0065185,0.00047122,-2,0,99
-0.55182,1.6279,-0.0065185,0.00047122,-2,0,99
-0.37268,-0.35926,-0.0065185,0.00047122,-2,1,99
-3.6749,-0.27566,-0.0065185,0.00047122,-2,0,99
-3.123,-1.7792,-3.0065,0.00047122,1,0,99
-2.2271,-2.2137,-0.0065185,0.00047122,-2,1,99
2.2013,3.176,-0.0065185,0.00047122,-2,1,99
1.8718,5.7179,-0.0065185,4.0005,-1,1,99
1.5595,-1.5694,-0.0065185,0.00047122,-2,0,99
-1.3173,-3.8632,3.9935,0.00047122,1,1,99
-1.9515,-1.9381,-0.0065185,0.00047122,-2,0,99
1.5545,-3.8721,-0.0065185,0.00047122,-2,0,99
1.322,-0.83211,-0.0065185,0.00047122,-1,1,99
-1.1154,-0.67696,-3.0065,0.00047122,1,0,99
1.5705,2.5679,-0.0065185,0.00047122,-2,1,99
0.33559,-0.98211,-0.0065185,0.00047122,-2,1,99
0.87302,0.017889,-0.0065185,0.00047122,-2,1,99
-1.6955,-1.6821,-0.0065185,0.00047122,-2,0,99
0.44947,-0.98211,-0.0065185,0.00047122,-2,0,99
1.1545,1.323,-0.0065185,0.00047122,-2,1,99
-0.97303,-0.30362,3.9935,0.00047122,1,0,99
3.4495,-2.4947,-0.0065185,0.00047122,-2,1,99
2.2327,1.7722,-0.0065185,0.00047122,-2,1,99
3.0485,2.5069,-0.0065185,0.00047122,-2,1,99
-0.10812,2.6053,-0.0065185,0.00047122,-2,1,99
0.75877,-0.077812,-0.0065185,0.00047122,-2,0,99
-0.63668,0.34664,-4.0065,0.00047122,1,0,99
-2.4505,3.4179,-0.0065185,0.00047122,-2,0,99
2.0912,2.2834,1.9935,0.00047122,1,1,99
-0.16303,-3.8496,-0.0065185,0.00047122,-2,0,99
-4.8379,-2.9821,-0.0065185,0.00047122,-2,0,99
4.1205,0.13891,-4.0065,0.00047122,1,0,99
4.172,0.78964,-0.0065185,0.00047122,-2,0,99
2.8468,-0.026124,-0.0065185,0.00047122,-2,0,99
-3.5615,2.4744,-0.0065185,0.00047122,-2,1,99
-2.3266,-0.22781,-0.0065185,0.00047122,-2,0,99
-5.8455,-5.8321,-0.0065185,0.00047122,-2,0,99
-5.718,0.29824,-0.0065185,0.00047122,-2,0,99
-5.6097,-6.0261,-0.0065185,0.00047122,-2,0,99
4.7765,4.5178,2.9935,0.00047122,1,1,99
2.4482,2.7722,-0.0065185,0.00047122,-2,1,99
-1.3727,-2.7908,-0.0065185,0.00047122,-2,0,99
-3.3161,-1.1527,-0.0065185,0.00047122,-2,0,99
-2.818,-2.8046,-4.0065,0.00047122,1,0,99
4.2361,3.8116,-0.0065185,0.00047122,-2,1,99
-4.1924,-4.179,-0.0065185,0.00047122,-2,0,99
3.1718,3.3024,-0.0065185,0.00047122,-2,1,99
-2.6878,-2.6804,-5.0065,0.00047122,1,0,99
-2.1164,-4.353,-0.0065185,0.00047122,-2,0,99
-2.0983,-2.0849,-0.0065185,0.00047122,-2,0,99
3.0918,3.1664,-0.0065185,0.00047122,-2,1,99
-1.0698,-1.3366,-0.0065185,0.00047122,-2,0,99
1.0676,0.97518,-0.0065185,0.00047122,-2,1,99
-3.0492,-0.88576,-0.0065185,0.00047122,-2,0,99
-2.0411,-2.0596,-0.0065185,0.00047122,-2,0,99
1.7432,2.2513,-3.0065,0.00047122,1,1,99
-2.0285,2.5349,-0.0065185,0.00047122,-2,0,99
-5.0235,-5.0101,-0.0065185,0.00047122,-2,0,99
-3.0193,-3.0226,-0.0065185,0.00047122,-2,0,99
4.0247,1.2805,-0.0065185,0.00047122,-2,1,99
-3.4127,-3.3993,-5.0065,0.00047122,1,0,99
-1.0101,-4.2467,-0.0065185,0.00047122,-2,0,99
1.992,-0.84454,-0.0065185,0.00047122,-2,0,99
0.99391,0.99993,-0.0065185,0.00047122,-2,1,99
0.8455,0.85891,-4.0065,0.00047122,1,1,99
-5.718,2.1896,-0.0065185,0.00047122,-2,0,99
-1.6097,-2.0261,-0.0065185,0.00047122,-2,0,99
0.52648,4.1524,-0.0065185,0.00047122,-2,1,99
3.5608,-0.73641,-0.0065185,0.00047122,-2,0,99
-1.6184,-2.741,-0.0065185,0.00047122,-2,0,99
-5.6955,-1.3615,-0.0065185,0.00047122,-2,0,99
-4.8405,-5.8386,-3.0065,0.00047122,1,0,99
4.2327,4.2461,-0.0065185,0.00047122,-2,1,99
-3.0395,-3.9244,-0.0065185,0.00047122,-2,0,99
-1.8829,-2.4907,-0.0065185,0.00047122,-2,0,99
0.25017,0.26359,-0.0065185,0.00047122,-2,0,99
-1.6367,-1.6233,-0.0065185,0.00047122,-2,0,99
-0.54051,-1.9526,-0.0065185,0.00047122,-2,0,99
3.4677,3.4811,-0.0065185,0.00047122,-2,1,99
-3.3893,-0.65148,-0.0065185,0.00047122,-2,0,99
-5.3302,-3.1011,-0.0065185,0.00047122,-2,0,99
-3.28,-4.7157,-0.0065185,0.00047122,-2,0,99
3.2463,2.8097,-0.0065185,0.00047122,-2,1,99
-2.2011,-2.3315,-0.0065185,0.00047122,-2,0,99
2.1792,2.1926,-0.0065185,0.00047122,-2,1,99
-1.844,-1.973,2.9935,0.00047122,1,0,99
5.1307,-2.4059,-0.0065185,0.00047122,-2,1,99
-4.1028,-4.1645,-0.0065185,0.00047122,-2,0,99
-2.0867,-3.6858,-0.0065185,0.00047122,-2,0,99
1.082,1.7954,-0.0065185,0.00047122,-2,1,99
-1.0614,-0.898,-0.0065185,0.00047122,-2,0,99
1.3045,1.3179,-0.0065185,0.00047122,-2,0,100
-2.5505,0.15806,-0.0065185,0.00047122,-2,0,100
-3.3955,0.65904,-0.0065185,0.00047122,-2,1,100
4.0045,1.8639,-0.0065185,0.00047122,-2,1,100
-0.39553,-2.4386,-0.0065185,0.00047122,-2,0,100
-1.8855,-1.0701,-0.0065185,0.00047122,-2,1,100
0.85447,0.86789,-0.0065185,0.00047122,-2,1,100
-1.718,-2.8245,-0.0065185,0.00047122,-2,0,100
1.6186,-1.1428,-0.0065185,0.00047122,-2,1,100
2.5265,3.349,-0.0065185,0.00047122,-2,1,100
2.4482,1.1841,-0.0065185,0.00047122,-2,1,100
2.0816,2.6796,3.9935,0.00047122,1,0,100
2.4495,3.7385,-0.0065185,0.00047122,-2,0,100
-4.2238,-3.7221,-0.0065185,0.00047122,-2,0,100
-3.5455,-1.7046,-0.0065185,0.00047122,-2,0,100
1.172,1.1854,-0.0065185,0.00047122,-2,0,100
-2.1455,0.34588,-0.0065185,0.00047122,-2,0,100
1.832,3.209,4.9935,0.00047122,1,0,100
-3.3814,-4.6093,-0.0065185,0.00047122,-2,0,100
2.4045,3.8811,-0.0065185,0.00047122,-2,0,100
-2.1455,0.5954,-0.0065185,0.00047122,-2,0,100
-0.44553,0.58419,-0.0065185,0.00047122,-2,1,100
-0.37803,-0.36461,4.9935,0.00047122,1,1,100
-2.1532,-2.1397,-0.0065185,0.00047122,-2,0,100
-0.39553,3.7726,-0.0065185,0.00047122,-2,1,100
2.5545,0.13879,-0.0065185,0.00047122,-2,0,100
-2.9955,-0.52561,-0.0065185,0.00047122,-2,1,100
4.0045,1.8603,-0.0065185,0.00047122,-2,1,100
2.4045,-0.19091,-0.0065185,0.00047122,-2,1,100
2.0445,2.0579,-4.0065,0.00047122,1,1,100
7.461,7.4744,-0.0065185,0.00047122,-2,1,100
-6.0836,0.81986,-0.0065185,0.00047122,-2,0,100
-2.7703,-2.7569,-0.0065185,0.00047122,-2,0,100
-2.5041,-2.4907,-0.0065185,0.00047122,-2,0,100
-3.2778,-3.2644,-0.0065185,0.00047122,-2,0,100
2.0944,3.1959,-0.0065185,0.00047122,-2,1,100
5.9309,5.9444,-0.0065185,0.00047122,-2,1,100
-5.783,-1.4921,-0.0065185,0.00047122,-2,0,100
4.9238,4.9373,2.9935,0.00047122,1,1,100
2.5734,2.5869,-0.0065185,0.00047122,-2,1,100
2.4881,2.4081,-0.0065185,0.00047122,-2,1,100
-4.4066,-4.3932,-0.0065185,0.00047122,-2,0,100
3.7539,1.8123,-4.0065,0.00047122,1,0,100
-0.10553,1.3829,-0.0065185,0.00047122,-2,0,100
-2.539,-3.9381,-0.0065185,0.00047122,-2,0,100
0.91645,4.6419,-0.0065185,0.00047122,-2,0,100
0.55447,-0.13974,-0.0065185,0.00047122,-2,0,100
-0.16303,-0.90698,-0.0065185,0.00047122,-2,1,100
-0.1379,-0.12449,4.9935,0.00047122,1,1,100
-0.42951,-0.85066,-0.0065185,0.00047122,-2,0,100
-0.32664,2.2993,-0.0065185,0.00047122,-2,1,100
-1.8641,-0.01464,-0.0065185,0.00047122,-2,0,100
1.0427,1.873,-0.0065185,0.00047122,-2,1,100
2.187,2.4273,-0.0065185,0.00047122,-2,1,100
-1.3007,-0.92508,-0.0065185,0.00047122,-2,0,100
1.1138,1.2912,2.9935,0.00047122,1,1,100
-2.4976,-2.3448,-0.0065185,0.00047122,-2,0,100
0.70447,-3.1496,-0.0065185,0.00047122,-2,0,100
-0.14553,-1.3448,-0.0065185,0.00047122,-2,0,100
-0.84553,-0.48786,-0.0065185,0.00047122,-2,1,100
0.0044729,0.12626,-0.0065185,0.00047122,-2,1,100
0.0044729,0.63201,-0.0065185,0.00047122,-2,0,100
0.0044729,0.017889,3.9935,0.00047122,1,1,100
1.0045,-3.3821,-0.0065185,0.00047122,-2,0,100
-2.9955,-2.9821,-0.0065185,0.00047122,-2,1,100
3.0045,3.0179,-0.0065185,0.00047122,-2,1,100
0.45447,-2.5321,-0.0065185,0.00047122,-2,0,100
-0.16303,2.0459,-0.0065185,0.00047122,-2,1,100
0.14685,-0.30724,-5.0065,0.00047122,1,0,100
-1.5505,-1.5371,-0.0065185,0.00047122,-2,1,100
-1.7673,4.8586,-0.0065185,0.00047122,-2,1,100
0.048485,0.349,-0.0065185,0.00047122,-2,0,100
2.1545,0.055299,-0.0065185,0.00047122,-2,0,100
1.832,1.8454,1.9935,0.00047122,1,0,100
2.3903,2.4038,-0.0065185,0.00047122,-2,0,100
2.4825,0.13177,-0.0065185,0.00047122,-2,1,100
-6.5455,-6.5321,-0.0065185,0.00047122,-2,0,100
-5.163,-5.1496,-0.0065185,0.00047122,-2,0,100
4.8468,3.9053,-0.0065185,0.00047122,-2,1,100
4.1205,0.4997,4.9935,0.00047122,1,1,100
-2.3266,-5.5632,-0.0065185,0.00047122,-2,0,100
1.9859,1.4129,2.9935,0.00047122,1,1,100
-2.9573,-3.4938,-0.0065185,0.00047122,-2,0,100
3.8219,3.4116,-0.0065185,0.00047122,-2,1,100
4.6993,4.3526,-0.0065185,0.00047122,-2,1,100
3.9951,1.8368,4.9935,0.00047122,1,1,100
-0.49756,-4.7341,-0.0065185,0.00047122,-2,0,100
2.4312,2.2234,-0.0065185,0.00047122,-2,1,100
-4.3582,-4.3448,-0.0065185,0.00047122,-2,0,100
2.3128,2.1664,-0.0065185,0.00047122,-2,1,100
1.9665,0.14412,3.9935,0.00047122,1,0,100
4.4495,0.24064,-0.0065185,0.00047122,-2,1,100
-1.5455,-3.0615,-0.0065185,0.00047122,-2,0,100
2.172,2.1854,-0.0065185,0.00047122,-2,1,100
1.8468,1.1378,-4.0065,0.00047122,1,1,100
3.5705,2.1342,-0.0065185,0.00047122,-2,1,100
-5.3266,2.8091,-0.0065185,0.00047122,-2,0,100
-5.127,-4.0661,-0.0065185,0.00047122,-2,0,100
1.9662,1.9796,-0.0065185,0.00047122,-2,1,100
0.82194,0.83536,-0.0065185,0.00047122,-2,1,100
-1.3007,-1.2873,-0.0065185,0.00047122,-2,0,100
1.1138,1.674,-2.0065,0.00047122,1,1,100
5.4495,5.4629,-0.0065185,0.00047122,-2,1,100
-5.2238,-2.6998,-0.0065185,0.00047122,-2,0,100
-4.0395,0.20213,-0.0065185,0.00047122,-2,1,100
-0.54553,3.0619,-0.0065185,0.00047122,-2,1,100
-0.46303,-1.3621,-4.0065,0.00047122,1,0,100
1.4495,1.4416,-0.0065185,0.00047122,-2,0,100
-0.22378,2.9079,-0.0065185,0.00047122,-2,1,100
3.0485,2.5015,-0.0065185,0.00047122,-2,0,100
2.8919,-2.7926,-0.0065185,0.00047122,-2,1,100
2.4588,-0.24682,-4.0065,0.00047122,1,1,100
-0.55053,-2.5041,-0.0065185,0.00047122,-2,1,100
-2.7673,-3.3158,-0.0065185,0.00047122,-2,0,100
0.40447,1.4304,-0.0065185,0.00047122,-2,0,100
-1.5455,0.13048,-0.0065185,0.00047122,-2,1,100
-1.1455,-1.1321,-0.0065185,0.00047122,-2,0,100
2.3045,2.3179,-0.0065185,0.00047122,-2,1,100
-2.3955,-1.8161,-0.0065185,0.00047122,-2,0,100
-2.0355,-0.64071,2.9935,0.00047122,1,0,100
-0.45203,0.11139,-0.0065185,0.00047122,-2,0,100
-3.0836,0.62793,-0.0065185,0.00047122,-2,0,100
3.7793,3.7927,-0.0065185,0.00047122,-2,0,100
-3.2041,-1.4921,-3.0065,0.00047122,1,0,100
-3.2778,-4.5321,-0.0065185,0.00047122,-2,0,100
-4.0855,-1.7793,-0.0065185,0.00047122,-2,1,100
-1.5455,-0.026124,-0.0065185,0.00047122,-2,0,100
-1.313,-1.2996,1.9935,0.00047122,1,0,100
-3.273,-3.2596,-0.0065185,0.00047122,-2,0,100
-2.7814,-0.36799,-0.0065185,-0.99953,-1,0,100
3.4825,-0.24863,-0.0065185,0.00047122,-2,1,100
-0.55182,-4.1996,-0.0065185,0.00047122,-2,0,100
-3.3727,1.5627,-0.0065185,0.00047122,-2,0,100
-0.44553,-0.38403,-0.0065185,0.00047122,-2,0,100
-2.5455,0.29038,-0.0065185,0.00047122,-2,1,100
1.0045,2.1854,-0.0065185,0.00047122,-2,0,100
0.0044729,0.73391,-0.0065185,0.00047122,-2,0,100
-0.99553,-0.70461,-0.0065185,0.00047122,-2,0,100
-0.84553,-0.83211,2.9935,0.00047122,1,1,100
-4.718,2.0459,-0.0065185,0.00047122,-2,1,100
-3.6097,-3.9962,-0.0065185,0.00047122,-2,0,100
2.5545,1.0655,-0.0065185,0.00047122,-2,1,100
-2.163,-2.1496,2.9935,0.00047122,1,0,100
0.84685,-0.44409,-0.0065185,0.00047122,-2,0,100
-2.1455,0.61937,-0.0065185,0.00047122,-2,1,100
-2.273,-2.2596,-0.0065185,0.00047122,-2,0,100
2.5545,0.61937,-0.0065185,0.00047122,-2,1,100
3.172,2.8603,-0.0065185,0.00047122,-2,1,100
-2.6879,-1.8245,3.9935,0.00047122,1,0,100
1.4385,1.8519,-0.0065185,0.00047122,-2,1,100
-0.44553,1.4364,-0.0065185,0.00047122,-2,1,100
1.172,-0.36461,-0.0065185,0.00047122,-2,0,100
1.1545,1.1679,-0.0065185,0.00047122,-2,1,100
0.98197,3.7179,-0.0065185,2.0005,-1,1,100
1.4495,-0.10313,-0.0065185,0.00047122,-2,1,100
2.2327,1.2461,-0.0065185,0.00047122,-2,1,100
1.0485,1.9579,-0.0065185,0.00047122,-2,1,100
3.8919,0.9053,-0.0065185,0.00047122,-2,1,100
-0.74983,-0.76961,-0.0065185,0.00047122,-2,1,100
2.0045,4.1854,-0.0065185,0.00047122,-2,1,100
-2.6955,-1.6821,-0.0065185,0.00047122,-2,0,100
0.55947,0.57289,-0.0065185,0.00047122,-2,1,100
-0.46728,-1.2884,-1.0065,0.00047122,1,0,100
-1.4405,-1.4271,-0.0065185,0.00047122,-2,0,100
-1.7673,1.9686,-0.0065185,0.00047122,-2,0,100
-1.4455,3.0116,-0.0065185,0.00047122,-2,1,100
-1.828,-4.5041,-0.0065185,0.00047122,-2,0,100
-7.3955,-7.3821,-0.0065185,0.00047122,-2,0,100
-1.9955,-1.9821,-0.0065185,0.00047122,-2,1,101
0.70447,0.86026,-0.0065185,0.00047122,-2,0,101
-0.59053,2.5729,-0.0065185,4.0005,-1,1,101
-1.7673,-1.651,-0.0065185,0.00047122,-2,0,101
-1.0395,-1.0261,-0.0065185,0.00047122,-2,1,101
-2.8829,-2.8695,-0.0065185,0.00047122,-2,1,101
2.7588,2.8354,-0.0065185,0.00047122,-2,0,101
-4.6367,-4.6233,-0.0065185,0.00047122,-2,1,101
-1.5405,-1.5271,-0.0065185,0.00047122,-2,1,101
-0.45876,-0.42201,-0.0065185,0.00047122,-2,1,101
-2.3893,-2.3759,-0.0065185,0.00047122,-2,1,101
-1.3302,-0.3168,-0.0065185,0.00047122,-2,1,101
-1.13,2.7334,-0.0065185,3.0005,-1,1,101
0.76266,0.77608,-0.0065185,0.00047122,-2,1,101
1.7989,1.8123,-0.0065185,0.00047122,-2,1,101
-0.17024,-0.69346,-0.0065185,0.00047122,-2,1,101
-0.84702,0.17883,-0.0065185,0.00047122,-2,0,101
0.72825,0.74166,4.9935,0.00047122,1,0,101
-0.27303,0.62411,-0.0065185,0.00047122,-2,1,101
-3.1455,-3.4958,-0.0065185,0.00047122,-2,0,101
2.282,3.3339,-0.0065185,0.00047122,-2,1,101
1.3903,1.9538,-0.0065185,0.00047122,-2,1,101
1.1825,1.1959,4.9935,0.00047122,1,1,101
3.5608,3.5742,-0.0065185,0.00047122,-2,1,101
1.6273,3.2532,-0.0065185,0.00047122,-2,1,101
4.6839,4.6973,-0.0065185,0.00047122,-2,1,101
-2.723,-2.9504,-0.0065185,0.00047122,-2,0,101
-3.7639,-3.9552,-0.0065185,0.00047122,-2,0,101
4.8076,0.86503,-0.0065185,0.00047122,-2,1,101
4.0871,4.1005,4.9935,0.00047122,1,1,101
1.8622,4.1256,-0.0065185,0.00047122,-2,1,101
2.8836,3.0038,-0.0065185,0.00047122,-2,1,101
1.9017,1.3601,-0.0065185,0.00047122,-2,1,101
1.0918,1.028,-0.0065185,0.00047122,-2,0,101
3.9302,1.4543,-0.0065185,0.00047122,-2,1,101
-1.9324,-3.3748,-0.0065185,0.00047122,-2,0,101
-4.9419,-4.9759,-0.0065185,0.00047122,-2,0,101
2.9589,2.9723,-0.0065185,0.00047122,-2,1,101
2.5157,1.2416,4.9935,0.00047122,1,1,101
-3.9626,-4.2283,-0.0065185,0.00047122,-2,0,101
2.9765,2.9899,-0.0065185,0.00047122,-2,1,101
-0.01933,2.9051,-0.0065185,0.00047122,-2,1,101
0.024706,0.020241,-5.0065,0.00047122,1,0,101
-3.0127,4.2659,-0.0065185,0.00047122,-2,1,101
2.0191,2.5696,-0.0065185,0.00047122,-2,0,101
-0.9831,-0.98067,-0.0065185,0.00047122,-2,0,101
1.9939,-1.4283,-0.0065185,0.00047122,-2,1,101
-1.9865,-1.6811,-0.0065185,0.00047122,-2,0,101
1.6968,1.717,-2.0065,0.00047122,1,1,101
3.998,4.0171,-0.0065185,0.00047122,-2,1,101
-2.99,1.4635,-0.0065185,0.00047122,-2,0,101
2.9998,2.5632,-0.0065185,0.00047122,-2,1,101
4.0005,4.0139,-0.0065185,0.00047122,-2,1,101
4.0011,2.182,-0.0065185,0.00047122,-2,1,101
5.0016,3.4176,-0.0065185,0.00047122,-2,1,101
4.252,4.2654,-4.0065,0.00047122,1,1,101
5.0024,-3.3842,-0.0065185,0.00047122,-2,1,101
4.0027,4.0161,-0.0065185,0.00047122,-2,1,101
5.003,3.6289,-0.0065185,0.00047122,-2,1,101
4.0032,4.2677,-0.0065185,0.00047122,-2,1,101
4.0034,3.4168,-0.0065185,0.00047122,-2,1,101
-3.9946,-3.982,-0.0065185,0.00047122,-2,0,101
3.4037,2.9078,4.9935,0.00047122,1,1,101
1.0038,1.0178,-0.0065185,0.00047122,-2,1,101
2.005,-3.5945,-0.0065185,0.00047122,-2,0,101
2.005,2.0179,-0.0065185,0.00047122,-2,0,101
-0.99594,-1.4272,-0.0065185,0.00047122,-2,1,101
-0.99588,-0.98215,-0.0065185,0.00047122,-2,1,101
0.85477,0.74042,-5.0065,0.00047122,1,0,101
4.0047,4.0179,-0.0065185,0.00047122,-2,0,101
-0.99574,-0.98232,-0.0065185,0.00047122,-2,1,101
-2.9957,-2.9823,-0.0065185,0.00047122,-2,1,101
-2.9957,2.6278,-0.0065185,0.00047122,-2,1,101
2.5546,2.5679,-3.0065,0.00047122,1,0,101
-0.99564,2.5678,-0.0065185,0.00047122,-2,1,101
0.0043781,0.017878,-0.0065185,0.00047122,-2,1,101
3.0046,0.7404,-0.0065185,0.00047122,-2,0,101
-2.9956,-2.9822,-0.0065185,0.00047122,-2,1,101
-2.9956,-2.1497,-0.0065185,0.00047122,-2,1,101
2.5545,2.5679,-5.0065,0.00047122,1,0,101
-1.9955,-1.9821,-0.0065185,0.00047122,-2,0,101
1.0044,3.6304,-0.0065185,0.00047122,-2,1,101
-1.9955,-0.83211,-0.0065185,0.00047122,-2,0,101
-1.9955,-1.9821,-0.0065185,0.00047122,-2,0,101
-0.99551,-0.98211,-0.0065185,0.00047122,-2,0,101
2.0045,1.2461,-0.0065185,0.00047122,-2,1,101
-1.6955,-1.6821,1.9935,0.00047122,1,0,101
5.0045,5.0179,-0.0065185,0.00047122,-2,1,101
5.0045,-1.4271,-0.0065185,0.00047122,-2,1,101
5.0045,5.0179,-0.0065185,0.00047122,-2,1,101
-4.9955,-3.5946,-0.0065185,0.00047122,-2,0,101
4.2545,4.2679,4.9935,0.00047122,1,1,101
2.0045,-4.2321,-0.0065185,0.00047122,-2,0,101
-2.9955,-2.9821,-0.0065185,0.00047122,-2,1,101
-3.9955,-1.4271,-0.0065185,0.00047122,-2,1,101
-3.3955,-3.3821,3.9935,0.00047122,1,1,101
0.0044698,0.017886,-0.0065185,0.00047122,-2,1,101
-3.9955,-3.9821,-0.0065185,0.00047122,-2,0,101
5.0045,2.4744,-0.0065185,0.00047122,-2,1,101
-1.9955,-4.2321,-0.0065185,0.00047122,-2,0,101
0.0044713,0.017887,-0.0065185,0.00047122,-2,1,101
-2.9955,-2.9821,-0.0065185,0.00047122,-2,1,101
-2.5455,1.2461,2.9935,0.00047122,1,1,101
2.0045,2.0179,-0.0065185,0.00047122,-2,1,101
-0.99553,-2.1496,-0.0065185,0.00047122,-2,0,101
-1.9955,-1.9821,-0.0065185,0.00047122,-2,0,101
0.0044735,0.017889,-0.0065185,0.00047122,-2,0,101
4.0045,0.63201,-0.0065185,0.00047122,-2,1,101
3.4045,3.4179,-4.0065,0.00047122,1,1,101
4.0045,-3.3821,-0.0065185,0.00047122,-2,1,101
-3.9955,-3.3821,-0.0065185,0.00047122,-2,0,101
5.0045,3.4179,-0.0065185,0.00047122,-2,1,101
1.0045,1.0179,-0.0065185,0.00047122,-2,1,101
-0.84553,-3.5946,1.9935,0.00047122,1,0,101
-3.9955,-1.6821,-0.0065185,0.00047122,-2,1,101
-0.99553,-3.3821,-0.0065185,0.00047122,-2,1,101
-2.9955,-0.83211,-0.0065185,0.00047122,-2,1,101
-0.99553,-0.98211,-0.0065185,0.00047122,-2,1,101
2.0045,2.1854,-0.0065185,0.00047122,-2,0,101
-0.99553,-0.98211,-0.0065185,0.00047122,-2,1,101
1.0045,-1.4271,-0.0065185,0.00047122,-2,1,101
-0.84553,-0.83211,-4.0065,0.00047122,1,0,101
4.0045,3.4179,-0.0065185,0.00047122,-2,1,101
-3.9955,-3.3821,-0.0065185,0.00047122,-2,0,101
0.004473,0.017889,-0.0065185,0.00047122,-2,0,101
0.0044729,2.9079,4.9935,0.00047122,1,1,101
5.0045,5.0179,-0.0065185,0.00047122,-2,1,101
-3.9955,-3.5946,-0.0065185,0.00047122,-2,0,101
4.0045,3.4179,-0.0065185,0.00047122,-2,1,101
-3.3955,-3.3821,-5.0065,0.00047122,1,0,101
-2.9955,-2.9821,-0.0065185,0.00047122,-2,0,101
3.0045,3.0179,-0.0065185,0.00047122,-2,1,101
-1.9955,-1.9821,-0.0065185,0.00047122,-2,0,101
-2.9955,-2.9821,-0.0065185,0.00047122,-2,0,101
4.0045,4.0179,-0.0065185,0.00047122,-2,1,101
4.0045,1.9036,-0.0065185,0.00047122,-2,1,101
-4.9955,-3.3821,-0.0065185,0.00047122,-2,0,101
4.2545,4.2679,4.9935,0.00047122,1,1,101
1.0045,4.2679,-0.0065185,0.00047122,-2,1,101
-1.9955,0.86789,-0.0065185,0.00047122,-2,1,101
-0.99553,-0.98211,-0.0065185,0.00047122,-2,1,101
-1.9955,-1.9821,-0.0065185,0.00047122,-2,1,101
1.7045,1.2461,3.9935,0.00047122,1,0,101
2.0045,2.0179,-0.0065185,0.00047122,-2,0,101
0.0044729,0.017889,-0.0065185,0.00047122,-2,1,101
-0.99553,-0.98211,-0.0065185,0.00047122,-2,1,101
-0.84553,-2.0701,-4.0065,0.00047122,1,1,101
-0.99553,-0.98211,-0.0065185,0.00047122,-2,1,101
-2.9955,-2.9821,-0.0065185,0.00047122,-2,1,101
2.0045,2.4744,-0.0065185,0.00047122,-2,0,101
-1.9955,-1.9821,-0.0065185,0.00047122,-2,1,101
-2.9955,-1.4271,-0.0065185,0.00047122,-2,1,101
0.0044729,2.5679,-0.0065185,0.00047122,-2,0,101
0.0044729,0.017889,2.9935,0.00047122,1,1,101
-2.9955,2.5679,-0.0065185,0.00047122,-2,1,101
-2.9955,-2.9821,-0.0065185,0.00047122,-2,1,101
-0.99553,-0.98211,-0.0065185,0.00047122,-2,1,101
-0.99553,-1.8245,-0.0065185,0.00047122,-2,1,101
0.0044729,-0.83211,-0.0065185,0.00047122,-2,1,101
2.0045,0.017889,-0.0065185,0.00047122,-2,1,101
0.0044729,-1.6821,-0.0065185,0.00047122,-2,0,101
-2.9955,0.017889,-0.0065185,0.00047122,-2,1,101
-1.9955,-1.9821,-0.0065185,0.00047122,-2,1,101
0.0044729,-2.1496,-0.0065185,0.00047122,-2,1,101
2.0045,2.0179,-0.0065185,0.00047122,-2,0,101
0.0044729,0.017889,-0.0065185,0.00047122,-2,0,101
1.0045,0.017889,-0.0065185,0.00047122,-2,1,101
0.0044729,-0.83211,-0.0065185,0.00047122,-2,0,101
0.0044729,0.017889,4.9935,0.00047122,1,1,101
0.0044729,0.017889,-0.0065185,0.00047122,-2,1,101
-0.99553,-3.5946,-0.0065185,0.00047122,-2,0,101
-0.84553,-4.9821,-0.0065185,-4.9995,-1,0,101
1.0045,1.0179,-0.0065185,0.00047122,-2,0,101
0.0044729,0.017889,-0.0065185,0.00047122,-2,0,101
0.17182,-0.045225,-0.0065185,0.00047122,-2,1,102
-3.1378,-3.1244,-0.0065185,0.00047122,-2,0,102
-3.1164,0.71445,-0.0065185,0.00047122,-2,0,102
1.1072,2.5291,-0.0065185,0.00047122,-2,1,102
-3.0829,-0.79917,-0.0065185,0.00047122,-2,0,102
-4.0698,-4.0564,-0.0065185,0.00047122,-2,0,102
5.0676,2.1616,-0.0065185,0.00047122,-2,1,102
-3.0492,-4.2119,-0.0065185,0.00047122,-2,0,102
4.0501,2.5507,-0.0065185,0.00047122,-2,1,102
-0.034287,-0.020871,-0.0065185,0.00047122,-2,0,102
2.0374,2.0055,-0.0065185,0.00047122,-2,1,102
-0.023531,-0.010115,-0.0065185,0.00047122,-2,0,102
-0.01933,-2.0939,3.9935,0.00047122,1,0,102
2.9842,3.0255,-0.0065185,0.00047122,-2,1,102
-1.5455,-1.8721,-0.0065185,0.00047122,-2,1,102
1.1545,2.0033,-0.0065185,0.00047122,-2,1,102
2.7045,2.7179,-0.0065185,0.00047122,-2,1,102
2.4495,2.4629,-0.0065185,0.00047122,-2,1,102
2.0827,0.827,-4.0065,0.00047122,1,1,102
4.0485,-2.3381,-0.0065185,0.00047122,-2,1,102
3.8919,3.9796,-0.0065185,0.00047122,-2,1,102
-2.7498,-2.9039,-0.0065185,0.00047122,-2,0,102
-5.6367,-5.6233,-0.0065185,0.00047122,-2,0,102
4.7995,2.0535,-4.0065,0.00047122,1,1,102
-0.53229,-2.8801,-0.0065185,0.00047122,-2,0,102
1.1545,-0.87211,-0.0065185,0.00047122,-2,0,102
-0.71803,-2.4386,-0.0065185,0.00047122,-2,0,102
-0.60965,-2.0701,-0.0065185,0.00047122,-2,0,102
0.48247,-0.75693,-0.0065185,0.00047122,-2,1,102
0.41077,0.86789,-0.0065185,0.00047122,-1,1,102
0.34982,0.36324,2.9935,0.00047122,1,1,102
-2.3814,-2.8336,-0.0065185,0.00047122,-2,1,102
-1.4735,2.7074,-0.0065185,0.00047122,-2,1,102
-0.55182,-0.53841,-0.0065185,0.00047122,-2,1,102
-2.6184,-2.605,-0.0065185,0.00047122,-2,0,102
1.4545,-1.1328,-0.0065185,0.00047122,-2,0,102
2.172,2.1854,-0.0065185,0.00047122,-2,1,102
1.8468,1.8603,-0.0065185,0.00047122,-2,0,102
-1.9955,-1.9821,-0.0065185,0.00047122,-2,0,102
1.7045,1.4648,2.9935,0.00047122,1,1,102
-2.9955,-2.5321,-0.0065185,0.00047122,-2,0,102
4.0045,4.0765,-0.0065185,0.00047122,-2,1,102
-4.9955,-3.3821,-0.0065185,0.00047122,-2,0,102
4.2545,4.2679,-2.0065,0.00047122,1,1,102
4.0045,4.9444,-0.0065185,0.00047122,-2,1,102
0.0044729,0.017889,-0.0065185,0.00047122,-2,1,102
2.0045,-0.54099,-0.0065185,0.00047122,-2,1,102
0.0044729,0.017889,-0.0065185,0.00047122,-2,0,102
2.0045,2.5015,-0.0065185,0.00047122,-2,1,102
1.7045,1.2461,2.9935,0.00047122,1,1,102
2.0045,2.9173,-0.0065185,0.00047122,-2,1,102
3.0045,2.0149,-0.0065185,0.00047122,-2,1,102
2.0045,2.8203,-0.0065185,0.00047122,-2,1,102
1.0045,1.9325,-0.0065185,0.00047122,-2,1,102
0.0044729,-0.83211,-0.0065185,0.00047122,-2,0,102
0.0044729,0.17293,-0.0065185,0.00047122,-2,1,102
0.0044729,0.017889,-4.0065,0.00047122,1,0,102
3.0045,3.0179,-0.0065185,0.00047122,-2,0,102
-3.9955,-1.0921,-0.0065185,0.00047122,-2,0,102
1.4045,-1.9012,-0.0065185,0.00047122,-2,1,102
1.8945,2.9079,-0.0065185,0.00047122,-2,1,102
0.46097,0.47439,-0.0065185,0.00047122,-2,0,102
-1.6955,-1.6821,-0.0065185,0.00047122,-2,0,102
-1.4405,-0.55399,3.9935,0.00047122,1,0,102
1.2327,-2.8601,-0.0065185,0.00047122,-2,1,102
-2.9515,-3.5384,-0.0065185,0.00047122,-2,0,102
-5.3955,-5.3821,-0.0065185,0.00047122,-2,0,102
-6.8855,-6.8721,-0.0065185,0.00047122,-2,0,102
4.461,2.0179,-0.0065185,0.00047122,-2,1,102
3.7925,-0.52709,-4.0065,0.00047122,1,1,102
-5.7703,1.6431,-0.0065185,0.00047122,-2,0,102
5.5131,3.4179,-0.0065185,0.00047122,-2,1,102
6.2868,3.4179,-0.0065185,0.00047122,-2,1,102
-6.0855,-6.0721,-0.0065185,0.00047122,-2,0,102
5.1809,3.6304,4.9935,0.00047122,1,1,102
4.792,4.8054,-0.0065185,0.00047122,-2,1,102
4.6738,4.6873,-0.0065185,0.00047122,-2,1,102
3.9734,3.0885,4.9935,0.00047122,1,1,102
-2.4791,-2.4657,-0.0065185,0.00047122,-2,0,102
-5.4066,-5.3932,-0.0065185,0.00047122,-2,0,102
4.6039,3.0885,4.9935,0.00047122,1,1,102
3.3015,4.2679,-0.0065185,0.00047122,-2,1,102
5.2569,2.8203,-0.0065185,0.00047122,-2,1,102
3.2191,3.2325,-0.0065185,0.00047122,-2,1,102
3.1869,3.2003,-0.0065185,0.00047122,-2,1,102
4.1595,4.1729,-0.0065185,0.00047122,-2,1,102
-5.1273,-2.7239,-0.0065185,0.00047122,-2,0,102
4.3665,4.2679,3.9935,0.00047122,1,1,102
5.0997,3.4179,-0.0065185,0.00047122,-2,1,102
4.0854,4.0179,-0.0065185,0.00047122,-2,1,102
-2.0643,-2.0509,-0.0065185,0.00047122,-2,0,102
-3.054,-3.0406,-0.0065185,0.00047122,-2,0,102
2.6042,2.6776,4.9935,0.00047122,1,1,102
-4.0378,-4.2744,-0.0065185,0.00047122,-2,0,102
3.4404,4.0179,-0.0065185,4.0005,-1,1,102
4.035,4.0179,-0.0065185,0.00047122,-2,1,102
3.4304,2.5003,4.9935,0.00047122,1,1,102
-2.0176,-4.2542,-0.0065185,0.00047122,-2,0,102
-1.0143,-1.0009,-0.0065185,0.00047122,-2,0,102
0.98854,1.002,-0.0065185,0.00047122,-2,0,102
-0.83198,4.0179,-0.0065185,4.0005,-1,1,102
-3.984,1.0734,-0.0065185,0.00047122,-2,1,102
-1.9857,-1.9723,-0.0065185,0.00047122,-2,1,102
-1.6872,-2.8721,4.9935,0.00047122,1,1,102
-2.9885,-2.9821,-0.0065185,0.00047122,-2,1,102
-3.9895,3.6304,-0.0065185,0.00047122,-2,0,102
0.60447,0.61789,-0.0065185,0.00047122,-2,0,102
0.11447,5.6279,-0.0065185,0.00047122,-2,1,102
5.5545,5.5679,-0.0065185,0.00047122,-2,1,102
4.722,0.097364,2.9935,0.00047122,1,1,102
-0.8379,1.0152,-0.0065185,0.00047122,-2,0,102
-3.5615,-1.9844,-0.0065185,0.00047122,-2,0,102
-1.3266,0.015962,-0.0065185,0.00047122,-2,0,102
-1.8641,2.7154,-0.0065185,0.00047122,-2,1,102
-1.5838,-1.5704,4.9935,0.00047122,1,1,102
3.8219,3.8354,-0.0065185,0.00047122,-2,1,102
2.6993,3.6314,-0.0065185,0.00047122,-2,1,102
-3.5862,-1.683,-0.0065185,0.00047122,-2,0,102
-4.4976,-3.9828,-0.0065185,0.00047122,-2,0,102
-4.4223,-3.9827,-0.0065185,0.00047122,-2,0,102
-2.3582,-1.9826,-0.0065185,0.00047122,-2,0,102
5.3128,1.5844,-0.0065185,0.00047122,-2,1,102
-4.5076,-4.2325,2.9935,0.00047122,1,0,102
3.2272,-2.5318,-0.0065185,0.00047122,-2,1,102
0.19381,0.018163,-0.0065185,0.00047122,-2,1,102
-2.1565,-2.1498,-0.0065185,0.00047122,-2,0,102
1.8413,1.7181,-4.0065,0.00047122,1,1,102
5.1208,5.0181,-0.0065185,0.00047122,-2,1,102
-5.0944,2.9077,-0.0065185,0.00047122,-2,1,102
1.2545,1.2679,-0.0065185,0.00047122,-2,0,102
1.067,-1.9987,3.9935,0.00047122,1,1,102
-0.16303,6.4885,-0.0065185,0.00047122,-2,1,102
1.1621,5.9079,-0.0065185,0.00047122,-2,1,102
2.4385,6.4744,-0.0065185,0.00047122,-2,1,102
3.6734,1.2834,-0.0065185,0.00047122,-2,1,102
-1.8641,-4.7569,-0.0065185,0.00047122,-2,0,102
1.0427,5.139,-0.0065185,0.00047122,-2,1,102
-1.1781,-2.9644,-0.0065185,0.00047122,-2,0,102
1.0096,2.8079,-4.0065,0.00047122,1,1,102
-2.5862,-3.3656,-0.0065185,0.00047122,-2,1,102
-2.1976,-1.6681,-1.0065,0.00047122,1,1,102
3.4312,0.19852,-0.0065185,0.00047122,-2,1,102
3.5545,1.7404,-0.0065185,0.00047122,-2,1,102
-3.013,-2.141,3.9935,0.00047122,1,0,102
-3.8379,-3.8245,-0.0065185,0.00047122,-2,1,102
-4.6955,-2.1258,-0.0065185,0.00047122,-2,1,102
-4.4405,-0.075611,-0.0065185,0.00047122,-2,0,102
-3.7738,-3.7604,1.9935,0.00047122,1,0,102
-3.163,-3.1496,-0.0065185,0.00047122,-2,0,102
-3.8379,-3.8245,-0.0065185,0.00047122,-2,0,102
-2.5615,-2.5481,-0.0065185,0.00047122,-2,1,102
4.1545,-0.069547,-0.0065185,0.00047122,-2,1,102
3.282,4.9053,-0.0065185,0.00047122,-2,1,102
-1.3814,-4.3489,-0.0065185,0.00047122,-2,0,102
1.1825,2.359,-4.0065,0.00047122,1,1,102
3.5608,4.5629,-0.0065185,0.00047122,-2,0,102
4.4045,-3.2493,-0.0065185,0.00047122,-2,1,102
0.85447,2.5873,-0.0065185,0.00047122,-2,1,102
2.727,-0.2546,-0.0065185,0.00047122,-2,1,102
3.6186,1.4863,-0.0065185,0.00047122,-2,1,102
4.5265,4.5399,-0.0065185,0.00047122,-2,0,102
6.4045,2.018,-0.0065185,0.00047122,-2,1,102
2.5545,-0.12435,-0.0065185,0.00047122,-2,1,102
-3.163,-3.1496,-0.0065185,0.00047122,-2,0,102
-1.8379,-1.8245,-0.0065185,0.00047122,-2,0,102
-0.56155,-0.54813,-0.0065185,0.00047122,-2,0,102
-0.32664,-0.31323,-0.0065185,0.00047122,-2,1,102
2.1545,-0.89522,-0.0065185,0.00047122,-2,1,102
-2.5455,-2.5321,-0.0065185,0.00047122,-2,0,102
2.172,0.89876,2.9935,0.00047122,1,1,102
-2.1532,-2.1397,-0.0065185,0.00047122,-2,1,102
-1.4295,-3.0151,-0.0065185,0.00047122,-2,0,102
0.45447,0.46789,-0.0065185,0.00047122,-2,1,102
0.45447,-2.6796,-0.0065185,0.00047122,-2,0,102
-0.37803,-0.36461,0.99348,0.00047122,1,1,102
3.5608,5.0619,-0.0065185,0.00047122,-2,1,103
-2.3727,-1.0947,-0.0065185,0.00047122,-2,0,103
4.7045,2.0385,-0.0065185,0.00047122,-2,1,103
-2.4405,-3.9771,-0.0065185,0.00047122,-2,0,103
3.2327,1.897,-0.0065185,0.00047122,-2,1,103
2.0485,0.91512,-0.0065185,0.00047122,-2,1,103
-1.1081,1.5194,-0.0065185,0.00047122,-2,0,103
-3.6955,-1.4601,-0.0065185,0.00047122,-2,0,103
5.4495,5.4629,-0.0065185,0.00047122,-2,1,103
-4.2238,0.34139,-0.0065185,0.00047122,-2,0,103
-2.0395,-0.66153,-0.0065185,0.00047122,-2,1,103
1.8545,3.0728,-0.0065185,0.00047122,-2,0,103
-1.568,-2.6745,2.9935,0.00047122,1,1,103
-3.6097,-3.5962,-0.0065185,0.00047122,-2,0,103
-2.5455,-3.8632,-0.0065185,0.00047122,-2,0,103
3.172,-0.82449,-0.0065185,0.00047122,-2,1,103
3.8468,0.45187,-0.0065185,0.00047122,-2,1,103
-4.5615,-1.5481,-0.0065185,0.00047122,-2,0,103
-3.8766,-3.8632,3.9935,0.00047122,1,0,103
-4.127,4.3796,-0.0065185,0.00047122,-2,0,103
2.9662,1.7504,-0.0065185,0.00047122,-2,1,103
-1.813,-0.98726,-0.0065185,0.00047122,-2,0,103
-0.69038,0.60851,-0.0065185,0.00047122,-2,0,103
-0.58615,-1.2952,-5.0065,0.00047122,1,0,103
-3.4976,-3.4841,-0.0065185,0.00047122,-2,0,103
-4.4223,-4.0213,-0.0065185,0.00047122,-2,0,103
-4.3582,-3.6738,-0.0065185,0.00047122,-2,0,103
2.3128,2.6458,-0.0065185,0.00047122,-2,1,103
2.2665,1.7951,-0.0065185,0.00047122,-2,1,103
2.2272,1.8285,-0.0065185,0.00047122,-2,1,103
-1.8849,-1.3997,-5.0065,0.00047122,1,0,103
4.1654,4.1311,-0.0065185,0.00047122,-2,1,103
-3.1323,-3.1189,-0.0065185,0.00047122,-2,0,103
5.1208,4.9191,-0.0065185,0.00047122,-2,1,103
-3.0944,-3.0809,-0.0065185,0.00047122,-2,0,103
3.0885,2.9465,-0.0065185,0.00047122,-2,1,103
-1.0669,-1.6962,-0.0065185,0.00047122,-2,0,103
-3.0562,-2.9305,-0.0065185,0.00047122,-2,0,103
-2.5971,3.9663,-0.0065185,4.0005,-1,0,103
-2.2069,-0.64009,3.9935,0.00047122,1,0,103
0.041749,-0.013796,-0.0065185,0.00047122,-2,1,103
-2.0272,-2.0138,-0.0065185,0.00047122,-2,0,103
-1.0225,2.4973,-0.0065185,0.00047122,-2,0,103
-0.86842,-0.855,3.9935,0.00047122,1,0,103
-3.015,-3.0016,-0.0065185,0.00047122,-2,0,103
-3.0121,2.9219,-0.0065185,0.00047122,-2,0,103
2.0185,2.5559,-0.0065185,0.00047122,-2,1,103
-2.0075,-1.6941,-0.0065185,0.00047122,-2,0,103
1.0146,1.7093,-0.0065185,0.00047122,-2,1,103
-0.85416,-0.84075,-4.0065,0.00047122,1,0,103
4.0118,3.4117,-0.0065185,0.00047122,-2,1,103
-2.0018,-1.9883,-0.0065185,0.00047122,-2,0,103
1.9992,2.0126,-0.0065185,0.00047122,-2,1,103
1.7,3.7179,-0.0065185,2.0005,-1,1,103
3.4495,3.4629,-0.0065185,0.00047122,-2,1,103
-4.2238,-1.2131,-0.0065185,0.00047122,-2,0,103
3.5985,3.6119,-3.0065,0.00047122,1,1,103
4.8919,2.7356,-0.0065185,0.00047122,-2,1,103
5.7588,5.7722,-0.0065185,0.00047122,-2,1,103
5.6456,-2.751,-0.0065185,0.00047122,-2,1,103
2.5495,1.2304,-0.0065185,0.00047122,-2,1,103
1.4677,4.0936,-0.0065185,0.00047122,-2,1,103
-2.3893,-1.2259,-0.0065185,0.00047122,-2,0,103
2.0392,1.2343,4.9935,0.00047122,1,1,103
5.289,4.6068,-0.0065185,0.00047122,-2,1,103
5.2463,3.281,-0.0065185,0.00047122,-2,1,103
2.21,3.9709,-0.0065185,0.00047122,-2,1,103
0.17918,0.1926,-0.0065185,0.00047122,-2,1,103
2.153,2.1664,-0.0065185,0.00047122,-2,1,103
-1.8218,-1.3366,-5.0065,0.00047122,1,0,103
-1.8882,4.1129,-0.0065185,0.00047122,-2,0,103
2.7045,1.6267,-0.0065185,0.00047122,-2,1,103
1.4495,1.4629,-0.0065185,0.00047122,-2,0,103
0.0044729,1.9054,-0.0065185,0.00047122,-2,1,103
0.0044729,-0.59624,4.9935,0.00047122,1,1,103
3.0045,3.0179,-0.0065185,0.00047122,-2,1,103
0.55447,0.56789,-0.0065185,0.00047122,-2,1,103
1.837,2.7114,-0.0065185,0.00047122,-2,1,103
-0.59553,-2.1451,-0.0065185,0.00047122,-2,1,103
-0.10553,-0.49211,-0.0065185,0.00047122,-2,0,103
-0.089027,-2.7637,-3.0065,0.00047122,1,0,103
-0.16303,-0.14961,-0.0065185,0.00047122,-2,1,103
0.70447,-4.2376,-0.0065185,0.00047122,-2,1,103
-0.55053,0.61289,-0.0065185,0.00047122,-2,0,103
2.3045,-3.2481,-0.0065185,0.00047122,-2,0,103
0.55947,2.8038,-0.0065185,0.00047122,-2,0,103
0.23272,-1.1601,-0.0065185,0.00047122,-2,1,103
-0.18954,-0.17612,3.9935,0.00047122,1,0,103
0.11706,0.64074,-0.0065185,0.00047122,-2,1,103
3.8545,0.11359,-0.0065185,0.00047122,-2,1,103
2.727,3.2904,-0.0065185,0.00047122,-2,1,103
-0.3814,3.8059,-0.0065185,0.00047122,-2,1,103
0.33247,-0.90693,3.9935,0.00047122,1,0,103
0.44818,-1.8735,-0.0065185,0.00047122,-2,1,103
0.62732,-1.2644,-0.0065185,0.00047122,-2,1,103
1.1545,-0.51153,-0.0065185,0.00047122,-2,1,103
0.98197,0.29038,-4.0065,0.00047122,1,0,103
2.3903,3.0179,-0.0065185,0.00047122,-2,0,103
-2.4735,-1.2104,-0.0065185,0.00047122,-2,1,103
-2.5518,-2.9821,-0.0065185,0.00047122,-2,0,103
-0.44553,-0.81461,-0.0065185,0.00047122,-2,0,103
4.5545,0.40039,-0.0065185,0.00047122,-2,1,103
5.172,5.1854,-0.0065185,0.00047122,-2,1,103
-4.3879,-2.7094,2.9935,0.00047122,1,0,103
4.5705,-0.96609,-0.0065185,0.00047122,-2,1,103
3.8856,0.349,-0.0065185,-0.99953,-1,1,103
4.1359,4.1493,-0.0065185,0.00047122,-2,1,103
4.9662,4.9796,-0.0065185,0.00047122,-2,1,103
-3.813,-2.3656,-0.0065185,0.00047122,-2,0,103
-3.2404,-3.0157,2.9935,0.00047122,1,0,103
1.5951,1.6085,-0.0065185,0.00047122,-2,1,103
-4.4976,-4.3315,-0.0065185,0.00047122,-2,0,103
2.4312,2.4446,-0.0065185,0.00047122,-2,1,103
-3.3582,1.3315,-0.0065185,0.00047122,-2,0,103
2.8628,2.8762,-4.0065,0.00047122,1,1,103
-4.2576,3.2355,-0.0065185,0.00047122,-2,0,103
-4.2183,-3.5371,-0.0065185,0.00047122,-2,0,103
3.1938,3.2072,-0.0065185,0.00047122,-2,1,103
4.1654,4.1788,-0.0065185,0.00047122,-2,1,103
1.1413,1.1547,-0.0065185,0.00047122,-2,1,103
3.1208,3.1342,-0.0065185,0.00047122,-2,1,103
-4.0944,-4.0509,-0.0065185,0.00047122,-2,0,103
-3.4795,-1.5747,-3.0065,0.00047122,1,0,103
5.0759,2.6393,-0.0065185,0.00047122,-2,1,103
-4.0562,-4.0244,-0.0065185,0.00047122,-2,0,103
-1.0471,-1.018,-0.0065185,0.00047122,-2,0,103
-0.88938,-3.0966,3.9935,0.00047122,1,0,103
-0.032803,-0.019388,-0.0065185,0.00047122,-2,0,103
0.97279,0.9862,-0.0065185,0.00047122,-2,1,103
-0.14553,2.4556,-0.0065185,0.00047122,-2,1,103
0.13197,-1.2201,3.9935,0.00047122,1,0,103
-4.6097,-5.7569,-0.0065185,0.00047122,-2,0,103
-3.5175,-4.4907,-0.0065185,0.00047122,-2,0,103
4.4482,-1.9949,-0.0065185,0.00047122,-2,1,103
4.3816,4.395,-0.0065185,0.00047122,-2,1,103
-2.3161,-3.7986,-0.0065185,0.00047122,-2,0,103
-1.268,-1.7696,-0.0065185,0.00047122,-2,0,103
-1.2271,-1.6515,-0.0065185,0.00047122,-2,0,103
1.0513,1.443,-3.0065,0.00047122,1,1,103
2.1718,2.5015,-0.0065185,0.00047122,-2,1,103
-2.8533,-2.8399,-0.0065185,0.00047122,-2,0,103
-1.5455,-1.5321,-0.0065185,0.00047122,-2,0,103
4.172,1.2869,-0.0065185,0.00047122,-2,0,103
-3.5379,-3.5245,-4.0065,0.00047122,1,0,103
-5.5615,-5.5481,-0.0065185,0.00047122,-2,0,103
4.3356,2.7255,-0.0065185,0.00047122,-2,1,103
-5.127,-4.9886,-0.0065185,0.00047122,-2,0,103
-4.3573,-4.3438,-5.0065,0.00047122,1,0,103
-1.813,-6.0069,-0.0065185,0.00047122,-2,0,103
-1.6904,-1.527,-0.0065185,0.00047122,-2,0,103
3.5951,4.3002,-0.0065185,0.00047122,-2,1,103
-3.4976,-3.4841,-0.0065185,0.00047122,-2,0,103
3.4312,3.9444,-0.0065185,0.00047122,-2,1,103
-4.3582,-1.2916,-0.0065185,0.00047122,-2,0,103
-3.7038,-3.6904,-5.0065,0.00047122,1,0,103
2.2665,2.5869,-0.0065185,0.00047122,-2,1,103
-1.2183,-1.2049,-0.0065185,0.00047122,-2,0,103
-1.0349,-3.2421,-5.0065,0.00047122,1,0,103
0.16541,4.6173,-0.0065185,0.00047122,-2,0,103
1.0045,4.6304,-0.0065185,0.00047122,-2,0,103
-2.9955,-3.169,-0.0065185,0.00047122,-2,0,103
-1.5455,0.91905,-0.0065185,0.00047122,-2,0,103
-2.163,-0.066123,-0.0065185,0.00047122,-2,0,103
-3.8379,-2.0535,-0.0065185,0.00047122,-2,0,103
0.57049,1.5839,-0.0065185,0.00047122,-2,1,103
-1.3266,-0.46323,-0.0065185,0.00047122,-2,0,103
0.87302,-0.025966,-0.0065185,0.00047122,-2,1,103
2.7045,1.0179,-0.0065185,0.00047122,-2,1,103
3.4495,0.64542,-0.0065185,0.00047122,-2,0,103
2.9327,1.7179,2.9935,0.00047122,1,0,103
3.4495,4.0129,-0.0065185,0.00047122,-2,1,103
-2.6955,-1.1801,-0.0065185,0.00047122,-2,0,103
2.4495,2.8603,-0.0065185,0.00047122,-2,1,103
-5.2238,-5.2104,-0.0065185,0.00047122,-2,0,103
-5.0395,-5.0261,-0.0065185,0.00047122,-2,0,103
-2.5405,-2.5871,-0.0065185,0.00047122,-2,0,104
-1.4588,-1.8083,-0.0065185,0.00047122,-2,0,104
-1.3893,-1.0894,-0.0065185,0.00047122,-2,0,104
0.66979,-0.79581,-0.0065185,0.00047122,-2,1,104
-1.1455,-1.1321,-0.0065185,0.00047122,-2,1,104
-3.273,-0.74593,-0.0065185,0.00047122,-2,0,104
-1.3955,1.8123,-0.0065185,0.00047122,-2,0,104
1.1145,1.1279,-0.0065185,0.00047122,-2,1,104
0.40447,-2.5384,-0.0065185,0.00047122,-2,1,104
-1.1055,-1.0921,-0.0065185,0.00047122,-2,1,104
-1.452,-0.1954,-0.0065185,0.00047122,-2,0,104
2.0925,2.1059,-0.0065185,0.00047122,-2,1,104
1.7793,-0.47299,-4.0065,0.00047122,1,1,104
4.5131,3.2148,-0.0065185,0.00047122,-2,1,104
3.2868,2.1852,-0.0065185,0.00047122,-2,1,104
2.0944,2.1079,-0.0065185,0.00047122,-2,1,104
-0.92199,1.985,-0.0065185,0.00047122,-2,1,104
-0.78302,-2.2073,-0.0065185,-3.9995,-1,1,104
0.67385,-0.82134,2.9935,0.00047122,1,0,104
-0.99553,-2.2644,-0.0065185,0.00047122,-2,0,104
0.0044729,2.1854,-0.0065185,0.00047122,-2,0,104
-0.99553,-0.055643,-0.0065185,0.00047122,-2,0,104
-1.1455,-1.9821,-0.0065185,0.00047122,-2,1,104
-0.97303,0.017889,-3.0065,0.00047122,1,1,104
-2.3814,-2.5321,-0.0065185,0.00047122,-2,0,104
2.5545,1.6634,-0.0065185,0.00047122,-2,1,104
-2.163,-2.1496,-0.0065185,0.00047122,-2,0,104
-1.8379,1.1755,-0.0065185,3.0005,-1,0,104
0.43845,-1.3132,-0.0065185,0.00047122,-2,0,104
-2.3266,-2.1136,-0.0065185,0.00047122,-2,0,104
1.9859,-0.46538,-3.0065,0.00047122,1,1,104
-3.0338,-3.1646,-0.0065185,0.00047122,-2,0,104
7.4045,2.6004,-0.0065185,0.00047122,-2,1,104
4.8945,4.9079,-0.0065185,0.00047122,-2,1,104
-4.452,-5.3286,-0.0065185,0.00047122,-2,0,104
5.0925,3.049,-0.0065185,0.00047122,-2,1,104
-5.7703,-4.3069,-0.0065185,0.00047122,-2,0,104
5.5131,4.9796,-0.0065185,0.00047122,-2,1,104
4.2868,3.7254,-0.0065185,0.00047122,-2,1,104
-3.6355,-3.6221,3.9935,0.00047122,1,0,104
-4.922,-4.9086,-0.0065185,0.00047122,-2,0,104
1.792,-2.0846,-0.0065185,0.00047122,-2,1,104
0.67385,0.68726,-0.0065185,0.00047122,-2,1,104
-0.56449,-1.2736,2.9935,0.00047122,1,1,104
-2.9955,0.94032,-0.0065185,0.00047122,-2,0,104
-2.9955,-4.6996,-0.0065185,0.00047122,-2,0,104
4.0045,3.5742,-0.0065185,0.00047122,-2,1,104
-1.9955,-1.7725,-0.0065185,0.00047122,-2,0,104
2.0045,0.68677,-0.0065185,0.00047122,-2,1,104
-1.6955,1.1904,-4.0065,0.00047122,1,0,104
-0.44053,2.2461,-0.0065185,0.00047122,-2,0,104
-0.76728,-0.75386,-0.0065185,0.00047122,-2,1,104
-0.95151,3.5184,-0.0065185,0.00047122,-2,0,104
1.3045,1.3179,-0.0065185,0.00047122,-2,1,104
-5.5455,-2.341,-0.0065185,0.00047122,-2,0,104
7.172,7.1854,-0.0065185,0.00047122,-2,1,104
6.0968,0.83696,4.9935,0.00047122,1,1,104
-5.5615,-3.8384,-0.0065185,0.00047122,-2,0,104
5.3356,3.0832,-0.0065185,0.00047122,-2,1,104
4.1359,4.1493,-0.0065185,0.00047122,-2,1,104
3.9662,3.8696,-0.0065185,0.00047122,-2,1,104
4.8219,3.3854,-0.0065185,0.00047122,-2,1,104
3.6993,4.1127,-0.0065185,0.00047122,-2,1,104
3.1451,3.1585,4.9935,0.00047122,1,1,104
-2.4976,-4.1059,-0.0065185,0.00047122,-2,0,104
3.4312,1.6106,-0.0065185,0.00047122,-2,1,104
5.3672,4.9267,-0.0065185,0.00047122,-2,1,104
4.3128,2.4937,-0.0065185,0.00047122,-2,1,104
3.2665,3.68,-0.0065185,0.00047122,-2,1,104
2.7772,2.7906,4.9935,0.00047122,1,1,104
2.1938,2.2072,-0.0065185,0.00047122,-2,1,104
-0.15647,0.058354,-0.0065185,0.00047122,-2,0,104
3.1413,3.0541,-0.0065185,0.00047122,-2,1,104
4.1208,4.1342,-0.0065185,0.00047122,-2,1,104
3.5033,2.2842,4.9935,0.00047122,1,1,104
-3.0795,-2.961,-0.0065185,0.00047122,-2,0,104
-2.0669,-1.9642,-0.0065185,0.00047122,-2,0,104
3.9438,4.0332,-0.0065185,0.00047122,-2,1,104
-7.3955,-1.3721,-0.0065185,0.00047122,-2,0,104
-3.8855,1.2364,-0.0065185,0.00047122,-2,0,104
-3.302,-2.4013,3.9935,0.00047122,1,0,104
-0.083552,5.0208,-0.0065185,0.00047122,-2,0,104
0.079294,0.79271,-0.0065185,-0.99953,-1,1,104
1.5131,1.5265,-0.0065185,0.00047122,-2,1,104
-4.2778,-1.9977,-0.0065185,0.00047122,-2,0,104
-6.0855,1.8986,-0.0065185,0.00047122,-2,0,104
-3.922,-3.9086,-0.0065185,0.00047122,-2,0,104
-3.333,-2.9901,3.9935,0.00047122,1,1,104
1.837,0.94726,-0.0065185,0.00047122,-2,1,104
-1.5532,3.1969,1.9935,0.00047122,1,0,104
3.4385,7.4744,-0.0065185,0.00047122,-2,1,104
-0.66441,-0.096364,-0.0065185,0.00047122,-2,0,104
0.57302,0.56446,-4.0065,0.00047122,1,0,104
-0.55053,-2.3886,-0.0065185,0.00047122,-2,0,104
-1.7673,-4.5721,-0.0065185,0.00047122,-2,0,104
0.96046,5.0244,-0.0065185,0.00047122,-2,1,104
-0.80812,-3.7701,3.9935,0.00047122,1,0,104
2.2502,-1.6073,-0.0065185,0.00047122,-2,1,104
-1.3544,-2.4453,-0.0065185,0.00047122,-2,0,104
-1.4505,-2.5434,-0.0065185,0.00047122,-2,0,104
2.5412,2.8079,-0.0065185,0.00047122,-2,1,104
1.6107,2.9444,-0.0065185,0.00047122,-2,1,104
-1.3302,-0.19461,-0.0065185,0.00047122,-2,0,104
1.139,-2.03,3.9935,0.00047122,1,1,104
-1.273,-3.5481,-0.0065185,0.00047122,-2,1,104
-2.3814,-2.368,-0.0065185,0.00047122,-2,0,104
7.5545,2.5614,-0.0065185,0.00047122,-2,1,104
7.172,2.9299,-0.0065185,0.00047122,-2,1,104
-5.8379,-5.8245,-0.0065185,0.00047122,-2,0,104
-4.9615,-2.243,2.9935,0.00047122,1,0,104
2.3356,-3.8144,-0.0065185,0.00047122,-2,1,104
-3.127,-3.1136,-0.0065185,0.00047122,-2,0,104
-3.9573,0.22186,-0.0065185,0.00047122,-2,0,104
-3.363,-3.3496,-3.0065,0.00047122,1,0,104
-2.8579,-1.8627,3.9935,0.00047122,1,0,104
-4.5862,2.8273,-0.0065185,0.00047122,-2,0,104
-4.4976,-4.4841,-0.0065185,0.00047122,-2,0,104
-1.4223,-2.461,-0.0065185,0.00047122,-2,0,104
-3.3582,-3.3448,-0.0065185,0.00047122,-2,0,104
4.3128,0.44338,-0.0065185,0.00047122,-2,1,104
5.2665,4.7654,-0.0065185,0.00047122,-2,1,104
-4.2183,-4.2049,-0.0065185,0.00047122,-2,0,104
-3.5849,-2.628,2.9935,0.00047122,1,0,104
-4.1565,-3.8271,-0.0065185,0.00047122,-2,0,104
3.1413,-2.2814,-0.0065185,0.00047122,-2,1,104
4.1208,3.9059,-0.0065185,0.00047122,-2,1,104
-3.4944,-2.0544,1.9935,0.00047122,1,0,104
3.0885,-1.763,-0.0065185,0.00047122,-2,1,104
-5.0669,-5.0535,-0.0065185,0.00047122,-2,0,104
-5.0562,-5.0428,-0.0065185,0.00047122,-2,0,104
-4.2971,-1.7748,3.9935,0.00047122,1,0,104
4.0483,-3.4244,-0.0065185,0.00047122,-2,1,104
-1.0328,-3.3462,-0.0065185,0.00047122,-2,0,104
0.97279,-0.8638,-0.0065185,0.00047122,-2,0,104
3.9775,0.89383,-0.0065185,0.00047122,-2,0,104
2.9816,2.995,-0.0065185,0.00047122,-2,1,104
4.5545,4.5679,-0.0065185,0.00047122,-2,1,104
6.172,6.1854,-0.0065185,0.00047122,-2,1,104
5.2468,1.8738,-2.0065,0.00047122,1,1,104
3.5705,0.09271,-0.0065185,0.00047122,-2,1,104
0.33559,0.349,-0.0065185,0.00047122,-2,1,104
-1.8641,-1.8507,-0.0065185,0.00047122,-2,0,104
0.45447,-1.4421,-0.0065185,0.00047122,-2,1,104
-0.37803,-1.9526,-5.0065,0.00047122,1,0,104
-2.163,-0.76961,-0.0065185,0.00047122,-2,0,104
1.8468,4.2998,-0.0065185,0.00047122,-2,1,104
-3.5615,-0.55108,-0.0065185,0.00047122,-2,0,104
3.0356,2.2015,4.9935,0.00047122,1,1,104
5.1359,5.3993,-0.0065185,0.00047122,-2,1,104
3.9662,3.7673,-0.0065185,0.00047122,-2,1,104
-0.813,-2.8291,-0.0065185,0.00047122,-2,0,104
-0.30068,0.71274,-0.0065185,0.00047122,-2,0,104
-4.8455,-4.8321,-0.0065185,0.00047122,-2,0,104
-1.718,0.20029,-0.0065185,0.00047122,-2,0,104
-1.4597,-0.83211,-5.0065,0.00047122,1,0,104
-1.5175,-1.5041,-0.0065185,0.00047122,-2,0,104
-0.43923,-0.42582,-0.0065185,0.00047122,-2,0,104
-2.3727,-2.3593,-0.0065185,0.00047122,-2,0,104
-3.3161,-2.5921,-0.0065185,0.00047122,-2,0,104
-3.268,-2.9821,-0.0065185,0.00047122,-2,0,104
-5.2271,-2.3812,-0.0065185,0.00047122,-2,0,104
-3.1924,-3.179,-0.0065185,0.00047122,-2,0,104
-2.1629,-3.5946,-0.0065185,0.00047122,-2,0,104
-4.1378,-3.9821,-0.0065185,0.00047122,-2,0,104
-3.5164,-1.548,2.9935,0.00047122,1,1,104
-2.8855,-1.2104,-0.0065185,0.00047122,-2,1,104
-1.452,-0.026124,-0.0065185,0.00047122,-2,1,104
-1.2336,1.8603,0.99348,0.00047122,1,1,104
-4.7703,0.11359,-0.0065185,0.00047122,-2,0,104
4.0631,-2.0357,-2.0065,0.00047122,1,1,104
-4.163,-0.44961,-0.0065185,0.00047122,-2,0,104
-1.1532,1.1959,-0.0065185,0.00047122,-2,0,104
-0.97951,4.4629,-0.0065185,3.0005,-1,0,104
0.17197,-2.5415,-0.0065185,0.00047122,-2,0,104
0.70447,0.71789,-0.0065185,0.00047122,-2,1,104
-0.85329,1.8601,-0.0065185,0.00047122,-2,0,105
-0.84553,1.4629,-0.0065185,0.00047122,-2,0,105
-3.718,-0.87932,-0.0065185,0.00047122,-2,0,105
-5.6097,-5.5962,-0.0065185,0.00047122,-2,0,105
-4.5175,-3.0947,-0.0065185,0.00047122,-2,0,105
-4.4392,-3.2278,-0.0065185,0.00047122,-2,0,105
-3.3727,-0.90698,-0.0065185,0.00047122,-2,0,105
-4.3161,-2.8527,-0.0065185,0.00047122,-2,0,105
0.27696,3.6904,-0.0065185,0.00047122,-2,1,105
1.2361,1.2495,-0.0065185,0.00047122,-2,1,105
1.2013,1.2148,-0.0065185,0.00047122,-2,1,105
2.8371,-0.14945,-0.0065185,0.00047122,-2,1,105
2.4122,0.2597,-4.0065,0.00047122,1,1,105
6.172,6.1854,-0.0065185,0.00047122,-2,1,105
-2.8379,1.0655,-0.0065185,0.00047122,-2,0,105
5.5705,4.0179,-0.0065185,0.00047122,-2,1,105
-4.3266,-4.3132,-0.0065185,0.00047122,-2,0,105
3.1359,2.0179,-0.0065185,0.00047122,-2,1,105
2.6662,1.5016,-3.0065,0.00047122,1,1,105
-1.813,1.7504,-0.0065185,0.00047122,-2,0,105
3.6993,1.5627,-0.0065185,0.00047122,-2,1,105
2.5951,2.0179,-0.0065185,0.00047122,-2,1,105
-3.4976,-2.6516,-0.0065185,0.00047122,-2,0,105
2.9812,2.9946,4.9935,0.00047122,1,1,105
-2.3582,-4.5948,-0.0065185,0.00047122,-2,0,105
1.3128,1.0179,-0.0065185,0.00047122,-2,1,105
-4.2576,-4.2442,-0.0065185,0.00047122,-2,0,105
3.6272,4.0179,-0.0065185,4.0005,-1,1,105
4.1938,1.2512,-0.0065185,0.00047122,-2,1,105
-1.1565,-3.5431,-0.0065185,0.00047122,-2,0,105
0.99127,0.86789,3.9935,0.00047122,1,1,105
2.1208,2.0179,-0.0065185,0.00047122,-2,1,105
-4.0944,-2.9709,-0.0065185,0.00047122,-2,0,105
5.0885,5.0179,-0.0065185,0.00047122,-2,1,105
3.0759,3.0179,-0.0065185,0.00047122,-2,1,105
-3.0562,-3.0428,-0.0065185,0.00047122,-2,0,105
-4.0471,-4.0337,-0.0065185,0.00047122,-2,0,105
3.0483,1.7927,-0.0065185,0.00047122,-2,1,105
5.0417,2.5679,-0.0065185,0.00047122,-2,1,105
4.2862,4.2996,4.9935,0.00047122,1,1,105
-0.96859,-0.95518,-0.0065185,0.00047122,-2,1,105
-0.018419,-3.6175,-0.0065185,0.00047122,-2,0,105
-1.9761,0.017889,-0.0065185,0.00047122,-2,0,105
1.6879,1.7013,4.9935,0.00047122,1,1,105
-6.4405,-5.6771,-0.0065185,0.00047122,-2,0,105
6.2327,5.4961,-0.0065185,0.00047122,-2,1,105
-5.0395,-3.9821,-0.0065185,0.00047122,-2,0,105
-1.8829,-4.482,-0.0065185,0.00047122,-2,0,105
-2.7498,-2.7364,-0.0065185,0.00047122,-2,0,105
2.3456,1.3815,-2.0065,0.00047122,1,1,105
-3.5405,-2.9821,-0.0065185,0.00047122,-2,0,105
2.4677,2.4811,-0.0065185,0.00047122,-2,1,105
-0.38928,1.2461,-0.0065185,0.00047122,-2,0,105
0.33916,0.35258,-0.0065185,0.00047122,-2,0,105
-3.9955,0.017889,-0.0065185,0.00047122,-2,0,105
3.4045,3.4179,-0.0065185,0.00047122,-2,1,105
-2.8855,-2.8721,3.9935,0.00047122,1,0,105
-2.452,3.4179,-0.0065185,0.00047122,-2,0,105
-5.0836,0.017889,-0.0065185,0.00047122,-2,0,105
3.7793,4.3427,-0.0065185,0.00047122,-2,1,105
-4.5041,-2.9821,-0.0065185,0.00047122,-2,0,105
3.8368,-0.6998,-0.0065185,-1.9995,-1,1,105
-4.0855,-2.3003,-0.0065185,0.00047122,-2,0,105
-3.472,-2.5321,3.9935,0.00047122,1,0,105
4.792,4.8054,-0.0065185,0.00047122,-2,1,105
-4.6649,-3.9821,-0.0065185,0.00047122,-2,0,105
5.5734,5.5869,-0.0065185,0.00047122,-2,1,105
3.4881,3.5015,-0.0065185,0.00047122,-2,1,105
3.4156,3.429,-0.0065185,0.00047122,-2,1,105
-2.8949,1.1771,-5.0065,0.00047122,1,0,105
4.3015,4.5649,-0.0065185,0.00047122,-2,1,105
2.2569,2.2703,-0.0065185,0.00047122,-2,1,105
4.2191,4.2325,-0.0065185,0.00047122,-2,1,105
-5.1779,-4.9821,-0.0065185,0.00047122,-2,0,105
-4.4006,-2.0701,2.9935,0.00047122,1,0,105
-0.86374,-2.4003,-0.0065185,0.00047122,-2,1,105
-2.1075,-1.9821,-0.0065185,0.00047122,-2,0,105
-2.0907,0.74039,-0.0065185,0.00047122,-2,0,105
0.085404,1.7988,-0.0065185,0.00047122,-2,1,105
0.93568,-0.050902,-0.0065185,0.00047122,-2,1,105
0.796,0.017889,4.9935,0.00047122,1,1,105
5.727,5.7404,-0.0065185,0.00047122,-2,1,105
3.6186,3.632,-0.0065185,0.00047122,-2,1,105
4.5265,4.0179,-0.0065185,0.00047122,-2,1,105
5.4482,2.6279,-0.0065185,0.00047122,-2,1,105
-1.3727,-1.3593,-0.0065185,0.00047122,-2,0,105
3.6839,3.6973,-0.0065185,0.00047122,-2,0,105
-3.123,3.0885,-2.0065,0.00047122,1,1,105
0.23609,-1.6821,-0.0065185,0.00047122,-2,1,105
-0.1924,-0.17899,-0.0065185,0.00047122,-2,0,105
-0.82818,0.017889,-0.0065185,0.00047122,-2,0,105
4.8545,0.72565,-0.0065185,0.00047122,-2,1,105
-4.118,-3.3821,3.9935,0.00047122,1,0,105
-0.60965,3.4179,-0.0065185,0.00047122,-2,0,105
3.4825,4.0179,-0.0065185,0.00047122,-2,0,105
-1.5518,-1.5384,-0.0065185,0.00047122,-2,0,105
1.3273,1.7179,3.9935,0.00047122,1,1,105
4.4495,3.4179,-0.0065185,0.00047122,-2,1,105
6.2327,5.0179,-0.0065185,0.00047122,-2,1,105
3.0485,2.0179,-0.0065185,0.00047122,-2,1,105
3.8919,3.0179,-0.0065185,0.00047122,-2,1,105
3.7588,3.0179,-0.0065185,0.00047122,-2,1,105
5.6456,5.0179,-0.0065185,0.00047122,-2,1,105
4.7995,1.1493,3.9935,0.00047122,1,1,105
0.54124,-3.8453,-0.0065185,0.00047122,-2,0,105
-0.38928,-0.37586,-0.0065185,0.00047122,-2,0,105
3.3392,-0.36992,-0.0065185,0.00047122,-2,1,105
-5.28,-2.8166,-0.0065185,0.00047122,-2,0,105
3.2463,4.5097,-0.0065185,0.00047122,-2,1,105
-2.7511,-2.7377,-3.0065,0.00047122,1,0,105
1.1792,1.0179,-0.0065185,0.00047122,-2,1,105
-0.84702,-0.98211,-0.0065185,0.00047122,-2,1,105
-2.1218,-2.1083,-0.0065185,0.00047122,-2,0,105
-2.8882,-2.9821,-0.0065185,0.00047122,-2,0,105
2.4633,2.4767,4.9935,0.00047122,1,1,105
1.837,5.1493,-0.0065185,0.00047122,-2,0,105
1.5621,-5.437,-1.0065,0.00047122,1,0,105
2.4385,-0.01464,-0.0065185,0.00047122,-2,1,105
3.4045,-0.70461,-0.0065185,0.00047122,-2,1,105
3.8945,0.40376,-0.0065185,0.00047122,-2,1,105
2.461,-0.50412,-0.0065185,0.00047122,-2,1,105
3.0925,1.2884,-0.0065185,0.00047122,-2,1,105
2.6293,2.6427,-4.0065,0.00047122,1,1,105
-5.5041,3.7385,-0.0065185,0.00047122,-2,0,105
5.2868,5.3002,-0.0065185,0.00047122,-2,1,105
5.0944,3.9979,-0.0065185,0.00047122,-2,1,105
-4.322,-3.1852,3.9935,0.00047122,1,0,105
-3.783,-2.8148,-0.0065185,0.00047122,-2,0,105
-4.6649,-3.8399,-0.0065185,0.00047122,-2,0,105
2.5734,2.5869,-0.0065185,0.00047122,-2,1,105
2.1881,-2.1729,-3.0065,0.00047122,1,1,105
5.4156,4.9305,-0.0065185,0.00047122,-2,1,105
-2.3449,2.2596,-0.0065185,0.00047122,-2,0,105
4.3015,1.6548,-0.0065185,0.00047122,-2,1,105
5.2569,3.6703,-0.0065185,0.00047122,-2,1,105
4.2191,4.2325,-0.0065185,0.00047122,-2,1,105
4.1869,4.2003,-0.0065185,0.00047122,-2,1,105
1.1595,1.1729,-0.0065185,0.00047122,-2,1,105
0.98626,2.5999,-2.0065,0.00047122,1,1,105
-4.1075,1.7417,-0.0065185,0.00047122,-2,0,105
3.0997,3.1131,-0.0065185,0.00047122,-2,1,105
1.0854,2.9888,-0.0065185,0.00047122,-2,1,105
1.0733,0.93668,-0.0065185,0.00047122,-2,1,105
0.91295,0.85546,-2.0065,0.00047122,1,1,105
-4.0452,1.7285,-0.0065185,0.00047122,-2,0,105
2.0467,2.0601,-0.0065185,0.00047122,-2,1,105
3.0404,3.0538,-0.0065185,0.00047122,-2,1,105
2.585,2.4679,-2.0065,0.00047122,1,1,105
-3.0215,1.7234,-0.0065185,0.00047122,-2,0,105
3.0265,2.5899,-0.0065185,0.00047122,-2,1,105
2.0232,2.0366,-0.0065185,0.00047122,-2,1,105
2.0204,2.2013,-0.0065185,0.00047122,-2,1,105
-3.0091,-2.9792,-0.0065185,0.00047122,-2,0,105
3.016,1.4604,-0.0065185,0.00047122,-2,1,105
-2.5553,-2.53,-4.0065,0.00047122,1,0,105
2.0128,3.4161,-0.0065185,0.00047122,-2,1,105
4.0115,1.725,-0.0065185,0.00047122,-2,1,105
1.0105,1.0239,-0.0065185,0.00047122,-2,1,105
4.0096,4.023,-0.0065185,0.00047122,-2,1,105
-4.9999,-4.9812,-0.0065185,0.00047122,-2,0,105
4.0082,2.1051,-0.0065185,0.00047122,-2,1,105
2.0076,2.0172,-0.0065185,0.00047122,-2,1,105
1.0071,1.0206,-0.0065185,0.00047122,-2,1,105
0.0022066,-2.4381,-0.0065185,0.00047122,-2,0,105
0.0063993,0.019815,-0.0065185,0.00047122,-2,1,105
-1.9972,-1.9818,-0.0065185,0.00047122,-2,0,105
0.0058648,0.019281,-0.0065185,0.00047122,-2,0,105
0.0044729,0.017637,-0.0065185,0.00047122,-2,0,105
0.0044729,0.017889,-0.0065185,0.00047122,-2,1,105
0.0044729,0.017889,-4.0065,0.00047122,1,0,105
0.0044729,3.4179,-0.0065185,0.00047122,-2,0,105
-2.9955,-2.8721,-0.0065185,0.00047122,-2,0,105
-3.5455,-0.98211,-0.0065185,0.00047122,-2,0,105
-3.163,-0.98211,-0.0065185,0.00047122,-2,0,105
-3.8379,-1.8245,-0.0065185,0.00047122,-2,0,105
4.5705,2.4339,-0.0065185,0.00047122,-2,1,106
2.5545,2.5679,-0.0065185,0.00047122,-2,0,106
-1.9955,-1.9821,-0.0065185,0.00047122,-2,0,106
2.7045,0.53989,-0.0065185,0.00047122,-2,1,106
-3.4405,-2.2771,-0.0065185,0.00047122,-2,0,106
-4.2238,-4.2104,-0.0065185,0.00047122,-2,0,106
0.048485,-0.66153,-0.0065185,0.00047122,-2,0,106
-0.14553,-0.019522,-0.0065185,0.00047122,-2,0,106
1.8545,1.9119,-0.0065185,0.00047122,-2,1,106
2.727,2.7404,-0.0065185,0.00047122,-2,0,106
-2.6955,-1.2496,-0.0065185,0.00047122,-2,1,106
1.4495,2.3129,-0.0065185,0.00047122,-2,1,106
1.2327,1.2624,-2.0065,0.00047122,1,0,106
4.0485,3.4616,-0.0065185,0.00047122,-2,0,106
3.8919,3.395,-0.0065185,0.00047122,-2,1,106
-6.5455,-3.9821,-0.0065185,0.00047122,-2,0,106
-5.163,-2.9821,-0.0065185,0.00047122,-2,0,106
-4.8379,-2.9821,-0.0065185,0.00047122,-2,0,106
4.1205,0.82961,2.9935,0.00047122,1,1,106
4.3356,3.0179,-0.0065185,0.00047122,-2,0,106
0.55447,0.56789,-0.0065185,0.00047122,-2,0,106
0.83697,1.1755,-0.0065185,0.00047122,-2,1,106
0.1621,0.45187,-0.0065185,0.00047122,-2,0,106
-0.12951,-0.11609,4.9935,0.00047122,1,1,106
0.55947,0.57289,-0.0065185,0.00047122,-2,0,106
-0.46728,-1.5946,-0.0065185,2.0005,-1,1,106
1.5595,-0.052736,-0.0065185,0.00047122,-2,0,106
1.4545,4.3806,-0.0065185,0.00047122,-2,1,106
0.83697,3.3262,-0.0065185,0.00047122,-2,1,106
2.1621,1.1674,-0.0065185,0.00047122,-2,1,106
-1.8295,-1.8161,-5.0065,0.00047122,1,0,106
-0.32664,4.4572,-0.0065185,0.00047122,-2,1,106
-0.12698,-0.11356,-0.0065185,0.00047122,-2,0,106
-1.1455,-1.1321,-0.0065185,0.00047122,-2,0,106
-2.273,0.85667,-0.0065185,0.00047122,-2,0,106
-3.3814,-3.368,-0.0065185,0.00047122,-2,0,106
3.4825,1.7417,-0.0065185,0.00047122,-2,1,106
2.5608,2.6407,-0.0065185,0.00047122,-2,1,106
-1.6184,-2.5515,-0.0065185,0.00047122,-2,0,106
1.3839,1.4454,-4.0065,0.00047122,1,0,106
-0.55053,-0.53711,-0.0065185,0.00047122,-2,1,106
-3.6955,-3.6821,-0.0065185,0.00047122,-2,0,106
-2.6955,-2.6821,-0.0065185,0.00047122,-2,0,106
2.2995,1.6302,-3.0065,0.00047122,1,1,106
1.2327,-0.75729,-0.0065185,0.00047122,-2,0,106
-2.9955,-5.1496,-0.0065185,0.00047122,-2,0,106
4.0045,0.97285,-0.0065185,0.00047122,-2,1,106
-2.9955,-2.9821,-0.0065185,0.00047122,-2,0,106
4.0045,5.349,-0.0065185,0.00047122,-2,1,106
-3.3955,-2.4386,3.9935,0.00047122,1,1,106
0.89447,-2.4204,-0.0065185,0.00047122,-2,1,106
3.3045,5.8354,-0.0065185,0.00047122,-2,1,106
-0.55053,-2.1856,-0.0065185,0.00047122,-2,0,106
-2.7673,-4.5727,-0.0065185,0.00047122,-2,0,106
-2.9515,-4.4841,-0.0065185,0.00047122,-2,0,106
-4.1081,-0.32295,-0.0065185,0.00047122,-2,0,106
-3.4912,-4.5948,3.9935,0.00047122,1,0,106
-2.3544,4.059,-0.0065185,0.00047122,-2,0,106
2.4595,3.28,-0.0065185,0.00047122,-2,1,106
-2.0823,2.4811,-0.0065185,2.0005,-1,0,106
1.6107,2.2072,-0.0065185,0.00047122,-2,0,106
1.3045,1.4519,-0.0065185,0.00047122,-2,1,106
3.5595,3.6868,-0.0065185,0.00047122,-2,1,106
3.0262,-0.87175,4.9935,0.00047122,1,0,106
4.617,-0.82058,-0.0065185,0.00047122,-2,0,106
-4.0662,-4.5946,-0.0065185,0.00047122,-2,0,106
-3.8455,-3.8321,-0.0065185,0.00047122,-2,0,106
-1.718,-1.7046,-0.0065185,0.00047122,-2,0,106
0.39035,0.40376,-0.0065185,0.00047122,-2,1,106
-0.32352,-0.38841,-5.0065,0.00047122,1,1,106
1.4482,1.395,-0.0065185,0.00047122,-2,1,106
2.3816,-3.5287,-0.0065185,0.00047122,-2,1,106
2.3251,-1.0527,-0.0065185,0.00047122,-2,0,106
-0.29553,-0.28211,-0.0065185,0.00047122,-2,1,106
0.25947,0.48964,-4.0065,0.00047122,1,1,106
-3.7673,-1.5821,-0.0065185,0.00047122,-2,1,106
1.2545,3.3805,-0.0065185,0.00047122,-2,1,106
-2.4455,0.89309,-0.0065185,0.00047122,-2,1,106
-2.2455,2.1207,-0.0065185,0.00047122,-2,0,106
-2.2955,-2.1397,-0.0065185,0.00047122,-2,1,106
1.9595,1.6435,-5.0065,0.00047122,1,1,106
3.2327,6.2679,-0.0065185,0.00047122,-2,0,106
4.0485,6.6304,-0.0065185,0.00047122,-2,0,106
2.8919,-1.1827,-0.0065185,0.00047122,-2,0,106
1.7588,1.7722,-0.0065185,0.00047122,-2,1,106
-5.8455,-6.4271,-0.0065185,0.00047122,-2,0,106
4.727,4.7404,-0.0065185,0.00047122,-2,1,106
4.0186,2.6648,4.9935,0.00047122,1,0,106
5.8945,1.9023,-0.0065185,0.00047122,-2,1,106
5.5545,3.4616,-0.0065185,0.00047122,-2,1,106
7.172,7.1854,-0.0065185,0.00047122,-2,1,106
-3.8379,-4.4345,-0.0065185,0.00047122,-2,0,106
3.2705,1.9904,4.9935,0.00047122,1,1,106
2.3356,2.349,-0.0065185,0.00047122,-2,0,106
3.8545,1.0648,-0.0065185,0.00047122,-2,1,106
-4.5455,-5.6027,-0.0065185,0.00047122,-2,0,106
3.872,1.8601,4.9935,0.00047122,1,1,106
-3.8379,-6.0745,-0.0065185,0.00047122,-2,0,106
2.5705,1.1207,-0.0065185,0.00047122,-2,1,106
-6.3266,-6.3132,-0.0065185,0.00047122,-2,0,106
6.1359,5.0921,-0.0065185,0.00047122,-2,1,106
3.9662,2.0236,-0.0065185,0.00047122,-2,1,106
2.8219,2.8354,-0.0065185,0.00047122,-2,1,106
-2.3904,-2.8445,-4.0065,0.00047122,1,0,106
1.5951,3.4566,-0.0065185,0.00047122,-2,0,106
-3.1455,-1.0921,-0.0065185,0.00047122,-2,0,106
-4.273,-4.2596,-0.0065185,0.00047122,-2,0,106
-0.3814,-0.36799,-0.0065185,0.00047122,-2,0,106
-0.47352,-0.46011,-0.0065185,0.00047122,-2,0,106
-0.40182,1.7885,-5.0065,0.00047122,1,1,106
-3.718,-7.2321,-0.0065185,0.00047122,-2,1,106
-3.6097,-3.274,-0.0065185,0.00047122,-2,0,106
3.5545,-0.41554,-0.0065185,0.00047122,-2,1,106
-5.163,-2.9996,-0.0065185,0.00047122,-2,0,106
-4.3879,-4.3745,-5.0065,0.00047122,1,0,106
-4.5615,-4.5481,-0.0065185,0.00047122,-2,0,106
-2.3266,-4.9257,-0.0065185,0.00047122,-2,0,106
-1.977,-1.9636,-3.0065,0.00047122,1,0,106
2.9662,1.9151,-0.0065185,0.00047122,-2,1,106
-2.813,-2.9671,-0.0065185,0.00047122,-2,0,106
-3.6904,-2.377,-0.0065185,0.00047122,-2,0,106
-1.5862,-2.469,-0.0065185,0.00047122,-2,0,106
-1.3476,-1.3341,-5.0065,0.00047122,1,1,106
1.727,0.69479,-0.0065185,0.00047122,-2,1,106
3.8545,2.9791,-0.0065185,0.00047122,-2,1,106
1.282,-3.0198,-0.0065185,0.00047122,-2,1,106
1.0903,-3.2063,4.9935,0.00047122,1,0,106
0.48247,0.49588,-0.0065185,0.00047122,-2,1,106
-0.84553,-4.8229,-0.0065185,0.00047122,-2,0,106
1.727,1.0619,-0.0065185,0.00047122,-2,1,106
-1.4597,-1.7195,-5.0065,0.00047122,1,1,106
-4.718,-4.7046,-0.0065185,0.00047122,-2,1,106
2.6186,1.0757,-0.0065185,0.00047122,-2,0,106
3.5265,6.0885,-0.0065185,0.00047122,-2,1,106
5.5545,4.4629,-0.0065185,0.00047122,-2,1,106
3.172,2.2461,-0.0065185,0.00047122,-2,1,106
-1.8379,-1.3467,-0.0065185,0.00047122,-2,0,106
-2.5615,-1.8695,-0.0065185,0.00047122,-2,0,106
2.1856,0.77219,-4.0065,0.00047122,1,1,106
4.1359,3.659,-0.0065185,0.00047122,-2,1,106
-2.9573,2.3629,-0.0065185,0.00047122,-2,0,106
-5.813,-5.4453,-0.0065185,0.00047122,-2,0,106
4.6993,4.7127,-0.0065185,0.00047122,-2,1,106
3.9951,1.5808,-4.0065,0.00047122,1,1,106
-3.4976,3.1334,-0.0065185,0.00047122,-2,1,106
2.9812,3.5679,-0.0065185,1.0005,-1,0,106
2.5347,2.1854,-0.0065185,0.00047122,-1,0,106
2.1552,-1.7618,-5.0065,0.00047122,1,0,106
-2.5615,6.0427,-0.0065185,0.00047122,-2,0,106
-5.8455,-1.3696,-0.0065185,0.00047122,-2,0,106
-3.718,0.088514,-0.0065185,0.00047122,-2,0,106
0.39035,3.6279,-0.0065185,0.00047122,-2,0,106
0.48247,3.2364,-0.0065185,0.00047122,-2,1,106
-2.8455,-0.38841,-0.0065185,0.00047122,-2,1,106
-2.418,0.98566,4.9935,0.00047122,1,1,106
-3.4405,-3.4271,-0.0065185,0.00047122,-2,0,106
4.7045,-0.59461,-0.0065185,0.00047122,-2,1,106
-2.4405,3.3201,-0.0065185,0.00047122,-2,0,106
-0.22378,3.6279,-0.0065185,0.00047122,-2,1,106
-0.14553,-1.7486,-0.0065185,0.00047122,-2,1,106
-3.273,-0.10961,-0.0065185,0.00047122,-2,0,106
7.4045,1.2624,-0.0065185,0.00047122,-2,1,106
5.8945,3.632,-0.0065185,0.00047122,-2,1,106
-5.452,-5.3286,-0.0065185,0.00047122,-2,0,106
-7.0836,-7.0701,-0.0065185,0.00047122,-2,0,106
-5.7703,-4.3593,-0.0065185,0.00047122,-2,0,106
6.5131,2.1808,-0.0065185,0.00047122,-2,1,106
-3.2778,-5.5144,-0.0065185,0.00047122,-2,1,106
3.7045,1.9495,-0.0065185,0.00047122,-2,0,106
-3.1405,-4.7527,-3.0065,0.00047122,1,0,106
-5.4405,-6.5321,-0.0065185,0.00047122,-2,0,106
-5.2238,-6.1496,-0.0065185,0.00047122,-2,0,106
6.0485,2.7477,-0.0065185,0.00047122,-2,1,106
4.8919,5.5839,-0.0065185,0.00047122,-2,1,106
-3.7498,-3.7364,-0.0065185,0.00047122,-2,0,106
2.8945,1.0179,-0.0065185,1.0005,-1,1,107
4.0045,4.0179,-0.0065185,0.00047122,-2,1,107
-3.9955,-3.9821,-0.0065185,0.00047122,-2,1,107
-5.3955,-5.3821,-0.0065185,0.00047122,-2,0,107
-5.6955,-0.2546,-0.0065185,0.00047122,-2,0,107
5.4495,3.4179,-0.0065185,0.00047122,-2,1,107
5.2327,4.0179,-0.0065185,0.00047122,-2,1,107
5.0485,4.0179,-0.0065185,0.00047122,-2,1,107
4.8919,4.0179,-0.0065185,0.00047122,-2,1,107
-5.7498,-5.7364,-0.0065185,0.00047122,-2,0,107
-5.6367,-5.6233,-0.0065185,0.00047122,-2,0,107
2.5495,2.0179,-0.0065185,0.00047122,-2,1,107
-2.1588,-1.2644,3.9935,0.00047122,1,0,107
-3.3893,-2.9821,-0.0065185,0.00047122,-2,0,107
5.3392,-2.8721,-0.0065185,0.00047122,-2,1,107
2.289,2.0179,-0.0065185,0.00047122,-2,1,107
-2.2373,-3.8364,-0.0065185,0.00047122,-2,0,107
-5.2011,-1.8877,-0.0065185,0.00047122,-2,0,107
-4.4202,-4.4068,3.9935,0.00047122,1,0,107
0.85597,0.86939,-0.0065185,0.00047122,-2,1,107
3.8545,0.86789,-0.0065185,0.00047122,-2,1,107
4.727,3.2904,-0.0065185,0.00047122,-2,1,107
-3.6097,-5.4701,-0.0065185,0.00047122,-2,0,107
3.0765,3.0899,2.9935,0.00047122,1,1,107
-2.4392,-4.0407,-0.0065185,0.00047122,-2,1,107
0.30447,-0.14961,-0.0065185,0.00047122,-2,0,107
-1.2955,-1.2821,-0.0065185,0.00047122,-2,0,107
2.4495,2.4629,-0.0065185,0.00047122,-2,1,107
2.1545,4.0619,-0.0065185,0.00047122,-2,0,107
2.282,1.1022,-0.0065185,0.00047122,-2,1,107
1.9403,-0.42889,4.9935,0.00047122,1,1,107
0.17197,-1.8399,-0.0065185,0.00047122,-2,0,107
0.30447,0.31789,-0.0065185,0.00047122,-2,1,107
3.7045,4.6545,-0.0065185,0.00047122,-2,1,107
-0.44053,-3.0132,-0.0065185,0.00047122,-2,0,107
2.2327,2.2461,-0.0065185,0.00047122,-2,0,107
-1.8455,-1.7938,-0.0065185,0.00047122,-2,0,107
-0.14553,0.22124,-0.0065185,0.00047122,-2,0,107
1.1545,1.4959,-0.0065185,0.00047122,-2,1,107
0.98197,-0.090486,-4.0065,0.00047122,1,1,107
2.4495,-2.8601,-0.0065185,0.00047122,-2,1,107
1.2327,1.2461,-0.0065185,0.00047122,-2,1,107
0.048485,0.061901,-0.0065185,0.00047122,-2,0,107
0.041884,0.95259,2.9935,0.00047122,1,0,107
3.282,4.5399,-0.0065185,0.00047122,-2,1,107
0.40447,0.41789,-0.0065185,0.00047122,-2,1,107
1.1145,2.1755,-0.0065185,0.00047122,-2,1,107
3.4045,3.4179,-0.0065185,0.00047122,-2,1,107
-2.8855,-0.78409,-0.0065185,0.00047122,-2,0,107
2.461,2.4744,-4.0065,0.00047122,1,0,107
-2.9955,0.41789,-0.0065185,0.00047122,-2,0,107
-1.5455,-1.5321,-0.0065185,0.00047122,-2,0,107
0.17197,2.1854,-0.0065185,0.00047122,-2,0,107
0.70447,-0.14945,-0.0065185,0.00047122,-2,1,107
0.44947,0.61289,-0.0065185,0.00047122,-2,1,107
0.38272,1.2461,-0.0065185,0.00047122,-1,1,107
0.32599,-0.70461,-4.0065,0.00047122,1,0,107
0.39035,-2.4947,-0.0065185,0.00047122,-2,0,107
0.52648,2.0579,-0.0065185,0.00047122,-2,1,107
-1.4392,-1.4258,-0.0065185,0.00047122,-2,0,107
-0.61838,1.1059,-0.0065185,0.00047122,-2,1,107
0.6839,0.69731,-0.0065185,0.00047122,-2,0,107
1.732,-0.2546,-0.0065185,0.00047122,-2,0,107
1.4729,1.4863,3.9935,0.00047122,1,0,107
2.2013,3.1079,-0.0065185,0.00047122,-2,1,107
-3.1629,1.9814,-0.0065185,0.00047122,-2,0,107
-3.1378,-2.6744,-0.0065185,0.00047122,-2,0,107
-5.1164,-5.103,-0.0065185,0.00047122,-2,0,107
-1.0983,-2.7186,-0.0065185,0.00047122,-2,0,107
0.94183,1.3515,-4.0065,0.00047122,1,1,107
-3.0698,3.0068,-0.0065185,0.00047122,-2,0,107
-1.0586,-2.5952,-0.0065185,0.00047122,-2,0,107
-5.0492,-0.88576,-0.0065185,0.00047122,-2,0,107
-5.0411,-4.2777,-0.0065185,0.00047122,-2,0,107
-4.2843,-4.4467,3.9935,0.00047122,1,0,107
-3.0285,-3.1645,-0.0065185,0.00047122,-2,0,107
2.0325,-2.7171,-0.0065185,0.00047122,-2,1,107
3.0283,3.1497,-0.0065185,0.00047122,-2,1,107
-3.9753,-3.8701,-0.0065185,0.00047122,-2,1,107
2.9873,-1.2276,-0.0065185,0.00047122,-2,1,107
2.5399,-1.1071,2.9935,0.00047122,1,1,107
3.172,1.6805,-0.0065185,0.00047122,-2,1,107
1.8468,0.11359,-0.0065185,0.00047122,-2,1,107
0.57049,-1.6233,-0.0065185,0.00047122,-2,0,107
2.1545,3.0179,-0.0065185,0.00047122,-2,1,107
-0.44553,1.8454,-0.0065185,0.00047122,-2,1,107
1.172,-1.5704,-0.0065185,0.00047122,-2,1,107
-0.9879,0.050417,-3.0065,0.00047122,1,0,107
1.5705,4.1339,-0.0065185,0.00047122,-2,0,107
-3.9955,-0.57273,-0.0065185,0.00047122,-2,0,107
0.40447,0.41789,-0.0065185,0.00047122,-2,1,107
2.8945,2.9079,-0.0065185,0.00047122,-2,1,107
2.461,1.7117,2.9935,0.00047122,1,0,107
1.0045,-1.5321,-0.0065185,0.00047122,-2,1,107
-1.9955,2.7544,-0.0065185,0.00047122,-2,0,107
-3.9955,-0.86464,-0.0065185,0.00047122,-2,0,107
-3.3955,-2.6873,3.9935,0.00047122,1,0,107
-1.9955,4.0085,-0.0065185,0.00047122,-2,0,107
2.0045,0.88644,-0.0065185,0.00047122,-2,1,107
-0.99553,-1.0004,-0.0065185,0.00047122,-2,0,107
0.0044729,0.38061,-0.0065185,0.00047122,-2,0,107
0.0044729,0.045538,-0.0065185,0.00047122,-2,1,107
2.0045,0.60851,-0.0065185,0.00047122,-2,0,107
-1.6955,-2.1841,-4.0065,0.00047122,1,0,107
1.5595,1.5729,-0.0065185,0.00047122,-2,1,107
-4.5455,-1.8212,-0.0065185,0.00047122,-2,0,107
5.172,5.1854,-0.0065185,0.00047122,-2,1,107
-5.8379,0.26354,-0.0065185,0.00047122,-2,0,107
-4.5615,-3.2833,-0.0065185,0.00047122,-2,0,107
-3.8766,-2.4481,3.9935,0.00047122,1,0,107
-4.127,3.4893,-0.0065185,0.00047122,-2,0,107
-5.9573,-3.4938,-0.0065185,0.00047122,-2,0,107
-4.813,-4.1805,-0.0065185,0.00047122,-2,0,107
-4.6904,-3.3383,-0.0065185,0.00047122,-2,0,107
3.9951,4.0085,3.9935,0.00047122,1,1,107
-4.4976,-3.9504,-0.0065185,0.00047122,-2,0,107
-3.4223,-2.8452,-0.0065185,0.00047122,-2,0,107
-2.3582,-2.5092,-0.0065185,0.00047122,-2,0,107
-3.3038,-2.9627,-0.0065185,0.00047122,-2,0,107
3.2665,3.28,-0.0065185,0.00047122,-2,1,107
5.2272,5.2406,-0.0065185,0.00047122,-2,1,107
-4.1849,-1.2155,-0.0065185,0.00047122,-2,0,107
-3.5565,-3.372,-5.0065,0.00047122,1,0,107
0.86767,-4.2235,-0.0065185,0.00047122,-2,0,107
-3.1118,-3.0984,-0.0065185,0.00047122,-2,0,107
4.1033,-0.60577,-0.0065185,0.00047122,-2,1,107
-3.4795,-3.3768,-3.0065,0.00047122,1,0,107
-5.0669,-2.5276,-0.0065185,0.00047122,-2,0,107
-4.0562,-3.9783,-0.0065185,0.00047122,-2,0,107
-1.0471,-3.5914,-0.0065185,0.00047122,-2,0,107
0.89833,0.91174,-3.0065,0.00047122,1,1,107
-2.0328,-1.9798,-0.0065185,0.00047122,-2,0,107
0.97279,1.0199,-0.0065185,0.00047122,-2,0,107
-0.022459,1.8333,-0.0065185,0.00047122,-2,0,107
-2.0184,0.019334,-0.0065185,0.00047122,-2,0,107
1.985,-1.7016,-0.0065185,0.00047122,-2,0,107
1.021,-1.6656,-0.0065185,0.00047122,-2,1,107
-0.0095858,0.018776,-0.0065185,0.00047122,-2,0,107
-0.007477,-0.71656,3.9935,0.00047122,1,0,107
-1.9854,-3.372,-0.0065185,0.00047122,-2,1,107
-1.9869,-1.9735,-0.0065185,0.00047122,-2,1,107
-0.98819,-0.97477,-0.0065185,0.00047122,-2,1,107
2.9982,3.0183,-0.0065185,0.00047122,-2,1,107
2.5492,1.0566,-4.0065,0.00047122,1,0,107
1.009,-2.1451,-0.0065185,0.00047122,-2,1,107
2.0083,2.0217,-0.0065185,0.00047122,-2,1,107
0.0012167,-0.70787,-0.0065185,0.00047122,-2,0,107
0.0072407,0.020657,4.9935,0.00047122,1,1,107
2.0021,-6.0069,-0.0065185,0.00047122,-2,0,107
-1.9935,-1.6801,-0.0065185,0.00047122,-2,1,107
-2.9938,-2.9804,-0.0065185,0.00047122,-2,1,107
2.003,0.92793,-0.0065185,0.00047122,-2,0,107
2.0032,1.0914,-0.0065185,0.00047122,-2,0,107
3.0034,1.0609,-0.0065185,0.00047122,-2,0,107
-2.5446,-2.5312,-4.0065,0.00047122,1,1,107
-2.9948,-2.9814,-0.0065185,0.00047122,-2,1,107
2.0038,2.9072,-0.0065185,0.00047122,-2,0,107
-0.99607,-0.98266,-0.0065185,0.00047122,-2,0,107
3.0049,-1.4266,-0.0065185,0.00047122,-2,1,107
-1.9959,-2.5325,-0.0065185,0.00047122,-2,0,107
-0.99586,-1.9346,-0.0065185,0.00047122,-2,0,107
-0.99581,-0.8324,-0.0065185,0.00047122,-2,0,107
0.0042311,-1.0145,-0.0065185,0.00047122,-2,0,107
-2.9957,-3.1371,-0.0065185,0.00047122,-2,0,107
4.0046,4.0181,-0.0065185,0.00047122,-2,1,107
-3.9957,0.01774,-0.0065185,0.00047122,-2,0,107
5.0046,3.418,-0.0065185,0.00047122,-2,1,107
-2.9956,-4.313,-0.0065185,0.00047122,-2,0,107
3.0046,2.568,-0.0065185,0.00047122,-2,1,107
-2.5456,-2.5906,3.9935,0.00047122,1,0,107
-3.9956,-3.9822,-0.0065185,0.00047122,-2,0,107
-2.9956,-2.9822,-0.0065185,0.00047122,-2,0,107
3.0045,-2.4386,-0.0065185,0.00047122,-2,1,107
5.0045,5.0179,-0.0065185,0.00047122,-2,1,107
-0.99556,-1.0081,-0.0065185,0.00047122,-2,0,107
5.5545,3.4136,-0.0065185,0.00047122,-2,0,108
-3.5455,-3.5321,-0.0065185,0.00047122,-2,1,108
5.172,4.0278,-0.0065185,0.00047122,-2,0,108
-0.15315,3.3222,-0.0065185,0.00047122,-2,1,108
-0.29553,-3.7156,-0.0065185,0.00047122,-2,1,108
-2.2955,-2.2821,-0.0065185,0.00047122,-2,1,108
-1.9505,-0.078913,-4.0065,0.00047122,1,0,108
-3.7673,-4.0204,-0.0065185,0.00047122,-2,0,108
-0.95151,-1.1646,-0.0065185,0.00047122,-2,1,108
4.7045,5.1059,-0.0065185,0.00047122,-2,1,108
-1.5455,-3.5151,-0.0065185,0.00047122,-2,1,108
-0.84553,1.3354,-0.0065185,0.00047122,-2,0,108
0.72697,-1.0261,-3.0065,0.00047122,1,0,108
4.0045,0.63201,-0.0065185,0.00047122,-2,1,108
4.4045,4.4179,-0.0065185,0.00047122,-2,0,108
3.8545,3.8679,-0.0065185,0.00047122,-2,0,108
3.727,1.1175,-0.0065185,0.00047122,-2,1,108
1.5545,1.2368,-0.0065185,0.00047122,-2,1,108
1.322,1.3354,4.9935,0.00047122,1,0,108
3.727,-4.4637,-0.0065185,0.00047122,-2,1,108
0.6186,-3.5946,-0.0065185,0.00047122,-2,0,108
-3.9955,-0.50412,-0.0065185,0.00047122,-2,1,108
-2.9955,-4.8245,-0.0065185,0.00047122,-2,0,108
2.5545,2.9079,2.9935,0.00047122,1,0,108
-1.9955,-2.1496,-0.0065185,0.00047122,-2,0,108
-1.6955,-3.8496,-0.0065185,0.00047122,-2,0,108
2.4495,1.4629,-0.0065185,0.00047122,-2,1,108
-3.2238,-2.1632,-0.0065185,0.00047122,-2,0,108
-2.0395,-2.8136,-0.0065185,0.00047122,-2,0,108
-0.88294,-1.7195,-0.0065185,0.00047122,-2,1,108
-0.74983,-0.79958,2.9935,0.00047122,1,1,108
3.0045,1.9538,-0.0065185,0.00047122,-2,1,108
2.0045,2.0459,-0.0065185,0.00047122,-2,1,108
3.0045,1.2742,-0.0065185,0.00047122,-2,1,108
3.0045,2.5679,-0.0065185,0.00047122,-2,1,108
4.0045,3.6973,-0.0065185,0.00047122,-2,1,108
4.0045,1.9129,-0.0065185,0.00047122,-2,1,108
-2.9955,-2.9821,-0.0065185,0.00047122,-2,0,108
2.5545,2.9079,0.99348,0.00047122,1,1,108
2.172,0.70055,-2.0065,0.00047122,1,1,108
3.0045,-1.8244,-0.0065185,0.00047122,-2,1,108
4.0045,3.897,-0.0065185,0.00047122,-2,1,108
-4.9955,-2.1496,-0.0065185,0.00047122,-2,0,108
4.2545,4.2679,-4.0065,0.00047122,1,1,108
4.0045,4.0179,-0.0065185,0.00047122,-2,1,108
-4.9955,2.9079,-0.0065185,0.00047122,-2,0,108
4.0045,3.9642,-0.0065185,0.00047122,-2,1,108
2.0045,1.9723,-0.0065185,0.00047122,-2,1,108
3.0045,3.0885,-0.0065185,0.00047122,-2,1,108
-2.5455,-2.5321,3.9935,0.00047122,1,1,108
4.172,-1.3821,-0.0065185,0.00047122,-2,1,108
-3.6955,-3.5245,-0.0065185,0.00047122,-2,0,108
1.4495,3.1629,-0.0065185,0.00047122,-2,0,108
-1.9955,-1.9821,-0.0065185,0.00047122,-2,0,108
1.3045,1.3179,-0.0065185,0.00047122,-2,1,108
-1.1005,-2.5445,3.9935,0.00047122,1,0,108
-1.163,-1.1496,-0.0065185,0.00047122,-2,0,108
-1.8379,-1.8245,-0.0065185,0.00047122,-2,0,108
-2.5615,-0.34096,-0.0065185,0.00047122,-2,0,108
3.3356,-0.73902,-0.0065185,0.00047122,-2,0,108
1.3045,2.2559,-0.0065185,0.00047122,-2,0,108
0.45447,0.46789,-0.0065185,0.00047122,-2,0,108
-0.37803,-0.87567,-4.0065,0.00047122,1,0,108
1.1621,5.5854,-0.0065185,0.00047122,-2,1,108
-0.56155,3.9079,-0.0065185,0.00047122,-2,1,108
-2.3266,1.4744,-0.0065185,0.00047122,-2,1,108
4.1359,-1.6498,-0.0065185,0.00047122,-2,1,108
6.5545,6.5679,-0.0065185,0.00047122,-2,1,108
5.572,-2.8218,-2.0065,0.00047122,1,1,108
6.8468,0.16026,-0.0065185,0.00047122,-2,1,108
5.5705,3.3062,-0.0065185,0.00047122,-2,1,108
5.3356,2.6004,-0.0065185,0.00047122,-2,1,108
5.1359,2.723,-0.0065185,0.00047122,-2,1,108
4.3662,2.8273,-4.0065,0.00047122,1,1,108
5.8219,5.8354,-0.0065185,0.00047122,-2,1,108
4.6993,-3.2988,-0.0065185,0.00047122,-2,1,108
4.5951,4.0085,-0.0065185,0.00047122,-2,1,108
2.5065,1.7096,-0.0065185,0.00047122,-2,1,108
2.1312,2.6458,0.99348,0.00047122,1,1,108
1.8122,1.2306,-2.0065,0.00047122,1,1,108
0.31278,-1.8715,-0.0065185,0.00047122,-2,1,108
1.2665,0.27995,-0.0065185,0.00047122,-2,1,108
-0.77277,0.73109,-0.0065185,0.00047122,-2,1,108
1.1938,-0.94839,-0.0065185,0.00047122,-2,1,108
-0.83459,0.76905,-0.0065185,0.00047122,-2,0,108
2.1545,3.7404,-0.0065185,0.00047122,-2,0,108
-1.823,-0.71251,-4.0065,0.00047122,1,1,108
1.3903,1.4038,-0.0065185,0.00047122,-2,1,108
-1.2955,-0.092111,-0.0065185,0.00047122,-2,1,108
-0.55053,-0.53711,-0.0065185,0.00047122,-2,0,108
2.3045,2.4265,-0.0065185,0.00047122,-2,0,108
1.9595,1.9729,-5.0065,0.00047122,1,0,108
-1.2238,-5.4604,-0.0065185,0.00047122,-2,1,108
-0.99553,-4.5946,-0.0065185,0.00047122,-2,0,108
-0.84553,-0.83211,-0.0065185,0.00047122,-2,1,108
-0.71803,0.16013,3.9935,0.00047122,1,1,108
-0.99553,-0.98211,-0.0065185,0.00047122,-2,1,108
-2.9955,2.9079,-0.0065185,0.00047122,-2,1,108
0.0044729,0.017889,-0.0065185,0.00047122,-2,1,108
4.0045,4.0179,-0.0065185,0.00047122,-2,0,108
4.4045,4.4179,-0.0065185,0.00047122,-2,1,108
1.8545,1.0179,-0.0065185,0.00047122,-2,1,108
1.577,-1.3132,-2.0065,0.00047122,1,0,108
3.727,-1.068,-0.0065185,0.00047122,-2,1,108
-0.44553,-0.43211,-0.0065185,0.00047122,-2,1,108
-2.163,0.39166,-0.0065185,0.00047122,-2,0,108
2.8468,2.8603,-0.0065185,0.00047122,-2,1,108
2.4205,0.33847,4.9935,0.00047122,1,1,108
-1.6644,5.599,-0.0065185,0.00047122,-2,1,108
-0.86408,-0.85066,-0.0065185,0.00047122,-2,0,108
0.30447,0.31789,-0.0065185,0.00047122,-2,0,108
1.4495,1.2955,-0.0065185,0.00047122,-2,0,108
-1.2238,-1.5481,4.9935,0.00047122,1,1,108
0.0044729,-4.353,-0.0065185,0.00047122,-2,0,108
1.0045,1.0179,-0.0065185,0.00047122,-2,0,108
-1.1455,-1.1321,-0.0065185,0.00047122,-2,1,108
-0.69553,-1.6821,-0.0065185,0.00047122,-2,0,108
-1.1455,-1.9821,-0.0065185,0.00047122,-2,0,108
3.282,-0.75826,-0.0065185,0.00047122,-2,0,108
4.4045,0.97229,-0.0065185,0.00047122,-2,1,108
-3.7355,-2.8721,2.9935,0.00047122,1,0,108
5.727,-1.8096,-0.0065185,0.00047122,-2,1,108
-4.6097,-3.9821,-0.0065185,0.00047122,-2,0,108
-5.5175,-3.5946,-0.0065185,0.00047122,-2,1,108
4.6982,4.7116,-5.0065,0.00047122,1,1,108
-4.3727,-2.9693,-0.0065185,0.00047122,-2,0,108
4.3251,3.7385,-0.0065185,0.00047122,-2,1,108
5.277,5.2904,-0.0065185,0.00047122,-2,1,108
-4.4771,-0.26208,-3.0065,0.00047122,1,1,108
-6.608,-5.4386,-0.0065185,0.00047122,-2,0,108
4.5545,2.3527,-0.0065185,0.00047122,-2,1,108
-6.163,-6.1496,-0.0065185,0.00047122,-2,0,108
-5.8379,-5.8245,-0.0065185,0.00047122,-2,0,108
-6.5615,-1.3131,-0.0065185,0.00047122,-2,0,108
-5.3266,-4.0695,-0.0065185,0.00047122,-2,0,108
4.1359,3.7046,-0.0065185,0.00047122,-2,0,108
-3.5073,-3.4938,4.9935,0.00047122,1,0,108
-2.813,-3.4096,-0.0065185,0.00047122,-2,0,108
2.6993,-1.5946,-0.0065185,0.00047122,-2,1,108
-0.58615,-0.57273,-0.0065185,0.00047122,-2,0,108
-2.4976,-2.4841,-0.0065185,0.00047122,-2,0,108
-2.1223,1.1924,-4.0065,0.00047122,1,0,108
-0.63281,1.5321,-0.0065185,0.00047122,-2,0,108
1.1545,4.9079,-0.0065185,0.00047122,-2,1,108
0.70447,0.71789,-0.0065185,0.00047122,-2,0,108
-0.59053,0.40926,4.9935,0.00047122,1,1,108
-3.273,-3.4601,-0.0065185,0.00047122,-2,0,108
-5.3955,1.6304,-0.0065185,0.00047122,-2,0,108
5.8945,-3.5747,-0.0065185,0.00047122,-2,1,108
-5.452,-4.9886,-0.0065185,0.00047122,-2,1,108
-5.5455,0.068915,-0.0065185,0.00047122,-2,0,108
-5.5455,-1.0964,-0.0065185,0.00047122,-2,0,108
-4.713,-3.992,3.9935,0.00047122,1,1,108
6.172,0.22145,-0.0065185,0.00047122,-2,0,108
-4.8379,-0.49211,-0.0065185,0.00047122,-2,1,108
-3.5615,-3.1136,-0.0065185,0.00047122,-2,1,108
-4.3266,-0.061586,-0.0065185,0.00047122,-2,1,108
4.1359,3.8354,-0.0065185,0.00047122,-2,1,108
-6.5455,-6.1496,-0.0065185,0.00047122,-2,0,108
-7.163,-6.8245,-0.0065185,0.00047122,-2,0,108
5.8468,5.8603,-0.0065185,0.00047122,-2,1,108
5.5705,5.5839,-0.0065185,0.00047122,-2,1,108
-5.3266,-5.1136,-0.0065185,0.00047122,-2,1,108
5.4045,4.5493,-0.0065185,0.00047122,-2,1,108
1.7045,0.97962,-0.0065185,0.00047122,-2,1,108
1.4495,0.83536,-0.0065185,0.00047122,-2,1,108
-1.2238,-1.2104,-0.0065185,0.00047122,-2,1,108
1.0485,0.60851,3.9935,0.00047122,1,0,108
-1.9955,-3.3821,-0.0065185,0.00047122,-2,0,108
5.7045,5.7179,-0.0065185,0.00047122,-2,1,108
-4.4405,-1.2125,-0.0065185,0.00047122,-2,0,108
-1.2238,-2.0701,-0.0065185,0.00047122,-2,0,108
4.0485,3.2294,-0.0065185,0.00047122,-2,1,108
-2.9955,-1.4161,-0.0065185,0.00047122,-2,1,109
-6.5455,-4.5962,-0.0065185,0.00047122,-2,0,109
-1.3955,-5.5496,-0.0065185,0.00047122,-2,0,109
-2.8855,0.017889,-0.0065185,0.00047122,-2,0,109
-2.452,0.017889,-0.0065185,0.00047122,-2,0,109
1.9164,4.0179,-0.0065185,0.00047122,-2,1,109
0.40447,0.41789,-0.0065185,0.00047122,-2,1,109
-0.10553,-0.092111,-0.0065185,0.00047122,-2,0,109
-1.5455,-0.26442,-0.0065185,0.00047122,-2,0,109
-3.163,-0.43092,-0.0065185,0.00047122,-2,0,109
-2.8379,-1.9086,-0.0065185,0.00047122,-2,0,109
-1.5615,-2.2706,-0.0065185,0.00047122,-2,0,109
1.3356,1.349,4.9935,0.00047122,1,1,109
-3.127,-4.8011,-0.0065185,0.00047122,-2,0,109
-4.9573,-4.9438,-0.0065185,0.00047122,-2,0,109
-4.813,-1.8382,-0.0065185,0.00047122,-2,0,109
0.69932,0.71274,-0.0065185,0.00047122,-2,1,109
-2.5862,-3.4627,-0.0065185,0.00047122,-2,0,109
2.2065,2.2199,4.9935,0.00047122,1,1,109
1.4312,1.4446,-0.0065185,0.00047122,-2,1,109
-0.63281,-0.61939,-0.0065185,0.00047122,-2,0,109
5.8545,-3.2078,-0.0065185,0.00047122,-2,1,109
3.727,1.6579,-0.0065185,0.00047122,-2,1,109
3.1686,3.182,2.9935,0.00047122,1,1,109
-3.5175,-3.0541,-0.0065185,0.00047122,-2,0,109
1.4482,-0.585,-0.0065185,0.00047122,-2,1,109
-3.3727,-3.3593,-0.0065185,0.00047122,-2,0,109
2.3251,2.1808,-0.0065185,0.00047122,-2,1,109
-2.268,-1.9546,-0.0065185,0.00047122,-2,0,109
-0.76391,0.88117,-0.0065185,0.00047122,-2,0,109
0.6576,0.67101,4.9935,0.00047122,1,1,109
1.282,-3.0039,-0.0065185,0.00047122,-2,1,109
-5.6955,-1.068,-0.0065185,0.00047122,-2,0,109
-2.4405,-2.4271,-0.0065185,0.00047122,-2,0,109
5.2327,0.29786,-0.0065185,0.00047122,-2,1,109
-5.0395,-4.4261,-0.0065185,0.00047122,-2,0,109
4.8919,4.3053,-0.0065185,0.00047122,-2,1,109
4.7588,4.7722,-0.0065185,0.00047122,-2,1,109
4.6456,1.5454,-0.0065185,0.00047122,-2,1,109
3.9495,3.9629,4.9935,0.00047122,1,1,109
4.4677,3.0335,-0.0065185,0.00047122,-2,1,109
3.3982,3.4116,-0.0065185,0.00047122,-2,1,109
-3.3302,-3.3874,-0.0065185,0.00047122,-2,0,109
2.839,1.9634,-4.0065,0.00047122,1,1,109
-4.2373,3.1761,-0.0065185,0.00047122,-2,0,109
-5.2011,-5.1877,-0.0065185,0.00047122,-2,0,109
5.1792,3.0826,-0.0065185,0.00047122,-2,1,109
-1.144,-4.3806,-0.0065185,0.00047122,-2,0,109
3.1307,0.99412,-0.0065185,0.00047122,-2,1,109
2.6618,2.3399,-2.0065,0.00047122,1,1,109
3.0957,-1.5909,-0.0065185,0.00047122,-2,1,109
-0.91801,2.4032,-0.0065185,0.00047122,-2,1,109
0.93858,0.952,-0.0065185,0.00047122,-2,1,109
-0.14553,-0.13211,-0.0065185,0.00047122,-2,1,109
-2.718,-0.6974,-0.0065185,0.00047122,-2,1,109
0.70447,2.332,-0.0065185,0.00047122,-2,0,109
-0.59053,-0.57711,-4.0065,0.00047122,1,1,109
-2.2238,-1.0442,-0.0065185,0.00047122,-2,0,109
-2.8455,-4.8721,-0.0065185,0.00047122,-2,0,109
-3.718,-1.592,-0.0065185,0.00047122,-2,0,109
-2.6097,-3.1462,-0.0065185,0.00047122,-2,0,109
-5.5175,-6.7569,-0.0065185,0.00047122,-2,0,109
4.4482,2.9715,-0.0065185,0.00047122,-2,1,109
-3.7727,-3.7593,-3.0065,0.00047122,1,0,109
5.3251,3.6579,-0.0065185,0.00047122,-2,1,109
-1.268,-5.1586,-0.0065185,0.00047122,-2,0,109
-0.22714,-1.0637,-0.0065185,0.00047122,-2,0,109
-0.1924,-0.17899,2.9935,0.00047122,1,0,109
1.8371,1.4489,-0.0065185,0.00047122,-2,1,109
1.5622,2.0431,-4.0065,0.00047122,1,1,109
4.4495,-1.9371,-0.0065185,0.00047122,-2,1,109
3.2327,3.2461,-0.0065185,0.00047122,-2,1,109
2.0485,3.2294,-0.0065185,0.00047122,-2,1,109
1.8919,1.9053,-0.0065185,0.00047122,-2,1,109
-1.5998,-1.6663,-3.0065,0.00047122,1,0,109
-1.3544,3.209,-0.0065185,0.00047122,-2,1,109
0.54945,0.56287,-0.0065185,0.00047122,-2,1,109
1.5412,0.87227,-0.0065185,0.00047122,-2,1,109
2.7045,2.2461,-0.0065185,0.00047122,-2,1,109
2.5595,-0.69144,-0.0065185,0.00047122,-2,0,109
-2.1673,-2.4947,2.9935,0.00047122,1,1,109
-1.0395,-1.0261,-0.0065185,0.00047122,-2,0,109
-2.8829,-2.7908,-0.0065185,0.00047122,-2,0,109
3.2502,-2.4364,-0.0065185,0.00047122,-2,0,109
2.3633,2.3767,-0.0065185,0.00047122,-2,1,109
1.5545,1.5679,-0.0065185,0.00047122,-2,1,109
-0.82803,-0.81461,-0.0065185,0.00047122,-2,1,109
-0.70315,1.8214,-4.0065,0.00047122,1,0,109
5.172,-1.3063,-0.0065185,0.00047122,-2,1,109
5.8468,4.2234,-0.0065185,0.00047122,-2,1,109
-2.5615,-2.3243,-0.0065185,0.00047122,-2,0,109
-2.3266,-3.0701,-0.0065185,0.00047122,-2,0,109
-1.977,-2.4794,3.9935,0.00047122,1,1,109
-1.273,0.73931,-0.0065185,0.00047122,-2,0,109
1.3903,4.9079,-0.0065185,0.00047122,-2,1,109
1.4825,4.4744,-0.0065185,0.00047122,-2,1,109
1.2608,3.3342,-2.0065,0.00047122,1,1,109
1.6273,0.09271,-0.0065185,0.00047122,-2,1,109
-1.3161,0.52649,-0.0065185,0.00047122,-2,1,109
-0.26802,1.2313,-0.0065185,0.00047122,-2,1,109
-1.2271,1.1079,-0.0065185,0.00047122,-2,0,109
-4.8455,-4.8321,-0.0065185,0.00047122,-2,0,109
-4.718,-3.9821,-0.0065185,0.00047122,-2,0,109
4.0186,0.13879,4.9935,0.00047122,1,1,109
-2.5175,-2.5041,-0.0065185,0.00047122,-2,0,109
-5.4392,-3.5946,-0.0065185,0.00047122,-2,0,109
-3.3727,-4.6093,-0.0065185,0.00047122,-2,0,109
-5.3161,-5.3027,-0.0065185,0.00047122,-2,0,109
-4.268,-4.2546,-0.0065185,0.00047122,-2,0,109
-3.6271,-2.0561,1.9935,0.00047122,1,0,109
-4.1924,-4.179,-0.0065185,0.00047122,-2,0,109
-3.5629,3.0179,-0.0065185,3.0005,-1,0,109
-4.1378,1.1039,-0.0065185,0.00047122,-2,0,109
3.1254,3.0179,-0.0065185,0.00047122,-2,1,109
-2.6483,-2.8721,1.9935,0.00047122,1,0,109
3.0918,-1.6821,-0.0065185,0.00047122,-2,0,109
-2.6198,-2.5321,-0.0065185,0.00047122,-1,0,109
-4.0586,-4.0452,-0.0065185,0.00047122,-2,0,109
3.0581,-1.0261,-0.0065185,0.00047122,-2,1,109
4.0501,4.0179,-0.0065185,0.00047122,-2,1,109
3.0432,3.0179,-0.0065185,0.00047122,-2,1,109
-3.0285,-1.8245,-0.0065185,0.00047122,-2,0,109
-2.5735,-2.5601,2.9935,0.00047122,1,0,109
5.0283,5.0179,-0.0065185,0.00047122,-2,1,109
4.2747,2.0179,-0.0065185,2.0005,-1,1,109
-3.6252,1.8603,-0.0065185,0.00047122,1,1,109
-3.0808,1.5693,-2.0065,0.00047122,1,0,109
-3.008,-4.6821,-0.0065185,0.00047122,-2,0,109
-4.0061,-3.9927,-0.0065185,0.00047122,-2,0,109
2.0135,1.2461,-0.0065185,0.00047122,-2,1,109
-1.7032,-2.7261,-4.0065,0.00047122,1,0,109
-3.002,-2.9886,-0.0065185,0.00047122,-2,0,109
-2.001,-2.7364,-0.0065185,0.00047122,-2,0,109
-1.0002,-1.6233,-0.0065185,0.00047122,-2,0,109
-3.9915,2.6509,-0.0065185,0.00047122,-2,1,109
4.0011,2.9547,-0.0065185,0.00047122,-2,0,109
3.4016,3.415,-3.0065,0.00047122,1,0,109
3.002,3.0154,-0.0065185,0.00047122,-2,0,109
2.5524,-2.1517,-5.0065,0.00047122,1,0,109
3.0027,3.0161,-0.0065185,0.00047122,-2,0,109
3.003,2.8123,-0.0065185,0.00047122,-2,1,109
-0.44553,-0.43211,-0.0065185,0.00047122,-2,1,109
-1.163,3.6279,-0.0065185,0.00047122,-2,0,109
0.99685,1.8593,-4.0065,0.00047122,1,0,109
-3.718,-6.3821,-0.0065185,0.00047122,-2,0,109
4.6186,4.5108,-0.0065185,0.00047122,-2,0,109
-3.3955,-1.3451,-0.0065185,0.00047122,-2,0,109
-2.8855,-2.8726,-5.0065,0.00047122,1,0,109
-1.9955,-1.9825,-0.0065185,0.00047122,-2,0,109
-1.9955,-1.9825,-0.0065185,0.00047122,-2,0,109
0.0044729,3.0885,-0.0065185,0.00047122,-2,1,109
3.0045,0.017889,-0.0065185,0.00047122,-2,0,109
4.0045,4.0179,-0.0065185,0.00047122,-2,0,109
0.0044729,0.017707,-0.0065185,0.00047122,-2,0,109
0.0044729,1.8601,-4.0065,0.00047122,1,0,109
0.0044729,-3.3822,-0.0065185,0.00047122,-2,0,109
-1.9955,-1.9821,-0.0065185,0.00047122,-2,0,109
3.0045,0.017889,-0.0065185,0.00047122,-2,1,109
2.0045,2.0179,-0.0065185,0.00047122,-2,1,109
-1.6955,-3.9822,-0.0065185,-3.9995,-1,0,109
-3.9955,-3.9822,-0.0065185,0.00047122,-2,0,109
4.0045,4.0179,-0.0065185,0.00047122,-2,1,109
1.0045,-1.3132,-0.0065185,0.00047122,-2,0,109
2.0045,2.0179,-0.0065185,0.00047122,-2,0,109
1.0045,1.0179,-0.0065185,0.00047122,-2,0,109
3.0045,0.63199,-0.0065185,0.00047122,-2,1,109
1.5545,1.5679,-0.0065185,0.00047122,-2,1,109
-1.163,-0.42582,-0.0065185,0.00047122,-2,0,109
3.8468,-0.45496,-0.0065185,0.00047122,-2,1,109
-3.2615,-2.0027,2.9935,0.00047122,1,1,109
4.4495,2.794,-0.0065185,0.00047122,-2,0,109
4.2327,0.85039,-0.0065185,0.00047122,-2,0,109
-3.0395,-3.1936,-0.0065185,0.00047122,-2,0,109
-1.6955,-1.8245,-0.0065185,0.00047122,-2,0,109
0.44947,0.46289,-0.0065185,0.00047122,-2,0,109
-0.51753,-3.3941,-0.0065185,0.00047122,-2,1,110
-4.9955,3.1692,-0.0065185,0.00047122,-2,0,110
4.0045,4.0179,-0.0065185,0.00047122,-2,1,110
2.0045,3.6304,-0.0065185,0.00047122,-2,1,110
1.0045,-0.49071,-0.0065185,0.00047122,-2,1,110
0.0044729,-0.1448,-0.0065185,0.00047122,-2,0,110
2.0045,3.1079,-0.0065185,0.00047122,-2,0,110
1.0045,-0.90858,-0.0065185,0.00047122,-2,1,110
0.0044729,-0.76961,-0.0065185,0.00047122,-2,1,110
4.0045,0.74039,-0.0065185,0.00047122,-2,1,110
2.0045,2.8489,-0.0065185,0.00047122,-2,1,110
-0.99553,1.7179,-0.0065185,0.00047122,-2,1,110
-0.84553,-1.2432,-4.0065,0.00047122,1,1,110
-2.9955,-3.3315,-0.0065185,0.00047122,-2,1,110
4.0045,3.2049,-0.0065185,0.00047122,-2,1,110
-8.3955,-8.3821,-0.0065185,0.00047122,-2,0,110
3.8945,3.1059,-0.0065185,0.00047122,-2,1,110
2.461,1.7927,-0.0065185,0.00047122,-2,1,110
-2.0836,-1.4907,-4.0065,0.00047122,1,0,110
0.22965,-5.1569,-0.0065185,0.00047122,-2,0,110
0.49587,0.62793,-0.0065185,0.00047122,-2,0,110
1.7222,0.43558,-0.0065185,0.00047122,-2,1,110
6.5545,5.4629,-0.0065185,0.00047122,-2,1,110
-5.563,-0.54099,-3.0065,0.00047122,1,0,110
3.8468,3.8603,-0.0065185,0.00047122,-2,1,110
-5.5615,-4.8695,-0.0065185,0.00047122,-2,0,110
-6.3266,-5.7364,-0.0065185,0.00047122,-2,0,110
5.1359,5.1493,-0.0065185,0.00047122,-2,1,110
-4.3573,-1.5271,-0.0065185,-0.99953,-1,0,110
4.8219,1.9668,-0.0065185,0.00047122,-2,1,110
4.0993,4.1127,2.9935,0.00047122,1,1,110
-5.5862,-5.3168,-0.0065185,0.00047122,-2,0,110
4.5065,2.6874,-0.0065185,0.00047122,-2,1,110
-3.4223,-3.6239,-0.0065185,0.00047122,-2,0,110
4.3672,2.9306,-0.0065185,0.00047122,-2,1,110
2.3128,2.3262,-0.0065185,0.00047122,-2,1,110
1.2665,1.28,-0.0065185,0.00047122,-2,1,110
2.2272,2.6971,-0.0065185,0.00047122,-2,1,110
-2.1849,-2.0894,-0.0065185,0.00047122,-2,0,110
1.8654,1.6238,-4.0065,0.00047122,1,1,110
-1.1323,3.3404,-0.0065185,0.00047122,-2,0,110
2.1208,2.1342,-0.0065185,0.00047122,-2,1,110
1.1033,0.83923,-0.0065185,0.00047122,-2,1,110
0.93848,0.9519,-4.0065,0.00047122,1,1,110
-3.0669,-3.0226,-0.0065185,0.00047122,-2,0,110
1.0652,-2.8114,-0.0065185,0.00047122,-2,1,110
0.056066,0.069482,-0.0065185,0.00047122,-2,1,110
0.048327,0.04274,-0.0065185,0.00047122,-2,1,110
0.041749,0.039012,-0.0065185,0.00047122,-2,0,110
0.036158,0.57158,2.9935,0.00047122,1,0,110
-3.9955,2.5679,-0.0065185,0.00047122,-2,0,110
-1.9955,-3.005,-0.0065185,0.00047122,-2,0,110
-3.9955,-3.9821,-0.0065185,0.00047122,-2,0,110
-3.9955,-3.7096,-0.0065185,0.00047122,-2,0,110
-2.9955,-2.7505,-0.0065185,0.00047122,-2,0,110
-1.9955,-1.0261,-0.0065185,0.00047122,-2,0,110
-1.6955,-1.5148,2.9935,0.00047122,1,0,110
2.0045,-2.6744,-0.0065185,0.00047122,-2,0,110
-2.6955,-2.6821,-0.0065185,0.00047122,-2,0,110
-3.8455,1.8603,-0.0065185,0.00047122,-2,0,110
-2.718,-3.2546,-0.0065185,0.00047122,-2,0,110
-2.6097,-1.6821,-0.0065185,0.00047122,-2,0,110
0.48247,-1.6821,-0.0065185,0.00047122,-2,0,110
0.41077,0.86789,3.9935,0.00047122,1,1,110
4.727,7.4179,-0.0065185,0.00047122,-2,1,110
5.6186,5.632,-0.0065185,0.00047122,-2,1,110
1.4825,-0.23163,-0.0065185,0.00047122,-2,0,110
2.5608,2.5742,-0.0065185,0.00047122,-2,0,110
-0.61838,-1.05,-0.0065185,0.00047122,-2,0,110
-0.52495,0.67649,1.9935,0.00047122,1,0,110
3.727,-0.95961,-0.0065185,0.00047122,-2,1,110
-4.6097,-4.8695,-0.0065185,0.00047122,-2,0,110
4.5265,4.5399,-0.0065185,0.00047122,-2,1,110
-4.4392,-2.4656,-0.0065185,0.00047122,-2,0,110
3.7816,3.795,2.9935,0.00047122,1,1,110
-2.3161,-2.8527,-0.0065185,0.00047122,-2,0,110
-1.268,-1.2546,-0.0065185,0.00047122,-2,0,110
1.7729,1.6832,-0.0065185,0.00047122,-2,0,110
-1.7987,1.443,-0.0065185,0.00047122,-2,0,110
1.7045,1.4761,-0.0065185,0.00047122,-2,1,110
-1.4405,0.9053,-5.0065,0.00047122,1,0,110
-2.7673,-2.7539,-0.0065185,0.00047122,-2,1,110
-1.0395,0.65904,-0.0065185,0.00047122,-2,0,110
0.89188,3.9759,-0.0065185,0.00047122,-2,1,110
0.75877,0.77219,-0.0065185,0.00047122,-2,0,110
-0.99553,-0.98211,-0.0065185,0.00047122,-2,0,110
-3.9955,-3.9821,-0.0065185,0.00047122,-2,0,110
3.4045,0.30237,-3.0065,0.00047122,1,1,110
4.0045,4.0179,-0.0065185,0.00047122,-2,1,110
3.0045,3.0179,-0.0065185,0.00047122,-2,1,110
-4.9955,-4.9821,-0.0065185,0.00047122,-2,0,110
2.0045,2.0179,-0.0065185,0.00047122,-2,1,110
-1.6955,1.349,-5.0065,0.00047122,1,0,110
0.0044729,0.017889,-0.0065185,0.00047122,-2,0,110
0.0044729,0.017889,-0.0065185,0.00047122,-2,0,110
2.0045,2.0179,-0.0065185,0.00047122,-2,1,110
1.7045,1.7179,4.9935,0.00047122,1,1,110
1.4495,5.7129,-0.0065185,0.00047122,-2,1,110
-1.2238,1.9036,-0.0065185,0.00047122,-2,0,110
0.048485,0.061901,-0.0065185,0.00047122,-2,0,110
-1.8455,-1.8321,-0.0065185,0.00047122,-2,0,110
-0.27303,1.8985,-0.0065185,0.00047122,-2,1,110
-2.3814,-2.368,-0.0065185,0.00047122,-2,0,110
2.0325,0.74039,4.9935,0.00047122,1,1,110
6.172,6.1854,-0.0065185,0.00047122,-2,1,110
-1.8379,-5.437,-0.0065185,0.00047122,-2,1,110
3.0045,0.46159,-0.0065185,0.00047122,-2,1,110
1.5545,1.5679,-0.0065185,0.00047122,-2,1,110
-0.82803,-0.81461,-0.0065185,0.00047122,-2,0,110
-0.70315,2.1761,-5.0065,0.00047122,1,0,110
-4.163,-6.3996,-0.0065185,0.00047122,-2,0,110
4.8468,1.6554,-0.0065185,0.00047122,-2,1,110
-4.5615,-2.9931,-0.0065185,0.00047122,-2,0,110
-3.3266,-3.8632,-0.0065185,0.00047122,-2,0,110
-2.827,-0.8454,2.9935,0.00047122,1,0,110
4.9662,-3.2433,-0.0065185,0.00047122,-2,1,110
-5.813,-2.7776,-0.0065185,0.00047122,-2,0,110
3.6993,3.754,-0.0065185,0.00047122,-2,1,110
2.5951,1.5811,-0.0065185,0.00047122,-2,1,110
-1.4976,-1.4841,-0.0065185,0.00047122,-2,0,110
0.4312,-0.29768,-0.0065185,0.00047122,-2,0,110
3.0045,-1.9108,-0.0065185,0.00047122,-2,1,110
2.5545,1.2368,3.9935,0.00047122,1,1,110
5.0045,2.2864,-0.0065185,0.00047122,-2,1,110
-2.9955,-4.2321,-0.0065185,0.00047122,-2,0,110
0.0044729,1.7504,-0.0065185,0.00047122,-2,1,110
0.0044729,-0.67696,-2.0065,0.00047122,1,0,110
-2.9955,0.017889,-0.0065185,0.00047122,-2,1,110
1.0045,2.5679,-0.0065185,0.00047122,-2,0,110
-0.99553,-0.83211,-0.0065185,0.00047122,-2,0,110
0.85447,-0.30362,2.9935,0.00047122,1,1,110
2.727,3.2904,-0.0065185,0.00047122,-2,1,110
2.3903,2.4959,-0.0065185,0.00047122,-2,1,110
-1.4455,-1.4321,-0.0065185,0.00047122,-2,0,110
0.40447,1.6898,-0.0065185,0.00047122,-2,1,110
-0.88553,-0.32211,-0.0065185,0.00047122,-2,0,110
1.548,1.5614,-0.0065185,0.00047122,-2,0,110
-0.083552,-0.070136,-0.0065185,0.00047122,-2,1,110
0.079294,-0.97874,-3.0065,0.00047122,1,0,110
-0.44053,-0.026124,-0.0065185,0.00047122,-2,0,110
0.77622,0.78964,-0.0065185,0.00047122,-2,0,110
0.66046,-3.0261,-0.0065185,-1.9995,-1,0,110
-1.8829,-1.6233,-0.0065185,0.00047122,-2,0,110
1.6088,2.1033,-2.0065,0.00047122,1,1,110
1.3633,1.5547,-0.0065185,0.00047122,-2,1,110
-0.29553,-0.28211,-0.0065185,0.00047122,-2,1,110
3.4495,3.4629,-0.0065185,0.00047122,-2,1,110
2.9327,0.66815,-4.0065,0.00047122,1,0,110
-0.55053,-2.3381,-0.0065185,0.00047122,-2,0,110
-1.2238,0.30237,-0.0065185,0.00047122,-2,0,110
4.0045,2.5729,-0.0065185,0.00047122,-2,1,110
-3.9955,-3.9821,-0.0065185,0.00047122,-2,0,110
3.0045,1.9739,-0.0065185,0.00047122,-2,1,110
2.0045,-2.3781,-0.0065185,0.00047122,-2,1,110
-1.6955,-1.6821,3.9935,0.00047122,1,0,110
3.0045,3.0179,-0.0065185,0.00047122,-2,1,110
-0.54553,-0.87211,-0.0065185,0.00047122,-2,0,110
-0.16303,-0.43861,-0.0065185,0.00047122,-2,0,110
-1.8379,-2.0701,-0.0065185,0.00047122,-2,1,110
-0.99553,-1.3168,-0.0065185,0.00047122,-2,1,110
4.0045,-1.5977,-0.0065185,0.00047122,-2,1,110
2.0045,1.7761,-0.0065185,0.00047122,-2,1,110
1.0045,2.9079,-0.0065185,0.00047122,-2,1,110
3.0045,3.0179,-0.0065185,0.00047122,-2,1,110
0.0044729,-0.13061,-0.0065185,0.00047122,-2,1,110
-0.99553,0.50579,-0.0065185,0.00047122,-2,0,110
-0.84553,-0.83211,-0.0065185,0.00047122,-2,0,110
0.72697,-0.42582,-0.0065185,0.00047122,-2,0,110
0.0044729,0.017889,-0.0065185,0.00047122,-2,0,110
0.0044729,-0.50412,2.9935,0.00047122,1,1,110
-1.9955,-2.5321,-0.0065185,0.00047122,-2,0,110
4.0045,1.7179,-0.0065185,0.00047122,-2,1,110
4.0045,3.4179,-0.0065185,0.00047122,-2,1,110
-4.9955,-4.9821,-0.0065185,0.00047122,-2,0,110
-3.9955,-3.9821,-0.0065185,0.00047122,-2,0,110
3.172,3.1854,-0.0065185,0.00047122,-2,0,111
-4.1455,0.36032,-0.0065185,0.00047122,-2,0,111
-3.273,-3.5096,-0.0065185,0.00047122,-2,0,111
-0.3814,-1.3759,-0.0065185,0.00047122,-2,0,111
-0.51753,2.3859,-0.0065185,0.00047122,-2,1,111
4.4482,-0.26659,-0.0065185,0.00047122,-2,1,111
2.4045,0.39504,-0.0065185,0.00047122,-2,0,111
1.1545,2.3385,-0.0065185,0.00047122,-2,1,111
1.3045,0.56139,-0.0065185,0.00047122,-2,1,111
-3.5455,-1.0871,-0.0065185,0.00047122,-2,0,111
-1.163,-1.3541,-0.0065185,0.00047122,-2,1,111
4.8545,-0.97449,-0.0065185,0.00047122,-2,1,111
4.127,4.1404,4.9935,0.00047122,1,1,111
2.6186,4.882,-0.0065185,0.00047122,-2,1,111
-1.5175,-0.53841,-0.0065185,0.00047122,-2,0,111
3.4482,1.9066,-0.0065185,0.00047122,-2,1,111
4.3816,4.395,-0.0065185,0.00047122,-2,1,111
-3.3161,-1.8771,-0.0065185,0.00047122,-2,0,111
2.827,2.8404,-3.0065,0.00047122,1,1,111
1.2361,-2.3005,-0.0065185,0.00047122,-2,0,111
4.1545,2.3527,-0.0065185,0.00047122,-2,1,111
1.282,3.8603,-0.0065185,0.00047122,-2,1,111
-4.3814,-4.368,-0.0065185,0.00047122,-2,1,111
-3.7235,-4.3839,-4.0065,0.00047122,1,1,111
-1.608,-5.9921,-0.0065185,0.00047122,-2,1,111
-4.0662,-0.50064,-0.0065185,0.00047122,-2,1,111
-0.60556,0.13214,-0.0065185,0.00047122,-2,1,111
-1.777,-1.7636,-0.0065185,0.00047122,-2,1,111
-6.3955,-6.3821,-0.0065185,0.00047122,-2,1,111
5.4445,-1.6622,1.9935,0.00047122,1,1,111
1.172,1.49,-0.0065185,0.00047122,-2,0,111
0.15447,0.61289,-0.0065185,0.00047122,-2,0,111
1.282,2.6427,-0.0065185,0.00047122,-2,1,111
2.3045,2.3179,-0.0065185,0.00047122,-2,1,111
-4.3955,-1.5041,-0.0065185,0.00047122,-2,0,111
-1.8855,0.57418,-0.0065185,0.00047122,-2,1,111
-2.1455,-1.9949,-0.0065185,0.00047122,-2,0,111
-0.54553,-0.53211,-0.0065185,0.00047122,-2,1,111
0.47197,1.1786,3.9935,0.00047122,1,0,111
1.5595,2.4959,-0.0065185,0.00047122,-2,1,111
3.5545,3.5679,-0.0065185,0.00047122,-2,1,111
0.83697,-1.1056,-0.0065185,0.00047122,-2,0,111
0.7121,0.47986,1.9935,0.00047122,1,0,111
-1.4295,-1.4161,-0.0065185,0.00047122,-2,0,111
-0.54553,-0.53211,-0.0065185,0.00047122,-2,1,111
0.30447,0.73558,-0.0065185,0.00047122,-2,1,111
5.7045,5.0619,-0.0065185,0.00047122,-2,1,111
5.4495,4.9053,-0.0065185,0.00047122,-2,1,111
4.6327,-0.27182,4.9935,0.00047122,1,1,111
4.0485,3.659,-0.0065185,0.00047122,-2,1,111
2.8919,4.5178,-0.0065185,0.00047122,-2,1,111
-1.7498,-2.4364,-0.0065185,0.00047122,-2,0,111
1.6456,1.4116,-0.0065185,0.00047122,-2,1,111
2.5495,1.2854,-0.0065185,0.00047122,-2,1,111
1.4677,2.0024,-0.0065185,0.00047122,-2,1,111
1.2482,1.2616,-2.0065,0.00047122,1,0,111
-3.273,0.94593,-0.0065185,0.00047122,-2,0,111
-3.3814,-3.368,-0.0065185,0.00047122,-2,0,111
0.48247,4.1361,-0.0065185,0.00047122,-2,0,111
-2.8455,-0.38841,-0.0065185,0.00047122,-2,1,111
0.72697,3.8059,-0.0065185,0.00047122,-2,1,111
4.0045,5.4629,-0.0065185,0.00047122,-2,1,111
-3.3955,-0.50412,-5.0065,0.00047122,1,0,111
-2.9955,-2.9821,-0.0065185,0.00047122,-2,0,111
4.0045,4.5178,-0.0065185,0.00047122,-2,1,111
3.0045,3.7722,-0.0065185,0.00047122,-2,1,111
1.0045,1.0179,-0.0065185,0.00047122,-2,1,111
2.1545,-0.28713,-0.0065185,0.00047122,-2,1,111
-1.823,-4.6201,-3.0065,0.00047122,1,0,111
-0.16303,1.6241,-0.0065185,0.00047122,-2,1,111
-0.29553,-3.992,-0.0065185,0.00047122,-2,0,111
-2.6955,-2.5481,-0.0065185,0.00047122,-2,0,111
-2.4405,-2.3132,-0.0065185,0.00047122,-2,0,111
-2.0738,-0.16635,-4.0065,0.00047122,1,0,111
5.0485,4.4619,-0.0065185,0.00047122,-2,1,111
-4.8829,-4.7996,-0.0065185,0.00047122,-2,0,111
4.7588,4.7722,-0.0065185,0.00047122,-2,1,111
5.6456,5.659,-0.0065185,0.00047122,-2,1,111
-4.5405,-4.4841,-0.0065185,0.00047122,-2,0,111
-3.8588,-2.2202,-4.0065,0.00047122,1,0,111
0.61072,-3.7448,-0.0065185,0.00047122,-2,0,111
-1.6608,-1.6474,-0.0065185,0.00047122,-2,0,111
3.7045,2.7404,-0.0065185,0.00047122,-2,1,111
2.4495,1.2401,-0.0065185,0.00047122,-2,1,111
5.2327,5.2461,-0.0065185,0.00047122,-2,1,111
-5.0395,-1.7486,-0.0065185,0.00047122,-2,0,111
4.2919,3.795,-3.0065,0.00047122,1,1,111
-1.7498,1.8136,-0.0065185,0.00047122,-2,0,111
4.6456,4.2904,-0.0065185,0.00047122,-2,1,111
5.5495,1.2854,-0.0065185,0.00047122,-2,1,111
-4.4588,-4.6953,-0.0065185,0.00047122,-2,0,111
3.7982,3.5852,3.9935,0.00047122,1,1,111
-4.3302,-3.7168,-0.0065185,0.00047122,-2,0,111
-2.28,-2.2666,-0.0065185,0.00047122,-2,0,111
1.9463,3.0107,3.9935,0.00047122,1,1,111
-1.6461,-3.5877,-5.0065,0.00047122,1,0,111
3.1792,4.3421,-0.0065185,0.00047122,-2,1,111
2.153,2.1664,-0.0065185,0.00047122,-2,1,111
-1.1218,-2.2758,-0.0065185,0.00047122,-2,0,111
2.8972,2.9106,-0.0065185,0.00047122,-2,1,111
-5.5455,-2.4934,-0.0065185,0.00047122,-2,0,111
-3.163,-1.918,-0.0065185,0.00047122,-2,0,111
-2.6879,-0.31011,-4.0065,0.00047122,1,0,111
-5.5615,-5.5481,-0.0065185,0.00047122,-2,0,111
5.3356,4.239,-0.0065185,0.00047122,-2,1,111
-6.127,-4.5136,-0.0065185,0.00047122,-2,0,111
-3.9573,-3.9438,-0.0065185,0.00047122,-2,0,111
-2.813,-1.7505,-0.0065185,0.00047122,-2,0,111
-2.3904,-2.8559,-4.0065,0.00047122,1,0,111
-2.5862,-3.9727,-0.0065185,0.00047122,-2,0,111
-0.49756,0.16013,-0.0065185,0.00047122,-2,1,111
-1.9955,1.8896,-0.0065185,0.00047122,-2,0,111
-3.9955,-2.7539,-0.0065185,0.00047122,-2,0,111
3.4045,0.41888,4.9935,0.00047122,1,1,111
4.0045,4.0179,-0.0065185,0.00047122,-2,1,111
-2.9955,-2.8403,-0.0065185,0.00047122,-2,0,111
-1.9955,-1.341,-0.0065185,0.00047122,-2,0,111
1.0045,1.5629,-0.0065185,0.00047122,-2,1,111
2.1545,4.8603,-0.0065185,0.00047122,-2,1,111
0.55447,0.56789,-0.0065185,0.00047122,-2,1,111
0.17197,0.18539,-0.0065185,0.00047122,-2,1,111
-0.1379,-1.3025,-3.0065,0.00047122,1,0,111
0.57049,4.1339,-0.0065185,0.00047122,-2,1,111
3.3356,3.349,-0.0065185,0.00047122,-2,1,111
-0.86408,-1.9821,-0.0065185,0.00047122,-2,0,111
-0.7338,-0.72038,3.9935,0.00047122,1,1,111
2.187,-0.27758,-0.0065185,0.00047122,-2,1,111
-1.5455,0.35789,-0.0065185,0.00047122,-2,1,111
2.1545,-0.45496,-0.0065185,0.00047122,-2,1,111
-1.823,-0.44409,1.9935,0.00047122,1,0,111
-0.16303,1.7454,-0.0065185,0.00047122,-2,0,111
1.1621,2.7863,-0.0065185,0.00047122,-2,1,111
0.98845,1.0019,-0.0065185,0.00047122,1,1,111
-1.828,-2.9381,-0.0065185,0.00047122,-2,0,111
-0.39553,1.8603,-0.0065185,0.00047122,-2,0,111
-0.88553,-0.87211,-0.0065185,0.00047122,-2,0,111
0.54797,3.0179,-0.0065185,0.00047122,-2,0,111
0.46645,-0.22776,-4.0065,0.00047122,1,0,111
0.22965,-3.3821,-0.0065185,0.00047122,-2,0,111
-1.4869,-1.6821,-0.0065185,0.00047122,-2,1,111
-0.27784,2.5679,-0.0065185,0.00047122,-2,0,111
2.0944,-0.83211,-0.0065185,0.00047122,-2,1,111
-1.772,-0.83211,3.9935,0.00047122,1,0,111
0.21698,1.0179,-0.0065185,0.00047122,-2,0,111
-0.32615,-2.8721,-0.0065185,0.00047122,-2,1,111
3.4355,0.86789,-0.0065185,0.00047122,-2,1,111
2.9209,2.9343,-4.0065,0.00047122,1,1,111
0.89447,0.90789,-0.0065185,0.00047122,-2,1,111
2.461,-2.3501,-0.0065185,0.00047122,-2,1,111
2.0925,0.46159,-0.0065185,0.00047122,1,1,111
3.7793,3.7927,-0.0065185,0.00047122,-2,1,111
-5.5041,-1.4907,-0.0065185,0.00047122,-2,0,111
-3.2778,-3.2644,-0.0065185,0.00047122,-2,0,111
2.7944,3.1395,-4.0065,0.00047122,1,1,111
-0.069059,-0.78524,-0.0065185,0.00047122,-2,1,111
1.217,2.1204,-0.0065185,0.00047122,-2,1,111
0.30447,0.31789,-0.0065185,0.00047122,-2,0,111
-1.4405,-1.4271,-0.0065185,0.00047122,-2,0,111
-4.2238,-1.6542,-0.0065185,0.00047122,-2,1,111
6.5545,6.5679,-0.0065185,0.00047122,-2,1,111
-5.3955,-2.8695,-0.0065185,0.00047122,-2,0,111
-5.8855,-0.6733,-0.0065185,0.00047122,-2,0,111
5.461,5.0244,-0.0065185,0.00047122,-2,1,111
-7.0836,-3.0771,-0.0065185,0.00047122,-2,0,111
-6.7703,-6.7569,-0.0065185,0.00047122,-2,0,111
-6.5041,-3.9884,-0.0065185,0.00047122,-2,0,111
4.2868,4.3002,-0.0065185,0.00047122,-2,1,111
-1.0855,-0.26659,-0.0065185,0.00047122,-2,1,111
0.93094,0.94436,3.9935,0.00047122,1,0,111
5.0045,-3.3821,-0.0065185,0.00047122,-2,1,111
3.0045,2.0494,-0.0065185,0.00047122,-2,1,111
4.0045,0.68214,-0.0065185,0.00047122,-2,1,111
-0.99553,-3.3821,-0.0065185,0.00047122,-2,0,111
-0.99553,-2.3446,-0.0065185,0.00047122,-2,0,111
2.0676,2.081,-0.0065185,0.00047122,-2,1,112
3.0581,3.0715,-0.0065185,0.00047122,-2,0,112
0.45447,-0.77069,-0.0065185,0.00047122,-2,1,112
2.172,-0.36461,-0.0065185,0.00047122,-2,1,112
0.0044729,1.5442,-0.0065185,0.00047122,-2,0,112
2.0045,0.017889,-0.0065185,0.00047122,-2,1,112
-1.2955,-1.2821,-0.0065185,0.00047122,-2,1,112
-0.55053,-0.53711,-0.0065185,0.00047122,-2,0,112
0.30447,-1.6821,-0.0065185,0.00047122,-2,0,112
-0.44053,-0.42711,-0.0065185,0.00047122,-2,0,112
-2.2238,-2.2104,-0.0065185,0.00047122,-2,0,112
4.0485,2.323,-0.0065185,0.00047122,-2,1,112
-3.4329,0.17449,1.9935,0.00047122,1,0,112
-5.7498,0.96359,-0.0065185,0.00047122,-2,0,112
-3.6367,-3.6233,-0.0065185,0.00047122,-2,0,112
-0.54051,-4.1396,-0.0065185,0.00047122,-2,1,112
1.0045,-0.29042,-0.0065185,0.00047122,-2,1,112
-2.1455,-3.2442,-0.0065185,0.00047122,-2,1,112
1.832,-2.9231,-4.0065,0.00047122,1,0,112
1.3903,2.2072,-0.0065185,0.00047122,-2,1,112
1.7045,1.7179,-0.0065185,0.00047122,-2,1,112
3.4495,1.0192,-0.0065185,0.00047122,-2,1,112
1.2327,2.9461,-0.0065185,0.00047122,-2,1,112
1.0485,1.0619,3.9935,0.00047122,1,1,112
-0.10812,-2.4907,-0.0065185,0.00047122,-2,0,112
2.1545,2.1679,-0.0065185,0.00047122,-2,1,112
-4.5455,-4.9886,-0.0065185,0.00047122,-2,0,112
5.172,2.2629,-0.0065185,0.00047122,-2,1,112
-4.8379,-4.3745,-0.0065185,0.00047122,-2,0,112
4.5705,3.4116,-0.0065185,0.00047122,-2,1,112
3.8856,2.5201,-4.0065,0.00047122,1,0,112
-1.163,2.2864,-0.0065185,0.00047122,-2,1,112
-0.15315,0.73391,-0.0065185,0.00047122,-2,0,112
2.4385,4.1744,-0.0065185,0.00047122,-2,1,112
-2.6644,-5.4701,-0.0065185,0.00047122,-2,0,112
2.1359,-0.75693,-0.0065185,0.00047122,-2,1,112
0.15447,3.9079,-0.0065185,0.00047122,-2,0,112
0.72697,-1.7438,-0.0065185,0.00047122,-2,1,112
-0.3814,-3.0701,-0.0065185,0.00047122,-2,0,112
-0.32352,0.53989,3.9935,0.00047122,1,1,112
-0.55182,-0.26091,-0.0065185,0.00047122,-2,0,112
3.8545,-2.0221,-0.0065185,0.00047122,-2,1,112
0.72697,0.74039,-0.0065185,0.00047122,-2,1,112
-0.60965,-2.7637,-4.0065,0.00047122,1,0,112
-5.5175,-3.7593,-0.0065185,0.00047122,-2,0,112
-3.4392,-4.6758,-0.0065185,0.00047122,-2,0,112
-2.3727,-2.8046,-0.0065185,0.00047122,-2,0,112
-1.3161,-2.0027,-0.0065185,0.00047122,-2,0,112
1.277,1.1404,-0.0065185,0.00047122,-2,1,112
-1.0771,-1.0637,-3.0065,0.00047122,1,0,112
-1.1924,-2.6744,-0.0065185,0.00047122,-2,0,112
-3.1629,-3.103,-0.0065185,0.00047122,-2,0,112
-5.1378,-0.84685,-0.0065185,0.00047122,-2,0,112
3.1254,4.3888,-0.0065185,0.00047122,-2,1,112
5.1072,5.1207,-0.0065185,0.00047122,-2,1,112
-4.0829,-2.237,-0.0065185,0.00047122,-2,0,112
3.4787,3.4921,3.9935,0.00047122,1,1,112
-2.0586,-3.4452,-0.0065185,0.00047122,-2,0,112
0.058119,1.7715,-0.0065185,0.00047122,-2,0,112
-0.041127,2.0179,-0.0065185,2.0005,-1,1,112
-3.9955,-1.2384,-0.0065185,0.00047122,-2,0,112
-0.59553,-0.58211,-0.0065185,0.00047122,-2,1,112
-0.10553,-0.092111,-0.0065185,0.00047122,-2,0,112
0.097973,2.5507,2.9935,0.00047122,1,0,112
-0.083552,0.0032706,-0.0065185,0.00047122,-2,1,112
6.7045,6.7179,-0.0065185,0.00047122,-2,1,112
2.4495,1.0179,-0.0065185,0.00047122,-2,1,112
1.2327,1.2461,-0.0065185,0.00047122,-2,1,112
1.9605,-2.3572,-0.0065185,0.00047122,-2,1,112
-1.6581,1.1493,3.9935,0.00047122,1,0,112
-0.16303,1.2504,-0.0065185,0.00047122,-2,0,112
-1.1532,-3.7996,-0.0065185,0.00047122,-2,0,112
1.5545,0.46289,-0.0065185,0.00047122,-2,0,112
-4.8455,-5.3132,-0.0065185,0.00047122,-2,0,112
4.127,-1.102,4.9935,0.00047122,1,1,112
1.6186,1.632,-0.0065185,0.00047122,-2,1,112
-5.5175,-4.4121,-0.0065185,0.00047122,-2,0,112
4.6982,4.7116,3.9935,0.00047122,1,1,112
-5.3727,-5.5727,-0.0065185,0.00047122,-2,0,112
-2.3161,-3.3741,-0.0065185,0.00047122,-2,0,112
-1.968,-2.1088,-4.0065,0.00047122,1,0,112
5.2361,5.2495,-0.0065185,0.00047122,-2,1,112
3.2013,3.2148,-0.0065185,0.00047122,-2,1,112
-4.1629,-4.2442,-0.0065185,0.00047122,-2,0,112
4.1467,4.1601,-0.0065185,0.00047122,-2,1,112
4.1254,4.1388,-0.0065185,0.00047122,-2,1,112
-4.0983,-4.1431,-0.0065185,0.00047122,-2,0,112
-3.4829,-1.3518,-5.0065,0.00047122,1,0,112
-1.0698,-1.0564,-0.0065185,0.00047122,-2,0,112
-3.0586,-3.0809,-0.0065185,0.00047122,-2,0,112
-5.0492,-5.0661,-0.0065185,0.00047122,-2,0,112
4.0501,2.6735,-0.0065185,0.00047122,-2,1,112
-3.4343,-3.4209,-5.0065,0.00047122,1,0,112
0.037419,4.3008,-0.0065185,0.00047122,-2,0,112
3.0045,-0.025966,-0.0065185,0.00047122,-2,1,112
2.0045,-1.0527,-0.0065185,0.00047122,-2,1,112
1.7045,2.1854,4.9935,0.00047122,1,1,112
-1.9955,0.23642,-0.0065185,0.00047122,-2,0,112
5.0045,3.6304,-0.0065185,0.00047122,-2,1,112
4.0045,2.415,-0.0065185,0.00047122,-2,1,112
5.0045,3.6554,-0.0065185,0.00047122,-2,1,112
-3.9955,-1.8947,-0.0065185,0.00047122,-2,0,112
4.0045,4.0179,-0.0065185,0.00047122,-2,1,112
3.4045,2.0712,-4.0065,0.00047122,1,1,112
4.0045,4.0179,-0.0065185,0.00047122,-2,1,112
3.0045,2.4134,-0.0065185,0.00047122,-2,1,112
0.0044729,2.9882,-0.0065185,0.00047122,-2,1,112
0.0044729,-2.0701,-0.0065185,0.00047122,-2,0,112
0.0044729,0.017889,-0.0065185,0.00047122,-2,1,112
0.0044729,1.5265,3.9935,0.00047122,1,0,112
3.0045,-3.3821,-0.0065185,0.00047122,-2,1,112
4.0045,4.0179,-0.0065185,0.00047122,-2,1,112
-1.9955,-2.1496,-0.0065185,0.00047122,-2,0,112
-1.9955,-1.9821,-0.0065185,0.00047122,-2,0,112
-1.6955,1.4629,-5.0065,0.00047122,1,0,112
-2.5505,-2.5371,-0.0065185,0.00047122,-2,0,112
-2.3955,-2.3821,-0.0065185,0.00047122,-2,0,112
1.8945,-2.1653,-0.0065185,0.00047122,-2,0,112
-1.1455,-1.5886,-0.0065185,0.00047122,-2,1,112
-0.71803,0.65904,-0.0065185,0.00047122,-2,0,112
3.3903,0.84876,-0.0065185,0.00047122,-2,1,112
-4.3955,-4.3821,-0.0065185,0.00047122,-2,0,112
3.7445,3.3016,3.9935,0.00047122,1,1,112
1.548,-5.8386,-0.0065185,0.00047122,-2,1,112
-6.3955,-6.3821,-0.0065185,0.00047122,-2,0,112
-5.4355,-2.231,-5.0065,0.00047122,1,1,112
-5.163,-2.4371,-0.0065185,0.00047122,-2,0,112
-4.5455,-0.20729,-0.0065185,0.00047122,-2,0,112
-6.163,-2.4735,-0.0065185,0.00047122,-2,0,112
-2.8379,-4.4345,-0.0065185,0.00047122,-2,0,112
-2.4115,-2.3981,-5.0065,0.00047122,1,0,112
-4.3266,-4.3132,-0.0065185,0.00047122,-2,0,112
-4.127,-4.7261,-0.0065185,0.00047122,-2,0,112
4.9662,3.3485,-0.0065185,0.00047122,-2,1,112
4.8219,3.4489,-0.0065185,0.00047122,-2,1,112
-3.6904,-2.5193,-0.0065185,0.00047122,-2,0,112
-1.5862,-0.57103,-0.0065185,0.00047122,-2,0,112
-1.3476,2.3673,-0.0065185,2.0005,-1,0,112
1.1537,1.5633,-4.0065,0.00047122,1,0,112
-4.6097,3.0552,-0.0065185,0.00047122,-2,1,112
1.5265,4.749,-0.0065185,0.00047122,-2,0,112
-1.4392,-1.9636,-0.0065185,0.00047122,-2,0,112
-2.8455,-2.7046,-0.0065185,0.00047122,-2,0,112
-2.418,1.1786,-4.0065,0.00047122,1,0,112
2.6186,4.032,-0.0065185,0.00047122,-2,1,112
-1.5175,-2.1258,-0.0065185,0.00047122,-2,0,112
-0.43923,-0.35926,-0.0065185,0.00047122,-2,0,112
-0.37268,-1.0252,-5.0065,0.00047122,1,0,112
-2.3161,-4.5527,-0.0065185,0.00047122,-2,0,112
3.277,1.9904,-0.0065185,0.00047122,-2,1,112
2.2361,2.2495,-0.0065185,0.00047122,-2,1,112
1.2013,1.2148,-0.0065185,0.00047122,-2,1,112
1.8371,1.8756,-0.0065185,0.00047122,-2,1,112
-0.29553,-3.5481,-0.0065185,0.00047122,-2,1,112
0.25947,-1.3062,-5.0065,0.00047122,1,0,112
1.7762,1.7896,-0.0065185,0.00047122,-2,1,112
0.55447,0.56789,-0.0065185,0.00047122,-2,1,112
-1.163,4.0885,-0.0065185,0.00047122,-2,0,112
-2.8379,1.6279,-0.0065185,0.00047122,-2,0,112
-1.5615,1.6458,-0.0065185,0.00047122,-2,0,112
-2.3266,0.90364,-0.0065185,0.00047122,-2,0,112
-0.12698,2.6208,-0.0065185,0.00047122,-2,1,112
1.1545,0.97962,-0.0065185,0.00047122,-2,0,112
-0.97303,-2.2596,-0.0065185,-2.9995,-1,1,112
-2.3814,-1.4271,-0.0065185,0.00047122,-2,0,112
0.45447,-2.0101,-0.0065185,0.00047122,-2,0,112
1.172,-0.36461,-0.0065185,0.00047122,-2,0,112
-1.1455,-1.1321,-0.0065185,0.00047122,-2,0,112
-0.97303,1.106,1.9935,0.00047122,1,0,112
0.44947,0.46289,-0.0065185,0.00047122,-2,1,112
-0.22378,0.23464,-0.0065185,0.00047122,-2,0,112
1.0485,0.2119,-0.0065185,0.00047122,-2,1,112
-3.8829,-0.37586,-0.0065185,0.00047122,-2,0,112
-5.7498,-2.8668,-0.0065185,0.00047122,-2,0,112
4.6456,4.659,-0.0065185,0.00047122,-2,1,112
-2.8829,-3.4907,-0.0065185,0.00047122,-2,1,113
-3.6955,-0.26091,-0.0065185,0.00047122,-2,1,113
-2.4405,-1.5962,-0.0065185,0.00047122,-2,1,113
-2.2238,-1.5041,-0.0065185,0.00047122,-2,0,113
2.8545,1.9119,-0.0065185,0.00047122,-2,1,113
-0.71803,-2.7261,-0.0065185,0.00047122,-2,0,113
-1.6097,-1.5962,-0.0065185,0.00047122,-2,0,113
2.4825,-0.73641,-0.0065185,0.00047122,-2,1,113
1.5545,1.5679,-0.0065185,0.00047122,-2,1,113
-0.16303,0.39504,-0.0065185,0.00047122,-2,1,113
-3.6955,1.5397,-0.0065185,0.00047122,-2,0,113
3.1495,1.9904,-3.0065,0.00047122,1,0,113
-4.4405,-2.6554,-0.0065185,0.00047122,-2,1,113
-5.2238,-0.36461,-0.0065185,0.00047122,-2,1,113
-3.0395,-0.13974,-0.0065185,0.00047122,-2,0,113
-5.6955,-3.7595,-0.0065185,0.00047122,-2,0,113
6.4495,6.4629,-0.0065185,0.00047122,-2,1,113
-5.4738,-4.1004,2.9935,0.00047122,1,1,113
0.39197,1.5614,-0.0065185,0.00047122,-2,0,113
0.60447,-5.5496,-0.0065185,0.00047122,-2,1,113
-2.1055,-0.49211,-0.0065185,0.00047122,-2,0,113
1.461,1.4744,-0.0065185,0.00047122,-2,0,113
1.2425,-4.5211,3.9935,0.00047122,1,0,113
4.7793,2.2304,-0.0065185,0.00047122,-2,1,113
-3.5455,-4.0407,-0.0065185,0.00047122,-2,0,113
-0.16303,-0.14961,-0.0065185,0.00047122,-2,1,113
5.7045,5.7179,-0.0065185,0.00047122,-2,1,113
-3.4405,0.34771,-0.0065185,0.00047122,-2,0,113
-5.2238,-5.2104,-0.0065185,0.00047122,-2,0,113
4.4485,2.5069,2.9935,0.00047122,1,0,113
-0.88553,-0.83321,-0.0065185,0.00047122,-2,0,113
1.3045,1.3179,-0.0065185,0.00047122,-2,1,113
-2.5505,-3.7096,-0.0065185,0.00047122,-2,1,113
-6.3955,-0.31988,-0.0065185,0.00047122,-2,0,113
0.55447,1.8639,-0.0065185,0.00047122,-2,0,113
1.3045,5.4744,-0.0065185,0.00047122,-2,1,113
-0.54553,0.17551,-0.0065185,0.00047122,-2,0,113
0.83697,-0.31988,-0.0065185,0.00047122,-2,0,113
0.7121,1.2368,-4.0065,0.00047122,1,0,113
0.43845,0.88644,-0.0065185,0.00047122,-2,1,113
-3.6955,-0.351,-0.0065185,0.00047122,-2,0,113
3.1495,-0.73861,-4.0065,0.00047122,1,1,113
-1.2238,2.1896,-0.0065185,0.00047122,-2,1,113
1.0045,-4.6469,-0.0065185,0.00047122,-2,1,113
0.85447,-1.4907,-0.0065185,0.00047122,-2,0,113
1.0045,0.74039,-0.0065185,0.00047122,-2,1,113
-0.14553,-0.36799,-0.0065185,0.00047122,-2,1,113
-0.12303,0.74039,-4.0065,0.00047122,1,1,113
-3.3814,-3.368,-0.0065185,0.00047122,-2,1,113
3.4825,3.6407,-0.0065185,0.00047122,-2,1,113
1.4045,1.4179,-0.0065185,0.00047122,-2,1,113
2.8945,2.9079,-0.0065185,0.00047122,-2,0,113
0.0044729,0.33847,-0.0065185,0.00047122,-2,0,113
0.0044729,0.017889,1.9935,0.00047122,1,1,113
0.0044729,-1.6821,-5.0065,0.00047122,1,1,113
-1.9955,2.2679,-0.0065185,0.00047122,-2,0,113
0.0044729,-1.2104,-0.0065185,0.00047122,-2,1,113
1.0045,-3.8402,-0.0065185,0.00047122,-2,1,113
1.0045,1.7779,-0.0065185,0.00047122,-2,0,113
1.0045,0.26359,-0.0065185,0.00047122,-2,1,113
0.0044729,-1.3458,-0.0065185,0.00047122,-2,0,113
0.0044729,-2.1991,-4.0065,0.00047122,1,1,113
1.0045,-3.3821,-0.0065185,0.00047122,-2,0,113
-2.1455,-2.9821,-0.0065185,0.00047122,-2,0,113
-2.273,-2.9821,-0.0065185,0.00047122,-2,0,113
0.39035,0.8546,-0.0065185,0.00047122,-2,0,113
0.33247,-1.2709,-0.0065185,-1.9995,-1,0,113
-0.27432,-0.26091,4.9935,0.00047122,1,0,113
-1.6184,-0.11881,-0.0065185,0.00047122,-2,0,113
1.6839,-1.5946,-0.0065185,0.00047122,-2,1,113
-2.723,1.6435,-0.0065185,0.00047122,-2,1,113
-2.3139,-1.2104,-0.0065185,0.00047122,-1,0,113
-1.9662,-1.9527,3.9935,0.00047122,1,1,113
-1.8379,3.4179,-0.0065185,0.00047122,-2,1,113
-3.5615,-3.5481,-0.0065185,0.00047122,-2,0,113
2.7045,1.0179,-0.0065185,0.00047122,-2,1,113
1.5595,1.5729,-0.0065185,0.00047122,-2,1,113
0.55447,-0.20729,-0.0065185,0.00047122,-2,1,113
-0.46303,-2.1496,2.9935,0.00047122,1,1,113
-2.5505,-3.9821,-0.0065185,0.00047122,-2,1,113
2.7762,1.8504,-0.0065185,0.00047122,-2,1,113
0.40447,0.41789,-0.0065185,0.00047122,-2,1,113
0.89447,-1.1946,-0.0065185,0.00047122,-2,0,113
-3.6955,-1.9821,-0.0065185,0.00047122,-2,0,113
-1.4405,-1.4271,-0.0065185,0.00047122,-2,0,113
1.2327,-1.7569,4.9935,0.00047122,1,1,113
-2.9515,-3.9821,-0.0065185,0.00047122,-2,0,113
1.4045,2.5305,-0.0065185,0.00047122,-2,1,113
1.8945,-4.7527,-0.0065185,0.00047122,-2,0,113
-1.8455,-2.4271,-0.0065185,0.00047122,-2,0,113
-1.568,1.3834,-5.0065,0.00047122,1,1,113
-1.718,-5.2761,-0.0065185,0.00047122,-2,1,113
-3.6097,0.67649,-0.0065185,0.00047122,-2,0,113
1.4545,-3.7752,-0.0065185,0.00047122,-2,0,113
1.237,2.8038,1.9935,0.00047122,1,1,113
-1.1055,-0.12449,-0.0065185,0.00047122,-2,1,113
1.548,1.5614,-0.0065185,0.00047122,-2,1,113
-2.3955,-2.1539,-0.0065185,0.00047122,-2,0,113
3.8945,2.0579,-0.0065185,0.00047122,-2,1,113
-4.452,-2.9201,-0.0065185,0.00047122,-2,0,113
-5.0836,-5.0701,-0.0065185,0.00047122,-2,0,113
-4.3203,-2.9357,3.9935,0.00047122,1,0,113
-0.48693,-0.47351,-0.0065185,0.00047122,-2,0,113
0.70447,0.62793,-0.0065185,0.00047122,-2,1,113
2.4495,3.4744,-0.0065185,0.00047122,-2,0,113
-3.8455,-0.48786,-0.0065185,0.00047122,-2,0,113
3.277,1.7844,-3.0065,0.00047122,1,0,113
2.7861,2.7995,3.9935,0.00047122,1,0,113
3.5265,3.9399,-0.0065185,0.00047122,-2,0,113
3.4482,3.4616,-0.0065185,0.00047122,-2,0,113
3.3816,0.61937,-0.0065185,0.00047122,-2,0,113
2.3251,0.68677,-0.0065185,0.00047122,-2,1,113
1.977,1.9904,-4.0065,0.00047122,1,0,113
1.2361,-2.3821,-0.0065185,0.00047122,-2,1,113
3.1545,2.4519,-0.0065185,0.00047122,-2,1,113
-3.3955,-2.6596,-0.0065185,0.00047122,-2,0,113
-4.8855,-4.8721,-0.0065185,0.00047122,-2,0,113
-6.452,-3.8612,-0.0065185,0.00047122,-2,0,113
4.0925,2.1059,-0.0065185,0.00047122,-2,1,113
2.7793,2.7927,-0.0065185,0.00047122,-2,1,113
-2.3541,-2.9357,1.9935,0.00047122,1,0,113
-1.7132,-0.3998,-0.0065185,0.00047122,-2,1,113
2.9145,4.0715,-0.0065185,0.00047122,-2,0,113
-2.0691,-2.0556,-0.0065185,0.00047122,-2,0,113
1.767,1.899,3.9935,0.00047122,1,1,113
-0.82803,4.9839,-0.0065185,0.00047122,-2,0,113
0.45447,0.46789,-0.0065185,0.00047122,-2,1,113
3.5545,5.0244,-0.0065185,0.00047122,-2,0,113
-3.013,-3.4013,4.9935,0.00047122,1,0,113
1.8468,-3.5096,-0.0065185,0.00047122,-2,0,113
4.0045,4.0179,-0.0065185,0.00047122,-2,0,113
-1.9955,-0.79958,-0.0065185,0.00047122,-2,1,113
1.0045,1.4616,-0.0065185,0.00047122,-2,1,113
-4.8455,-0.83211,-0.0065185,0.00047122,-2,0,113
2.727,4.1404,-0.0065185,0.00047122,-2,1,113
-1.6097,-2.2962,-0.0065185,0.00047122,-2,0,113
1.3765,1.3899,4.9935,0.00047122,1,1,113
3.4482,5.0222,-0.0065185,0.00047122,-2,1,113
-2.3727,-2.3593,-0.0065185,0.00047122,-2,0,113
0.32505,0.56287,-0.0065185,0.00047122,-2,1,113
-1.723,-1.5189,-0.0065185,0.00047122,-2,0,113
1.4729,1.4863,4.9935,0.00047122,1,1,113
-2.4405,0.349,-0.0065185,0.00047122,-2,0,113
-2.0738,-4.8229,-3.0065,0.00047122,1,0,113
-4.0395,-1.5704,-0.0065185,0.00047122,-2,1,113
3.4419,3.0728,-5.0065,0.00047122,1,1,113
-4.7498,0.26789,-0.0065185,0.00047122,-2,0,113
-3.6367,-2.4656,-0.0065185,0.00047122,-2,1,113
-5.5455,1.5225,-0.0065185,0.00047122,-2,0,113
-0.54553,0.46042,-0.0065185,0.00047122,-2,1,113
2.7045,-0.82449,-0.0065185,0.00047122,-2,1,113
-1.4405,3.4263,-0.0065185,0.00047122,-2,0,113
1.2327,1.2461,-4.0065,0.00047122,1,0,113
-1.9955,4.5493,-0.0065185,0.00047122,-2,0,113
5.7045,5.7179,-0.0065185,0.00047122,-2,1,113
5.4495,-0.79958,-0.0065185,0.00047122,-2,1,113
-4.2238,-2.6873,-0.0065185,0.00047122,-2,0,113
4.0485,1.9773,-0.0065185,0.00047122,-2,1,113
-4.8829,-2.0301,-0.0065185,0.00047122,-2,0,113
5.7588,5.7722,-0.0065185,0.00047122,-2,1,113
2.6456,2.659,-0.0065185,0.00047122,-2,1,113
-3.5405,-2.6738,-0.0065185,0.00047122,-2,0,113
-0.53229,-0.51888,-0.0065185,0.00047122,-2,0,113
-1.1455,1.0906,-0.0065185,0.00047122,-2,1,113
-2.718,0.99539,-0.0065185,0.00047122,-2,0,113
1.6186,2.332,-0.0065185,0.00047122,-2,1,113
-2.5175,-1.3541,-0.0065185,0.00047122,-2,1,113
-2.1392,0.22186,4.9935,0.00047122,1,0,113
-1.3727,3.2679,-0.0065185,0.00047122,-2,0,113
-2.3161,1.6304,-0.0065185,0.00047122,-2,0,113
-4.268,-3.4131,-0.0065185,0.00047122,-2,1,113
-2.3955,-2.3821,-0.0065185,0.00047122,-2,0,113
2.0445,-1.4463,0.99348,0.00047122,1,0,113
1.7045,1.7179,2.9935,0.00047122,1,0,114
0.55947,-3.9771,-0.0065185,0.00047122,-2,1,114
-1.7673,0.53642,-0.0065185,0.00047122,-2,0,114
-0.95151,-0.096364,-0.0065185,0.00047122,-2,0,114
2.1171,1.298,-0.0065185,0.00047122,-2,1,114
-1.7498,-1.7364,-0.0065185,0.00047122,-2,0,114
2.8545,-0.99153,-0.0065185,0.00047122,-2,1,114
-3.718,-2.4046,-0.0065185,0.00047122,-2,0,114
2.6186,1.0019,-0.0065185,0.00047122,-2,1,114
1.5265,0.38677,-0.0065185,0.00047122,-2,1,114
-1.5518,-0.26356,-0.0065185,0.00047122,-2,0,114
4.7045,1.3407,-0.0065185,0.00047122,-2,0,114
-3.9905,-1.918,-4.0065,0.00047122,1,0,114
-3.2238,-1.4601,-0.0065185,0.00047122,-2,0,114
-3.0395,0.69321,-0.0065185,0.00047122,-2,0,114
-2.1081,-0.52561,-0.0065185,0.00047122,-2,0,114
-0.44553,-1.1065,-0.0065185,0.00047122,-2,1,114
-2.163,0.40039,-0.0065185,0.00047122,-2,0,114
1.8468,-1.0261,2.9935,0.00047122,1,1,114
-6.5615,-4.0981,-0.0065185,0.00047122,-2,0,114
5.3356,5.599,-0.0065185,0.00047122,-2,0,114
6.4045,6.6304,-0.0065185,0.00047122,-2,1,114
4.5545,1.4729,-0.0065185,0.00047122,-2,1,114
3.872,2.0112,-4.0065,0.00047122,1,0,114
4.4495,5.1059,-0.0065185,0.00047122,-2,0,114
-2.2238,-3.323,-0.0065185,0.00047122,-2,0,114
-0.84553,-1.3132,-0.0065185,0.00047122,-2,0,114
3.282,2.8864,-0.0065185,0.00047122,-2,0,114
2.3903,2.0562,-0.0065185,0.00047122,-2,1,114
-1.4455,-1.4321,-0.0065185,0.00047122,-2,1,114
1.237,-0.82071,2.9935,0.00047122,1,1,114
1.8945,-1.4473,-0.0065185,0.00047122,-2,1,114
1.461,-0.51153,-0.0065185,0.00047122,-2,1,114
0.092498,-0.13974,-0.0065185,0.00047122,-2,1,114
1.2297,-0.82563,-0.0065185,0.00047122,-2,1,114
-0.54553,-0.39936,-0.0065185,0.00047122,-2,1,114
0.70447,-0.44961,-0.0065185,0.00047122,-2,0,114
-1.1455,-1.1321,-0.0065185,0.00047122,-2,0,114
-1.2955,0.15187,-0.0065185,0.00047122,-2,1,114
1.1095,1.1229,3.9935,0.00047122,1,0,114
3.2327,2.1052,-0.0065185,0.00047122,-2,0,114
5.7045,1.1279,-0.0065185,0.00047122,-2,0,114
-4.4405,-2.3145,-0.0065185,0.00047122,-2,1,114
3.7827,0.47986,-5.0065,0.00047122,1,1,114
-0.16303,3.2239,-0.0065185,0.00047122,-2,0,114
0.84685,0.16026,-0.0065185,0.00047122,-2,1,114
-1.4295,0.73391,-0.0065185,0.00047122,-2,0,114
0.55447,3.3504,-0.0065185,0.00047122,-2,0,114
-1.2955,-1.2821,-0.0065185,0.00047122,-2,0,114
1.1095,4.4536,4.9935,0.00047122,1,0,114
2.2327,-3.151,-0.0065185,0.00047122,-2,0,114
3.8545,1.6868,-0.0065185,0.00047122,-2,0,114
2.727,-2.3302,-0.0065185,0.00047122,-2,1,114
2.7045,-3.5539,-0.0065185,0.00047122,-2,1,114
5.4495,5.4629,-0.0065185,0.00047122,-2,1,114
6.2327,-1.1454,-0.0065185,0.00047122,-2,0,114
-5.2895,-1.6402,4.9935,0.00047122,1,1,114
5.617,-3.7101,-0.0065185,0.00047122,-2,1,114
3.7045,4.7885,-0.0065185,0.00047122,-2,1,114
3.4495,-1.3527,-0.0065185,0.00047122,-2,0,114
1.7045,1.7179,-0.0065185,0.00047122,-2,0,114
0.55947,-2.2544,-0.0065185,0.00047122,-2,1,114
0.23272,-0.6381,-0.0065185,0.00047122,-2,0,114
0.19849,0.2119,-5.0065,0.00047122,1,0,114
-2.1081,-2.0947,-0.0065185,0.00047122,-2,0,114
-2.2412,-2.2278,-0.0065185,0.00047122,-2,1,114
4.5545,2.0229,-0.0065185,0.00047122,-2,1,114
-2.6955,-2.1289,-0.0065185,0.00047122,-2,1,114
-2.8455,-2.2771,-0.0065185,0.00047122,-2,1,114
-2.418,-3.5679,2.9935,0.00047122,1,1,114
-3.6097,-4.585,-0.0065185,0.00047122,-2,0,114
6.5545,3.0899,-0.0065185,0.00047122,-2,1,114
-7.163,-3.1397,-0.0065185,0.00047122,-2,0,114
-5.8379,-2.4161,-0.0065185,0.00047122,-2,0,114
-4.9615,-4.0046,2.9935,0.00047122,1,1,114
-0.10553,-5.5321,-0.0065185,0.00047122,-2,0,114
-0.53903,-5.1496,-0.0065185,0.00047122,-2,0,114
-2.9075,-6.8245,-0.0065185,0.00047122,-2,1,114
0.25447,2.9856,-0.0065185,0.00047122,-2,1,114
-0.59553,-0.58211,-0.0065185,0.00047122,-2,1,114
0.51447,-0.40655,1.9935,0.00047122,1,0,114
1.8945,1.9079,-0.0065185,0.00047122,-2,0,114
2.461,2.4744,-0.0065185,0.00047122,-2,0,114
-1.0836,-3.2984,-0.0065185,0.00047122,-2,1,114
2.7793,0.94271,-0.0065185,0.00047122,-2,1,114
3.8545,2.2954,-0.0065185,0.00047122,-2,0,114
4.5545,4.5679,-0.0065185,0.00047122,-2,0,114
-3.863,-2.7637,4.9935,0.00047122,1,0,114
1.4495,0.67669,-0.0065185,0.00047122,-2,0,114
3.0045,3.1342,-0.0065185,0.00047122,-2,1,114
6.5545,-3.0527,-0.0065185,0.00047122,-2,0,114
7.4045,4.0179,-0.0065185,0.00047122,-2,1,114
6.2945,4.7503,4.9935,0.00047122,1,1,114
-7.8855,-5.7981,-0.0065185,0.00047122,-2,0,114
6.461,6.4744,-0.0065185,0.00047122,-2,1,114
7.0925,5.7184,-0.0065185,0.00047122,-2,0,114
-0.74553,-0.73211,-0.0065185,0.00047122,-2,1,114
6.2545,1.2004,-0.0065185,0.00047122,-2,0,114
6.617,2.323,-0.0065185,0.00047122,-2,1,114
-1.5455,-5.6027,-0.0065185,0.00047122,-2,0,114
1.172,1.3354,-0.0065185,0.00047122,-2,0,114
-0.9879,2.2303,-4.0065,0.00047122,1,0,114
2.4385,0.61789,-0.0065185,0.00047122,-2,1,114
2.4045,1.5243,-0.0065185,0.00047122,-2,1,114
0.89447,2.0579,-0.0065185,0.00047122,-2,0,114
-1.6955,-0.70461,-0.0065185,0.00047122,-2,0,114
0.44947,0.31144,-0.0065185,0.00047122,-2,1,114
-0.37378,0.34588,3.9935,0.00047122,1,1,114
-0.71803,-3.3821,-0.0065185,0.00047122,-2,1,114
-0.99553,-0.98211,-0.0065185,0.00047122,-2,1,114
1.0045,-0.2144,-0.0065185,0.00047122,-2,1,114
-1.1455,-1.5384,-0.0065185,0.00047122,-2,0,114
0.98197,-0.70461,-3.0065,0.00047122,1,0,114
-1.6097,-1.5962,-0.0065185,0.00047122,-2,1,114
3.8545,1.7896,-0.0065185,0.00047122,-2,0,114
-2.718,-2.7046,-0.0065185,0.00047122,-2,1,114
3.6186,0.6965,-0.0065185,0.00047122,-2,1,114
3.5545,2.349,-0.0065185,0.00047122,-2,0,114
-1.1455,-1.5384,-0.0065185,0.00047122,-2,0,114
-3.273,-3.2596,-0.0065185,0.00047122,-2,1,114
-2.7814,-3.0615,2.9935,0.00047122,1,1,114
-5.8855,-0.32211,-0.0065185,0.00047122,-2,1,114
-6.452,-2.8507,-0.0065185,0.00047122,-2,1,114
-4.0836,-1.0204,-0.0065185,0.00047122,-2,0,114
-3.4703,-3.4569,-5.0065,0.00047122,1,0,114
4.4495,5.8339,-0.0065185,0.00047122,-2,1,114
-2.2238,-3.8632,-0.0065185,0.00047122,-2,0,114
4.0485,1.9993,-0.0065185,0.00047122,-2,1,114
-3.4329,-3.4195,-5.0065,0.00047122,1,0,114
5.7588,5.0854,-0.0065185,0.00047122,-2,0,114
-0.24553,-0.23211,-0.0065185,0.00047122,-2,1,114
0.61697,0.088514,-0.0065185,0.00047122,-2,0,114
0.93385,0.94726,-0.0065185,0.00047122,-2,1,114
0.39444,-2.5944,-0.0065185,0.00047122,-2,1,114
2.7859,0.34936,-0.0065185,0.00047122,-2,1,114
2.1187,2.665,-0.0065185,0.00047122,-2,1,114
-1.7926,-2.0197,-5.0065,0.00047122,1,0,114
2.642,2.6554,-0.0065185,0.00047122,-2,1,114
-1.8374,-1.9977,-0.0065185,0.00047122,-2,0,114
-4.0112,-4.1454,-0.0065185,0.00047122,-2,0,114
2.1678,1.7912,-0.0065185,0.00047122,-2,1,114
-1.8343,-1.9276,-4.0065,0.00047122,1,0,114
2.609,2.5317,-0.0065185,0.00047122,-2,1,114
-5.6955,-2.196,-0.0065185,0.00047122,-2,0,114
-4.4405,-0.92561,-0.0065185,0.00047122,-2,0,114
-3.7738,-3.7604,1.9935,0.00047122,1,0,114
-4.0395,3.4927,-0.0065185,0.00047122,-2,0,114
2.8919,2.9053,-0.0065185,0.00047122,-2,1,114
-2.7498,-0.6998,-0.0065185,0.00047122,-2,0,114
1.6456,1.659,-0.0065185,0.00047122,-2,1,114
1.5495,1.5629,-0.0065185,0.00047122,-2,1,114
0.46771,0.48112,-0.0065185,0.00047122,-2,1,114
-0.38928,-1.5073,-5.0065,0.00047122,1,0,114
-0.66084,4.6026,-0.0065185,0.00047122,-2,0,114
-2.1455,-3.111,-0.0065185,0.00047122,-2,1,114
-1.273,-5.0527,-0.0065185,0.00047122,-2,0,114
-3.6955,-1.5355,-0.0065185,0.00047122,-2,0,114
-1.4405,-1.8245,-0.0065185,0.00047122,-2,0,114
1.2327,3.0289,-0.0065185,0.00047122,-2,0,114
3.0045,4.2461,-0.0065185,0.00047122,-2,1,114
3.5545,3.5679,-0.0065185,0.00047122,-2,1,114
-7.163,-5.7364,-0.0065185,0.00047122,-2,0,114
-5.8379,-4.6233,-0.0065185,0.00047122,-2,0,114
5.5705,5.5839,-0.0065185,0.00047122,-2,1,114
4.3356,4.349,-0.0065185,0.00047122,-2,1,114
-3.127,-0.37586,-0.0065185,0.00047122,-2,1,114
5.7045,2.6796,-0.0065185,0.00047122,-2,1,114
-4.8405,-3.3821,-3.0065,0.00047122,1,0,114
-6.8855,-5.4221,-0.0065185,0.00047122,-2,0,114
5.461,3.6085,-0.0065185,0.00047122,-2,1,114
-5.0836,-4.9601,-0.0065185,0.00047122,-2,0,114
3.7793,2.9946,-0.0065185,0.00047122,-2,1,114
3.5131,2.3806,-0.0065185,0.00047122,-2,1,114
-1.273,0.59815,-0.0065185,0.00047122,-2,1,115
-0.3814,-2.1136,-0.0065185,0.00047122,-2,1,115
0.52648,0.53989,-0.0065185,0.00047122,-2,0,115
4.0045,5.2461,-0.0065185,0.00047122,-2,1,115
1.0045,-1.721,-0.0065185,0.00047122,-2,0,115
-0.84553,0.055299,2.9935,0.00047122,1,1,115
2.0045,2.0179,-0.0065185,0.00047122,-2,1,115
0.70447,-2.7908,-0.0065185,0.00047122,-2,0,115
1.8545,-0.88213,-0.0065185,0.00047122,-2,1,115
2.727,2.4811,-0.0065185,0.00047122,-2,1,115
-3.6097,-3.5962,-0.0065185,0.00047122,-2,0,115
-4.5175,-1.1182,-0.0065185,0.00047122,-2,0,115
3.8482,3.7024,4.9935,0.00047122,1,1,115
-1.3727,-1.3593,-0.0065185,0.00047122,-2,0,115
0.32505,0.22343,-0.0065185,0.00047122,-2,0,115
-3.9955,-0.2546,-0.0065185,0.00047122,-2,0,115
-1.3955,-5.9921,-0.0065185,0.00047122,-2,1,115
-1.2955,-5.2006,-0.0065185,0.00047122,-2,0,115
1.1095,1.1229,-4.0065,0.00047122,1,0,115
0.23272,2.4179,-0.0065185,0.00047122,-2,1,115
5.0485,0.941,-0.0065185,0.00047122,-2,1,115
3.8919,5.8744,-0.0065185,0.00047122,-2,1,115
-3.7498,-3.7364,-0.0065185,0.00047122,-2,0,115
3.1956,2.8265,-2.0065,0.00047122,1,1,115
2.5495,3.5265,-0.0065185,0.00047122,-2,1,115
0.46771,-0.1448,-0.0065185,0.00047122,-2,0,115
3.0045,1.7896,-0.0065185,0.00047122,-2,0,115
2.0045,0.97388,-0.0065185,0.00047122,-2,1,115
0.30447,1.7334,-0.0065185,0.00047122,-2,1,115
1.3045,-0.23711,-0.0065185,0.00047122,-2,1,115
1.1095,2.5679,3.9935,0.00047122,1,1,115
-4.163,-5.5496,-0.0065185,0.00047122,-2,1,115
4.7045,3.7953,-0.0065185,0.00047122,-2,0,115
-4.4405,-4.9886,-0.0065185,0.00047122,-2,1,115
-4.2238,-5.0701,-0.0065185,0.00047122,-2,0,115
0.45447,0.46789,-0.0065185,0.00047122,-2,0,115
-0.82803,3.0728,-0.0065185,0.00047122,-2,0,115
0.45447,2.3382,-0.0065185,0.00047122,-2,1,115
-0.44553,-0.8185,-0.0065185,0.00047122,-2,0,115
-0.37803,-0.36461,2.9935,0.00047122,1,0,115
1.172,0.58391,-0.0065185,0.00047122,-2,1,115
0.1621,0.34301,-0.0065185,0.00047122,-2,0,115
2.4385,2.8864,-0.0065185,0.00047122,-2,1,115
2.0734,0.13177,-4.0065,0.00047122,1,1,115
-1.8855,2.1896,-0.0065185,0.00047122,-2,0,115
-4.452,-3.0261,-0.0065185,0.00047122,-2,0,115
6.0925,1.3834,-0.0065185,0.00047122,-2,1,115
-3.7703,-4.1364,-0.0065185,0.00047122,-2,0,115
5.5131,2.359,-0.0065185,0.00047122,-2,1,115
4.6868,4.7002,-4.0065,0.00047122,1,1,115
2.0944,2.1079,-0.0065185,0.00047122,-2,0,115
3.8545,0.12789,-0.0065185,0.00047122,-2,0,115
3.727,0.56139,-0.0065185,0.00047122,-2,1,115
3.1686,-0.69763,-0.0065185,-0.99953,-1,1,115
-0.82803,-2.7403,-0.0065185,0.00047122,-2,0,115
-7.5455,-7.5321,-0.0065185,0.00047122,-2,0,115
-6.413,1.9611,1.9935,0.00047122,1,0,115
-2.8379,-0.12449,-0.0065185,0.00047122,-2,0,115
-4.5615,-4.5481,-0.0065185,0.00047122,-2,0,115
-3.3266,-0.47299,-0.0065185,0.00047122,-2,0,115
2.1359,1.521,-0.0065185,0.00047122,-2,1,115
-1.0338,-2.1495,-0.0065185,0.00047122,-2,0,115
2.3045,2.3179,-0.0065185,0.00047122,-2,0,115
-1.9505,-1.2911,-4.0065,0.00047122,1,0,115
-0.88553,-1.3821,-0.0065185,0.00047122,-2,1,115
-2.2955,-2.2821,-0.0065185,0.00047122,-2,0,115
6.4045,2.5305,-0.0065185,0.00047122,-2,0,115
4.5545,1.2636,-0.0065185,0.00047122,-2,1,115
5.7045,5.7179,-0.0065185,0.00047122,-2,1,115
-4.8405,-3.2695,1.9935,0.00047122,1,0,115
-4.2238,-4.2104,-0.0065185,0.00047122,-2,0,115
-0.03954,-0.026124,-0.0065185,0.00047122,-2,1,115
-4.8455,-5.2104,-0.0065185,0.00047122,-2,1,115
7.4045,3.8811,-0.0065185,0.00047122,-2,0,115
6.2945,0.51574,2.9935,0.00047122,1,0,115
-3.452,-4.9886,-0.0065185,0.00047122,-2,0,115
1.8545,0.78388,-0.0065185,0.00047122,-2,1,115
1.727,1.5904,-0.0065185,0.00047122,-2,1,115
-2.6097,-3.5481,-0.0065185,0.00047122,-2,0,115
-1.5175,-2.3132,-0.0065185,0.00047122,-2,1,115
1.2982,1.0757,-5.0065,0.00047122,1,0,115
-3.273,-3.4601,-0.0065185,0.00047122,-2,0,115
3.3903,3.0163,-0.0065185,0.00047122,-2,1,115
2.8825,3.4959,-0.0065185,4.0005,-1,1,115
4.5608,4.5742,-0.0065185,0.00047122,-2,1,115
0.62732,0.64074,-0.0065185,0.00047122,-2,1,115
0.6839,0.69731,-0.0065185,0.00047122,-2,1,115
-0.57304,-1.5601,-4.0065,0.00047122,1,0,115
2.2361,2.1852,-0.0065185,0.00047122,-2,0,115
-0.79865,-2.7299,-0.0065185,0.00047122,-2,0,115
-2.8282,-2.8612,-0.0065185,0.00047122,-2,0,115
2.8622,2.8756,-0.0065185,0.00047122,-2,1,115
-2.4246,-0.50888,-4.0065,0.00047122,1,0,115
-3.8928,-3.3079,-0.0065185,0.00047122,-2,0,115
-3.9082,-3.2948,-0.0065185,0.00047122,-2,0,115
-3.9213,-3.3285,-0.0065185,0.00047122,-2,0,115
-3.3324,-3.319,-5.0065,0.00047122,1,0,115
3.0581,-4.1934,-0.0065185,0.00047122,-2,0,115
2.6001,2.6135,-1.0065,0.00047122,1,0,115
1.0432,1.0566,-0.0065185,0.00047122,-2,0,115
4.0374,-0.68081,-0.0065185,0.00047122,-2,1,115
7.4045,3.4038,-0.0065185,0.00047122,-2,1,115
-6.8855,0.51609,-0.0065185,0.00047122,-2,0,115
5.861,2.9742,-2.0065,0.00047122,1,0,115
2.8945,2.9079,-0.0065185,0.00047122,-2,1,115
-4.9955,1.4629,-0.0065185,0.00047122,-2,0,115
3.0045,4.2679,-0.0065185,0.00047122,-2,1,115
4.0045,4.0179,-0.0065185,0.00047122,-2,1,115
4.0045,4.0179,-0.0065185,0.00047122,-2,1,115
-3.3955,-1.8245,1.9935,0.00047122,1,0,115
-3.9955,-3.9821,-0.0065185,0.00047122,-2,0,115
2.0045,2.6873,-0.0065185,0.00047122,-2,1,115
1.0045,-1.2104,-0.0065185,0.00047122,-2,1,115
1.0045,1.3515,-0.0065185,0.00047122,-2,1,115
0.85447,1.279,2.9935,0.00047122,1,1,115
-1.9955,-1.6327,-0.0065185,0.00047122,-2,0,115
0.70447,-2.1496,-0.0065185,0.00047122,-2,1,115
-0.55053,-3.8245,-0.0065185,0.00047122,-2,1,115
1.2327,-1.5481,-0.0065185,0.00047122,-2,0,115
-1.9955,-1.0261,-0.0065185,0.00047122,-2,1,115
-1.6955,5.0179,-0.0065185,5.0005,-1,1,115
-0.99553,1.4629,-0.0065185,0.00047122,-2,0,115
0.85447,1.245,-2.0065,0.00047122,1,1,115
2.0045,-1.3615,-0.0065185,0.00047122,-2,1,115
-1.9955,-1.9821,-0.0065185,0.00047122,-2,0,115
0.0044729,0.017889,-0.0065185,0.00047122,-2,1,115
0.0044729,0.21476,3.9935,0.00047122,1,0,115
2.0045,-3.3821,-0.0065185,0.00047122,-2,1,115
-3.9955,-0.7947,-0.0065185,0.00047122,-2,0,115
-1.9955,-1.2278,-0.0065185,0.00047122,-2,0,115
1.7045,2.9079,-4.0065,0.00047122,1,0,115
2.5595,3.9629,-0.0065185,0.00047122,-2,1,115
3.7762,2.9299,-0.0065185,0.00047122,-2,1,115
1.0485,-1.0973,-0.0065185,0.00047122,-2,1,115
2.0045,4.5624,-0.0065185,0.00047122,-2,0,115
-2.9955,-3.7701,-0.0065185,0.00047122,-2,0,115
-0.44553,2.5679,-0.0065185,0.00047122,-2,1,115
-1.828,-1.8146,-0.0065185,0.00047122,-2,0,115
-1.5532,-2.3381,3.9935,0.00047122,1,1,115
-0.42951,1.4179,-0.0065185,0.00047122,-2,0,115
1.3045,1.4519,-0.0065185,0.00047122,-2,0,115
1.5595,-0.78596,-0.0065185,0.00047122,-2,0,115
2.7762,1.3396,-0.0065185,0.00047122,-2,1,115
2.3605,1.2237,-4.0065,0.00047122,1,1,115
1.8945,-0.49211,-0.0065185,0.00047122,-2,1,115
-0.53903,-0.52561,-0.0065185,0.00047122,-2,1,115
-1.9075,-2.651,-0.0065185,0.00047122,-2,0,115
-1.6207,-1.6073,-3.0065,0.00047122,1,0,115
-4.8855,-4.8721,-0.0065185,0.00047122,-2,0,115
-4.452,-4.4386,-0.0065185,0.00047122,-2,0,115
-5.0836,-3.9125,-0.0065185,0.00047122,-2,0,115
3.7793,2.8885,-0.0065185,0.00047122,-2,1,115
-0.50413,-1.9546,-0.0065185,0.00047122,-2,0,115
2.7222,2.7356,-0.0065185,0.00047122,-2,1,115
2.3145,3.221,-2.0065,0.00047122,1,1,115
-4.8855,-2.5962,-0.0065185,0.00047122,-2,0,115
-7.452,-5.5041,-0.0065185,0.00047122,-2,0,115
5.0925,5.1059,-0.0065185,0.00047122,-2,1,115
6.7793,-0.64897,-0.0065185,0.00047122,-2,1,115
5.5131,5.7765,-0.0065185,0.00047122,-2,1,115
-4.2778,-3.2546,-0.0065185,0.00047122,-2,0,115
3.0944,3.1395,-0.0065185,0.00047122,-2,1,115
-5.922,-1.879,-0.0065185,0.00047122,-2,0,115
4.792,4.8054,-0.0065185,0.00047122,-2,1,115
2.6738,3.7726,-0.0065185,0.00047122,-2,1,115
3.5734,3.1388,-0.0065185,0.00047122,-2,1,115
4.4881,4.5015,-0.0065185,0.00047122,-2,1,115
-2.4066,-1.2977,-0.0065185,0.00047122,-2,0,115
0.35389,0.36731,-0.0065185,0.00047122,-2,1,115
0.30148,1.526,4.9935,0.00047122,1,1,115
1.2569,1.2703,-0.0065185,0.00047122,-2,1,115
1.2191,3.845,-0.0065185,0.00047122,-2,1,115
3.1869,0.90665,-0.0065185,0.00047122,-2,1,115
0.15951,0.17293,-0.0065185,0.00047122,-2,1,115
-1.8637,-1.8503,-0.0065185,0.00047122,-2,0,115
3.0045,3.0179,-0.0065185,0.00047122,-2,1,116
-2.9955,-2.8721,-0.0065185,0.00047122,-2,0,116
-0.99553,-0.98211,-0.0065185,0.00047122,-2,1,116
1.0045,2.1854,-0.0065185,0.00047122,-2,1,116
-0.99553,0.86789,-0.0065185,0.00047122,-2,0,116
-4.8455,-0.83211,-0.0065185,0.00047122,-2,1,116
-4.118,-4.3821,-0.0065185,-0.99953,-1,0,116
-3.6097,-3.8321,-0.0065185,0.00047122,-2,0,116
1.5265,-0.42582,-0.0065185,0.00047122,-2,1,116
-2.4392,-2.5962,-0.0065185,0.00047122,-2,0,116
-4.3727,-1.2266,-0.0065185,0.00047122,-2,0,116
-1.3161,-0.70962,-0.0065185,0.00047122,-2,0,116
1.127,2.6763,4.9935,0.00047122,1,0,116
-2.718,-6.2321,-0.0065185,0.00047122,-2,1,116
-4.6097,-2.3426,-0.0065185,0.00047122,-2,0,116
-3.9175,-5.2137,-0.0065185,-4.9995,-1,0,116
3.8945,3.9079,-0.0065185,0.00047122,-2,1,116
-1.452,-4.6571,-0.0065185,0.00047122,-2,1,116
-1.2336,-2.0101,4.9935,0.00047122,1,0,116
-2.2207,-4.9546,-0.0065185,0.00047122,-2,0,116
-1.8869,-2.5962,-0.0065185,-1.9995,-1,1,116
1.7222,4.6079,-0.0065185,0.00047122,-2,1,116
-0.44553,2.4001,-0.0065185,0.00047122,-2,0,116
0.38697,0.40039,4.9935,0.00047122,1,1,116
1.172,1.1854,-0.0065185,0.00047122,-2,0,116
-1.1455,-5.5946,-0.0065185,0.00047122,-2,0,116
1.3045,0.70163,-0.0065185,0.00047122,-2,1,116
-2.5455,0.84876,-0.0065185,0.00047122,-2,1,116
-1.9955,-0.75386,-0.0065185,0.00047122,-2,0,116
2.7045,2.8603,-0.0065185,0.00047122,-2,1,116
2.2995,1.4629,2.9935,0.00047122,1,1,116
0.77622,-3.7604,-0.0065185,0.00047122,-2,1,116
-1.6955,-1.6821,-0.0065185,0.00047122,-2,0,116
1.5595,1.5729,-0.0065185,0.00047122,-2,1,116
7.5545,5.8354,-0.0065185,0.00047122,-2,1,116
5.172,3.7127,-0.0065185,0.00047122,-2,1,116
-5.8379,-2.9559,-0.0065185,0.00047122,-2,1,116
6.4045,1.4816,-0.0065185,0.00047122,-2,1,116
7.5545,5.4579,-0.0065185,0.00047122,-2,1,116
6.422,4.6306,-2.0065,0.00047122,1,0,116
-1.608,-5.437,-0.0065185,0.00047122,-2,1,116
2.0751,1.3885,-0.0065185,0.00047122,-2,0,116
0.39444,-1.7421,-0.0065185,0.00047122,-2,1,116
-0.327,-0.31358,3.9935,0.00047122,1,0,116
-4.8813,-5.2679,-0.0065185,0.00047122,-2,1,116
3.6074,4.1708,-0.0065185,0.00047122,-2,1,116
-5.6955,-5.6821,-0.0065185,0.00047122,-2,0,116
3.4495,1.3153,-0.0065185,0.00047122,-2,1,116
2.2327,2.2461,-0.0065185,0.00047122,-2,1,116
-1.8895,-2.4711,3.9935,0.00047122,1,0,116
2.8919,-2.2507,-0.0065185,0.00047122,-2,1,116
0.75877,2.6796,-0.0065185,0.00047122,-2,1,116
1.6456,0.65904,-0.0065185,0.00047122,-2,1,116
-1.5405,-1.3771,-0.0065185,0.00047122,-2,0,116
2.4677,2.6085,-0.0065185,0.00047122,-2,1,116
-3.3893,-3.3759,-0.0065185,0.00047122,-2,0,116
2.8892,1.0587,-4.0065,0.00047122,1,0,116
3.172,-2.3821,-0.0065185,0.00047122,-2,1,116
3.8545,0.70341,-0.0065185,0.00047122,-2,1,116
-0.27303,-0.77657,-0.0065185,0.00047122,-2,1,116
1.6186,2.7995,-0.0065185,0.00047122,-2,1,116
3.5265,3.5399,-0.0065185,0.00047122,-2,1,116
4.4482,4.4616,-0.0065185,0.00047122,-2,1,116
3.7816,0.73931,-4.0065,0.00047122,1,1,116
-4.3161,3.3267,-0.0065185,0.00047122,-2,0,116
2.277,3.6904,-0.0065185,0.00047122,-2,0,116
-1.6955,-1.748,-0.0065185,0.00047122,-2,0,116
1.0045,2.5304,-0.0065185,0.00047122,-2,1,116
-0.99553,-0.9345,-0.0065185,0.00047122,-2,1,116
-0.84553,0.74039,-2.0065,0.00047122,1,1,116
0.0044729,-1.6477,-0.0065185,0.00047122,-2,1,116
-0.99553,-0.011348,-0.0065185,0.00047122,-2,0,116
0.0044729,-0.0069621,-0.0065185,0.00047122,-2,0,116
1.0045,0.99677,-0.0065185,0.00047122,-2,1,116
-0.84553,0.63201,3.9935,0.00047122,1,1,116
-2.9955,0.41789,-0.0065185,0.00047122,-2,0,116
0.45447,-0.59624,-0.0065185,0.00047122,-2,1,116
2.5545,0.017889,-0.0065185,0.00047122,-2,1,116
-0.82803,0.34301,-0.0065185,0.00047122,-2,1,116
-1.1532,-1.1397,-0.0065185,0.00047122,-2,0,116
-0.97951,-2.5321,-4.0065,0.00047122,1,0,116
-0.82803,5.2603,-0.0065185,0.00047122,-2,1,116
-1.8379,1.0019,-0.0065185,0.00047122,-2,0,116
0.57049,1.349,-0.0065185,0.00047122,-2,1,116
-3.3266,-0.26356,-0.0065185,0.00047122,-2,0,116
-2.127,-1.9438,-0.0065185,0.00047122,-2,0,116
-0.033796,2.2804,-0.0065185,0.00047122,-2,1,116
0.037001,0.17304,2.9935,0.00047122,1,0,116
1.3096,1.4273,-0.0065185,0.00047122,-2,1,116
0.30447,-0.14961,-0.0065185,0.00047122,-2,1,116
2.7045,2.7179,-0.0065185,0.00047122,-2,1,116
-2.2905,2.5912,-0.0065185,3.0005,-1,0,116
-1.9463,-0.16635,1.9935,0.00047122,1,0,116
-4.0395,1.4096,-0.0065185,0.00047122,-2,0,116
-0.88294,-3.4195,-0.0065185,0.00047122,-2,0,116
1.7588,0.77219,-0.0065185,0.00047122,-2,1,116
-1.4867,-1.4733,-4.0065,0.00047122,1,0,116
1.4595,-3.5431,-0.0065185,0.00047122,-2,0,116
-2.5323,-2.5189,-0.0065185,0.00047122,-2,0,116
-0.44553,-1.5371,-0.0065185,0.00047122,-2,1,116
-0.16303,-0.14961,-0.0065185,0.00047122,-2,1,116
0.14685,-3.0661,-0.0065185,-2.9995,-1,0,116
-0.44053,0.94648,-0.0065185,0.00047122,-2,0,116
-0.37378,0.71149,-4.0065,0.00047122,1,0,116
-0.95151,4.4619,-0.0065185,0.00047122,-2,1,116
-0.88294,0.83048,-0.0065185,0.00047122,-2,0,116
-2.7498,-0.019388,-0.0065185,0.00047122,-2,0,116
-5.6367,-5.0138,-0.0065185,0.00047122,-2,0,116
-4.5405,-1.454,-0.0065185,0.00047122,-2,0,116
3.8677,3.8811,-4.0065,0.00047122,1,1,116
2.3982,2.4116,-0.0065185,0.00047122,-2,1,116
-4.3302,-3.9987,-0.0065185,0.00047122,-2,0,116
-3.28,-2.9962,-0.0065185,0.00047122,-2,0,116
-2.2373,2.094,-0.0065185,0.00047122,-2,0,116
-1.9011,-1.6923,3.9935,0.00047122,1,0,116
-4.1702,3.4093,-0.0065185,0.00047122,-2,0,116
2.153,3.5664,-0.0065185,0.00047122,-2,1,116
3.1307,3.1441,-0.0065185,0.00047122,-2,1,116
-0.88823,-0.87482,-0.0065185,0.00047122,-2,1,116
2.0957,2.1091,-0.0065185,0.00047122,-2,1,116
-1.773,-1.1036,2.9935,0.00047122,1,0,116
-2.0614,-1.9854,-0.0065185,0.00047122,-2,0,116
-1.7515,2.1826,3.9935,0.00047122,1,0,116
-1.0431,3.3703,-0.0065185,0.00047122,-2,0,116
2.0449,0.90835,-0.0065185,0.00047122,-2,1,116
-2.9611,-2.9477,-0.0065185,0.00047122,-2,1,116
2.5252,-1.4286,2.9935,0.00047122,1,0,116
-4.0204,-3.9833,-0.0065185,0.00047122,-2,0,116
-3.0167,-3.0032,-0.0065185,0.00047122,-2,0,116
4.0224,-1.8065,-0.0065185,0.00047122,-2,0,116
-3.4108,-3.3829,-4.0065,0.00047122,1,0,116
4.0174,2.0868,-0.0065185,0.00047122,-2,1,116
4.0155,6.9079,-0.0065185,0.00047122,-2,1,116
-5.0049,-4.9826,-0.0065185,0.00047122,-2,0,116
-5.0035,-4.9825,-0.0065185,0.00047122,-2,0,116
3.0112,4.7927,-0.0065185,0.00047122,-2,1,116
-2.0013,-1.9824,-0.0065185,0.00047122,-2,0,116
0.0093654,1.3002,-0.0065185,0.00047122,-2,1,116
0.0003143,-2.3544,-5.0065,0.00047122,1,0,116
0.0009381,-0.90858,-0.0065185,0.00047122,-2,0,116
0.0074775,4.4179,-0.0065185,0.00047122,-2,1,116
-2.9981,0.017763,-0.0065185,0.00047122,-2,0,116
4.0066,3.1369,-0.0065185,0.00047122,-2,1,116
-3.3974,-3.8657,-5.0065,0.00047122,1,0,116
-1.994,4.679,-0.0065185,0.00047122,-2,1,116
-1.9942,-1.6327,-0.0065185,0.00047122,-2,1,116
4.0033,1.4628,-0.0065185,0.00047122,-2,1,116
-3.3946,-3.1297,-5.0065,0.00047122,1,0,116
-1.8855,-1.8721,-0.0065185,0.00047122,-2,0,116
0.54797,0.56139,-0.0065185,0.00047122,-2,1,116
-1.5455,4.0885,-0.0065185,0.00047122,-2,0,116
-2.163,3.2691,-0.0065185,0.00047122,-2,0,116
-0.8379,3.2364,-0.0065185,0.00047122,-2,0,116
1.4385,1.9036,-0.0065185,0.00047122,-2,1,116
-1.2144,1.349,2.9935,0.00047122,1,0,116
-7.163,-4.9821,-0.0065185,0.00047122,-2,0,116
6.0968,-0.30724,-3.0065,0.00047122,1,1,116
4.5705,4.5839,-0.0065185,0.00047122,-2,1,116
3.3356,-0.8185,-0.0065185,0.00047122,-2,1,116
2.1359,2.1493,-0.0065185,0.00047122,-2,1,116
3.9662,2.4246,-0.0065185,0.00047122,-2,1,116
5.8219,5.0179,-0.0065185,0.00047122,-2,1,116
-3.6904,-2.1496,-0.0065185,0.00047122,-2,0,116
-0.4049,2.5679,-0.0065185,0.00047122,-2,1,116
-0.49756,0.86789,-0.0065185,0.00047122,-2,0,116
-1.4223,-0.98211,-0.0065185,0.00047122,-2,0,116
3.3672,0.017889,-0.0065185,0.00047122,-2,1,116
2.3128,2.0179,-0.0065185,0.00047122,-2,1,116
1.9665,0.27995,-0.0065185,0.00047122,-1,1,116
1.6722,2.083,-3.0065,0.00047122,1,1,116
-2.8062,-2.3428,-0.0065185,0.00047122,-2,1,116
2.8435,2.5679,-0.0065185,0.00047122,-2,0,116
3.8677,4.0179,-0.0065185,0.00047122,-2,1,116
5.4045,5.4179,-0.0065185,0.00047122,-2,1,116
-6.8855,-1.7256,-0.0065185,0.00047122,-2,1,116
-2.8455,-0.99945,-0.0065185,0.00047122,-2,0,117
1.7045,0.9776,-0.0065185,0.00047122,-2,0,117
1.0045,1.0179,-0.0065185,0.00047122,-2,1,117
0.0044729,0.017889,-0.0065185,0.00047122,-2,1,117
-0.99553,-0.98211,-0.0065185,0.00047122,-2,0,117
-1.8455,-1.8321,-0.0065185,0.00047122,-2,0,117
3.727,3.7722,-0.0065185,0.00047122,-2,1,117
-5.6097,-5.5962,-0.0065185,0.00047122,-2,0,117
5.5265,5.5629,-0.0065185,0.00047122,-2,1,117
4.4482,0.68435,-0.0065185,0.00047122,-2,1,117
4.3816,3.8116,-0.0065185,0.00047122,-2,1,117
4.3251,3.7385,-0.0065185,0.00047122,-2,1,117
3.677,3.7024,-4.0065,0.00047122,1,1,117
5.2361,5.2597,-0.0065185,0.00047122,-2,1,117
5.2013,-2.6752,-0.0065185,0.00047122,-2,1,117
-3.1629,-4.3995,-0.0065185,0.00047122,-2,0,117
5.1467,2.7101,-0.0065185,0.00047122,-2,1,117
4.1254,4.3941,-0.0065185,0.00047122,-2,1,117
3.5072,3.5252,3.9935,0.00047122,1,1,117
-4.0829,-3.4695,-0.0065185,0.00047122,-2,0,117
4.0787,3.4954,-0.0065185,0.00047122,-2,1,117
4.0676,4.0838,-0.0065185,0.00047122,-2,1,117
0.058119,0.071535,-0.0065185,0.00047122,-2,0,117
0.050072,0.065495,-5.0065,0.00047122,1,0,117
3.0045,5.1059,-0.0065185,0.00047122,-2,1,117
4.5545,4.5679,-0.0065185,0.00047122,-2,1,117
4.172,4.1854,-0.0065185,0.00047122,-2,1,117
2.8468,2.8603,-0.0065185,0.00047122,-2,1,117
1.5705,1.5839,-0.0065185,0.00047122,-2,1,117
1.3356,1.349,-0.0065185,0.00047122,-2,1,117
1.1359,1.1493,4.9935,0.00047122,1,1,117
-5.9573,-2.8697,-0.0065185,0.00047122,-2,0,117
5.8219,5.8354,-0.0065185,0.00047122,-2,1,117
-1.6904,0.0022608,-0.0065185,0.00047122,-2,0,117
-0.4049,-0.39149,-0.0065185,0.00047122,-2,0,117
-4.8455,1.9167,-0.0065185,0.00047122,-2,0,117
-3.718,-0.76358,-0.0065185,0.00047122,-2,0,117
-4.6097,-2.0964,-0.0065185,0.00047122,-2,0,117
-2.5175,-0.37923,-0.0065185,0.00047122,-2,0,117
-2.1392,-2.5138,-5.0065,0.00047122,1,0,117
5.3816,4.645,-0.0065185,0.00047122,-2,1,117
-5.3161,-3.9977,-0.0065185,0.00047122,-2,0,117
3.277,3.2904,-0.0065185,0.00047122,-2,1,117
-2.7771,-2.3415,-5.0065,0.00047122,1,0,117
0.20135,4.4648,-0.0065185,0.00047122,-2,1,117
-2.1629,0.53174,-0.0065185,0.00047122,-2,0,117
-1.1378,-0.54534,-0.0065185,0.00047122,-2,0,117
-2.1164,-1.0559,-0.0065185,0.00047122,-2,0,117
-4.0983,-1.7849,-0.0065185,0.00047122,-2,0,117
3.4918,3.5052,4.9935,0.00047122,1,1,117
-4.0698,-4.3064,-0.0065185,0.00047122,-2,0,117
4.0676,3.481,-0.0065185,0.00047122,-2,1,117
-4.0492,-3.4358,-0.0065185,0.00047122,-2,0,117
0.050072,3.4635,-0.0065185,0.00047122,-2,1,117
1.9657,2.1369,-0.0065185,0.00047122,-2,1,117
-1.6955,-1.6492,-0.0065185,0.00047122,-2,0,117
1.4495,1.4629,4.9935,0.00047122,1,1,117
-0.76728,4.2679,-0.0065185,0.00047122,-2,1,117
-1.9515,-0.6381,-0.0065185,0.00047122,-2,0,117
-5.5455,-2.5321,-0.0065185,0.00047122,-2,0,117
-6.163,-3.7604,-0.0065185,0.00047122,-2,0,117
-3.8379,-3.0261,-0.0065185,0.00047122,-2,0,117
5.5705,5.5839,-0.0065185,0.00047122,-2,1,117
-4.7266,-3.1929,-5.0065,0.00047122,1,0,117
-6.127,-5.6233,-0.0065185,0.00047122,-2,0,117
-5.9573,-4.1396,-0.0065185,0.00047122,-2,0,117
-3.813,-5.0496,-0.0065185,0.00047122,-2,1,117
1.4545,0.40539,-0.0065185,0.00047122,-2,1,117
1.837,0.94726,-0.0065185,0.00047122,-2,1,117
1.5621,-2.109,-4.0065,0.00047122,1,1,117
0.43845,0.45187,-0.0065185,0.00047122,-2,1,117
-1.6644,4.239,-0.0065185,0.00047122,-2,0,117
0.87302,0.415,-0.0065185,0.00047122,-2,1,117
-1.9573,-2.3446,-0.0065185,0.00047122,-2,0,117
-1.663,1.0428,-3.0065,0.00047122,1,0,117
0.72697,0.74039,-0.0065185,0.00047122,-2,1,117
1.3903,3.349,-0.0065185,0.00047122,-2,0,117
0.48247,-2.3465,-0.0065185,0.00047122,-2,1,117
-2.8455,-2.8321,-0.0065185,0.00047122,-2,0,117
-3.718,-3.7046,-0.0065185,0.00047122,-2,0,117
3.1686,-0.41871,4.9935,0.00047122,1,1,117
-5.5175,-4.7541,-0.0065185,0.00047122,-2,0,117
-2.4392,-2.4258,-0.0065185,0.00047122,-2,0,117
-5.3727,-5.3593,-0.0065185,0.00047122,-2,0,117
3.3251,3.4091,-0.0065185,0.00047122,-2,1,117
2.277,2.0659,-0.0065185,0.00047122,-2,1,117
2.2361,1.5912,-0.0065185,0.00047122,-2,1,117
1.9013,1.1002,4.9935,0.00047122,1,1,117
2.1718,1.7096,-0.0065185,0.00047122,-2,1,117
-0.13777,-3.7369,-0.0065185,0.00047122,-2,0,117
-1.8746,0.13879,-0.0065185,0.00047122,-2,0,117
1.3045,3.0179,-0.0065185,0.00047122,-2,0,117
1.1095,-1.5881,3.9935,0.00047122,1,0,117
-6.2238,3.4179,-0.0065185,0.00047122,-2,0,117
-5.0395,-5.2761,-0.0065185,0.00047122,-2,0,117
-4.8829,-3.9821,-0.0065185,0.00047122,-2,0,117
-4.1498,-2.8721,-3.0065,0.00047122,1,0,117
5.6456,5.659,-0.0065185,0.00047122,-2,0,117
-8.2455,-4.2321,-0.0065185,0.00047122,-2,0,117
7.4045,7.4179,-0.0065185,0.00047122,-2,1,117
-5.8855,-4.4381,-0.0065185,0.00047122,-2,0,117
5.461,5.0244,-0.0065185,0.00047122,-2,1,117
-6.0836,-4.6201,-0.0065185,0.00047122,-2,0,117
5.1793,5.1927,4.9935,0.00047122,1,1,117
-4.5041,-5.7407,-0.0065185,0.00047122,-2,0,117
-6.2778,-6.2644,-0.0065185,0.00047122,-2,1,117
-6.2455,-6.2321,-0.0065185,0.00047122,-2,0,117
-1.6955,-1.8245,-0.0065185,0.00047122,-2,1,117
-2.9955,-2.9821,-0.0065185,0.00047122,-2,0,117
2.5545,2.5773,-3.0065,0.00047122,1,1,117
-1.163,-1.1496,-0.0065185,0.00047122,-2,0,117
-1.8379,-1.8245,-0.0065185,0.00047122,-2,0,117
0.57049,-0.22781,-0.0065185,0.00047122,-2,0,117
-4.8455,-4.8321,-0.0065185,0.00047122,-2,0,117
4.127,0.21756,-2.0065,0.00047122,1,1,117
4.6186,4.632,-0.0065185,0.00047122,-2,1,117
-4.5175,0.94088,-0.0065185,0.00047122,-2,1,117
6.4045,-0.39289,-0.0065185,0.00047122,-2,1,117
4.5545,5.4579,-0.0065185,0.00047122,-2,1,117
-3.163,-3.8496,-0.0065185,0.00047122,-2,0,117
4.8468,1.3699,-0.0065185,0.00047122,-2,1,117
-2.5615,-4.0981,-0.0065185,0.00047122,-2,0,117
2.1856,2.199,-4.0065,0.00047122,1,1,117
-6.127,2.2864,-0.0065185,0.00047122,-2,0,117
2.9662,5.2296,-0.0065185,0.00047122,-2,1,117
5.8219,1.9406,-0.0065185,0.00047122,-2,1,117
4.9493,4.4572,4.9935,0.00047122,1,1,117
1.5951,1.6085,-0.0065185,0.00047122,-2,1,117
1.5065,1.5199,-0.0065185,0.00047122,-2,1,117
-2.4223,-3.4795,-0.0065185,0.00047122,-2,0,117
2.0672,1.8167,4.9935,0.00047122,1,1,117
4.3128,4.1019,-0.0065185,0.00047122,-2,1,117
-2.2576,-3.8567,-0.0065185,0.00047122,-2,1,117
5.7045,5.7179,-0.0065185,0.00047122,-2,1,117
8.4045,2.6795,-0.0065185,0.00047122,-2,1,117
-7.8855,-7.8721,-0.0065185,0.00047122,-2,0,117
-7.452,-7.4386,-0.0065185,0.00047122,-2,0,117
6.0925,5.1765,-0.0065185,0.00047122,-2,1,117
-5.1703,-5.1569,2.9935,0.00047122,1,0,117
6.5131,5.0408,-0.0065185,0.00047122,-2,1,117
3.2868,2.0373,-0.0065185,0.00047122,-2,1,117
3.0944,-0.73452,-0.0065185,0.00047122,-2,1,117
-3.922,-2.6086,-0.0065185,0.00047122,-2,0,117
3.342,3.3554,-4.0065,0.00047122,1,1,117
3.6738,3.6873,-0.0065185,0.00047122,-2,1,117
-0.42656,-0.41314,-0.0065185,0.00047122,-2,0,117
0.37085,3.4744,-0.0065185,1.0005,-1,1,117
-0.30695,-0.69837,-4.0065,0.00047122,1,0,117
1.3903,0.24307,-0.0065185,0.00047122,-2,0,117
3.4825,2.5093,-0.0065185,0.00047122,-2,1,117
5.4045,5.4179,-0.0065185,0.00047122,-2,1,117
-3.8855,1.1059,-0.0065185,0.00047122,-2,0,117
6.461,2.1538,-0.0065185,0.00047122,-2,1,117
6.0925,2.5093,-0.0065185,0.00047122,-2,1,117
-5.1703,-1.5898,-5.0065,0.00047122,1,1,117
-3.8855,-3.4386,-0.0065185,0.00047122,-2,0,117
-5.8455,-5.8321,-0.0065185,0.00047122,-2,0,117
5.727,3.811,-0.0065185,0.00047122,-2,1,117
5.6186,5.9444,-0.0065185,0.00047122,-2,1,117
-4.5175,-4.1166,-0.0065185,0.00047122,-2,0,117
2.4482,3.8616,-0.0065185,0.00047122,-2,0,117
2.7045,2.2869,-0.0065185,0.00047122,-2,1,117
4.8545,3.3244,-0.0065185,0.00047122,-2,1,117
4.727,4.429,-0.0065185,0.00047122,-2,1,117
3.6186,3.2573,-0.0065185,0.00047122,-2,1,117
-2.5175,-2.5041,-0.0065185,0.00047122,-2,0,117
-2.4392,-2.4258,-0.0065185,0.00047122,-2,0,117
1.3816,1.2325,-0.0065185,0.00047122,-2,1,117
0.6839,0.69731,-0.0065185,0.00047122,-2,1,117
-0.57304,-0.67707,-5.0065,0.00047122,1,0,117
1.282,1.2954,-0.0065185,0.00047122,-2,0,117
1.0903,-3.0204,-0.0065185,-3.9995,-1,0,117
-2.4735,3.6105,-0.0065185,0.00047122,-2,0,117
4.5545,-1.8973,-0.0065185,0.00047122,-2,1,117
5.172,0.79936,-0.0065185,0.00047122,-2,1,117
-5.6955,-0.72038,-0.0065185,0.00047122,-2,0,118
-0.55053,4.8629,-0.0065185,0.00047122,-2,1,118
-1.2238,0.48964,-0.0065185,0.00047122,-2,1,118
-1.9955,0.34771,-0.0065185,0.00047122,-2,0,118
-0.99553,-1.6821,-0.0065185,0.00047122,-2,1,118
-1.8455,-1.8761,-0.0065185,0.00047122,-2,0,118
-0.84553,-0.86952,-0.0065185,0.00047122,-2,1,118
-0.99553,-0.98211,-0.0065185,0.00047122,-2,0,118
-2.1455,1.7553,-0.0065185,0.00047122,-2,0,118
-4.5455,-1.2278,-0.0065185,0.00047122,-2,0,118
-5.163,-2.341,-0.0065185,0.00047122,-2,0,118
4.3968,-0.90424,4.9935,0.00047122,1,0,118
1.172,1.2633,-0.0065185,0.00047122,-2,0,118
-1.8379,-2.7446,-0.0065185,0.00047122,-2,0,118
2.0045,2.7404,-0.0065185,0.00047122,-2,1,118
-2.6955,-1.179,-0.0065185,0.00047122,-2,0,118
-1.4405,-0.14945,-0.0065185,0.00047122,-2,0,118
1.2327,1.2461,2.9935,0.00047122,1,0,118
-2.9955,-5.5321,-0.0065185,0.00047122,-2,0,118
-0.44553,2.5679,-0.0065185,0.00047122,-2,1,118
0.83697,2.4805,-0.0065185,0.00047122,-2,0,118
-0.8379,2.4936,-0.0065185,0.00047122,-2,1,118
0.72049,-0.58359,3.9935,0.00047122,1,1,118
1.3356,1.349,-0.0065185,0.00047122,-2,1,118
-1.127,-2.258,2.9935,0.00047122,1,0,118
2.0427,0.11139,-0.0065185,0.00047122,-2,1,118
-1.5455,-1.3321,-0.0065185,0.00047122,-2,1,118
3.8545,3.7127,-0.0065185,0.00047122,-2,1,118
-2.718,1.1378,-0.0065185,0.00047122,-2,0,118
-2.3097,-2.2962,3.9935,0.00047122,1,0,118
0.48247,0.49588,-0.0065185,0.00047122,-2,1,118
-5.8455,-0.46939,-0.0065185,0.00047122,-2,0,118
5.727,7.4744,-0.0065185,0.00047122,-2,1,118
4.6186,5.7184,-0.0065185,0.00047122,-2,1,118
-1.5175,-3.9041,-0.0065185,0.00047122,-2,0,118
-0.43923,-0.42582,-0.0065185,0.00047122,-2,0,118
-3.6184,-2.6998,-0.0065185,0.00047122,-2,0,118
-2.3955,-2.3821,-0.0065185,0.00047122,-2,1,118
-2.0355,0.81239,-2.0065,0.00047122,1,1,118
-0.27303,-0.25961,-0.0065185,0.00047122,-2,0,118
-0.2314,-2.4271,-0.0065185,-0.99953,-1,0,118
-5.718,-0.53727,-0.0065185,0.00047122,-2,1,118
-4.8597,-5.2761,4.9935,0.00047122,1,0,118
-1.5175,-1.8695,-0.0065185,0.00047122,-2,0,118
-1.2892,3.6304,-0.0065185,0.00047122,-1,0,118
4.3816,0.57169,-0.0065185,0.00047122,-2,1,118
-2.3161,0.62792,-0.0065185,0.00047122,-2,0,118
2.277,2.4811,-0.0065185,0.00047122,-2,1,118
-1.9271,-0.55286,-5.0065,0.00047122,1,0,118
-1.7987,4.6026,-0.0065185,0.00047122,-2,1,118
1.8371,3.3803,-0.0065185,0.00047122,-2,1,118
6.7045,1.2211,-0.0065185,0.00047122,-2,0,118
5.2545,5.7129,-0.0065185,0.00047122,-2,1,118
1.1545,-1.0357,-0.0065185,0.00047122,-2,1,118
-0.97303,0.59189,-4.0065,0.00047122,1,0,118
0.83535,3.5441,4.9935,0.00047122,1,0,118
-2.4735,-4.1004,-0.0065185,0.00047122,-2,1,118
-2.5518,-5.4386,-0.0065185,0.00047122,-2,0,118
-5.5455,-5.5321,-0.0065185,0.00047122,-2,0,118
-6.163,-6.1496,-0.0065185,0.00047122,-2,0,118
-6.8379,-4.043,-0.0065185,0.00047122,-2,1,118
-7.2455,-7.2321,-0.0065185,0.00047122,-2,0,118
-6.158,-2.7164,-4.0065,0.00047122,1,0,118
-2.163,-0.94384,-0.0065185,0.00047122,-2,1,118
1.0045,3.9079,-0.0065185,0.00047122,-2,0,118
-1.9955,-1.9821,-0.0065185,0.00047122,-2,0,118
0.30447,0.68677,-0.0065185,0.00047122,-2,1,118
0.70447,0.71789,-0.0065185,0.00047122,-2,1,118
-0.59053,2.7547,3.9935,0.00047122,1,1,118
-1.273,-0.9381,-0.0065185,0.00047122,-2,0,118
-0.29553,-1.1721,-0.0065185,0.00047122,-2,1,118
-1.5505,-1.5371,-0.0065185,0.00047122,-2,0,118
-0.54553,-0.53211,-0.0065185,0.00047122,-2,0,118
-0.46303,-1.5085,2.9935,0.00047122,1,0,118
-4.8379,-4.0261,-0.0065185,0.00047122,-2,0,118
-4.5615,-4.5481,-0.0065185,0.00047122,-2,0,118
1.3356,-1.0702,-0.0065185,0.00047122,-2,1,118
0.87302,0.88644,-0.0065185,0.00047122,-2,1,118
-3.6955,-1.1371,-0.0065185,0.00047122,-2,0,118
3.1495,3.1629,3.9935,0.00047122,1,1,118
3.2327,3.4179,-0.0065185,0.00047122,-2,1,118
3.0485,2.7619,-0.0065185,0.00047122,-2,1,118
-0.10812,-0.98211,-0.0065185,0.00047122,-2,0,118
2.8545,-2.1814,-0.0065185,0.00047122,-2,1,118
-1.718,-1.7046,-0.0065185,0.00047122,-2,0,118
-3.6097,-0.3831,-0.0065185,0.00047122,-2,0,118
3.0765,1.6805,2.9935,0.00047122,1,1,118
-1.4392,-1.4258,-0.0065185,0.00047122,-2,0,118
-1.3727,-1.3593,-0.0065185,0.00047122,-2,0,118
-0.3161,-2.1451,-0.0065185,0.00047122,-2,1,118
2.0045,-1.0849,-0.0065185,0.00047122,-2,1,118
1.7045,1.7179,-4.0065,0.00047122,1,1,118
0.0044729,0.017889,-0.0065185,0.00047122,-2,1,118
2.0045,2.0179,-0.0065185,0.00047122,-2,1,118
4.0045,4.0179,-0.0065185,0.00047122,-2,1,118
-3.3955,2.1059,2.9935,0.00047122,1,0,118
5.0045,-3.1227,-0.0065185,0.00047122,-2,1,118
4.0045,4.0179,-0.0065185,0.00047122,-2,1,118
4.0045,3.2037,-0.0065185,0.00047122,-2,1,118
2.0045,3.0552,-0.0065185,0.00047122,-2,1,118
2.0045,1.7096,-0.0065185,0.00047122,-2,1,118
-0.99553,1.2008,-0.0065185,0.00047122,-2,0,118
0.85447,-1.2104,4.9935,0.00047122,1,1,118
-0.71803,-0.70461,-0.0065185,0.00047122,-2,0,118
-0.60965,-2.7072,-0.0065185,0.00047122,-2,0,118
-0.51753,-0.50412,-0.0065185,0.00047122,-2,0,118
1.5608,1.5742,-0.0065185,0.00047122,-2,1,118
0.70447,2.2629,-0.0065185,0.00047122,-2,0,118
0.59947,-0.83211,-5.0065,0.00047122,1,0,118
2.282,-3.8384,-0.0065185,0.00047122,-2,0,118
1.3903,1.9538,-0.0065185,0.00047122,-2,1,118
0.70447,2.0024,-0.0065185,0.00047122,-2,0,118
-2.8455,1.0103,-0.0065185,0.00047122,-2,0,118
-2.418,-1.4766,-5.0065,0.00047122,1,0,118
-4.6097,-4.8462,-0.0065185,0.00047122,-2,1,118
-6.3955,-3.2336,-0.0065185,0.00047122,-2,0,118
-5.5455,-5.6027,-0.0065185,0.00047122,-2,1,118
4.5545,2.5206,-0.0065185,0.00047122,-2,0,118
-2.163,-2.1496,-0.0065185,0.00047122,-2,0,118
-3.9955,-3.9821,-0.0065185,0.00047122,-2,0,118
4.0045,1.6208,-0.0065185,0.00047122,-2,1,118
-3.3955,-3.3821,3.9935,0.00047122,1,0,118
3.0045,-3.3821,-0.0065185,0.00047122,-2,1,118
0.0044729,-2.5321,-0.0065185,0.00047122,-2,0,118
-0.99553,-1.6233,-0.0065185,0.00047122,-2,0,118
-0.84553,-0.52709,3.9935,0.00047122,1,0,118
-2.9955,-3.4453,-0.0065185,0.00047122,-2,0,118
-4.9955,-5.3759,-0.0065185,0.00047122,-2,0,118
-3.9955,2.4744,-0.0065185,0.00047122,-2,0,118
3.4045,3.4179,-4.0065,0.00047122,1,1,118
-3.9955,3.4179,-0.0065185,0.00047122,-2,0,118
2.0045,3.4179,-0.0065185,0.00047122,-2,1,118
-4.9955,-5.1568,-0.0065185,0.00047122,-2,1,118
-6.2455,-6.2321,-0.0065185,0.00047122,-2,0,118
-3.6955,-3.6821,-0.0065185,0.00047122,-2,0,118
-3.4405,-2.4711,-0.0065185,0.00047122,-2,1,118
1.7045,1.7179,-0.0065185,0.00047122,-2,1,118
-1.4405,-0.73641,2.9935,0.00047122,1,0,118
3.0045,3.0179,-0.0065185,0.00047122,-2,0,118
3.0045,2.1854,-0.0065185,0.00047122,-2,0,118
0.0044729,0.017889,-0.0065185,0.00047122,-2,1,118
-0.99553,-0.98211,-0.0065185,0.00047122,-2,0,118
-0.84553,1.0103,3.9935,0.00047122,1,0,118
-2.718,-1.9821,-0.0065185,0.00047122,-2,1,118
-0.69553,-2.2962,-0.0065185,0.00047122,-2,1,118
-1.5505,-3.2886,-0.0065185,0.00047122,-2,0,118
1.3262,4.6559,-4.0065,0.00047122,1,0,118
3.172,1.1414,-0.0065185,0.00047122,-2,1,118
2.8545,-3.7595,-0.0065185,0.00047122,-2,1,118
-2.718,-2.7046,-0.0065185,0.00047122,-2,0,118
0.6186,-0.62327,-0.0065185,0.00047122,-2,1,118
-1.4735,-2.5271,-0.0065185,0.00047122,-2,0,118
2.3045,2.3179,-0.0065185,0.00047122,-2,0,118
-1.9505,1.0857,3.9935,0.00047122,1,1,118
-2.7673,-2.7539,-0.0065185,0.00047122,-2,1,118
-2.9515,-2.9381,-0.0065185,0.00047122,-2,0,118
-0.59553,-6.4386,-0.0065185,0.00047122,-2,0,118
-0.59553,0.52789,-0.0065185,0.00047122,-2,1,118
1.8945,1.9079,-0.0065185,0.00047122,-2,1,118
3.461,3.4744,-0.0065185,0.00047122,-2,1,118
-7.0836,2.7589,-0.0065185,0.00047122,-2,0,118
-3.7703,-3.7569,-0.0065185,0.00047122,-2,1,118
-5.6955,-5.6821,-0.0065185,0.00047122,-2,1,118
-3.4405,-2.878,-0.0065185,0.00047122,-2,0,118
5.7045,5.7179,-0.0065185,0.00047122,-2,1,118
3.4495,3.4629,-0.0065185,0.00047122,-2,1,118
2.2327,2.2461,-0.0065185,0.00047122,-2,1,118
-0.03954,-0.64521,-0.0065185,0.00047122,-2,1,118
0.041884,0.055299,-5.0065,0.00047122,1,0,118
0.28197,0.29539,-0.0065185,0.00047122,-2,1,118
-1.8455,3.1672,-0.0065185,0.00047122,-2,0,118
1.282,1.2954,-0.0065185,0.00047122,-2,1,118
-0.69553,1.7404,-0.0065185,0.00047122,-2,1,118
3.1545,6.2364,-0.0065185,0.00047122,-2,0,118
0.91645,2.7761,-0.0065185,0.00047122,-2,0,119
-5.7703,-1.0921,-0.0065185,0.00047122,-2,0,119
-3.5041,0.47439,-0.0065185,0.00047122,-2,0,119
-4.2778,-3.1306,-0.0065185,0.00047122,-2,0,119
5.0944,-0.61018,-0.0065185,0.00047122,-2,1,119
-3.922,-3.4894,-0.0065185,0.00047122,-2,0,119
-5.783,-3.6998,-0.0065185,0.00047122,-2,0,119
-3.6649,-1.8921,-0.0065185,0.00047122,-2,0,119
2.5734,1.9262,-0.0065185,0.00047122,-2,1,119
-3.4791,-2.1946,-0.0065185,0.00047122,-2,0,119
-3.4066,-0.75774,-0.0065185,0.00047122,-2,0,119
-5.3449,-4.4131,-0.0065185,0.00047122,-2,0,119
-4.5425,-3.0165,-0.0065185,-2.9995,-1,0,119
-2.248,-2.0113,-0.0065185,0.00047122,-2,0,119
0.78989,1.3673,-0.0065185,0.00047122,-2,1,119
2.1545,1.3701,-0.0065185,0.00047122,-2,1,119
-4.5455,0.72243,-0.0065185,0.00047122,-2,0,119
3.872,1.7332,2.9935,0.00047122,1,1,119
-6.8379,-4.3745,-0.0065185,0.00047122,-2,0,119
1.5705,4.2789,-0.0065185,0.00047122,-2,0,119
2.0045,5.6304,-0.0065185,0.00047122,-2,1,119
-0.69553,-0.11356,-0.0065185,0.00047122,-2,1,119
0.59947,0.61289,3.9935,0.00047122,1,0,119
-1.718,-1.7046,-0.0065185,0.00047122,-2,0,119
3.6186,-2.258,-0.0065185,0.00047122,-2,1,119
-4.5175,-3.0541,-0.0065185,0.00047122,-2,0,119
5.4482,5.0179,-0.0065185,0.00047122,-2,1,119
5.3816,3.285,-0.0065185,0.00047122,-2,1,119
-4.3161,-4.5527,-0.0065185,0.00047122,-2,0,119
3.677,3.4179,-3.0065,0.00047122,1,1,119
-0.76391,-0.75049,-0.0065185,0.00047122,-2,0,119
-0.14553,1.1854,-0.0065185,0.00047122,-2,0,119
-0.14553,0.14539,-0.0065185,0.00047122,-2,0,119
-4.8455,-0.83211,-0.0065185,0.00047122,-2,0,119
5.727,4.1404,-0.0065185,0.00047122,-2,1,119
-3.6097,-4.8462,-0.0065185,0.00047122,-2,0,119
-3.5175,-3.3593,-0.0065185,0.00047122,-2,0,119
3.4482,2.6291,-0.0065185,0.00047122,-2,1,119
2.9316,-2.605,-0.0065185,-2.9995,-1,1,119
2.3251,2.3385,-0.0065185,0.00047122,-2,1,119
-1.968,-2.0214,3.9935,0.00047122,1,0,119
-2.7639,-3.1505,-0.0065185,0.00047122,-2,0,119
2.5545,2.5679,-0.0065185,0.00047122,-2,1,119
1.837,1.5614,-0.0065185,0.00047122,-2,1,119
1.4045,1.4179,-0.0065185,0.00047122,-2,0,119
-1.2955,-1.4161,-0.0065185,0.00047122,-2,1,119
-1.4405,-1.4271,-0.0065185,0.00047122,-2,0,119
1.2327,1.183,3.9935,0.00047122,1,1,119
3.0485,4.3796,-0.0065185,0.00047122,-2,1,119
2.1171,2.1305,-0.0065185,0.00047122,-2,1,119
0.45447,4.4629,-0.0065185,0.00047122,-2,1,119
4.5545,4.5679,-0.0065185,0.00047122,-2,1,119
4.172,-1.3225,-0.0065185,0.00047122,-2,1,119
4.8468,3.4446,-0.0065185,0.00047122,-2,1,119
4.1205,1.8256,4.9935,0.00047122,1,1,119
5.3356,4.3262,-0.0065185,0.00047122,-2,1,119
-5.127,-4.7261,-0.0065185,0.00047122,-2,0,119
4.9662,4.2406,-0.0065185,0.00047122,-2,1,119
-0.17806,3.0972,-0.0065185,0.00047122,-2,0,119
2.1545,3.1692,-0.0065185,0.00047122,-2,1,119
-1.823,0.14977,3.9935,0.00047122,1,0,119
0.17197,-2.8801,-0.0065185,0.00047122,-2,1,119
-0.15315,-0.13974,-0.0065185,0.00047122,-2,1,119
-0.56155,1.1002,-0.0065185,0.00047122,-2,0,119
-1.6644,-0.5238,-0.0065185,0.00047122,-2,0,119
0.45447,-1.4007,-0.0065185,0.00047122,-2,1,119
-2.5455,-2.5321,-0.0065185,0.00047122,-2,0,119
2.172,-0.16464,-0.0065185,-0.99953,-1,1,119
3.8468,0.26903,-0.0065185,0.00047122,-2,1,119
3.2705,2.3085,3.9935,0.00047122,1,1,119
6.3356,3.9199,-0.0065185,0.00047122,-2,1,119
-5.127,-5.3636,-0.0065185,0.00047122,-2,0,119
4.9662,3.7806,-0.0065185,0.00047122,-2,1,119
4.2219,-1.6738,-0.0065185,-1.9995,-1,1,119
-4.6904,-3.567,-0.0065185,0.00047122,-2,0,119
-4.5862,-4.5727,-0.0065185,0.00047122,-2,0,119
3.9065,3.4099,-3.0065,0.00047122,1,1,119
-2.4223,2.1412,-0.0065185,0.00047122,-2,0,119
2.3672,2.0806,-0.0065185,0.00047122,-2,1,119
-3.6872,1.8342,-0.0065185,0.00047122,-2,0,119
0.60447,0.61789,-0.0065185,0.00047122,-2,0,119
0.51447,-2.6494,-5.0065,0.00047122,1,0,119
-0.45203,-0.43861,-0.0065185,0.00047122,-2,0,119
-1.9075,-4.8695,-0.0065185,0.00047122,-2,1,119
1.2297,-2.2984,-0.0065185,0.00047122,-2,1,119
1.0459,-4.1007,3.9935,0.00047122,1,1,119
0.17197,1.1994,-0.0065185,0.00047122,-2,1,119
1.8468,0.16026,-0.0065185,0.00047122,-2,1,119
1.5705,1.5839,-0.0065185,0.00047122,-2,1,119
-2.3266,-1.3132,-0.0065185,0.00047122,-2,0,119
-0.12698,-0.11356,-0.0065185,0.00047122,-2,1,119
4.8545,4.8679,-0.0065185,0.00047122,-2,1,119
-4.118,-1.5413,1.9935,0.00047122,1,0,119
3.6186,-1.068,-0.0065185,0.00047122,-2,1,119
-4.5175,-2.0884,-0.0065185,0.00047122,-2,0,119
-4.4392,-4.4258,-0.0065185,0.00047122,-2,0,119
-4.3727,-3.6615,-0.0065185,0.00047122,-2,0,119
-4.3161,-3.7096,-0.0065185,0.00047122,-2,0,119
3.677,2.3784,-4.0065,0.00047122,1,0,119
0.11447,6.4179,-0.0065185,0.00047122,-2,1,119
1.548,6.9079,-0.0065185,0.00047122,-2,1,119
2.9164,7.4744,-0.0065185,0.00047122,-2,1,119
2.2297,6.1059,-0.0065185,0.00047122,-2,1,119
1.8959,-0.80581,-4.0065,0.00047122,1,1,119
-0.27784,0.23039,-0.0065185,0.00047122,-2,1,119
-0.90556,3.5773,-0.0065185,0.00047122,-2,0,119
0.078005,2.8079,-0.0065185,0.00047122,-2,1,119
-1.208,-0.34849,-0.0065185,0.00047122,-2,0,119
-2.3262,-2.571,-0.0065185,0.00047122,-2,0,119
-3.4266,-3.6327,-0.0065185,0.00047122,-2,0,119
-2.5119,-2.6851,-0.0065185,0.00047122,-2,0,119
2.1434,1.5455,-4.0065,0.00047122,1,0,119
5.172,-0.38211,-0.0065185,0.00047122,-2,1,119
6.5545,3.3222,-0.0065185,0.00047122,-2,1,119
5.172,2.8629,-0.0065185,0.00047122,-2,1,119
-4.3879,-2.7403,2.9935,0.00047122,1,0,119
3.5705,-0.96609,-0.0065185,0.00047122,-2,1,119
3.3356,1.9227,-0.0065185,0.00047122,-2,1,119
4.1359,2.5943,-0.0065185,0.00047122,-2,1,119
3.5162,2.4991,2.9935,0.00047122,1,1,119
5.8219,3.3854,-0.0065185,0.00047122,-2,1,119
4.6993,4.7127,-0.0065185,0.00047122,-2,1,119
4.5951,3.5881,-0.0065185,0.00047122,-2,1,119
4.5065,3.9199,-0.0065185,0.00047122,-2,1,119
4.4312,3.3874,-0.0065185,0.00047122,-2,1,119
4.3672,3.7806,-0.0065185,0.00047122,-2,1,119
4.3128,4.3262,-0.0065185,0.00047122,-2,1,119
3.6665,3.17,3.9935,0.00047122,1,1,119
1.2272,3.6406,-0.0065185,0.00047122,-2,1,119
2.1938,1.0572,-0.0065185,0.00047122,-2,1,119
3.1654,1.8788,-0.0065185,0.00047122,-2,1,119
1.1413,1.1547,-0.0065185,0.00047122,-2,1,119
0.97075,2.1771,2.9935,0.00047122,1,1,119
1.1033,1.1167,-0.0065185,0.00047122,-2,0,119
-3.1455,-1.8146,-0.0065185,0.00047122,-2,0,119
-3.273,-3.2596,-0.0065185,0.00047122,-2,0,119
2.7903,-1.5438,4.9935,0.00047122,1,1,119
-1.4735,-2.901,-0.0065185,0.00047122,-2,0,119
0.56077,0.58644,-0.0065185,0.00047122,-2,0,119
0.85447,1.4629,-0.0065185,0.00047122,-2,1,119
0.0044729,-0.38403,-0.0065185,0.00047122,-2,0,119
3.0045,0.017889,-0.0065185,0.00047122,-2,1,119
3.0045,3.0179,-0.0065185,0.00047122,-2,1,119
-2.5455,-2.1496,3.9935,0.00047122,1,0,119
-3.9955,-3.8148,-0.0065185,0.00047122,-2,0,119
5.0045,-2.8721,-0.0065185,0.00047122,-2,1,119
-3.9955,-3.8612,-0.0065185,0.00047122,-2,0,119
-4.9955,-4.8793,-0.0065185,0.00047122,-2,0,119
4.2545,-3.9821,-0.0065185,-3.9995,-1,1,119
4.0045,4.0179,-0.0065185,0.00047122,-2,1,119
-1.9955,-2.2006,-0.0065185,0.00047122,-2,0,119
-3.9955,-1.6285,-0.0065185,0.00047122,-2,0,119
-0.99553,-3.3821,-0.0065185,0.00047122,-2,0,119
-0.99553,-0.79335,-0.0065185,0.00047122,-2,0,119
2.0045,2.0179,-0.0065185,0.00047122,-2,1,119
2.0045,2.0459,-0.0065185,0.00047122,-2,0,119
0.0044729,0.041692,-0.0065185,0.00047122,-2,1,119
-1.9955,-0.50412,-0.0065185,0.00047122,-2,0,119
2.6734,2.8864,-0.0065185,0.00047122,-2,0,120
-3.127,-3.1136,-0.0065185,0.00047122,-2,0,120
5.9662,-0.24863,-0.0065185,0.00047122,-2,1,120
5.0719,0.83536,-0.0065185,0.00047122,-1,1,120
-4.6904,-4.1852,-0.0065185,0.00047122,-2,0,120
-3.9862,-3.8841,0.99348,0.00047122,1,0,120
-5.4976,-5.4088,-0.0065185,0.00047122,-2,0,120
4.4312,4.4446,-0.0065185,0.00047122,-2,1,120
-4.3582,0.3237,-0.0065185,0.00047122,-2,0,120
4.3128,3.7262,-0.0065185,0.00047122,-2,1,120
-4.2576,-3.6442,-0.0065185,0.00047122,-2,0,120
-2.2183,-2.2049,-0.0065185,0.00047122,-2,0,120
1.8938,3.0972,-4.0065,0.00047122,1,0,120
2.4495,3.4744,-0.0065185,0.00047122,-2,1,120
1.1545,2.0579,-0.0065185,0.00047122,-2,0,120
-1.718,1.6191,-0.0065185,0.00047122,-2,1,120
-1.8455,0.46289,-0.0065185,0.00047122,-2,0,120
-1.568,-1.2266,3.9935,0.00047122,1,0,120
5.727,-2.9384,-0.0065185,0.00047122,-2,1,120
-3.6097,-4.6093,-0.0065185,0.00047122,-2,0,120
-3.5175,-3.0541,-0.0065185,0.00047122,-2,0,120
0.44818,0.29038,-0.0065185,0.00047122,-2,1,120
-0.37268,-2.3812,1.9935,0.00047122,1,0,120
1.6839,1.821,-0.0065185,0.00047122,-2,0,120
0.27696,-1.2598,-0.0065185,0.00047122,-2,1,120
2.7729,-0.12435,-0.0065185,0.00047122,-2,1,120
2.5545,2.371,-0.0065185,0.00047122,-2,1,120
-1.163,-2.1496,-0.0065185,0.00047122,-2,0,120
-0.15315,1.0103,-0.0065185,0.00047122,-2,0,120
-0.12951,-0.70461,3.9935,0.00047122,1,0,120
0.44947,-1.9371,-0.0065185,0.00047122,-2,1,120
2.7762,-0.36036,-0.0065185,0.00047122,-2,1,120
0.40447,2.9742,-0.0065185,0.00047122,-2,1,120
0.89447,-1.918,-0.0065185,0.00047122,-2,0,120
2.3045,0.77439,-0.0065185,0.00047122,-2,0,120
-2.4405,1.9729,-0.0065185,0.00047122,-2,0,120
-2.2238,-2.2104,-0.0065185,0.00047122,-2,0,120
-3.0395,-3.3132,-0.0065185,0.00047122,-2,0,120
-2.5829,-1.4836,3.9935,0.00047122,1,0,120
-2.7498,2.6636,-0.0065185,0.00047122,-2,0,120
-3.6367,-2.3233,-0.0065185,0.00047122,-2,0,120
4.5495,4.7127,-0.0065185,0.00047122,-2,1,120
-3.8588,-2.7402,-5.0065,0.00047122,1,0,120
-3.3893,-4.6259,-0.0065185,0.00047122,-2,0,120
-2.3302,-2.9588,-0.0065185,0.00047122,-2,0,120
1.72,1.6552,-0.0065185,0.00047122,-2,0,120
-2.7537,1.7712,-0.0065185,0.00047122,-2,1,120
-0.20107,-0.18765,-0.0065185,0.00047122,-2,1,120
-0.17024,1.9626,4.9935,0.00047122,1,0,120
3.856,3.8285,-0.0065185,0.00047122,-2,0,120
-1.8693,0.17883,-0.0065185,0.00047122,-2,0,120
-2.2955,3.0885,-0.0065185,0.00047122,-2,1,120
-1.5505,-2.9821,-0.0065185,0.00047122,-2,0,120
1.4545,1.4679,-0.0065185,0.00047122,-2,0,120
-1.163,-1.1056,-0.0065185,0.00047122,-2,0,120
-0.9879,-0.97449,-4.0065,0.00047122,1,0,120
-1.5615,-4.9481,-0.0065185,0.00047122,-2,0,120
2.3356,1.5265,-0.0065185,0.00047122,-2,1,120
-1.127,-1.9636,-0.0065185,0.00047122,-2,0,120
-4.9573,-0.94384,-0.0065185,0.00047122,-2,0,120
4.8219,4.9444,-0.0065185,0.00047122,-2,1,120
-3.6904,-3.6596,-0.0065185,0.00047122,-2,0,120
-3.1362,-3.1227,3.9935,0.00047122,1,0,120
4.5065,4.5869,-0.0065185,0.00047122,-2,1,120
-3.4223,2.4243,-0.0065185,0.00047122,-2,0,120
-5.3582,-5.3932,-0.0065185,0.00047122,-2,0,120
-4.3038,-2.4579,-0.0065185,0.00047122,-2,0,120
-4.2576,-4.2442,-0.0065185,0.00047122,-2,0,120
-3.6183,-3.0949,3.9935,0.00047122,1,0,120
1.1938,-3.1675,-0.0065185,0.00047122,-2,1,120
-2.1565,-2.1431,-0.0065185,0.00047122,-2,0,120
-3.1323,-3.1189,-0.0065185,0.00047122,-2,0,120
-3.1118,-0.71251,-0.0065185,0.00047122,-2,0,120
2.6533,2.6799,-3.0065,0.00047122,1,0,120
-5.163,-0.43211,-0.0065185,0.00047122,-2,0,120
7.5545,4.4103,-0.0065185,0.00047122,-2,1,120
-6.163,-4.2928,-0.0065185,0.00047122,-2,0,120
-5.8379,-4.0337,-0.0065185,0.00047122,-2,0,120
-4.5615,-3.026,-0.0065185,0.00047122,-2,0,120
3.8856,3.8055,-3.0065,0.00047122,1,1,120
-6.127,-5.0138,-0.0065185,0.00047122,-2,0,120
4.9662,4.9796,-0.0065185,0.00047122,-2,1,120
3.8219,3.8354,-0.0065185,0.00047122,-2,1,120
3.6993,3.7127,-0.0065185,0.00047122,-2,1,120
-0.58615,0.75838,-0.0065185,0.00047122,-2,0,120
-0.4935,0.51992,-0.0065185,0.00047122,-2,1,120
0.42775,0.85594,-3.0065,0.00047122,1,0,120
1.3672,2.9306,-0.0065185,0.00047122,-2,1,120
-3.3038,-1.1404,-0.0065185,0.00047122,-2,0,120
3.2665,2.83,-0.0065185,0.00047122,-2,1,120
5.2272,5.2406,-0.0065185,0.00047122,-2,1,120
-4.4349,-2.339,-5.0065,0.00047122,1,0,120
-3.1565,-4.2366,-0.0065185,0.00047122,-2,0,120
-0.13233,0.014058,-0.0065185,0.00047122,-2,0,120
-0.11181,-2.2659,-0.0065185,0.00047122,-2,0,120
-0.094364,0.015121,1.9935,0.00047122,1,0,120
-0.079538,1.6339,-0.0065185,0.00047122,-2,0,120
-0.066937,0.015889,-0.0065185,0.00047122,-2,0,120
-1.0562,-0.98381,-0.0065185,0.00047122,-2,0,120
-1.0471,-0.98356,-0.0065185,0.00047122,-2,0,120
-0.039381,0.016661,-0.0065185,0.00047122,-2,0,120
0.9672,0.98061,-0.0065185,0.00047122,-2,0,120
0.82279,0.017001,2.9935,0.00047122,1,0,120
0.031405,0.044821,-0.0065185,0.00047122,-2,1,120
2.9816,2.1847,-0.0065185,0.00047122,-2,1,120
5.5545,1.8408,-0.0065185,0.00047122,-2,0,120
-2.5455,-2.1331,-0.0065185,0.00047122,-2,1,120
-1.163,1.0319,-0.0065185,0.00047122,-2,1,120
0.99685,1.8603,-5.0065,0.00047122,1,0,120
-3.5615,4.278,-0.0065185,0.00047122,-2,0,120
-0.29553,-0.28211,-0.0065185,0.00047122,-2,0,120
1.3045,4.1493,-0.0065185,0.00047122,-2,0,120
2.5595,2.5729,-0.0065185,0.00047122,-2,0,120
-2.1673,3.4647,3.9935,0.00047122,1,1,120
2.9605,-4.4261,-0.0065185,0.00047122,-2,0,120
3.1171,4.6085,-0.0065185,0.00047122,-2,0,120
-2.2412,-2.1178,-0.0065185,0.00047122,-2,1,120
1.9133,0.44461,-0.0065185,0.00047122,-1,0,120
-1.5405,2.5481,-0.0065185,0.00047122,-2,0,120
-2.4588,-2.4453,-0.0065185,0.00047122,-2,0,120
-4.3893,-4.3759,-0.0065185,0.00047122,-2,0,120
3.7392,0.9667,-2.0065,0.00047122,1,0,120
2.8945,0.53989,-0.0065185,0.00047122,-2,1,120
-2.9955,1.6238,-0.0065185,0.00047122,-2,0,120
-2.9955,-2.9821,-0.0065185,0.00047122,-2,0,120
2.5545,2.1854,-2.0065,0.00047122,1,0,120
-3.163,-1.7256,-0.0065185,0.00047122,-2,0,120
-3.8455,0.61289,-0.0065185,0.00047122,-2,0,120
-2.718,-1.9107,-0.0065185,0.00047122,-2,0,120
2.3186,2.7995,-4.0065,0.00047122,1,1,120
0.48247,1.0695,-0.0065185,0.00047122,-2,0,120
-1.4392,-0.93826,-0.0065185,0.00047122,-2,0,120
-1.3727,2.0972,-0.0065185,0.00047122,-2,1,120
3.8545,3.8679,-0.0065185,0.00047122,-2,1,120
-1.5455,-0.75729,-0.0065185,0.00047122,-2,0,120
-0.82803,1.3354,-0.0065185,0.00047122,-2,1,120
-1.1532,-1.1397,-0.0065185,0.00047122,-2,1,120
0.98845,2.2019,-4.0065,0.00047122,1,0,120
-1.6644,4.749,-0.0065185,0.00047122,-2,1,120
0.87302,1.4364,-0.0065185,0.00047122,-2,1,120
-1.6955,-1.6821,-0.0065185,0.00047122,-2,1,120
3.0045,1.8603,-0.0065185,0.00047122,-2,0,120
2.5545,2.5752,1.9935,0.00047122,1,0,120
-0.99553,1.7179,-0.0065185,0.00047122,-2,0,120
0.85447,0.86789,0.99348,0.00047122,1,1,120
3.0045,3.0224,-0.0065185,0.00047122,-2,0,120
2.5545,-0.70078,-5.0065,0.00047122,1,0,120
-0.99553,4.2679,-0.0065185,0.00047122,-2,1,120
0.0044729,0.017889,-0.0065185,0.00047122,-2,1,120
-0.99553,0.74274,-0.0065185,0.00047122,-2,0,120
-2.9955,-0.83011,-0.0065185,0.00047122,-2,0,120
4.0045,4.0179,-0.0065185,0.00047122,-2,1,120
3.0045,3.0179,-0.0065185,0.00047122,-2,1,120
-2.5455,-1.8245,3.9935,0.00047122,1,1,120
0.83697,1.4519,-0.0065185,0.00047122,-2,0,120
-5.5455,-5.4221,-0.0065185,0.00047122,-2,1,120
5.172,3.0186,-0.0065185,0.00047122,-2,0,120
4.8468,3.0185,-0.0065185,0.00047122,-2,1,120
4.5545,4.5679,-0.0065185,0.00047122,-2,1,120
4.172,2.915,-0.0065185,0.00047122,-2,1,120
5.8468,5.349,-0.0065185,0.00047122,-2,1,120
1.5705,3.0289,-0.0065185,0.00047122,-2,1,120
-2.3266,-1.3132,-0.0065185,0.00047122,-2,0,120
1.1359,1.9993,-0.0065185,0.00047122,-2,1,120
-2.0338,-2.0204,-0.0065185,0.00047122,-2,1,120
1.187,-0.79958,-0.0065185,0.00047122,-2,1,120
-6.6955,-6.6821,-0.0065185,0.00047122,-2,0,120
-5.4405,-5.4271,-0.0065185,0.00047122,-2,0,120
-4.6238,0.38061,3.9935,0.00047122,1,0,120
2.0485,-3.3821,-0.0065185,0.00047122,-2,1,120
-2.8829,-2.8695,-0.0065185,0.00047122,-2,0,120
-3.7498,-0.70461,-0.0065185,0.00047122,-2,0,120
-5.6367,-4.9821,-0.0065185,0.00047122,-2,0,120
-5.5405,-4.9821,-0.0065185,0.00047122,-2,0,120
4.8495,4.4629,-0.0065185,3.0005,-1,1,121
2.2327,2.2461,-0.0065185,0.00047122,-2,0,121
-0.14553,-0.13211,-0.0065185,0.00047122,-2,1,121
3.8545,1.245,-0.0065185,0.00047122,-2,1,121
6.5545,4.3385,-0.0065185,0.00047122,-2,1,121
5.172,1.8227,-0.0065185,0.00047122,-2,1,121
-6.8379,-4.3745,-0.0065185,0.00047122,-2,0,121
5.5705,4.4648,-0.0065185,0.00047122,-2,1,121
0.33559,-0.81477,-0.0065185,0.00047122,-2,0,121
2.1545,0.29934,-0.0065185,0.00047122,-2,1,121
3.5545,1.9796,-0.0065185,0.00047122,-2,1,121
3.172,4.2734,-0.0065185,0.00047122,-2,1,121
2.6968,1.5627,-4.0065,0.00047122,1,0,121
-3.718,0.41789,-0.0065185,0.00047122,-2,1,121
3.6186,3.632,-0.0065185,0.00047122,-2,1,121
-5.5455,-0.075611,-0.0065185,0.00047122,-2,0,121
6.172,3.5296,-0.0065185,0.00047122,-2,1,121
4.8468,4.2354,-0.0065185,0.00047122,-2,1,121
4.1205,4.1339,2.9935,0.00047122,1,1,121
-3.3266,-3.8632,-0.0065185,0.00047122,-2,1,121
3.7045,2.6874,-0.0065185,0.00047122,-2,1,121
-0.29553,1.8896,-0.0065185,0.00047122,-2,0,121
-4.6955,-4.6821,-0.0065185,0.00047122,-2,0,121
-3.9905,2.2902,2.9935,0.00047122,1,1,121
0.17197,0.20213,-0.0065185,0.00047122,-2,0,121
1.1621,2.6053,-0.0065185,0.00047122,-2,1,121
2.4385,4.4103,-0.0065185,0.00047122,-2,1,121
-1.3266,4.059,-0.0065185,0.00047122,-2,1,121
-2.127,-0.43713,-0.0065185,0.00047122,-2,1,121
0.9662,-0.44535,-0.0065185,0.00047122,-2,1,121
-0.813,0.97962,3.9935,0.00047122,1,0,121
-4.9955,3.4179,-0.0065185,0.00047122,-2,1,121
-6.2455,-6.2321,-0.0065185,0.00047122,-2,0,121
-5.6955,-3.9821,-0.0065185,0.00047122,-2,0,121
-4.4405,-2.9821,-0.0065185,0.00047122,-2,0,121
-4.2238,-4.2104,-0.0065185,0.00047122,-2,0,121
4.0485,-1.4907,-0.0065185,0.00047122,-2,1,121
-4.8829,-4.8695,-0.0065185,0.00047122,-2,0,121
-5.7498,-2.1496,-0.0065185,0.00047122,-2,0,121
4.8956,4.2679,-2.0065,0.00047122,1,0,121
-3.608,-4.1396,-0.0065185,0.00047122,-2,1,121
4.0751,3.0885,-0.0065185,0.00047122,-2,1,121
-5.8455,0.39614,-0.0065185,0.00047122,-2,0,121
4.977,4.2679,-2.0065,0.00047122,1,1,121
-4.6097,-4.5962,-0.0065185,0.00047122,-2,0,121
-1.5175,1.4629,-0.0065185,0.00047122,-2,1,121
-4.1455,-4.1321,-0.0065185,0.00047122,-2,0,121
4.282,-1.0818,-0.0065185,0.00047122,-2,1,121
3.3903,4.9053,-0.0065185,0.00047122,-2,1,121
2.8825,4.3847,2.9935,0.00047122,1,1,121
-1.4392,2.1242,-0.0065185,0.00047122,-2,1,121
0.62732,-0.28713,-0.0065185,0.00047122,-2,1,121
-1.6749,-1.6615,-0.0065185,0.00047122,-2,0,121
-0.26802,0.41164,-0.0065185,0.00047122,-2,1,121
-0.76391,-0.75049,-0.0065185,0.00047122,-2,0,121
1.8076,0.34302,-0.0065185,0.00047122,-2,0,121
1.5371,0.70341,3.9935,0.00047122,1,1,121
-0.85329,-4.8271,-0.0065185,0.00047122,-2,0,121
0.12538,-2.8721,-0.0065185,0.00047122,-2,0,121
-2.0983,3.1969,-0.0065185,0.00047122,-2,0,121
1.3045,-1.5559,-0.0065185,0.00047122,-2,1,121
-1.1005,-0.53211,-0.0065185,2.0005,-1,0,121
2.172,0.55279,-0.0065185,0.00047122,-2,1,121
-1.8379,-1.8245,3.9935,0.00047122,1,1,121
-0.99553,-4.3821,-0.0065185,0.00047122,-2,0,121
5.0045,5.0179,-0.0065185,0.00047122,-2,1,121
-3.9955,-2.391,-0.0065185,0.00047122,-2,0,121
-2.9955,-2.9821,-0.0065185,0.00047122,-2,0,121
3.0045,2.9079,-0.0065185,0.00047122,-2,1,121
-2.5455,-2.5321,2.9935,0.00047122,1,0,121
-1.9955,1.2856,-0.0065185,0.00047122,-2,1,121
-4.6955,-4.6821,-0.0065185,0.00047122,-2,1,121
-4.4405,-1.1397,-0.0065185,0.00047122,-2,0,121
-1.5455,-1.5321,-0.0065185,0.00047122,-2,0,121
-1.313,-1.0261,-4.0065,0.00047122,1,0,121
-0.8379,1.0179,-0.0065185,0.00047122,-2,1,121
-2.1455,-4.4381,-0.0065185,0.00047122,-2,0,121
-2.5455,-1.8096,-0.0065185,0.00047122,-2,0,121
-4.163,-3.1136,-0.0065185,0.00047122,-2,0,121
-3.8379,-3.8245,-0.0065185,0.00047122,-2,0,121
3.2705,1.5839,-2.0065,0.00047122,1,1,121
-2.3266,0.38677,-0.0065185,0.00047122,-2,0,121
0.13592,1.9993,-0.0065185,0.00047122,-2,0,121
0.85447,0.86789,-0.0065185,0.00047122,-2,1,121
0.28197,1.632,-0.0065185,0.00047122,-2,0,121
2.6186,-0.86683,-0.0065185,0.00047122,-2,1,121
2.5265,2.2399,-0.0065185,0.00047122,-2,1,121
2.1482,1.3407,4.9935,0.00047122,1,1,121
2.3816,4.645,-0.0065185,0.00047122,-2,1,121
5.3251,1.4454,-0.0065185,0.00047122,-2,1,121
-5.268,-4.0005,-0.0065185,0.00047122,-2,0,121
2.2361,2.2495,-0.0065185,0.00047122,-2,1,121
1.9013,3.8273,-2.0065,0.00047122,1,1,121
-1.8282,-1.8148,-0.0065185,0.00047122,-2,0,121
-6.6955,-1.803,-0.0065185,0.00047122,-2,0,121
-3.4405,-5.6771,-0.0065185,0.00047122,-2,0,121
-2.9238,-2.9104,3.9935,0.00047122,1,0,121
-0.03954,-0.026124,-0.0065185,0.00047122,-2,0,121
-2.1081,-2.2278,-0.0065185,0.00047122,-2,0,121
1.4545,1.4679,-0.0065185,0.00047122,-2,1,121
3.4045,3.4179,-0.0065185,0.00047122,-2,0,121
3.0045,-0.52709,-0.0065185,0.00047122,-2,1,121
3.0045,3.0179,-0.0065185,0.00047122,-2,1,121
2.5545,3.4677,-4.0065,0.00047122,1,0,121
4.172,3.8603,-0.0065185,0.00047122,-2,0,121
-2.8379,-1.5481,-0.0065185,0.00047122,-2,0,121
-0.14553,-2.4386,-0.0065185,0.00047122,-2,1,121
-3.273,-0.10961,-0.0065185,0.00047122,-2,0,121
-6.3955,-6.3821,-0.0065185,0.00047122,-2,0,121
-5.4355,-2.8721,-4.0065,0.00047122,1,0,121
-5.452,-5.4386,-0.0065185,0.00047122,-2,0,121
-3.0836,-3.3158,-0.0065185,0.00047122,-2,0,121
-4.7703,-2.6069,-0.0065185,0.00047122,-2,0,121
-4.5041,-4.4907,-0.0065185,0.00047122,-2,0,121
-3.8278,-2.4221,2.9935,0.00047122,1,1,121
-6.163,1.4779,-0.0065185,0.00047122,-2,0,121
-0.39553,2.0914,-0.0065185,0.00047122,-2,0,121
-1.1055,-1.0921,-0.0065185,0.00047122,-2,0,121
-4.3955,-4.3821,-0.0065185,0.00047122,-2,0,121
-2.8855,-2.8721,-0.0065185,0.00047122,-2,0,121
1.461,-1.7996,-0.0065185,0.00047122,-2,1,121
4.0925,-1.088,-0.0065185,0.00047122,-2,0,121
-3.4703,-3.4569,-4.0065,0.00047122,1,0,121
-3.5041,-3.4907,-0.0065185,0.00047122,-2,0,121
-0.27784,-0.26442,-0.0065185,0.00047122,-2,0,121
-1.9056,-0.52561,-0.0065185,0.00047122,-2,0,121
-1.6191,0.76196,3.9935,0.00047122,1,1,121
2.217,1.3979,-0.0065185,0.00047122,-2,0,121
2.3351,2.3485,-0.0065185,0.00047122,-2,1,121
-0.44553,-0.43211,-0.0065185,0.00047122,-2,1,121
0.38697,-0.061586,3.9935,0.00047122,1,0,121
-3.8379,-3.5481,-0.0065185,0.00047122,-2,0,121
-2.5615,-2.3132,-0.0065185,0.00047122,-2,0,121
-3.3266,-3.3132,-0.0065185,0.00047122,-2,0,121
-3.127,1.1442,-0.0065185,0.00047122,-2,0,121
3.9662,3.9796,-0.0065185,0.00047122,-2,1,121
1.8219,1.8354,-0.0065185,0.00047122,-2,0,121
1.1545,-1.4227,-0.0065185,0.00047122,-2,1,121
0.72697,-0.95961,-0.0065185,0.00047122,-2,1,121
-1.9955,0.57548,-0.0065185,0.00047122,-2,0,121
-1.6955,-1.6821,-5.0065,0.00047122,1,0,121
-3.9955,-3.9821,-0.0065185,0.00047122,-2,0,121
-2.9955,-2.7072,-0.0065185,0.00047122,-2,0,121
-1.9955,-2.5321,-0.0065185,0.00047122,-2,0,121
-1.6955,-1.6821,-4.0065,0.00047122,1,0,121
-0.99553,-0.98211,-0.0065185,0.00047122,-2,0,121
-2.9955,-2.8721,-0.0065185,0.00047122,-2,0,121
-2.9955,-2.5321,-0.0065185,0.00047122,-2,0,121
-1.9955,-1.9821,-0.0065185,0.00047122,-2,0,121
5.0045,1.9009,-0.0065185,0.00047122,-2,0,121
-7.2455,-4.2321,-0.0065185,0.00047122,-2,0,121
-6.158,-1.5481,-5.0065,0.00047122,1,0,121
6.172,6.1854,-0.0065185,0.00047122,-2,1,121
4.8468,4.8603,-0.0065185,0.00047122,-2,0,121
4.5545,4.5679,-0.0065185,0.00047122,-2,1,121
-5.6955,-4.2921,-0.0065185,0.00047122,-2,0,121
-6.4405,-4.9821,-0.0065185,0.00047122,-2,0,121
-6.2238,-4.9821,-0.0065185,0.00047122,-2,0,121
-3.0395,-3.0261,-0.0065185,0.00047122,-2,0,121
-4.8829,-3.9821,-0.0065185,0.00047122,-2,0,121
-4.7498,-1.7569,-0.0065185,0.00047122,-2,0,121
3.6456,3.659,-0.0065185,0.00047122,-2,1,121
-5.5405,-2.8721,-0.0065185,0.00047122,-2,0,121
4.7177,4.7311,-3.0065,0.00047122,1,1,121
0.61072,1.0179,-0.0065185,0.00047122,-2,1,121
2.1545,-0.49742,-0.0065185,0.00047122,-2,0,121
-0.27303,-1.8096,-0.0065185,0.00047122,-2,1,121
-2.3814,-1.4161,-0.0065185,0.00047122,-2,1,121
-1.4735,-0.651,-0.0065185,0.00047122,-2,0,121
5.2327,5.2461,-0.0065185,0.00047122,-2,1,122
1.9605,-3.4826,-0.0065185,0.00047122,-2,1,122
0.45447,2.4831,-0.0065185,0.00047122,-2,0,122
-2.163,0.40039,-0.0065185,0.00047122,-2,0,122
4.8468,1.5093,-0.0065185,0.00047122,-2,1,122
5.5705,2.7356,-0.0065185,0.00047122,-2,1,122
3.3356,0.92793,-0.0065185,0.00047122,-2,1,122
2.1359,0.091421,-0.0065185,0.00047122,-2,0,122
-1.8455,-1.7938,-0.0065185,0.00047122,-2,0,122
-2.1455,-2.1321,-0.0065185,0.00047122,-2,0,122
-0.54553,-0.53211,-0.0065185,0.00047122,-2,1,122
-0.69553,0.42727,-0.0065185,0.00047122,-2,0,122
-0.59053,-0.48414,2.9935,0.00047122,1,0,122
0.77622,0.78964,-0.0065185,0.00047122,-2,1,122
2.7045,2.7179,-0.0065185,0.00047122,-2,1,122
2.4495,1.1546,-0.0065185,0.00047122,-2,0,122
2.8545,2.8679,-0.0065185,0.00047122,-2,1,122
4.7045,4.7179,-0.0065185,0.00047122,-2,1,122
3.9995,0.96,2.9935,0.00047122,1,1,122
-2.2238,-3.4938,-0.0065185,0.00047122,-2,0,122
5.0485,5.0619,-0.0065185,0.00047122,-2,1,122
5.8919,1.4352,-0.0065185,0.00047122,-2,1,122
5.7588,5.0222,-0.0065185,0.00047122,-2,1,122
4.8956,4.7699,-4.0065,0.00047122,1,1,122
1.5495,1.4446,-0.0065185,0.00047122,-2,1,122
3.4677,3.4811,-0.0065185,0.00047122,-2,1,122
4.3982,4.4116,-0.0065185,0.00047122,-2,1,122
3.7392,-1.7354,-2.0065,0.00047122,1,1,122
-3.28,-3.2049,-0.0065185,0.00047122,-2,0,122
-3.2373,-3.1715,-0.0065185,0.00047122,-2,0,122
2.76,-1.0048,-4.0065,0.00047122,1,1,122
2.1792,-3.2074,-0.0065185,0.00047122,-2,1,122
-0.14403,-0.09839,-0.0065185,0.00047122,-2,1,122
-0.12175,0.017889,-0.0065185,0.00047122,-1,1,122
-0.99553,-0.98211,-0.0065185,0.00047122,-2,0,122
1.1545,1.1679,-0.0065185,0.00047122,-2,1,122
-0.69553,0.98282,-0.0065185,0.00047122,-2,0,122
1.4495,0.61289,-0.0065185,0.00047122,-2,1,122
-0.76728,-0.75386,-0.0065185,0.00047122,-2,0,122
0.66046,2.2629,-4.0065,0.00047122,1,1,122
-2.4405,1.9729,-0.0065185,0.00047122,-2,0,122
-3.2238,-3.2104,-0.0065185,0.00047122,-2,0,122
0.048485,0.74039,-0.0065185,0.00047122,-2,0,122
0.041884,1.5194,-3.0065,0.00047122,1,0,122
2.727,2.7404,-0.0065185,0.00047122,-2,0,122
-3.6955,-1.2384,-0.0065185,0.00047122,-2,0,122
0.70447,0.71789,-0.0065185,0.00047122,-2,1,122
-3.4405,-1.2276,-0.0065185,0.00047122,-2,0,122
-1.2238,-1.2104,-0.0065185,0.00047122,-2,0,122
1.0485,2.5069,3.9935,0.00047122,1,1,122
0.89188,0.9053,-0.0065185,0.00047122,-2,1,122
-2.2412,-2.2278,-0.0065185,0.00047122,-2,0,122
0.45447,0.46789,-0.0065185,0.00047122,-2,0,122
-0.82803,2.3063,-0.0065185,0.00047122,-2,1,122
0.1621,0.72551,-0.0065185,0.00047122,-2,1,122
2.7045,3.1854,-0.0065185,0.00047122,-2,1,122
-2.2905,-2.7094,2.9935,0.00047122,1,0,122
-3.2238,1.3396,-0.0065185,0.00047122,-2,0,122
-5.0395,-5.0261,-0.0065185,0.00047122,-2,0,122
4.8919,5.1493,-0.0065185,0.00047122,-2,0,122
-4.3955,-1.9647,-0.0065185,0.00047122,-2,0,122
-4.8455,-4.8321,-0.0065185,0.00047122,-2,0,122
4.727,3.1969,-0.0065185,0.00047122,-2,0,122
-4.0097,-3.8453,4.9935,0.00047122,1,1,122
-1.8855,1.3779,-0.0065185,0.00047122,-2,1,122
3.461,2.5265,-0.0065185,0.00047122,-2,0,122
3.0925,2.3002,-0.0065185,0.00047122,-2,1,122
-0.84553,0.63201,-0.0065185,0.00047122,-2,0,122
0.72697,0.74039,-0.0065185,0.00047122,-2,1,122
-0.60965,-1.8785,-5.0065,0.00047122,1,0,122
-1.5175,-0.60496,-0.0065185,0.00047122,-2,0,122
-2.4392,-2.4258,-0.0065185,0.00047122,-2,0,122
1.3816,3.4657,-0.0065185,0.00047122,-2,0,122
0.15447,-2.3605,-0.0065185,0.00047122,-2,1,122
0.13197,0.14539,-3.0065,0.00047122,1,0,122
-1.718,1.1811,-0.0065185,0.00047122,-2,0,122
3.8545,-3.7525,-0.0065185,0.00047122,-2,1,122
2.727,3.2904,-0.0065185,0.00047122,-2,1,122
2.6186,2.332,-0.0065185,0.00047122,-2,1,122
-2.5175,-0.69774,-0.0065185,0.00047122,-2,0,122
2.1482,2.1616,2.9935,0.00047122,1,1,122
5.3816,5.395,-0.0065185,0.00047122,-2,1,122
3.3251,2.4134,-0.0065185,0.00047122,-2,1,122
2.277,2.1328,-0.0065185,0.00047122,-2,1,122
0.23609,0.24951,-0.0065185,0.00047122,-2,1,122
1.2013,1.2148,-0.0065185,0.00047122,-2,1,122
-3.1629,-2.6665,-0.0065185,0.00047122,-2,0,122
2.6967,0.79367,-4.0065,0.00047122,1,1,122
2.1254,1.7899,-0.0065185,0.00047122,-2,1,122
3.1072,2.8241,-0.0065185,0.00047122,-2,1,122
3.0918,2.8532,-0.0065185,0.00047122,-2,1,122
3.0787,3.0921,-0.0065185,0.00047122,-2,1,122
-2.6086,1.9117,3.9935,0.00047122,1,0,122
-0.94188,-0.92846,-0.0065185,0.00047122,-2,0,122
3.1545,3.1679,-0.0065185,0.00047122,-2,1,122
-2.3955,1.091,-0.0065185,0.00047122,-2,0,122
2.0445,-2.1323,4.9935,0.00047122,1,1,122
-4.452,-4.1793,-0.0065185,0.00047122,-2,0,122
-2.0836,0.062776,-0.0065185,0.00047122,-2,0,122
0.22965,2.056,-0.0065185,0.00047122,-2,0,122
0.51307,1.2137,-0.0065185,0.00047122,-2,0,122
4.8545,4.8679,-0.0065185,0.00047122,-2,1,122
-5.718,0.38535,-0.0065185,0.00047122,-2,0,122
-4.8597,-3.4778,2.9935,0.00047122,1,0,122
-4.5175,2.0459,-0.0065185,0.00047122,-2,0,122
4.4482,3.8616,-0.0065185,0.00047122,-2,1,122
-3.3727,-3.7593,-0.0065185,0.00047122,-2,0,122
-2.3161,-2.3027,-0.0065185,0.00047122,-2,0,122
-1.268,-1.2546,-0.0065185,0.00047122,-2,0,122
-1.0771,-1.54,2.9935,0.00047122,1,0,122
-0.79865,-0.78524,-0.0065185,0.00047122,-2,0,122
-4.8455,-4.8321,-0.0065185,0.00047122,-2,0,122
4.727,0.9151,-0.0065185,0.00047122,-2,1,122
3.6186,4.9839,-0.0065185,0.00047122,-2,1,122
3.0765,3.0899,-2.0065,0.00047122,1,0,122
0.83697,4.7179,-0.0065185,0.00047122,-2,1,122
-0.15315,-0.13974,-0.0065185,0.00047122,-2,0,122
-3.4295,-0.39289,-0.0065185,0.00047122,-2,0,122
2.6734,5.3119,-0.0065185,0.00047122,-2,1,122
-0.86408,-4.2695,-0.0065185,0.00047122,-2,0,122
0.9662,-0.73641,-0.0065185,0.00047122,-2,0,122
3.8219,-0.60964,-0.0065185,0.00047122,-2,1,122
3.2493,2.0229,3.9935,0.00047122,1,0,122
-3.5862,1.5251,-0.0065185,0.00047122,-2,0,122
-3.5455,-0.094701,-0.0065185,0.00047122,-2,0,122
1.172,1.1854,-0.0065185,0.00047122,-2,0,122
0.99685,1.4648,-4.0065,0.00047122,1,0,122
-3.718,-4.1046,-0.0065185,0.00047122,-2,0,122
4.6186,3.182,-0.0065185,0.00047122,-2,1,122
-2.5175,-0.6998,-0.0065185,0.00047122,-2,0,122
-2.1392,-3.3158,-5.0065,0.00047122,1,0,122
-4.3727,-3.3056,-0.0065185,0.00047122,-2,0,122
3.3251,3.3385,-0.0065185,0.00047122,-2,1,122
-3.268,-2.3127,-0.0065185,0.00047122,-2,0,122
3.2361,3.2495,-0.0065185,0.00047122,-2,1,122
-3.1924,-2.4985,-0.0065185,0.00047122,-2,0,122
-2.1629,-1.9243,-0.0065185,0.00047122,-2,1,122
-3.2955,-3.2821,-0.0065185,0.00047122,-2,0,122
2.8095,-0.96742,-4.0065,0.00047122,1,0,122
0.61697,-6.3821,-0.0065185,0.00047122,-2,0,122
0.93385,3.9519,-0.0065185,0.00047122,-2,1,122
-2.6056,2.4744,-0.0065185,0.00047122,-2,0,122
-1.9955,-1.9821,-0.0065185,0.00047122,-2,0,122
1.7045,0.14967,-4.0065,0.00047122,1,1,122
3.0045,-5.4701,-0.0065185,0.00047122,-2,1,122
4.0045,2.2431,-0.0065185,0.00047122,-2,1,122
4.0045,2.5093,-0.0065185,0.00047122,-2,1,122
3.4045,1.8603,-4.0065,0.00047122,1,1,122
2.0045,0.92793,-0.0065185,0.00047122,-2,1,122
-4.9955,2.9079,-0.0065185,0.00047122,-2,0,122
3.0045,3.4804,-0.0065185,0.00047122,-2,1,122
-2.9955,-2.5321,-0.0065185,0.00047122,-2,1,122
-5.5455,-5.1496,-0.0065185,0.00047122,-2,0,122
-5.5455,-5.5321,-0.0065185,0.00047122,-2,0,122
4.722,4.0278,-4.0065,0.00047122,1,1,122
-2.8379,1.5755,-0.0065185,0.00047122,-2,0,122
2.5705,0.57088,-0.0065185,0.00047122,-2,1,122
4.3356,0.61544,-0.0065185,0.00047122,-2,1,122
3.1359,3.6993,-0.0065185,0.00047122,-2,1,122
2.9662,2.9796,-0.0065185,0.00047122,-2,1,122
-3.813,-2.2446,-0.0065185,0.00047122,-2,1,122
5.5545,1.1144,-0.0065185,0.00047122,-2,1,122
-2.5455,-2.5321,-0.0065185,0.00047122,-2,0,122
2.172,-0.077324,-0.0065185,0.00047122,-2,1,122
3.8468,3.4263,-0.0065185,0.00047122,-2,1,122
2.5705,2.5839,-0.0065185,0.00047122,-2,1,122
2.3356,2.349,-0.0065185,0.00047122,-2,1,122
0.13592,0.14934,-0.0065185,0.00047122,-2,1,122
-1.9573,-1.9879,-0.0065185,0.00047122,-2,0,122
1.6719,1.6854,-2.0065,0.00047122,1,0,122
-3.273,-1.7126,-0.0065185,0.00047122,-2,0,122
2.3903,4.8629,-0.0065185,0.00047122,-2,1,122
0.48247,2.2461,-0.0065185,0.00047122,-2,1,122
3.4482,-1.7059,-0.0065185,0.00047122,-2,1,122
-2.5455,-1.6447,-0.0065185,0.00047122,-2,0,122
-3.9955,-3.9821,-0.0065185,0.00047122,-2,1,123
-1.3955,-1.3821,-0.0065185,0.00047122,-2,1,123
-1.8855,-2.4284,-0.0065185,0.00047122,-2,1,123
-1.452,-1.5886,-0.0065185,0.00047122,-2,1,123
1.0925,-1.0849,-0.0065185,0.00047122,-2,0,123
2.7793,0.93053,-0.0065185,0.00047122,-2,1,123
-2.1455,-2.1321,-0.0065185,0.00047122,-2,1,123
-3.273,-3.2596,-0.0065185,0.00047122,-2,0,123
0.40447,3.8616,-0.0065185,0.00047122,-2,1,123
1.8945,-3.4586,-0.0065185,0.00047122,-2,1,123
-1.452,-1.4386,-0.0065185,0.00047122,-2,1,123
1.8545,1.8679,-0.0065185,0.00047122,-2,1,123
-1.568,-1.1652,-5.0065,0.00047122,1,1,123
1.282,-2.2321,-0.0065185,0.00047122,-2,1,123
-0.3814,4.1524,-0.0065185,0.00047122,-2,0,123
-0.51753,-0.33153,-0.0065185,0.00047122,-2,0,123
0.0044729,0.017889,-0.0065185,0.00047122,-2,0,123
-1.9955,-1.5865,-0.0065185,0.00047122,-2,0,123
-1.6955,-1.1601,-3.0065,0.00047122,1,0,123
3.0045,2.5679,-0.0065185,0.00047122,-2,1,123
-0.99553,-0.60496,-0.0065185,0.00047122,-2,0,123
-1.9955,-2.1496,-0.0065185,0.00047122,-2,0,123
-3.9955,-1.4096,-0.0065185,0.00047122,-2,0,123
-3.3955,-3.3821,2.9935,0.00047122,1,1,123
1.1145,2.7648,-0.0065185,0.00047122,-2,1,123
1.548,6.1854,-0.0065185,0.00047122,-2,1,123
-0.9075,-4.7145,-0.0065185,0.00047122,-2,0,123
-2.2207,-5.5481,-0.0065185,0.00047122,-2,0,123
-0.48693,-3.3132,-0.0065185,0.00047122,-2,0,123
-3.7132,-6.1136,-0.0065185,0.00047122,-2,0,123
3.1645,0.49395,3.9935,0.00047122,1,1,123
-1.0691,-4.1996,-0.0065185,0.00047122,-2,0,123
0.21698,0.23039,-0.0065185,0.00047122,-2,1,123
0.3351,2.0535,-0.0065185,0.00047122,-2,1,123
0.57344,-1.3341,-0.0065185,0.00047122,-2,1,123
1.0045,1.0179,-0.0065185,0.00047122,-2,0,123
-2.9955,-3.5962,-0.0065185,0.00047122,-2,0,123
-3.5455,-3.5321,-0.0065185,0.00047122,-2,0,123
-1.828,-0.27912,-0.0065185,0.00047122,-2,0,123
1.5621,1.5755,3.9935,0.00047122,1,1,123
2.8945,2.9079,-0.0065185,0.00047122,-2,1,123
0.54797,-5.3286,-0.0065185,0.00047122,-2,0,123
-0.9075,-0.44409,-0.0065185,0.00047122,-2,0,123
0.77965,2.1854,4.9935,0.00047122,1,1,123
0.83697,-6.0745,-0.0065185,0.00047122,-2,0,123
-1.1532,-0.68974,-0.0065185,0.00047122,-2,0,123
-0.44553,1.2368,-0.0065185,0.00047122,-2,1,123
0.83697,0.40039,-0.0065185,0.00047122,-2,1,123
-0.54553,-0.53211,-0.0065185,0.00047122,-2,1,123
0.47197,0.52915,-4.0065,0.00047122,1,0,123
-1.4405,-1.4271,-0.0065185,0.00047122,-2,0,123
-0.22378,0.056157,-0.0065185,0.00047122,-2,0,123
-1.9515,3.5184,-0.0065185,0.00047122,-2,0,123
0.45447,5.1059,-0.0065185,0.00047122,-2,0,123
0.17197,-2.3476,-0.0065185,0.00047122,-2,1,123
0.84685,0.16026,-0.0065185,0.00047122,-2,0,123
0.72049,-2.1144,-5.0065,0.00047122,1,0,123
-0.27303,0.24614,-0.0065185,0.00047122,-2,1,123
1.3903,-4.6386,-0.0065185,0.00047122,-2,1,123
-1.6955,-1.6821,-0.0065185,0.00047122,-2,0,123
-1.5505,-3.0358,-0.0065185,0.00047122,-2,1,123
-2.7673,-2.7539,-0.0065185,0.00047122,-2,0,123
-5.3955,-5.3821,-0.0065185,0.00047122,-2,0,123
-4.5855,-3.4274,1.9935,0.00047122,1,0,123
-5.452,-5.4386,-0.0065185,0.00047122,-2,0,123
4.0925,-0.095995,-0.0065185,0.00047122,-2,1,123
-4.7703,-2.8136,-0.0065185,0.00047122,-2,0,123
3.5131,3.5296,-0.0065185,0.00047122,-2,1,123
5.2868,4.8354,-0.0065185,0.00047122,-2,1,123
-4.4855,-2.122,-5.0065,0.00047122,1,0,123
-1.922,-5.1586,-0.0065185,0.00047122,-2,0,123
-1.783,-1.6196,-0.0065185,0.00047122,-2,0,123
-1.6649,-1.6515,-0.0065185,0.00047122,-2,0,123
-2.5645,-2.3448,-0.0065185,0.00047122,-2,0,123
-2.1791,-1.0799,-5.0065,0.00047122,1,0,123
2.5934,2.6068,-0.0065185,0.00047122,-2,0,123
-3.6461,-3.7594,-0.0065185,0.00047122,-2,1,123
-3.6985,-3.7928,-0.0065185,0.00047122,-2,0,123
2.4045,3.1654,-0.0065185,0.00047122,-2,1,123
-2.0355,-2.0221,-5.0065,0.00047122,1,0,123
1.548,1.5614,-0.0065185,0.00047122,-2,1,123
3.4045,3.4179,-0.0065185,0.00047122,-2,0,123
3.0045,3.0179,-0.0065185,0.00047122,-2,1,123
-0.54553,-3.6902,-0.0065185,0.00047122,-2,0,123
-0.16303,-0.14961,-0.0065185,0.00047122,-2,0,123
0.14685,0.41526,4.9935,0.00047122,1,1,123
-5.5615,-2.3792,-0.0065185,0.00047122,-2,1,123
2.4045,4.749,-0.0065185,0.00047122,-2,1,123
-0.14553,-0.13211,-0.0065185,0.00047122,-2,0,123
1.282,2.9796,-0.0065185,0.00047122,-2,1,123
-1.0814,-1.5865,-3.0065,0.00047122,1,0,123
-4.4735,-5.677,-0.0065185,0.00047122,-2,0,123
3.5608,2.776,-0.0065185,0.00047122,-2,1,123
-1.6184,-3.8841,-0.0065185,0.00047122,-2,0,123
-1.3749,-1.3615,3.9935,0.00047122,1,0,123
-1.723,3.6904,-0.0065185,0.00047122,-2,0,123
0.77286,2.0262,-0.0065185,0.00047122,-2,1,123
0.20135,0.21476,-0.0065185,0.00047122,-2,0,123
0.17182,-0.92736,-0.0065185,0.00047122,-2,1,123
3.0045,0.16013,-0.0065185,0.00047122,-2,1,123
2.0045,2.0459,-0.0065185,0.00047122,-2,1,123
1.7045,1.7179,-4.0065,0.00047122,1,1,123
-1.9955,-3.7593,-0.0065185,0.00047122,-2,1,123
2.0045,2.0179,-0.0065185,0.00047122,-2,1,123
-0.69553,-0.42711,-0.0065185,0.00047122,-2,0,123
-0.44053,-1.442,-0.0065185,0.00047122,-2,0,123
1.7762,1.9739,-0.0065185,0.00047122,-2,1,123
-1.5015,0.3394,-4.0065,0.00047122,1,0,123
4.172,4.1854,-0.0065185,0.00047122,-2,1,123
4.8468,4.8603,-0.0065185,0.00047122,-2,1,123
3.5705,3.5839,-0.0065185,0.00047122,-2,1,123
-3.3266,-2.3593,-0.0065185,0.00047122,-2,0,123
2.8359,2.9242,-2.0065,0.00047122,1,1,123
3.9662,3.2904,-0.0065185,0.00047122,-2,1,123
4.8219,4.2495,-0.0065185,0.00047122,-2,1,123
4.6993,-0.51551,-0.0065185,0.00047122,-2,1,123
4.5951,4.0085,-0.0065185,0.00047122,-2,1,123
2.5065,2.5199,-0.0065185,0.00047122,-2,1,123
3.4312,3.4446,-0.0065185,0.00047122,-2,1,123
2.3672,2.8371,-0.0065185,0.00047122,-2,1,123
2.0128,2.0262,-4.0065,0.00047122,1,1,123
-4.2576,3.3436,-0.0065185,0.00047122,-2,0,123
5.2272,3.6406,-0.0065185,0.00047122,-2,1,123
4.1938,4.0715,-0.0065185,0.00047122,-2,1,123
3.5654,3.7913,-3.0065,0.00047122,1,1,123
-1.1323,-1.0209,-0.0065185,0.00047122,-2,0,123
0.97075,-3.8658,-0.0065185,-3.9995,-1,1,123
-1.8967,-1.7965,-0.0065185,0.00047122,-2,1,123
2.0885,2.0417,-0.0065185,0.00047122,-2,1,123
2.9331,1.4427,-0.0065185,0.00047122,-2,1,123
-4.5455,-1.1497,-0.0065185,0.00047122,-2,0,123
-3.163,-3.8496,-0.0065185,0.00047122,-2,0,123
0.1621,0.17551,-0.0065185,0.00047122,-2,0,123
0.57049,-0.22781,-0.0065185,0.00047122,-2,0,123
3.8545,2.4038,-0.0065185,0.00047122,-2,1,123
-4.718,-4.7046,-0.0065185,0.00047122,-2,0,123
4.0186,-0.32972,4.9935,0.00047122,1,1,123
-2.5175,-4.7541,-0.0065185,0.00047122,-2,0,123
-5.4392,-5.4258,-0.0065185,0.00047122,-2,0,123
4.3816,3.7454,-0.0065185,0.00047122,-2,1,123
3.3251,1.5667,-0.0065185,0.00047122,-2,1,123
2.827,2.371,3.9935,0.00047122,1,1,123
5.2361,3.6495,-0.0065185,0.00047122,-2,1,123
-4.1924,-4.429,-0.0065185,0.00047122,-2,0,123
3.1718,3.297,-0.0065185,0.00047122,-2,1,123
2.6967,2.4651,4.9935,0.00047122,1,1,123
0.12538,-0.069465,-0.0065185,0.00047122,-2,1,123
-2.8928,-3.0564,-0.0065185,0.00047122,-2,0,123
-0.54553,3.1759,-0.0065185,0.00047122,-2,0,123
0.17197,0.18539,-0.0065185,0.00047122,-2,1,123
3.8468,3.8603,-0.0065185,0.00047122,-2,1,123
5.5705,5.5839,-0.0065185,0.00047122,-2,1,123
-4.7266,2.6648,-4.0065,0.00047122,1,0,123
-3.127,-3.1136,-0.0065185,0.00047122,-2,0,123
-3.9573,-1.714,-0.0065185,0.00047122,-2,0,123
-4.813,-2.9977,-0.0065185,0.00047122,-2,0,123
-1.6904,-2.8445,-0.0065185,0.00047122,-2,0,123
-0.58615,-0.57273,-0.0065185,0.00047122,-2,0,123
2.5065,1.2424,-0.0065185,0.00047122,-2,1,123
-0.42225,-2.1088,-0.0065185,0.00047122,-2,0,123
-0.35824,0.45466,-0.0065185,0.00047122,-2,0,123
1.6962,0.38914,-0.0065185,0.00047122,-2,1,123
0.70447,-0.98211,-0.0065185,0.00047122,-2,1,123
2.5595,0.24064,-0.0065185,0.00047122,-2,0,123
-1.7673,-3.3821,-0.0065185,0.00047122,-2,0,123
-1.5455,-1.4881,-0.0065185,0.00047122,-2,0,123
4.172,1.3354,-0.0065185,0.00047122,-2,1,123
-3.5379,-3.5245,3.9935,0.00047122,1,0,123
-2.5615,-2.7569,-0.0065185,0.00047122,-2,0,123
-2.3266,1.3993,-0.0065185,0.00047122,-2,0,123
-3.127,-1.9636,-0.0065185,0.00047122,-2,0,123
-1.9573,-1.9438,-0.0065185,0.00047122,-2,0,123
3.8219,2.2804,-0.0065185,0.00047122,-2,1,123
-4.2455,-1.0947,-0.0065185,-1.9995,-1,0,124
3.0045,3.7722,-0.0065185,0.00047122,-2,1,124
6.5545,6.5679,-0.0065185,0.00047122,-2,1,124
5.172,2.5742,-0.0065185,0.00047122,-2,1,124
5.8468,5.8603,-0.0065185,0.00047122,-2,1,124
5.5705,1.5839,-0.0065185,0.00047122,-2,1,124
-5.3266,-3.7096,-0.0065185,0.00047122,-2,0,124
6.1359,4.0393,-0.0065185,0.00047122,-2,1,124
0.042742,-4.0352,-0.0065185,0.00047122,-2,1,124
-0.84553,-0.83211,-0.0065185,0.00047122,-2,0,124
-0.27303,-4.0527,-0.0065185,0.00047122,-2,0,124
-2.1455,-2.3915,-0.0065185,0.00047122,-2,1,124
-1.823,5.5199,-0.0065185,5.0005,-1,1,124
-3.3814,-3.5554,-0.0065185,0.00047122,-2,0,124
-4.3955,0.16275,-0.0065185,0.00047122,-2,0,124
3.7445,-1.0921,-0.0065185,-3.9995,-1,1,124
-6.452,-4.2546,-0.0065185,0.00047122,-2,0,124
-5.4836,-0.82785,3.9935,0.00047122,1,1,124
5.8945,-1.6073,-0.0065185,0.00047122,-2,0,124
-1.452,0.57418,-0.0065185,0.00047122,-2,1,124
0.91645,-2.5268,-0.0065185,0.00047122,-2,1,124
2.2297,3.6973,-0.0065185,0.00047122,-2,1,124
1.8959,1.9129,-3.0065,0.00047122,1,0,124
1.8945,-1.0235,-0.0065185,0.00047122,-2,1,124
2.8545,-2.8304,-0.0065185,0.00047122,-2,1,124
1.3045,0.6265,-0.0065185,0.00047122,-2,1,124
2.5545,1.1229,-0.0065185,0.00047122,-2,1,124
2.172,-0.50412,-0.0065185,0.00047122,-2,0,124
3.0045,1.8603,-0.0065185,0.00047122,-2,1,124
-2.5455,-1.5481,-5.0065,0.00047122,1,1,124
2.0045,2.0179,-0.0065185,0.00047122,-2,0,124
0.70447,0.71789,-0.0065185,0.00047122,-2,0,124
-1.5505,-1.5371,-0.0065185,0.00047122,-2,0,124
2.7762,5.349,-0.0065185,0.00047122,-2,1,124
-1.9515,-1.9381,-0.0065185,0.00047122,-2,0,124
3.1171,4.9796,-0.0065185,0.00047122,-2,1,124
0.75877,0.77219,-0.0065185,0.00047122,-2,0,124
-0.63668,0.71274,-0.0065185,0.00047122,-2,1,124
-0.54051,1.7666,-3.0065,0.00047122,1,0,124
4.0045,3.0311,-0.0065185,0.00047122,-2,1,124
5.0045,7.1854,-0.0065185,0.00047122,-2,1,124
-4.2455,-4.7145,-5.0065,0.00047122,1,0,124
3.617,5.8339,4.9935,0.00047122,1,1,124
3.0045,4.349,-0.0065185,0.00047122,-2,1,124
-3.9955,-3.1578,-0.0065185,0.00047122,-2,0,124
-3.9955,-4.9438,-0.0065185,0.00047122,-2,0,124
-4.9955,-5.7996,-0.0065185,0.00047122,-2,0,124
1.0045,3.1692,-0.0065185,0.00047122,-2,1,124
-0.84553,-0.60411,1.9935,0.00047122,1,1,124
-1.718,0.71789,-0.0065185,0.00047122,-2,0,124
-1.1455,-1.5554,-0.0065185,0.00047122,-2,0,124
-0.29553,-1.2266,-0.0065185,0.00047122,-2,0,124
-0.69553,-0.68211,-0.0065185,0.00047122,-2,1,124
1.1545,0.78964,-0.0065185,0.00047122,-2,1,124
1.3045,0.29668,-0.0065185,0.00047122,-2,1,124
-1.1005,-1.0871,1.9935,0.00047122,1,1,124
0.23272,0.24614,-0.0065185,0.00047122,-2,0,124
-2.1455,-0.57711,-0.0065185,0.00047122,-2,0,124
0.55447,0.56789,-0.0065185,0.00047122,-2,1,124
-0.82803,-0.81461,-0.0065185,0.00047122,-2,0,124
-3.5455,-3.5321,-0.0065185,0.00047122,-2,0,124
4.172,1.4311,-0.0065185,0.00047122,-2,1,124
3.5468,-2.7852,-0.0065185,-2.9995,-1,1,124
-2.5615,-2.9931,-0.0065185,0.00047122,-2,0,124
3.3356,2.199,-0.0065185,0.00047122,-2,1,124
-3.127,-2.8136,-0.0065185,0.00047122,-2,0,124
3.9662,3.1207,-0.0065185,0.00047122,-2,1,124
3.3719,2.2804,-2.0065,0.00047122,1,1,124
3.6993,3.7127,-0.0065185,0.00047122,-2,1,124
5.5951,-1.364,-0.0065185,0.00047122,-2,1,124
2.5065,4.3215,-0.0065185,0.00047122,-2,1,124
2.4312,1.7635,-0.0065185,0.00047122,-2,1,124
2.0672,2.0806,-4.0065,0.00047122,1,1,124
1.3128,1.3262,-0.0065185,0.00047122,-2,1,124
1.1165,-1.72,-0.0065185,-1.9995,-1,0,124
1.282,4.4744,-0.0065185,0.00047122,-2,1,124
-3.3814,-1.4069,-0.0065185,0.00047122,-2,0,124
-3.4735,-5.7569,-0.0065185,0.00047122,-2,0,124
-2.9518,-3.9161,3.9935,0.00047122,1,0,124
1.6273,3.3002,-0.0065185,0.00047122,-2,1,124
-0.67495,1.8179,-0.0065185,0.00047122,-2,0,124
-1.723,-1.4733,-0.0065185,0.00047122,-2,0,124
-2.2271,-1.1946,-0.0065185,0.00047122,-2,0,124
5.7045,-1.8903,-0.0065185,0.00047122,-2,1,124
-4.4405,-4.8271,-0.0065185,0.00047122,-2,0,124
3.7827,3.7961,-4.0065,0.00047122,1,1,124
-5.0395,2.3739,-0.0065185,0.00047122,-2,0,124
3.8919,4.3053,-0.0065185,0.00047122,-2,1,124
4.7588,1.9267,-0.0065185,0.00047122,-2,1,124
4.6456,3.4729,-0.0065185,0.00047122,-2,1,124
3.9495,3.4529,4.9935,0.00047122,1,1,124
-4.4588,-4.6953,-0.0065185,0.00047122,-2,0,124
-5.3893,-5.3759,-0.0065185,0.00047122,-2,0,124
5.3392,4.7334,-0.0065185,0.00047122,-2,1,124
4.539,2.2326,4.9935,0.00047122,1,1,124
4.2463,3.8123,-0.0065185,0.00047122,-2,1,124
-3.6011,-3.8002,-3.0065,0.00047122,1,0,124
-4.1702,-4.1568,-0.0065185,0.00047122,-2,0,124
2.153,2.3339,-0.0065185,0.00047122,-2,1,124
1.1307,1.6106,-0.0065185,0.00047122,-2,1,124
1.1118,0.77669,-0.0065185,0.00047122,-2,1,124
-0.93673,-0.92331,3.9935,0.00047122,1,0,124
-0.91801,-1.048,-0.0065185,0.00047122,-2,0,124
2.8545,0.802,-0.0065185,0.00047122,-2,1,124
-4.718,-2.4046,-0.0065185,0.00047122,-2,0,124
-1.6097,-5.4701,-0.0065185,0.00047122,-2,0,124
-1.3675,0.24307,-0.0065185,2.0005,-1,0,124
-1.1617,-1.1483,-3.0065,0.00047122,1,1,124
0.39035,-3.8144,-0.0065185,0.00047122,-2,0,124
-1.1455,-3.0721,-0.0065185,0.00047122,-2,0,124
3.282,3.2954,-0.0065185,0.00047122,-2,1,124
-1.3814,-2.7696,-0.0065185,0.00047122,-2,0,124
-1.1735,0.21932,-4.0065,0.00047122,1,0,124
3.4482,3.4616,-0.0065185,0.00047122,-2,1,124
6.5545,-3.3557,-0.0065185,0.00047122,-2,1,124
1.172,5.5854,-0.0065185,0.00047122,-2,0,124
2.8545,-0.78409,-0.0065185,0.00047122,-2,1,124
-5.718,-2.4046,-0.0065185,0.00047122,-2,0,124
4.6186,2.1799,-0.0065185,0.00047122,-2,1,124
3.5265,1.2431,-0.0065185,0.00047122,-2,1,124
-2.9892,-1.3635,-5.0065,0.00047122,1,0,124
-0.37268,-0.35926,-0.0065185,0.00047122,-2,0,124
4.3251,2.5404,-0.0065185,0.00047122,-2,1,124
-4.268,-2.4556,-0.0065185,0.00047122,-2,0,124
-3.6271,-3.6137,-4.0065,0.00047122,1,0,124
4.2013,3.3485,-0.0065185,0.00047122,-2,1,124
-3.1629,-2.3031,-0.0065185,0.00047122,-2,0,124
-3.1378,-2.4985,-0.0065185,0.00047122,-2,0,124
2.6754,1.7743,-2.0065,0.00047122,1,1,124
-3.0983,-3.0849,-0.0065185,0.00047122,-2,0,124
-2.0829,1.7599,-0.0065185,0.00047122,-2,0,124
-3.0698,-1.7564,-0.0065185,0.00047122,-2,0,124
-2.0586,-2.0452,-0.0065185,0.00047122,-2,0,124
3.0581,2.8355,-0.0065185,0.00047122,-2,1,124
-2.0411,-2.0277,-0.0065185,0.00047122,-2,0,124
-1.0343,-1.4163,-0.0065185,0.00047122,-2,0,124
0.88742,0.75587,4.9935,0.00047122,1,1,124
-3.0235,-4.2601,-0.0065185,0.00047122,-2,0,124
-2.0193,-1.9012,-0.0065185,0.00047122,-2,0,124
1.0247,2.1166,-0.0065185,0.00047122,-2,1,124
3.0217,2.9594,-0.0065185,0.00047122,-2,1,124
-2.5601,-0.71923,2.9935,0.00047122,1,1,124
0.17197,-2.5744,-0.0065185,0.00047122,-2,0,124
-2.8379,1.1959,-0.0065185,0.00047122,-2,1,124
-1.5615,-1.2758,-0.0065185,0.00047122,-2,1,124
-1.3266,1.5839,3.9935,0.00047122,1,1,124
1.873,3.0973,-0.0065185,0.00047122,-2,1,124
1.5927,2.2954,0.99348,0.00047122,1,1,124
-4.1781,-1.7938,-0.0065185,0.00047122,-2,0,124
3.3096,4.071,-0.0065185,0.00047122,-2,1,124
1.4138,3.2505,-0.0065185,0.00047122,-2,0,124
0.70447,0.71789,-0.0065185,0.00047122,-2,1,124
-0.59053,-2.9406,-3.0065,0.00047122,1,0,124
4.282,4.2954,-0.0065185,0.00047122,-2,1,124
4.3903,4.4038,-0.0065185,0.00047122,-2,1,124
3.4825,3.4959,-0.0065185,0.00047122,-2,1,124
-3.5518,-4.2442,-0.0065185,0.00047122,-2,0,124
3.6273,0.97186,-0.0065185,0.00047122,-2,1,124
3.0839,-4.3027,-0.0065185,-3.9995,-1,1,124
-0.72304,-3.0331,-0.0065185,0.00047122,-2,0,124
-2.7639,-3.1189,-0.0065185,0.00047122,-2,0,124
4.8076,0.54351,-0.0065185,0.00047122,-2,1,124
-1.8282,-4.3309,-0.0065185,0.00047122,-2,0,124
1.8622,1.8019,-0.0065185,0.00047122,-2,1,124
0.88357,1.597,-0.0065185,0.00047122,-2,1,124
-1.0983,-1.0849,-0.0065185,0.00047122,-2,0,124
2.8545,0.8163,-0.0065185,0.00047122,-2,1,124
-2.418,-1.068,3.9935,0.00047122,1,0,124
-2.6097,3.9399,-0.0065185,0.00047122,-2,0,124
-2.5175,-1.2384,-0.0065185,0.00047122,-2,0,124
0.44818,2.1616,-0.0065185,0.00047122,-2,0,124
5.0045,5.0179,-0.0065185,0.00047122,-2,1,124
3.0045,0.29038,-0.0065185,0.00047122,-2,1,124
-1.5175,-0.02038,-0.0065185,0.00047122,-2,0,125
-1.5518,3.3516,-0.0065185,0.00047122,-2,0,125
3.7045,3.7179,-0.0065185,0.00047122,-2,1,125
4.4495,-1.4795,-0.0065185,0.00047122,-2,1,125
3.7827,-4.7569,-0.0065185,-2.9995,-1,1,125
-4.0395,-0.64101,-0.0065185,0.00047122,-2,0,125
-3.8829,-1.6998,-0.0065185,0.00047122,-2,0,125
-3.7498,-1.8921,-0.0065185,0.00047122,-2,0,125
4.6456,2.5014,-0.0065185,0.00047122,-2,1,125
2.5495,1.2304,-0.0065185,0.00047122,-2,1,125
4.4677,4.4811,-0.0065185,0.00047122,-2,1,125
-3.3893,-1.8696,-0.0065185,0.00047122,-2,0,125
2.8892,2.9026,-3.0065,0.00047122,1,1,125
3.289,-2.2476,-0.0065185,0.00047122,-2,1,125
2.2463,2.8097,-0.0065185,0.00047122,-2,1,125
5.21,1.9234,-0.0065185,0.00047122,-2,1,125
-4.4202,3.2703,-0.0065185,3.0005,-1,0,125
1.153,3.4158,-0.0065185,0.00047122,-2,1,125
0.9807,0.99412,-4.0065,0.00047122,1,0,125
-0.71803,-0.54957,-0.0065185,0.00047122,-2,1,125
-1.6097,-1.5962,-0.0065185,0.00047122,-2,0,125
0.15447,0.16789,-0.0065185,0.00047122,-2,1,125
1.1545,-0.070136,-0.0065185,0.00047122,-2,1,125
-0.97303,-0.95961,3.9935,0.00047122,1,0,125
-1.5505,-2.9821,-0.0065185,0.00047122,-2,0,125
3.5545,1.3396,-0.0065185,0.00047122,-2,1,125
-1.163,-1.4386,-0.0065185,0.00047122,-2,1,125
1.1545,1.0103,-0.0065185,0.00047122,-2,1,125
1.3045,1.3179,-0.0065185,0.00047122,-2,1,125
-0.44553,-1.8352,-0.0065185,0.00047122,-2,0,125
0.38697,-1.0182,3.9935,0.00047122,1,1,125
-1.163,-1.1496,-0.0065185,0.00047122,-2,0,125
1.1621,-3.6896,-0.0065185,0.00047122,-2,1,125
0.98845,-0.43861,-0.0065185,2.0005,-1,1,125
6.172,1.9299,-0.0065185,0.00047122,-2,1,125
-1.8379,-1.8245,-0.0065185,0.00047122,-2,1,125
1.0045,0.056157,-0.0065185,0.00047122,-2,1,125
1.1545,-0.83211,-0.0065185,0.00047122,-2,0,125
-0.97303,-2.7721,1.9935,0.00047122,1,1,125
-0.8264,0.79142,3.9935,0.00047122,1,0,125
0.77622,3.9399,-0.0065185,0.00047122,-2,1,125
0.70447,-0.53841,-0.0065185,0.00047122,-2,1,125
-0.44053,-1.4033,-0.0065185,0.00047122,-2,0,125
0.38272,-0.51153,4.9935,0.00047122,1,1,125
-1.9515,-2.7096,-0.0065185,0.00047122,-2,0,125
-0.44553,-6.5946,-0.0065185,0.00047122,-2,0,125
-1.5455,-1.5321,-0.0065185,0.00047122,-2,0,125
-2.163,-2.1496,-0.0065185,0.00047122,-2,0,125
-0.8379,-0.82449,-0.0065185,0.00047122,-2,1,125
0.72049,-0.84999,-5.0065,0.00047122,1,0,125
-3.718,-5.3636,-0.0065185,0.00047122,-2,0,125
-4.6097,-4.9438,-0.0065185,0.00047122,-2,0,125
-1.5175,-1.7996,-0.0065185,0.00047122,-2,0,125
-0.55182,-0.53841,-0.0065185,0.00047122,-2,0,125
3.8545,1.4519,-0.0065185,0.00047122,-2,1,125
1.727,-0.31323,-0.0065185,0.00047122,-2,0,125
1.4686,0.20529,-4.0065,0.00047122,1,1,125
-3.4735,-2.6596,-0.0065185,0.00047122,-2,0,125
-0.39553,3.632,-0.0065185,0.00047122,-2,1,125
0.55447,0.56789,-0.0065185,0.00047122,-2,0,125
-0.69553,-1.4386,-0.0065185,0.00047122,-2,1,125
2.1545,1.1904,-0.0065185,0.00047122,-2,1,125
-3.5455,-3.5321,-0.0065185,0.00047122,-2,0,125
-3.013,-1.5355,-5.0065,0.00047122,1,0,125
4.8468,5.1553,-0.0065185,0.00047122,-2,1,125
5.5705,4.7722,-0.0065185,0.00047122,-2,1,125
-6.3266,-6.3132,-0.0065185,0.00047122,-2,0,125
-5.127,-2.9559,-0.0065185,0.00047122,-2,0,125
-3.9573,-3.9438,-0.0065185,0.00047122,-2,0,125
-3.363,-3.6896,3.9935,0.00047122,1,0,125
4.6993,4.3526,-0.0065185,0.00047122,-2,1,125
-4.5862,2.6234,-0.0065185,0.00047122,-2,0,125
-3.4976,-3.4841,-0.0065185,0.00047122,-2,0,125
4.4312,3.1134,-0.0065185,0.00047122,-2,1,125
-3.7582,-3.7448,3.9935,0.00047122,1,0,125
1.3128,-3.2336,-0.0065185,0.00047122,-2,1,125
0.26654,0.14412,-0.0065185,0.00047122,-2,0,125
4.0045,-0.20486,-0.0065185,0.00047122,-2,1,125
-0.99553,-3.3821,-0.0065185,0.00047122,-2,0,125
1.0045,0.34588,-0.0065185,0.00047122,-2,1,125
-0.84553,-0.83211,-5.0065,0.00047122,1,0,125
4.0045,3.6407,-0.0065185,0.00047122,-2,1,125
-3.9955,-3.9821,-0.0065185,0.00047122,-2,0,125
4.0045,2.816,-0.0065185,0.00047122,-2,1,125
5.0045,4.7863,-0.0065185,0.00047122,-2,1,125
-3.9955,-2.8721,-0.0065185,0.00047122,-2,0,125
2.0045,1.8505,-0.0065185,0.00047122,-2,1,125
1.7045,2.9079,4.9935,0.00047122,1,1,125
5.0045,4.147,-0.0065185,0.00047122,-2,1,125
4.0045,3.9151,-0.0065185,0.00047122,-2,1,125
2.0045,3.543,-0.0065185,0.00047122,-2,1,125
0.0044729,0.017889,-0.0065185,0.00047122,-2,1,125
0.0044729,1.3998,4.9935,0.00047122,1,1,125
1.0045,4.2679,-0.0065185,0.00047122,-2,1,125
2.0045,-0.83211,-0.0065185,0.00047122,-2,1,125
5.7045,3.2954,-0.0065185,0.00047122,-2,1,125
-4.8405,-1.4601,1.9935,0.00047122,1,1,125
-5.8855,-3.0101,-0.0065185,0.00047122,-2,0,125
-5.5455,-5.5321,-0.0065185,0.00047122,-2,0,125
-3.163,-0.92136,-0.0065185,0.00047122,-2,0,125
-5.8379,-2.6745,-0.0065185,0.00047122,-2,0,125
5.5705,3.1454,-0.0065185,0.00047122,-2,1,125
6.3356,4.7863,-0.0065185,0.00047122,-2,1,125
-5.377,-4.0036,1.9935,0.00047122,1,0,125
-1.9573,0.75616,-0.0065185,0.00047122,-2,0,125
-2.813,-1.6496,-0.0065185,0.00047122,-2,0,125
2.6993,1.597,-0.0065185,0.00047122,-2,1,125
-0.58615,-0.57273,-0.0065185,0.00047122,-2,1,125
-1.9955,-3.4271,-0.0065185,0.00047122,-2,0,125
-1.6955,-1.6821,-5.0065,0.00047122,1,0,125
-1.4405,-1.4271,-0.0065185,0.00047122,-2,0,125
0.23272,-1.0358,-0.0065185,0.00047122,-2,0,125
-2.1455,-6.0527,-0.0065185,0.00047122,-2,0,125
1.4545,-0.14702,-0.0065185,0.00047122,-2,1,125
1.237,1.2504,4.9935,0.00047122,1,1,125
-3.8855,-1.5041,-0.0065185,0.00047122,-2,0,125
-2.452,-0.42582,-0.0065185,0.00047122,-2,0,125
0.092498,0.10591,-0.0065185,0.00047122,-2,0,125
1.7045,1.3973,-0.0065185,0.00047122,-2,1,125
-0.44053,3.2364,-0.0065185,0.00047122,-2,1,125
-0.37378,-1.2104,-0.0065185,0.00047122,1,1,125
-3.273,0.74039,-0.0065185,0.00047122,-2,0,125
-2.7814,0.017889,3.9935,0.00047122,1,0,125
-1.8855,3.4179,-0.0065185,0.00047122,-2,0,125
-1.539,-1.5256,-0.0065185,0.00047122,-2,0,125
1.4045,0.74039,-0.0065185,0.00047122,-2,0,125
1.1945,2.9079,-5.0065,0.00047122,1,0,125
-1.5505,-1.5371,-0.0065185,0.00047122,-2,0,125
1.3262,2.5679,0.99348,0.00047122,1,1,125
-0.82803,-0.81461,-0.0065185,0.00047122,-2,0,125
-0.70315,-1.8696,1.9935,0.00047122,1,0,125
1.172,-2.2962,-0.0065185,0.00047122,-2,0,125
-0.84553,-1.4271,-0.0065185,0.00047122,-2,0,125
1.727,1.7404,-0.0065185,0.00047122,-2,1,125
1.3903,0.97388,-0.0065185,0.00047122,-2,1,125
1.3045,1.8864,-0.0065185,0.00047122,-2,0,125
1.5595,-0.50014,-0.0065185,0.00047122,-2,1,125
5.5545,-0.83321,-0.0065185,0.00047122,-2,1,125
4.722,4.7354,4.9935,0.00047122,1,1,125
3.8468,3.8603,-0.0065185,0.00047122,-2,1,125
-2.5615,-5.1606,-0.0065185,0.00047122,-2,0,125
2.1856,-2.7852,-0.0065185,-2.9995,-1,1,125
-1.8495,0.88644,-0.0065185,2.0005,-1,1,125
1.5803,-1.5399,3.9935,0.00047122,1,0,125
2.5265,0.57289,-0.0065185,0.00047122,-2,1,125
-0.69553,-1.8721,-0.0065185,0.00047122,-2,0,125
0.55947,-0.43861,-0.0065185,0.00047122,-2,1,125
-0.46728,1.5667,-3.0065,0.00047122,1,0,125
-3.4405,-2.2596,-0.0065185,0.00047122,-2,0,125
-4.2238,-2.9104,-0.0065185,0.00047122,-2,0,125
5.0485,3.6119,-0.0065185,0.00047122,-2,1,125
-4.8829,-4.2695,-0.0065185,0.00047122,-2,0,125
-2.7498,-2.7364,-0.0065185,0.00047122,-2,0,125
2.3456,3.549,1.9935,0.00047122,1,1,125
-1.9855,-2.2271,-5.0065,0.00047122,1,0,125
5.4677,4.7311,-0.0065185,0.00047122,-2,1,125
-3.3893,-2.9079,-0.0065185,0.00047122,-2,0,125
1.3392,1.3526,-0.0065185,0.00047122,-2,1,125
-2.28,-2.9991,-0.0065185,0.00047122,-2,0,125
2.2463,1.9597,-0.0065185,0.00047122,-2,1,125
1.7989,2.0566,-0.0065185,0.00047122,-2,0,125
2.8298,-1.6018,-0.0065185,0.00047122,-2,1,125
1.5545,-1.1824,-0.0065185,0.00047122,-2,1,125
-1.828,-1.8146,-0.0065185,0.00047122,-2,1,125
0.84685,-1.8695,-0.0065185,0.00047122,-2,1,125
1.4385,-0.93401,-0.0065185,0.00047122,-2,1,125
4.5545,2.5399,-0.0065185,0.00047122,-2,1,125
-6.163,-2.6946,-0.0065185,0.00047122,-2,0,125
-4.8379,-4.8245,-0.0065185,0.00047122,-2,0,125
-4.1115,-4.4381,3.9935,0.00047122,1,1,125
-2.163,3.4179,-0.0065185,0.00047122,-2,0,125
-2.9955,-2.9821,-0.0065185,0.00047122,-2,0,125
-2.9955,-3.179,-0.0065185,0.00047122,-2,0,125
-2.9955,-1.4907,-0.0065185,0.00047122,-2,0,125
-0.99553,-0.98211,-0.0065185,0.00047122,-2,0,125
3.727,3.7404,-0.0065185,0.00047122,-2,0,126
4.6186,2.114,-0.0065185,0.00047122,-2,1,126
4.4045,3.9399,-0.0065185,0.00047122,-2,1,126
5.8945,0.8163,-0.0065185,0.00047122,-2,0,126
-6.5455,-3.1611,-0.0065185,0.00047122,-2,0,126
-6.3955,-5.0701,-0.0065185,0.00047122,-2,1,126
5.5545,5.4579,-0.0065185,0.00047122,-2,1,126
6.5545,6.4744,-0.0065185,0.00047122,-2,1,126
6.172,6.1059,-0.0065185,0.00047122,-2,1,126
-3.8379,-3.8245,-0.0065185,0.00047122,-2,0,126
3.5705,2.4882,-0.0065185,0.00047122,-2,1,126
6.3356,3.0002,-0.0065185,0.00047122,-2,1,126
5.3859,5.3579,-4.0065,0.00047122,1,1,126
4.9662,-2.4556,-0.0065185,0.00047122,-2,1,126
-3.813,-3.7996,-0.0065185,0.00047122,-2,0,126
3.6993,3.5773,-0.0065185,0.00047122,-2,1,126
1.5951,3.1369,-0.0065185,0.00047122,-2,0,126
1.8545,3.1854,-0.0065185,0.00047122,-2,0,126
-1.568,-2.2512,4.9935,0.00047122,1,0,126
0.28197,0.65517,-0.0065185,0.00047122,-2,1,126
-4.8455,-4.4446,-0.0065185,0.00047122,-2,0,126
2.727,4.1404,-0.0065185,0.00047122,-2,1,126
0.39035,-2.2962,-0.0065185,0.00047122,-2,1,126
0.33247,-1.1065,2.9935,0.00047122,1,0,126
-2.5518,-3.2546,-0.0065185,0.00047122,-2,0,126
0.45447,2.4038,-0.0065185,0.00047122,-2,1,126
0.45447,-0.36461,-0.0065185,0.00047122,-2,0,126
-2.163,0.18523,-0.0065185,0.00047122,-2,1,126
0.0044729,-1.8245,-0.0065185,0.00047122,-2,0,126
1.0045,1.8603,-0.0065185,0.00047122,-2,0,126
0.85447,-0.46323,2.9935,0.00047122,1,0,126
1.0045,2.5679,-0.0065185,0.00047122,-2,1,126
-2.8455,-1.1879,-0.0065185,0.00047122,-2,0,126
2.727,2.7404,-0.0065185,0.00047122,-2,1,126
3.6186,2.077,-0.0065185,0.00047122,-2,1,126
-3.5175,-3.8632,-0.0065185,0.00047122,-2,0,126
5.4482,5.4616,-0.0065185,0.00047122,-2,1,126
3.3816,2.5625,-0.0065185,0.00047122,-2,1,126
-2.3161,-3.3496,-0.0065185,0.00047122,-2,0,126
1.977,1.9904,-3.0065,0.00047122,1,1,126
-1.2271,1.9773,-0.0065185,0.00047122,-2,0,126
1.2013,1.3699,-0.0065185,0.00047122,-2,1,126
-0.82818,1.0352,-0.0065185,0.00047122,-2,0,126
0.71223,-1.0673,4.9935,0.00047122,1,1,126
-5.718,-3.618,-0.0065185,0.00047122,-2,1,126
-0.74553,-0.73211,-0.0065185,0.00047122,-2,0,126
0.39197,0.94726,-0.0065185,0.00047122,-2,1,126
0.93385,1.4079,-0.0065185,0.00047122,-2,1,126
1.3944,1.7994,-0.0065185,0.00047122,-2,1,126
1.1859,-2.1884,4.9935,0.00047122,1,0,126
-4.8855,-2.3464,-0.0065185,0.00047122,-2,0,126
6.7045,-1.8166,-0.0065185,0.00047122,-2,1,126
4.4495,4.4629,-0.0065185,0.00047122,-2,1,126
5.2327,2.8598,-0.0065185,0.00047122,-2,1,126
3.0485,1.0335,-0.0065185,0.00047122,-2,1,126
0.89188,0.9053,-0.0065185,0.00047122,-2,0,126
0.75877,-0.69332,1.9935,0.00047122,1,1,126
2.3633,-1.2633,-0.0065185,0.00047122,-2,1,126
0.45447,-1.0871,-0.0065185,0.00047122,-2,1,126
1.5545,1.5679,-0.0065185,0.00047122,-2,0,126
2.1545,2.1679,-0.0065185,0.00047122,-2,1,126
-2.5455,-3.5165,-0.0065185,0.00047122,-2,0,126
-2.163,-2.1496,-0.0065185,0.00047122,-2,0,126
1.8468,0.65904,4.9935,0.00047122,1,0,126
-4.9955,1.5839,-0.0065185,0.00047122,-2,0,126
-3.9955,-4.2321,-0.0065185,0.00047122,-2,0,126
4.0045,0.34726,-0.0065185,0.00047122,-2,1,126
-0.99553,-0.77208,-0.0065185,0.00047122,-2,0,126
-1.9955,-1.3506,-0.0065185,0.00047122,-2,0,126
1.7045,-0.70461,2.9935,0.00047122,1,0,126
1.0045,4.0129,-0.0065185,0.00047122,-2,1,126
-3.1455,0.86789,-0.0065185,0.00047122,-2,0,126
-2.3955,-2.3381,-0.0065185,0.00047122,-2,0,126
-2.8855,0.017889,-0.0065185,0.00047122,-2,0,126
2.461,1.7519,-4.0065,0.00047122,1,0,126
-1.9955,3.4179,-0.0065185,0.00047122,-2,0,126
-2.2955,1.1959,-0.0065185,0.00047122,-2,0,126
-1.3955,1.5742,-0.0065185,0.00047122,-2,0,126
-3.8855,-1.3593,-0.0065185,0.00047122,-2,0,126
-3.452,-1.3027,-0.0065185,0.00047122,-2,0,126
2.9425,2.1059,2.9935,0.00047122,1,1,126
-3.7703,-2.7637,-0.0065185,0.00047122,-2,0,126
5.5131,5.5265,-0.0065185,0.00047122,-2,1,126
-4.2778,-3.1495,-0.0065185,0.00047122,-2,0,126
5.0944,1.3884,-0.0065185,0.00047122,-2,1,126
0.93094,4.3444,-0.0065185,0.00047122,-2,0,126
-1.9955,-2.9749,-0.0065185,0.00047122,-2,1,126
1.7045,4.1744,-5.0065,0.00047122,1,1,126
0.44947,1.4629,-0.0065185,0.00047122,-2,1,126
1.2327,0.39614,-0.0065185,0.00047122,-2,1,126
2.0485,1.0619,-0.0065185,0.00047122,-2,1,126
1.8919,1.9053,-0.0065185,0.00047122,-2,1,126
1.6088,1.4947,-4.0065,0.00047122,1,0,126
0.72697,-3.3821,-0.0065185,0.00047122,-2,0,126
0.6186,-4.475,-0.0065185,0.00047122,-2,0,126
1.5265,0.46159,-0.0065185,0.00047122,-2,1,126
1.2982,-1.2201,-4.0065,0.00047122,1,0,126
-4.3727,-0.58211,-0.0065185,0.00047122,-2,0,126
4.4045,1.9093,-0.0065185,0.00047122,-2,1,126
-3.8855,-3.7221,-0.0065185,0.00047122,-2,0,126
1.461,-0.98211,-0.0065185,0.00047122,-2,1,126
4.0925,2.0179,-0.0065185,0.00047122,-2,1,126
3.7793,2.0179,-0.0065185,0.00047122,-2,1,126
3.2131,0.53989,2.9935,0.00047122,1,1,126
-2.2778,-3.8144,-0.0065185,0.00047122,-2,0,126
2.0944,1.0179,-0.0065185,0.00047122,-2,1,126
-0.069059,0.74039,-0.0065185,0.00047122,-2,1,126
-1.208,-1.1946,-0.0065185,0.00047122,-2,1,126
1.3351,0.071016,-0.0065185,0.00047122,-2,0,126
1.1355,-4.5511,-0.0065185,-3.9995,-1,1,126
-1.5505,-6.3821,-0.0065185,0.00047122,-2,0,126
2.5545,0.017889,-0.0065185,0.00047122,-2,1,126
-1.163,-1.1496,-0.0065185,0.00047122,-2,0,126
0.99685,-0.86952,-4.0065,0.00047122,1,1,126
-3.5615,1.8519,-0.0065185,0.00047122,-2,0,126
3.3356,2.0179,-0.0065185,0.00047122,-2,1,126
1.1359,0.017889,-0.0065185,0.00047122,-2,1,126
-1.0338,-1.9821,-0.0065185,0.00047122,-2,1,126
-1.1781,1.8794,-0.0065185,0.00047122,-2,1,126
3.3096,1.023,-0.0065185,0.00047122,-2,0,126
2.4138,2.4273,-0.0065185,0.00047122,-2,1,126
-2.0435,-2.5321,-5.0065,0.00047122,1,1,126
2.5777,7.2679,-0.0065185,0.00047122,-2,1,126
5.5545,5.5679,-0.0065185,0.00047122,-2,1,126
-6.163,-5.7569,-0.0065185,0.00047122,-2,0,126
-5.2379,-1.8245,-4.0065,0.00047122,1,0,126
0.43845,0.73558,-0.0065185,0.00047122,-2,1,126
0.30447,4.239,-0.0065185,0.00047122,-2,1,126
4.7045,4.1493,-0.0065185,0.00047122,-2,1,126
-3.9905,0.28441,3.9935,0.00047122,1,0,126
-3.2238,2.1896,-0.0065185,0.00047122,-2,0,126
-2.0395,-2.0261,-0.0065185,0.00047122,-2,0,126
0.11706,-2.0177,-0.0065185,0.00047122,-2,1,126
-0.14553,-1.9647,-0.0065185,0.00047122,-2,1,126
-0.12303,-1.8761,1.9935,0.00047122,1,1,126
-3.6097,-3.5962,-0.0065185,0.00047122,-2,1,126
-1.4455,-2.5371,-0.0065185,0.00047122,-2,0,126
-1.228,0.60498,1.9935,0.00047122,1,1,126
-4.8855,1.3153,-0.0065185,0.00047122,-2,0,126
-6.6955,-6.6821,-0.0065185,0.00047122,-2,1,126
3.2545,-2.5415,-0.0065185,0.00047122,-2,0,126
3.617,-1.0261,-0.0065185,0.00047122,-2,1,126
-3.0662,-2.3302,-5.0065,0.00047122,1,0,126
0.0044729,4.2679,-0.0065185,0.00047122,-2,0,126
0.0044729,-3.0726,-0.0065185,0.00047122,-2,1,126
1.0045,3.0885,-0.0065185,0.00047122,-2,1,126
-0.84553,0.017889,3.9935,0.00047122,1,1,126
-1.9955,-5.3821,-0.0065185,0.00047122,-2,0,126
-2.9955,-5.8721,-0.0065185,0.00047122,-2,0,126
0.0044729,0.017889,-0.0065185,0.00047122,-2,1,126
-1.9955,1.6622,-0.0065185,0.00047122,-2,0,126
-5.6955,-4.3593,-0.0065185,0.00047122,-2,0,126
5.4495,5.4629,-0.0065185,0.00047122,-2,1,126
-4.6238,-0.2546,3.9935,0.00047122,1,1,126
-5.8855,-2.9821,-0.0065185,0.00047122,-2,0,126
5.011,-1.9847,-0.0065185,0.00047122,1,1,126
4.172,2.7722,-0.0065185,0.00047122,-2,1,126
3.8468,2.659,-0.0065185,0.00047122,-2,1,126
2.5705,1.5629,-0.0065185,0.00047122,-2,0,126
-1.8455,-2.1632,-0.0065185,0.00047122,-2,1,126
0.28197,1.0179,-0.0065185,0.00047122,-2,1,126
0.39035,1.0179,-0.0065185,0.00047122,-2,1,126
1.4825,2.0179,-0.0065185,0.00047122,-2,1,126
2.5608,2.5742,-0.0065185,0.00047122,-2,0,126
0.55447,0.56789,-0.0065185,0.00047122,-2,0,126
-2.828,-0.35926,-0.0065185,0.00047122,-2,1,126
-6.2455,-2.3897,-0.0065185,0.00047122,-2,0,126
-4.6955,-1.4161,-0.0065185,0.00047122,-2,0,126
-3.9905,-1.4271,-5.0065,0.00047122,1,1,126
0.83697,1.1493,-0.0065185,0.00047122,-2,1,126
-2.1532,1.0804,-0.0065185,0.00047122,-2,0,126
1.4385,3.0179,-0.0065185,0.00047122,-2,1,126
-3.6644,-2.3721,-0.0065185,0.00047122,-2,1,126
1.2545,2.4744,-0.0065185,0.00047122,-2,0,126
1.8919,1.7553,-0.0065185,0.00047122,-2,1,127
-4.7498,-4.3168,-0.0065185,0.00047122,-2,0,127
-4.6367,-4.2666,-0.0065185,0.00047122,-2,0,127
-5.5405,-5.2239,-0.0065185,0.00047122,-2,0,127
4.4677,0.74543,-0.0065185,0.00047122,-2,1,127
5.3982,3.8116,-0.0065185,0.00047122,-2,1,127
-3.3302,-3.1306,-0.0065185,0.00047122,-2,0,127
2.289,3.7566,-0.0065185,0.00047122,-2,1,127
-0.75372,-0.87482,-0.0065185,0.00047122,-2,0,127
-0.14553,-2.4271,-0.0065185,0.00047122,-2,0,127
-2.1455,0.14539,-0.0065185,0.00047122,-2,0,127
-2.5455,-2.3836,-0.0065185,0.00047122,-2,0,127
-2.163,-0.50412,-3.0065,0.00047122,1,0,127
1.8468,1.8603,-0.0065185,0.00047122,-2,1,127
0.43845,-2.5268,-0.0065185,0.00047122,-2,1,127
-1.6955,-0.351,-0.0065185,0.00047122,-2,0,127
0.44947,1.4629,-0.0065185,0.00047122,-2,1,127
2.2327,-0.31323,-0.0065185,0.00047122,-2,1,127
1.8985,-1.8361,-3.0065,0.00047122,1,1,127
-1.8829,-1.8695,-0.0065185,0.00047122,-2,0,127
0.75877,-1.3953,-0.0065185,0.00047122,-2,1,127
-0.35437,-1.677,-0.0065185,0.00047122,-2,1,127
0.54945,-0.57273,-0.0065185,0.00047122,-2,0,127
-0.45876,-0.44535,-4.0065,0.00047122,1,1,127
-1.9955,3.4179,-0.0065185,0.00047122,-2,0,127
3.0045,1.7179,-0.0065185,0.00047122,-2,1,127
1.0045,1.0179,-0.0065185,0.00047122,-2,1,127
2.0045,-2.1496,-0.0065185,0.00047122,-2,0,127
1.0045,-1.6821,-0.0065185,0.00047122,-2,1,127
-2.9955,-2.9821,-0.0065185,0.00047122,-2,0,127
-2.5455,-0.70461,3.9935,0.00047122,1,0,127
2.0045,-3.3821,-0.0065185,0.00047122,-2,1,127
-2.9955,-2.9821,-0.0065185,0.00047122,-2,0,127
-4.9955,-4.9821,-0.0065185,0.00047122,-2,0,127
-3.9955,-1.2104,-0.0065185,0.00047122,-2,0,127
-3.9955,-3.3821,-0.0065185,0.00047122,-2,0,127
-0.99553,-3.3821,-0.0065185,0.00047122,-2,0,127
1.0045,0.86789,-0.0065185,0.00047122,-2,1,127
1.0045,1.0179,-0.0065185,0.00047122,-2,1,127
-0.84553,-0.70461,2.9935,0.00047122,1,0,127
-0.99553,-0.98211,-0.0065185,0.00047122,-2,0,127
-0.99553,-2.1496,-0.0065185,0.00047122,-2,0,127
0.85447,0.86789,-0.0065185,0.00047122,-2,1,127
0.72697,0.74039,-4.0065,0.00047122,1,1,127
-3.3814,-2.768,-0.0065185,0.00047122,-2,0,127
-7.3955,-2.2507,-0.0065185,0.00047122,-2,0,127
4.8945,4.4744,-0.0065185,0.00047122,-2,1,127
-4.452,-4.4386,-0.0065185,0.00047122,-2,0,127
5.0925,4.7927,-0.0065185,0.00047122,-2,1,127
-4.3203,-3.845,-5.0065,0.00047122,1,0,127
-2.5041,-2.4907,-0.0065185,0.00047122,-2,0,127
3.2868,4.7204,-0.0065185,0.00047122,-2,1,127
-2.0855,-2.7721,-0.0065185,0.00047122,-2,0,127
0.93094,1.6554,-0.0065185,0.00047122,-2,1,127
3.792,3.6873,-0.0065185,0.00047122,-2,1,127
5.6738,5.5869,-0.0065185,0.00047122,-2,1,127
-4.8145,-0.46573,-5.0065,0.00047122,1,0,127
4.4881,4.679,-0.0065185,0.00047122,-2,1,127
-3.4066,-3.3932,-0.0065185,0.00047122,-2,0,127
-3.3449,-3.2215,-0.0065185,0.00047122,-2,0,127
-4.2925,-2.8291,-0.0065185,0.00047122,-2,0,127
2.2569,2.2325,-0.0065185,0.00047122,-2,1,127
-1.2101,-1.1967,-0.0065185,0.00047122,-2,0,127
-1.0279,-2.5936,-4.0065,0.00047122,1,0,127
-2.1506,-3.5371,-0.0065185,0.00047122,-2,0,127
-0.12731,-1.7941,-0.0065185,0.00047122,-2,0,127
-0.88351,0.1131,-0.0065185,0.00047122,-2,1,127
2.9093,2.9227,-0.0065185,0.00047122,-2,1,127
0.45447,-2.4633,-0.0065185,0.00047122,-2,0,127
-0.37803,-1.918,3.9935,0.00047122,1,1,127
1.1621,-5.2245,-0.0065185,0.00047122,-2,1,127
-6.5455,3.3516,-0.0065185,0.00047122,-2,0,127
-4.163,-5.5496,-0.0065185,0.00047122,-2,0,127
-3.8379,-3.8245,-0.0065185,0.00047122,-2,0,127
-3.2615,0.34771,-5.0065,0.00047122,1,0,127
4.3356,2.7593,-0.0065185,0.00047122,-2,1,127
-5.127,-3.6636,-0.0065185,0.00047122,-2,0,127
-4.9573,-2.8921,-0.0065185,0.00047122,-2,0,127
-2.813,-3.6896,-0.0065185,0.00047122,-2,0,127
0.30962,0.32304,-0.0065185,0.00047122,-2,0,127
0.26385,-0.75774,-5.0065,0.00047122,1,0,127
-3.4935,3.6989,-0.0065185,0.00047122,-2,0,127
0.40447,-4.0213,-0.0065185,0.00047122,-2,1,127
1.8945,0.35789,-0.0065185,0.00047122,-2,0,127
1.8545,4.7954,-0.0065185,0.00047122,-2,1,127
2.727,3.8603,-0.0065185,0.00047122,-2,1,127
3.6186,4.5839,-0.0065185,0.00047122,-2,1,127
-3.0675,-1.1182,-5.0065,0.00047122,1,0,127
1.4482,5.3993,-0.0065185,0.00047122,-2,1,127
1.6273,1.6407,-0.0065185,0.00047122,-2,0,127
0.6839,0.69731,-0.0065185,0.00047122,-2,1,127
3.8545,-1.2911,-0.0065185,0.00047122,-2,1,127
3.277,3.2904,4.9935,0.00047122,1,1,127
-3.6097,-4.8462,-0.0065185,0.00047122,-2,0,127
4.5265,3.6407,-0.0065185,0.00047122,-2,1,127
5.4482,2.6291,-0.0065185,0.00047122,-2,1,127
4.6316,3.9954,-2.0065,0.00047122,1,1,127
-0.3161,-0.30269,-0.0065185,0.00047122,-2,0,127
-2.723,-1.1546,-0.0065185,0.00047122,-2,1,127
-1.7639,-2.6995,-0.0065185,0.00047122,-2,0,127
-0.29553,1.9885,-0.0065185,0.00047122,-2,1,127
1.5595,-0.12449,-0.0065185,0.00047122,-2,1,127
0.55447,0.23464,-0.0065185,0.00047122,-2,1,127
-0.46303,-0.44961,3.9935,0.00047122,1,0,127
5.8468,5.0619,-0.0065185,0.00047122,-2,1,127
-3.5615,-3.5481,-0.0065185,0.00047122,-2,0,127
2.3356,-1.1075,-0.0065185,0.00047122,-2,1,127
3.1359,3.1493,-0.0065185,0.00047122,-2,1,127
1.9662,1.2854,-0.0065185,0.00047122,-2,1,127
1.6719,1.6854,-4.0065,0.00047122,1,1,127
-0.30068,-0.28726,-0.0065185,0.00047122,-2,0,127
2.8545,4.9079,-0.0065185,0.00047122,-2,1,127
0.28197,-0.42013,-0.0065185,0.00047122,-2,0,127
0.6186,1.2559,-0.0065185,0.00047122,-2,0,127
-0.51753,0.21838,-4.0065,0.00047122,1,0,127
-1.4392,-3.3821,-0.0065185,0.00047122,-2,0,127
2.3816,3.7579,-0.0065185,0.00047122,-2,1,127
-0.3161,-4.1386,-0.0065185,0.00047122,-2,0,127
1.732,-0.2546,-0.0065185,0.00047122,-2,0,127
2.7729,2.7863,-0.0065185,0.00047122,-2,1,127
-5.5455,-1.0235,-0.0065185,0.00047122,-2,0,127
5.172,4.7354,-0.0065185,0.00047122,-2,1,127
-4.3879,-4.3745,-5.0065,0.00047122,1,0,127
-0.56155,-0.54813,-0.0065185,0.00047122,-2,0,127
1.3356,0.77219,-0.0065185,0.00047122,-2,1,127
0.13592,4.22,-0.0065185,0.00047122,-2,1,127
-0.10726,-0.093843,3.9935,0.00047122,1,1,127
2.282,-0.24138,-0.0065185,0.00047122,-2,0,127
1.3903,-0.32211,-0.0065185,0.00047122,-2,1,127
2.7045,2.7179,-0.0065185,0.00047122,-2,1,127
2.2995,1.0192,-2.0065,0.00047122,1,1,127
0.23272,-0.11609,-0.0065185,0.00047122,-2,0,127
1.8545,1.8679,-0.0065185,0.00047122,-2,1,127
1.727,1.7404,-0.0065185,0.00047122,-2,1,127
-0.60965,0.15806,-0.0065185,0.00047122,-2,0,127
-0.47352,0.53989,-0.0065185,0.00047122,-2,1,127
-2.5518,-2.5384,-0.0065185,0.00047122,-2,1,127
1.6273,0.36324,-0.0065185,0.00047122,-2,1,127
1.3839,0.087033,4.9935,0.00047122,1,1,127
-0.55053,4.7899,-0.0065185,0.00047122,-2,1,127
2.7762,2.7896,-0.0065185,0.00047122,-2,1,127
1.4045,1.4179,-0.0065185,0.00047122,-2,1,127
1.8945,1.9079,-0.0065185,0.00047122,-2,1,127
-1.602,-0.75363,-4.0065,0.00047122,1,1,127
4.727,0.61789,-0.0065185,0.00047122,-2,1,127
4.6186,4.2148,-0.0065185,0.00047122,-2,1,127
-4.5175,3.983,-0.0065185,0.00047122,-2,0,127
3.8482,3.5601,2.9935,0.00047122,1,1,127
4.3816,2.2431,-0.0065185,0.00047122,-2,1,127
-4.3161,-0.64101,-0.0065185,0.00047122,-2,0,127
4.277,4.1052,-0.0065185,0.00047122,-2,1,127
3.2361,3.0921,-0.0065185,0.00047122,-2,1,127
3.2013,1.5479,-0.0065185,0.00047122,-2,1,127
-1.1629,-1.7446,-0.0065185,0.00047122,-2,1,127
0.99671,0.91349,-5.0065,0.00047122,1,0,127
0.28197,2.4255,-0.0065185,0.00047122,-2,1,127
1.6186,0.73391,-0.0065185,0.00047122,-2,1,127
-0.84553,-0.83211,-0.0065185,0.00047122,-2,0,127
-1.273,-2.5962,-0.0065185,0.00047122,-2,1,127
2.3903,2.4038,-0.0065185,0.00047122,-2,1,127
-6.5455,-2.9758,-0.0065185,0.00047122,-2,0,127
-6.163,-6.1496,-0.0065185,0.00047122,-2,0,127
-6.8379,-6.8245,-0.0065185,0.00047122,-2,0,127
-6.5615,-6.5481,-0.0065185,0.00047122,-2,0,127
-4.3266,-4.3132,-0.0065185,0.00047122,-2,0,127
-1.127,-1.6147,-0.0065185,0.00047122,-2,1,127
-1.9955,2.4882,-0.0065185,0.00047122,-2,0,127
-0.99553,-0.98211,-0.0065185,0.00047122,-2,0,127
-3.8455,-1.5371,-0.0065185,0.00047122,-2,0,127
-3.268,0.31967,-4.0065,0.00047122,1,0,127
0.39035,-2.3381,-0.0065185,0.00047122,-2,1,127
4.8545,-3.3941,-0.0065185,0.00047122,-2,1,127
1.727,-1.4386,-0.0065185,0.00047122,-2,1,127
-3.6097,-3.5962,-0.0065185,0.00047122,-2,0,127
4.5265,2.2431,-0.0065185,0.00047122,-2,1,127
2.1545,1.6244,-0.0065185,0.00047122,-2,0,128
-0.27303,-0.98211,-0.0065185,0.00047122,-2,0,128
1.1545,1.1679,-0.0065185,0.00047122,-2,1,128
-1.2955,-1.3025,-0.0065185,0.00047122,-2,0,128
2.5545,2.5679,-0.0065185,0.00047122,-2,1,128
2.172,2.1854,-0.0065185,0.00047122,-2,1,128
-3.8379,-0.78047,-0.0065185,0.00047122,-2,0,128
-3.5615,-2.9438,-0.0065185,0.00047122,-2,0,128
3.3356,2.794,-0.0065185,0.00047122,-2,1,128
-3.127,-2.377,-0.0065185,0.00047122,-2,0,128
-3.9573,-3.9438,-0.0065185,0.00047122,-2,0,128
0.187,0.20042,-0.0065185,0.00047122,-2,1,128
0.15962,-1.6371,4.9935,0.00047122,1,1,128
-3.718,-3.1881,-0.0065185,0.00047122,-2,0,128
-3.6097,-2.0947,-0.0065185,0.00047122,-2,0,128
3.5265,1.4311,-0.0065185,0.00047122,-2,1,128
0.56077,-1.891,-0.0065185,0.00047122,-2,1,128
2.1545,2.1679,-0.0065185,0.00047122,-2,1,128
1.832,2.1808,-2.0065,0.00047122,1,1,128
4.172,0.48539,-0.0065185,0.00047122,-2,1,128
-0.15315,-0.13974,-0.0065185,0.00047122,-2,0,128
0.30447,1.6598,-0.0065185,0.00047122,-2,0,128
1.5595,4.2461,-0.0065185,0.00047122,-2,1,128
1.3262,0.23464,-3.0065,0.00047122,1,0,128
-0.03954,-0.026124,-0.0065185,0.00047122,-2,0,128
0.89188,2.1854,-0.0065185,0.00047122,-2,1,128
0.25017,-0.25847,-0.0065185,0.00047122,-2,1,128
-3.1455,0.70785,-0.0065185,0.00047122,-2,0,128
-1.3955,-1.3821,-0.0065185,0.00047122,-2,0,128
-0.10553,2.2938,-0.0065185,0.00047122,-2,0,128
0.097973,2.1741,4.9935,0.00047122,1,1,128
0.17197,-1.5384,-0.0065185,0.00047122,-2,1,128
-0.15315,5.4728,-0.0065185,0.00047122,-2,0,128
1.3045,6.0885,-0.0065185,0.00047122,-2,1,128
1.5545,1.5679,-0.0065185,0.00047122,-2,1,128
-0.82803,-0.81461,-0.0065185,0.00047122,-2,1,128
-1.1532,-0.82925,-0.0065185,0.00047122,-2,0,128
1.5545,1.5679,-0.0065185,0.00047122,-2,1,128
-3.163,-1.7364,-0.0065185,0.00047122,-2,0,128
-2.6879,0.50818,2.9935,0.00047122,1,0,128
0.43845,1.4729,-0.0065185,0.00047122,-2,1,128
0.37336,3.1854,-0.0065185,1.0005,-1,1,128
-2.4405,-0.69304,-0.0065185,0.00047122,-2,0,128
2.0827,2.4339,2.9935,0.00047122,1,1,128
2.0485,2.349,-0.0065185,0.00047122,-2,1,128
-2.8829,-3.2811,-0.0065185,0.00047122,-2,0,128
3.7588,3.7722,-0.0065185,0.00047122,-2,1,128
-3.6367,-3.7996,-0.0065185,0.00047122,-2,0,128
-1.5405,-1.677,-0.0065185,0.00047122,-2,0,128
1.3177,1.5251,3.9935,0.00047122,1,1,128
-1.3893,-3.8841,-0.0065185,0.00047122,-2,0,128
-0.33021,-0.40884,-0.0065185,0.00047122,-2,0,128
-0.71104,1.1031,-0.0065185,0.00047122,-2,0,128
0.85447,0.86789,-0.0065185,0.00047122,-2,1,128
-3.718,-0.49907,-0.0065185,0.00047122,-2,0,128
4.6186,3.182,-0.0065185,0.00047122,-2,1,128
-3.9175,-3.9041,3.9935,0.00047122,1,0,128
1.5608,2.3385,-0.0065185,0.00047122,-2,0,128
-2.3727,-2.3593,-0.0065185,0.00047122,-2,0,128
0.32505,-2.118,-0.0065185,0.00047122,-2,1,128
-0.26802,-0.2546,-0.0065185,0.00047122,-2,0,128
0.77286,0.78627,-0.0065185,0.00047122,-2,1,128
4.8545,4.8679,-0.0065185,0.00047122,-2,1,128
4.127,0.13879,4.9935,0.00047122,1,1,128
-1.6097,-4.2321,-0.0065185,0.00047122,-2,1,128
0.85447,4.1524,-0.0065185,0.00047122,-2,0,128
1.727,4.0885,-0.0065185,0.00047122,-2,1,128
-2.1455,0.63201,-0.0065185,0.00047122,-2,0,128
-1.5455,-1.8096,-0.0065185,0.00047122,-2,0,128
1.322,1.3354,4.9935,0.00047122,1,1,128
-0.8379,1.395,-0.0065185,0.00047122,-2,1,128
1.8545,-5.1606,-0.0065185,0.00047122,-2,1,128
0.28197,0.29539,-0.0065185,0.00047122,-2,1,128
1.8545,1.8679,-0.0065185,0.00047122,-2,1,128
-1.568,-1.5865,-5.0065,0.00047122,1,0,128
-2.3814,4.882,-0.0065185,0.00047122,-2,0,128
1.4545,7.6304,-0.0065185,0.00047122,-2,0,128
-0.82803,2.5625,-0.0065185,0.00047122,-2,0,128
-0.54553,-0.53211,-0.0065185,0.00047122,-2,0,128
-1.163,1.2904,-0.0065185,0.00047122,-2,0,128
0.99685,3.746,2.9935,0.00047122,1,1,128
-1.4295,-1.4161,-0.0065185,0.00047122,-2,0,128
-5.5455,-5.5321,-0.0065185,0.00047122,-2,0,128
-6.163,-6.1496,-0.0065185,0.00047122,-2,0,128
-5.8379,-5.8245,-0.0065185,0.00047122,-2,0,128
6.5705,1.6867,-0.0065185,0.00047122,-2,1,128
5.3356,5.349,-0.0065185,0.00047122,-2,1,128
-4.527,-4.7261,3.9935,0.00047122,1,1,128
1.8945,2.271,-0.0065185,0.00047122,-2,0,128
2.461,2.6279,-0.0065185,0.00047122,-2,0,128
3.0925,-3.1611,-0.0065185,0.00047122,-2,1,128
-3.8455,-1.2537,-0.0065185,0.00047122,-2,0,128
3.277,3.2904,4.9935,0.00047122,1,1,128
-4.6097,-3.7884,-0.0065185,0.00047122,-2,0,128
4.5265,3.9399,-0.0065185,0.00047122,-2,1,128
4.4482,4.4616,-0.0065185,0.00047122,-2,1,128
3.7816,3.285,4.9935,0.00047122,1,1,128
4.3251,4.0363,-0.0065185,0.00047122,-2,1,128
4.277,3.821,-0.0065185,0.00047122,-2,1,128
0.23609,0.24951,-0.0065185,0.00047122,-2,0,128
-1.9955,0.47439,-0.0065185,0.00047122,-2,0,128
1.0045,-0.10302,-0.0065185,0.00047122,-2,0,128
0.85447,4.0179,-0.0065185,4.0005,-1,1,128
-0.71803,-4.8907,3.9935,0.00047122,1,1,128
4.0045,-2.768,-0.0065185,0.00047122,-2,1,128
6.4045,3.5399,-0.0065185,0.00047122,-2,1,128
4.8945,2.4616,-0.0065185,0.00047122,-2,1,128
4.461,1.1825,-0.0065185,0.00047122,-2,1,128
6.0925,3.8059,-0.0065185,0.00047122,-2,1,128
5.1793,3.6904,4.9935,0.00047122,1,1,128
5.5131,4.2495,-0.0065185,0.00047122,-2,1,128
-4.2778,-4.2644,-0.0065185,0.00047122,-2,1,128
-1.5455,-1.5321,-0.0065185,0.00047122,-2,1,128
2.172,2.6279,-0.0065185,0.00047122,-2,0,128
1.8468,1.9812,-5.0065,0.00047122,1,1,128
-0.99553,-0.87934,-0.0065185,0.00047122,-2,0,128
-2.8455,-1.9917,-0.0065185,0.00047122,-2,0,128
-5.718,-2.4046,-0.0065185,0.00047122,-2,0,128
2.6186,4.882,-0.0065185,0.00047122,-2,1,128
-4.5175,-2.2041,-0.0065185,0.00047122,-2,0,128
-2.4392,-2.4258,-0.0065185,0.00047122,-2,0,128
-3.3727,-2.1609,-0.0065185,0.00047122,-2,0,128
-2.8661,-1.9276,2.9935,0.00047122,1,0,128
2.277,-2.2596,-0.0065185,0.00047122,-2,0,128
2.3045,2.6222,-0.0065185,0.00047122,-2,1,128
-3.5505,-5.2245,-0.0065185,0.00047122,-2,0,128
3.0262,3.0396,-4.0065,0.00047122,1,1,128
1.9605,4.349,-0.0065185,0.00047122,-2,0,128
0.55447,0.56789,-0.0065185,0.00047122,-2,0,128
-0.16303,4.4744,-0.0065185,0.00047122,-2,1,128
0.14685,1.2191,-4.0065,0.00047122,1,0,128
-2.4295,-5.7569,-0.0065185,0.00047122,-2,1,128
1.4045,0.90789,-0.0065185,0.00047122,-2,0,128
1.1145,-1.3072,-0.0065185,0.00047122,-2,0,128
-5.3955,-5.3821,-0.0065185,0.00047122,-2,0,128
5.7045,2.5354,-0.0065185,0.00047122,-2,1,128
4.4495,4.4629,-0.0065185,0.00047122,-2,1,128
3.7827,1.3993,3.9935,0.00047122,1,1,128
3.216,2.1356,4.9935,0.00047122,1,0,128
1.8468,4.2679,-0.0065185,0.00047122,-2,1,128
-1.9955,-2.7364,-0.0065185,0.00047122,-2,0,128
-1.6955,-2.6233,-0.0065185,-1.9995,-1,0,128
5.0045,1.7927,-0.0065185,0.00047122,-2,1,128
-4.2455,-4.6953,-4.0065,0.00047122,1,0,128
2.0045,3.8116,-0.0065185,0.00047122,-2,1,128
2.0045,2.0179,-0.0065185,0.00047122,-2,1,128
5.0045,5.3024,-0.0065185,0.00047122,-2,1,128
-4.2455,-1.4522,2.9935,0.00047122,1,0,128
1.0045,-2.5321,-0.0065185,0.00047122,-2,0,128
1.8545,-1.9749,-0.0065185,0.00047122,-2,1,128
2.8545,2.1664,-0.0065185,0.00047122,-2,1,128
2.727,2.1441,-0.0065185,0.00047122,-2,1,128
3.6186,3.632,-0.0065185,0.00047122,-2,1,128
5.5265,0.9836,-0.0065185,0.00047122,-2,1,128
4.6982,4.7116,-2.0065,0.00047122,1,0,128
-1.383,-1.3696,-0.0065185,0.00047122,-2,0,128
-1.9249,-6.4271,-0.0065185,0.00047122,-2,0,128
-0.3855,-0.37208,-0.0065185,0.00047122,-2,0,128
-2.2141,1.0214,-0.0065185,0.00047122,-2,0,128
1.0045,0.98349,-0.0065185,0.00047122,-2,0,128
-3.9955,1.65,-0.0065185,0.00047122,-2,0,128
0.60447,5.3803,-0.0065185,0.00047122,-2,1,128
1.4045,-2.8721,-0.0065185,0.00047122,-2,1,128
0.89447,-1.6821,-0.0065185,0.00047122,-2,0,128
1.3045,1.5729,-0.0065185,0.00047122,-2,1,128
3.5545,3.1059,-0.0065185,0.00047122,-2,1,128
4.172,4.1854,-0.0065185,0.00047122,-2,1,128
-3.8379,-0.4467,-0.0065185,0.00047122,-2,0,128
-5.5615,-5.2644,-0.0065185,0.00047122,-2,0,128
4.7356,2.5529,2.9935,0.00047122,1,1,128
6.1359,6.1493,-0.0065185,0.00047122,-2,1,128
4.9662,4.9796,-0.0065185,0.00047122,-2,1,128
-0.813,-2.4939,-0.0065185,0.00047122,-2,1,128
1.0045,2.2788,-0.0065185,0.00047122,-2,1,128
-5.8455,-5.8321,-0.0065185,0.00047122,-2,0,128
-0.44053,2.0459,-0.0065185,0.00047122,-2,0,129
-5.2238,0.42418,-0.0065185,0.00047122,-2,0,129
-4.0395,-3.7593,-0.0065185,0.00047122,-2,0,129
-5.8829,-2.8527,-0.0065185,0.00047122,-2,0,129
2.7588,5.0222,-0.0065185,0.00047122,-2,1,129
-1.6367,-2.3233,-0.0065185,0.00047122,-2,0,129
-1.5405,-1.5271,-0.0065185,0.00047122,-2,0,129
-1.5323,1.2036,-0.0065185,0.00047122,-2,0,129
1.3045,3.632,-0.0065185,0.00047122,-2,1,129
1.4545,3.897,-0.0065185,0.00047122,-2,0,129
0.83697,-0.92136,-0.0065185,0.00047122,-2,1,129
-1.5455,-1.5321,-0.0065185,0.00047122,-2,0,129
1.322,2.1111,4.9935,0.00047122,1,1,129
-1.1532,-1.1397,-0.0065185,0.00047122,-2,1,129
1.5705,1.5839,-0.0065185,0.00047122,-2,1,129
1.3356,3.6335,3.9935,0.00047122,1,1,129
1.1359,0.48112,-0.0065185,0.00047122,-2,1,129
-0.033796,-0.58836,-0.0065185,0.00047122,-2,0,129
0.037001,0.050417,-3.0065,0.00047122,1,1,129
4.727,4.7404,-0.0065185,0.00047122,-2,1,129
-3.6097,1.5713,-0.0065185,0.00047122,-2,0,129
3.5265,3.0899,-0.0065185,0.00047122,-2,1,129
-3.4392,-2.9758,-0.0065185,0.00047122,-2,0,129
2.9316,2.945,-3.0065,0.00047122,1,1,129
-5.3161,2.2473,-0.0065185,0.00047122,-2,0,129
4.277,4.5404,-0.0065185,0.00047122,-2,1,129
-3.2271,-2.3127,-0.0065185,0.00047122,-2,0,129
-5.1924,-4.4131,-0.0065185,0.00047122,-2,0,129
5.1718,5.1852,-0.0065185,0.00047122,-2,1,129
-3.1378,-2.571,-0.0065185,0.00047122,-2,0,129
-2.6664,-1.8778,-5.0065,0.00047122,1,0,129
-4.0983,-3.9351,-0.0065185,0.00047122,-2,0,129
-3.0829,-3.1297,-0.0065185,0.00047122,-2,0,129
-2.0698,-2.3175,-0.0065185,0.00047122,-2,0,129
3.0676,3.081,-0.0065185,0.00047122,-2,1,129
-5.0492,-1.2721,-0.0065185,0.00047122,-2,0,129
-4.0411,-3.8503,-0.0065185,0.00047122,-2,0,129
-1.0343,-3.4826,-0.0065185,0.00047122,-2,0,129
-3.0285,-0.86506,-0.0065185,0.00047122,-2,0,129
2.5825,2.5959,2.9935,0.00047122,1,1,129
-0.01933,-2.4633,-0.0065185,0.00047122,-2,0,129
-0.97529,0.038121,-0.0065185,0.00047122,-2,0,129
-1.1455,0.91759,-0.0065185,0.00047122,-2,1,129
-0.97303,-0.95961,-2.0065,0.00047122,1,1,129
-1.3814,-1.368,-0.0065185,0.00047122,-2,0,129
-6.6955,-1.4271,-0.0065185,0.00047122,-2,0,129
-6.4405,-6.2104,-0.0065185,0.00047122,-2,0,129
-6.2238,-6.0261,-0.0065185,0.00047122,-2,0,129
-3.0395,-2.8695,-0.0065185,0.00047122,-2,0,129
-2.5829,-3.3464,-5.0065,0.00047122,1,0,129
-3.7498,-4.8733,-0.0065185,0.00047122,-2,0,129
-5.6367,-3.0771,-0.0065185,0.00047122,-2,0,129
-3.5405,-4.6953,-0.0065185,0.00047122,-2,0,129
-0.53229,-0.51888,-0.0065185,0.00047122,-2,1,129
0.61072,-2.5434,-0.0065185,0.00047122,-2,1,129
-0.14553,0.58341,-0.0065185,0.00047122,-2,0,129
-0.12303,-1.7899,-3.0065,0.00047122,1,0,129
-3.273,3.2904,-0.0065185,0.00047122,-2,0,129
-3.3955,2.1854,-0.0065185,0.00047122,-2,0,129
-1.8855,2.8603,-0.0065185,0.00047122,-2,1,129
0.15447,2.3482,-0.0065185,0.00047122,-2,1,129
1.8545,1.8679,-0.0065185,0.00047122,-2,1,129
-0.27303,-0.25961,-0.0065185,0.00047122,-2,1,129
-0.2314,1.0045,4.9935,0.00047122,1,0,129
3.727,-0.060412,-0.0065185,0.00047122,-2,1,129
-3.6097,-2.9093,-0.0065185,0.00047122,-2,0,129
5.5265,2.8885,-0.0065185,0.00047122,-2,1,129
-4.4392,-1.3721,-0.0065185,0.00047122,-2,0,129
-2.3727,-1.3761,-0.0065185,0.00047122,-2,0,129
-2.0161,0.20364,3.9935,0.00047122,1,1,129
1.5595,6.4179,-0.0065185,0.00047122,-2,1,129
-2.2238,-2.2104,-0.0065185,0.00047122,-2,1,129
-2.0395,1.4744,-0.0065185,0.00047122,-2,0,129
2.1545,2.1679,-0.0065185,0.00047122,-2,1,129
1.832,2.4805,-4.0065,0.00047122,1,0,129
-2.3814,0.73329,-0.0065185,0.00047122,-2,0,129
1.5545,-3.4171,-0.0065185,0.00047122,-2,1,129
-1.163,1.3311,-0.0065185,0.00047122,-2,1,129
1.1545,1.1378,-0.0065185,0.00047122,-2,0,129
2.282,2.2954,-0.0065185,0.00047122,-2,1,129
-1.9314,-0.90511,3.9935,0.00047122,1,1,129
1.4825,-1.3821,-0.0065185,0.00047122,-2,0,129
2.5608,1.4831,-0.0065185,0.00047122,-2,1,129
-1.4455,0.11139,-0.0065185,0.00047122,-2,1,129
1.172,0.349,-0.0065185,0.00047122,-2,1,129
-2.1532,-1.7407,-0.0065185,0.00047122,-2,0,129
3.4045,0.90837,-0.0065185,0.00047122,-2,1,129
-2.8855,-2.0701,3.9935,0.00047122,1,0,129
-3.452,-3.4386,-0.0065185,0.00047122,-2,0,129
-3.0836,-3.0701,-0.0065185,0.00047122,-2,0,129
-2.7703,-2.2644,-0.0065185,0.00047122,-2,0,129
-5.5041,0.59732,-0.0065185,0.00047122,-2,0,129
-4.6778,-4.6644,2.9935,0.00047122,1,0,129
-6.0855,-6.0721,-0.0065185,0.00047122,-2,0,129
-4.922,-4.9086,-0.0065185,0.00047122,-2,0,129
4.792,-1.2555,-0.0065185,0.00047122,-2,1,129
-4.0649,-4.0515,1.9935,0.00047122,1,0,129
-4.5645,-4.3932,-0.0065185,0.00047122,-2,0,129
-2.4791,-2.3315,-0.0065185,0.00047122,-2,0,129
0.41555,-0.91336,-0.0065185,0.00047122,-2,1,129
0.65506,0.66847,-0.0065185,0.00047122,-2,0,129
-1.2925,-0.27912,-0.0065185,0.00047122,-2,0,129
-2.248,-2.1645,-0.0065185,0.00047122,-2,0,129
-1.9101,-0.9192,2.9935,0.00047122,1,0,129
3.1869,3.1497,-0.0065185,0.00047122,-2,1,129
-4.1506,2.0304,-0.0065185,0.00047122,-2,0,129
3.1363,3.5131,-0.0065185,0.00047122,-2,1,129
5.1165,5.0988,-0.0065185,0.00047122,-2,1,129
-4.0907,-4.0773,-0.0065185,0.00047122,-2,0,129
-3.4765,-1.9054,2.9935,0.00047122,1,0,129
-3.0643,-3.0318,-0.0065185,0.00047122,-2,0,129
-4.054,2.1269,-0.0065185,0.00047122,-2,0,129
-4.0452,-4.0318,-0.0065185,0.00047122,-2,0,129
1.0467,1.0484,-0.0065185,0.00047122,-2,1,129
-0.88144,-2.4745,-3.0065,0.00047122,1,0,129
-4.0261,-2.5626,-0.0065185,0.00047122,-2,0,129
3.4304,-0.96337,-0.0065185,-0.99953,-1,1,129
-2.0176,-2.8942,-0.0065185,0.00047122,-2,0,129
2.0232,1.7314,-0.0065185,0.00047122,-2,0,129
2.3045,-1.443,-0.0065185,0.00047122,-2,1,129
3.5595,1.9729,-0.0065185,0.00047122,-2,1,129
0.77622,3.0396,-0.0065185,0.00047122,-2,1,129
0.66046,0.67388,-4.0065,0.00047122,1,0,129
-1.5505,-4.1364,-0.0065185,0.00047122,-2,0,129
-0.22378,-0.21036,-0.0065185,0.00047122,-2,1,129
3.0485,-0.43861,-0.0065185,0.00047122,-2,1,129
-2.5829,-2.5695,1.9935,0.00047122,1,0,129
4.4495,-0.23711,-0.0065185,0.00047122,-2,1,129
6.2327,1.2368,-0.0065185,0.00047122,-2,1,129
4.0485,1.8864,-0.0065185,0.00047122,-2,1,129
3.4419,4.5178,4.9935,0.00047122,1,1,129
4.7588,3.4504,-0.0065185,0.00047122,-2,1,129
4.6456,4.059,-0.0065185,0.00047122,-2,1,129
0.45949,-3.9271,-0.0065185,0.00047122,-2,0,129
1.5412,1.5547,-0.0065185,0.00047122,-2,1,129
-2.2955,-2.2821,-0.0065185,0.00047122,-2,0,129
5.4045,2.8038,-0.0065185,0.00047122,-2,1,129
4.8945,4.9079,-0.0065185,0.00047122,-2,1,129
-4.152,-3.8836,3.9935,0.00047122,1,0,129
5.0925,-1.2941,-0.0065185,0.00047122,-2,1,129
6.7793,4.8285,-0.0065185,0.00047122,-2,1,129
4.5131,2.0244,-0.0065185,0.00047122,-2,1,129
1.2868,2.4311,-0.0065185,0.00047122,-2,1,129
1.0944,-0.09839,4.9935,0.00047122,1,1,129
5.9309,4.9191,-0.0065185,0.00047122,-2,1,129
-4.783,-4.7696,-0.0065185,0.00047122,-2,0,129
-5.6649,-5.6515,-0.0065185,0.00047122,-2,0,129
4.8234,2.5672,-3.0065,0.00047122,1,1,129
4.4881,-2.5837,-0.0065185,0.00047122,-2,1,129
-3.4066,-3.3932,-0.0065185,0.00047122,-2,0,129
-3.3449,-3.3315,-0.0065185,0.00047122,-2,0,129
2.3015,2.7714,-0.0065185,0.00047122,-2,1,129
1.2569,1.2703,-0.0065185,0.00047122,-2,1,129
0.21906,-0.0050035,-0.0065185,0.00047122,-2,0,129
-0.17792,-1.3928,4.9935,0.00047122,1,0,129
4.1595,0.17293,-0.0065185,0.00047122,-2,1,129
-2.1273,-3.5139,-0.0065185,0.00047122,-2,0,129
-5.1075,-5.0941,-0.0065185,0.00047122,-2,0,129
3.0997,0.40786,-0.0065185,0.00047122,-2,1,129
1.0854,-1.2006,-0.0065185,0.00047122,-2,0,129
0.85447,0.86789,-0.0065185,0.00047122,-2,0,129
-0.27303,-0.094701,-0.0065185,0.00047122,-2,0,129
1.6186,0.82189,-0.0065185,0.00047122,-2,1,129
1.1545,-0.54636,-0.0065185,0.00047122,-2,1,129
1.3045,-0.95961,-0.0065185,0.00047122,-2,0,129
0.55947,1.1229,-0.0065185,0.00047122,-2,0,129
-0.76728,-2.3027,-0.0065185,0.00047122,-2,0,129
0.70447,0.67388,-0.0065185,0.00047122,-2,0,129
-2.1455,-2.1321,-0.0065185,0.00047122,-2,0,129
1.832,0.3076,-4.0065,0.00047122,1,1,129
7.172,7.1854,-0.0065185,0.00047122,-2,1,129
5.8468,5.8603,-0.0065185,0.00047122,-2,1,129
-4.5615,0.90837,-0.0065185,0.00047122,-2,0,129
-4.3266,-4.3132,-0.0065185,0.00047122,-2,0,129
-3.127,-3.1136,-0.0065185,0.00047122,-2,0,129
-0.84553,0.12066,-0.0065185,0.00047122,-2,0,130
-5.718,-2.2132,-0.0065185,0.00047122,-2,0,130
3.6186,4.882,-0.0065185,0.00047122,-2,1,130
2.5265,2.5399,-0.0065185,0.00047122,-2,1,130
-2.1392,-1.9285,-0.0065185,-1.9995,-1,0,130
0.62732,-2.2016,-0.0065185,0.00047122,-2,0,130
0.5339,3.6973,-0.0065185,4.0005,-1,0,130
-2.268,-2.2546,-0.0065185,0.00047122,-2,0,130
-3.2271,0.66002,-0.0065185,0.00047122,-2,0,130
-4.1924,-2.5083,-0.0065185,0.00047122,-2,0,130
4.1718,3.5852,-0.0065185,0.00047122,-2,1,130
3.1467,3.1601,-0.0065185,0.00047122,-2,1,130
-2.6664,-2.993,2.9935,0.00047122,1,0,130
-1.0983,-0.96969,-0.0065185,0.00047122,-2,0,130
1.0918,-2.0623,-0.0065185,0.00047122,-2,1,130
-2.0698,-0.82313,-0.0065185,0.00047122,-2,0,130
0.94136,-1.6745,-0.0065185,0.00047122,-2,0,130
0.95083,1.0244,-0.0065185,0.00047122,-2,1,130
-0.79993,-0.78651,-5.0065,0.00047122,1,0,130
2.727,4.9904,-0.0065185,0.00047122,-2,1,130
1.6186,2.2399,-0.0065185,0.00047122,-2,1,130
-1.5175,-1.5041,-0.0065185,0.00047122,-2,0,130
0.56077,0.57418,-0.0065185,0.00047122,-2,1,130
-0.46838,0.95259,1.9935,0.00047122,1,1,130
-0.67495,0.71789,-0.0065185,0.00047122,-2,0,130
-1.8455,-1.8321,-0.0065185,0.00047122,-2,0,130
2.282,-0.50774,-0.0065185,0.00047122,-2,0,130
2.3903,1.9538,-0.0065185,0.00047122,-2,1,130
5.5545,5.5679,-0.0065185,0.00047122,-2,1,130
7.172,7.1854,-0.0065185,0.00047122,-2,1,130
-6.0879,-1.2756,3.9935,0.00047122,1,0,130
4.5705,4.5839,-0.0065185,0.00047122,-2,1,130
6.3356,-1.7407,-0.0065185,0.00047122,-2,1,130
5.1359,4.9796,-0.0065185,0.00047122,-2,1,130
-1.0338,4.5921,-0.0065185,0.00047122,-2,0,130
2.7045,-3.7476,-0.0065185,0.00047122,-2,0,130
-4.8455,-2.2771,-0.0065185,0.00047122,-2,0,130
-0.59553,2.9159,-0.0065185,0.00047122,-2,0,130
-0.59553,-0.5994,-0.0065185,0.00047122,-2,0,130
-0.50553,-0.49211,2.9935,0.00047122,1,1,130
1.461,1.7201,-0.0065185,0.00047122,-2,0,130
-0.84553,-0.83211,-0.0065185,0.00047122,-2,0,130
-1.718,-1.7046,-0.0065185,0.00047122,-2,0,130
-1.4597,1.1207,1.9935,0.00047122,1,0,130
-2.5175,-2.3759,-0.0065185,0.00047122,-2,1,130
3.7045,2.1616,-0.0065185,0.00047122,-2,0,130
-3.4405,-0.75386,-0.0065185,0.00047122,-2,0,130
-3.6955,-2.6554,-0.0065185,0.00047122,-2,1,130
1.7045,2.5069,-0.0065185,0.00047122,-2,1,130
-1.4405,-1.4271,2.9935,0.00047122,1,0,130
-2.9955,-4.0261,-0.0065185,0.00047122,-2,0,130
1.0045,-1.2622,-0.0065185,0.00047122,-2,1,130
0.0044729,0.77219,-0.0065185,0.00047122,-2,1,130
3.0045,-0.70461,-0.0065185,0.00047122,-2,1,130
-6.5455,-1.9871,-0.0065185,0.00047122,-2,0,130
6.172,5.5854,-0.0065185,0.00047122,-2,1,130
-5.2379,-5.2245,-5.0065,0.00047122,1,0,130
-5.5615,-5.5481,-0.0065185,0.00047122,-2,0,130
1.3356,-0.30269,-0.0065185,0.00047122,-2,0,130
2.0045,2.0179,-0.0065185,0.00047122,-2,0,130
1.7045,3.5897,-1.0065,0.00047122,1,0,130
-1.9955,-1.9821,-0.0065185,0.00047122,-2,0,130
-2.2955,3.6036,-0.0065185,0.00047122,-2,0,130
-1.9505,1.0066,2.9935,0.00047122,1,1,130
0.23272,-3.3941,-0.0065185,0.00047122,-2,0,130
2.1545,0.56139,-0.0065185,0.00047122,-2,1,130
-2.5455,-1.8245,-0.0065185,0.00047122,-2,1,130
4.0045,1.5713,-0.0065185,0.00047122,-2,0,130
1.0045,-3.3821,-0.0065185,0.00047122,-2,1,130
-0.84553,-0.83211,-5.0065,0.00047122,1,0,130
1.0045,0.64074,-0.0065185,0.00047122,-2,0,130
2.0045,-3.9152,-0.0065185,0.00047122,-2,1,130
1.3045,3.0885,-0.0065185,0.00047122,-2,1,130
1.4545,1.4679,-0.0065185,0.00047122,-2,0,130
1.237,-0.92136,2.9935,0.00047122,1,1,130
0.11447,-2.5321,-0.0065185,0.00047122,-2,0,130
-0.53903,-1.6447,-0.0065185,0.00047122,-2,0,130
-1.5455,-1.1496,-0.0065185,0.00047122,-2,1,130
-0.14553,-0.13211,-0.0065185,0.00047122,-2,1,130
2.282,0.52915,-0.0065185,0.00047122,-2,0,130
-1.9314,-1.918,-2.0065,0.00047122,1,0,130
-4.163,-4.1496,-0.0065185,0.00047122,-2,0,130
-2.8379,-2.4271,-0.0065185,0.00047122,-2,0,130
0.57049,0.55129,-0.0065185,0.00047122,-2,1,130
-0.66441,-0.9381,-0.0065185,0.00047122,-2,0,130
-5.6955,-5.6821,-0.0065185,0.00047122,-2,0,130
4.4495,0.50116,-0.0065185,0.00047122,-2,1,130
3.7827,3.0899,3.9935,0.00047122,1,1,130
6.0485,4.4619,-0.0065185,0.00047122,-2,1,130
5.8919,5.9053,-0.0065185,0.00047122,-2,1,130
-4.7498,-4.3489,-0.0065185,0.00047122,-2,0,130
-1.6367,-1.6233,-0.0065185,0.00047122,-2,0,130
1.3995,3.1395,4.9935,0.00047122,1,1,130
-1.4588,-4.6953,-0.0065185,0.00047122,-2,0,130
-2.3893,-2.3759,-0.0065185,0.00047122,-2,0,130
-5.3302,-5.3168,-0.0065185,0.00047122,-2,0,130
4.539,0.75292,3.9935,0.00047122,1,1,130
4.2463,3.5207,-0.0065185,0.00047122,-2,1,130
2.21,2.1052,-0.0065185,0.00047122,-2,1,130
-1.1702,-1.1568,-0.0065185,0.00047122,-2,0,130
0.15298,0.081002,-0.0065185,0.00047122,-2,0,130
-1.9955,-0.10834,-0.0065185,0.00047122,-2,0,130
-0.69553,0.9106,-0.0065185,0.00047122,-2,1,130
0.59947,0.61289,1.9935,0.00047122,1,1,130
-0.76728,3.0002,-0.0065185,0.00047122,-2,0,130
1.7045,1.7179,-0.0065185,0.00047122,-2,1,130
-0.55053,-0.53711,-0.0065185,0.00047122,-2,0,130
-1.2955,1.5597,-0.0065185,0.00047122,-2,0,130
-2.5455,2.1323,-0.0065185,0.00047122,-2,0,130
-2.163,0.58686,3.9935,0.00047122,1,0,130
-0.8379,-0.82449,-0.0065185,0.00047122,-2,1,130
-3.8455,-5.8721,-0.0065185,0.00047122,-2,0,130
1.727,1.7404,-0.0065185,0.00047122,-2,1,130
-1.6097,-3.0701,-0.0065185,0.00047122,-2,1,130
1.3765,1.3899,3.9935,0.00047122,1,1,130
1.5608,-1.3821,-0.0065185,0.00047122,-2,1,130
-3.6955,-1.305,-0.0065185,0.00047122,-2,0,130
2.4495,3.1629,-0.0065185,0.00047122,-2,1,130
-2.2238,-0.70033,-0.0065185,0.00047122,-2,0,130
-1.0395,-1.0261,-0.0065185,0.00047122,-2,0,130
3.1171,-0.6094,-0.0065185,0.00047122,-2,0,130
-1.7498,2.6636,-0.0065185,0.00047122,-2,0,130
2.6456,1.509,-0.0065185,0.00047122,-2,1,130
2.5495,2.5629,-0.0065185,0.00047122,-2,1,130
-1.4588,-1.8903,-0.0065185,0.00047122,-2,0,130
-1.2393,-0.78986,3.9935,0.00047122,1,0,130
-5.3302,3.4538,-0.0065185,0.00047122,-2,0,130
-3.28,-4.2016,-0.0065185,0.00047122,-2,0,130
-2.2373,-1.9562,-0.0065185,0.00047122,-2,0,130
-1.9011,-2.3552,1.9935,0.00047122,1,1,130
3.5595,-1.8057,-0.0065185,0.00047122,-2,1,130
2.7762,2.4519,-0.0065185,0.00047122,-2,1,130
-1.0395,1.2461,-0.0065185,0.00047122,-2,1,130
-1.1081,-4.0967,-0.0065185,0.00047122,-2,0,130
0.75877,-0.86952,-0.0065185,0.00047122,-2,0,130
1.6456,0.26359,-0.0065185,0.00047122,-2,0,130
0.45949,0.32304,-0.0065185,0.00047122,-2,1,130
0.39124,1.6069,-4.0065,0.00047122,1,1,130
-2.3893,-1.5189,-0.0065185,0.00047122,-2,0,130
-2.0302,-2.1088,1.9935,0.00047122,1,0,130
-1.5505,0.77439,-0.0065185,0.00047122,-2,1,130
1.2327,2.1059,-0.0065185,0.00047122,-2,1,130
-1.0395,1.1414,-4.0065,0.00047122,1,0,130
-2.8829,-4.2695,-0.0065185,0.00047122,-2,0,130
-0.74983,-0.73641,-0.0065185,0.00047122,-2,0,130
-2.6367,-2.5171,-0.0065185,0.00047122,-2,0,130
-2.2405,-2.2271,-4.0065,0.00047122,1,1,130
1.5595,1.5729,-0.0065185,0.00047122,-2,1,130
-2.2238,-3.8721,-0.0065185,0.00047122,-2,0,130
-0.84553,-1.8761,-0.0065185,0.00047122,-2,0,130
0.28197,0.29539,-0.0065185,0.00047122,-2,1,130
-0.14553,-0.98211,-0.0065185,0.00047122,-2,1,130
0.72697,-0.33153,-0.0065185,0.00047122,-2,0,130
-0.60965,-0.29923,4.9935,0.00047122,1,0,130
5.5265,0.76789,-0.0065185,0.00047122,-2,1,130
5.4482,-3.5946,-0.0065185,0.00047122,-2,0,130
4.2545,4.2679,-0.0065185,0.00047122,-2,1,130
-0.99553,-1.3027,-0.0065185,0.00047122,-2,0,130
-0.99553,-1.2546,-0.0065185,0.00047122,-2,1,130
0.85447,0.017889,2.9935,0.00047122,1,1,130
-0.99553,-0.98211,-0.0065185,0.00047122,-2,0,130
2.1545,3.632,-0.0065185,0.00047122,-2,0,130
2.282,1.1378,-0.0065185,0.00047122,-2,1,130
1.5545,3.0116,-0.0065185,0.00047122,-2,0,130
0.85447,-1.6904,-0.0065185,0.00047122,-2,0,130
1.0045,1.0179,-0.0065185,0.00047122,-2,1,130
2.0045,-0.59624,-0.0065185,0.00047122,-2,1,130
2.0045,2.8354,-0.0065185,0.00047122,-2,1,130
-1.6955,-2.122,3.9935,0.00047122,1,0,130
-3.9955,-4.5727,-0.0065185,0.00047122,-2,0,130
-1.9955,-2.4841,-0.0065185,0.00047122,-2,0,130
4.0045,4.0179,-0.0065185,0.00047122,-2,1,130
5.0045,-1.7074,-0.0065185,0.00047122,-2,1,130
1.0045,1.0179,-0.0065185,0.00047122,-2,1,130
1.3045,-2.5268,-0.0065185,0.00047122,-2,1,131
-3.4405,-3.4271,-0.0065185,0.00047122,-2,0,131
-0.69553,3.1854,-0.0065185,0.00047122,-2,0,131
-0.55053,-0.49337,-0.0065185,0.00047122,-2,0,131
-0.29553,0.48964,-0.0065185,0.00047122,-2,0,131
-0.69553,-0.68211,-0.0065185,0.00047122,-2,0,131
1.5595,1.5729,-0.0065185,0.00047122,-2,0,131
1.7762,1.7896,-0.0065185,0.00047122,-2,1,131
-6.5455,-3.3915,-0.0065185,0.00047122,-2,0,131
5.172,-1.0291,-0.0065185,0.00047122,-2,1,131
-5.8379,-2.1054,-0.0065185,0.00047122,-2,0,131
3.5705,3.5839,-0.0065185,0.00047122,-2,1,131
3.0356,2.5996,2.9935,0.00047122,1,1,131
4.1359,4.1493,-0.0065185,0.00047122,-2,1,131
1.9662,3.1471,-0.0065185,0.00047122,-2,1,131
2.8219,0.67855,-0.0065185,0.00047122,-2,1,131
-5.6904,-1.5212,-0.0065185,0.00047122,-2,0,131
4.5951,4.8585,-0.0065185,0.00047122,-2,1,131
-3.8976,-3.2658,-4.0065,0.00047122,1,0,131
2.4312,2.4446,-0.0065185,0.00047122,-2,1,131
2.3672,2.8239,-0.0065185,0.00047122,-2,1,131
5.3128,2.0262,-0.0065185,0.00047122,-2,1,131
4.5165,4.53,1.9935,0.00047122,1,1,131
3.8397,1.9406,2.9935,0.00047122,1,1,131
4.1938,4.2072,-0.0065185,0.00047122,-2,1,131
3.1654,3.1788,-0.0065185,0.00047122,-2,1,131
-4.1323,-3.9504,-0.0065185,0.00047122,-2,0,131
4.1208,1.7002,-0.0065185,0.00047122,-2,1,131
4.1033,3.995,-0.0065185,0.00047122,-2,1,131
5.0885,4.9984,-0.0065185,0.00047122,-2,1,131
-4.3169,-2.4221,-5.0065,0.00047122,1,0,131
-0.93483,4.2538,-0.0065185,0.00047122,-2,1,131
-1.9439,-1.9941,-0.0065185,0.00047122,-2,0,131
1.6606,0.74039,-0.0065185,0.00047122,-1,1,131
0.44947,-0.36799,-0.0065185,0.00047122,-2,1,131
2.2327,1.5399,-0.0065185,0.00047122,-2,1,131
-0.03954,-0.026124,-0.0065185,0.00047122,-2,1,131
-0.14553,-0.13211,-0.0065185,0.00047122,-2,0,131
3.1545,3.1679,-0.0065185,0.00047122,-2,1,131
-2.673,-3.1096,-3.0065,0.00047122,1,0,131
-1.8855,-1.8721,-0.0065185,0.00047122,-2,0,131
-1.452,-1.4386,-0.0065185,0.00047122,-2,1,131
1.1545,1.8704,-0.0065185,0.00047122,-2,1,131
-0.97303,-0.95961,-5.0065,0.00047122,1,0,131
4.4495,4.2752,-0.0065185,0.00047122,-2,1,131
4.2327,2.5741,-0.0065185,0.00047122,-2,1,131
-5.0395,-5.0261,-0.0065185,0.00047122,-2,0,131
4.8919,2.1899,-0.0065185,0.00047122,-2,1,131
3.7588,3.4217,-0.0065185,0.00047122,-2,1,131
3.1956,3.209,4.9935,0.00047122,1,1,131
5.5495,4.2707,-0.0065185,0.00047122,-2,1,131
-3.4588,-3.4453,-0.0065185,0.00047122,-2,0,131
3.3982,4.0241,-0.0065185,0.00047122,-2,1,131
4.3392,2.5696,-0.0065185,0.00047122,-2,1,131
-4.28,-4.2666,-0.0065185,0.00047122,-2,0,131
5.2463,5.0191,-0.0065185,0.00047122,-2,1,131
4.46,2.6799,-4.0065,0.00047122,1,1,131
0.17918,0.1926,-0.0065185,0.00047122,-2,1,131
-1.847,-1.8336,-0.0065185,0.00047122,-2,0,131
-1.6955,-2.438,-0.0065185,0.00047122,-2,0,131
0.55947,-0.070136,-0.0065185,0.00047122,-2,0,131
2.7762,2.2431,-0.0065185,0.00047122,-2,1,131
-1.3955,2.0179,-0.0065185,0.00047122,-2,0,131
1.1945,2.0205,-3.0065,0.00047122,1,1,131
0.46097,0.47439,-0.0065185,0.00047122,-2,1,131
-1.0836,2.1854,-0.0065185,0.00047122,-2,1,131
0.15447,0.16789,-0.0065185,0.00047122,-2,0,131
0.28197,0.80399,-0.0065185,0.00047122,-2,0,131
2.3903,0.25376,-0.0065185,0.00047122,-2,1,131
2.0325,1.4364,-2.0065,0.00047122,1,1,131
0.17197,-1.068,-0.0065185,0.00047122,-2,1,131
0.84685,0.86026,-0.0065185,0.00047122,-2,0,131
-0.71155,1.0192,-1.0065,0.00047122,1,1,131
2.727,3.2461,-0.0065185,0.00047122,-2,1,131
-2.3097,0.12626,-5.0065,0.00047122,1,0,131
-0.51753,-0.50412,-0.0065185,0.00047122,-2,0,131
-3.4392,-3.4258,-0.0065185,0.00047122,-2,0,131
4.3816,3.7297,-0.0065185,0.00047122,-2,1,131
4.3251,4.5629,-0.0065185,0.00047122,-2,1,131
-3.268,-3.2546,-0.0065185,0.00047122,-2,0,131
-2.7771,-2.8324,-5.0065,0.00047122,1,0,131
2.2013,4.6026,-0.0065185,0.00047122,-2,1,131
-1.1629,-1.9666,-0.0065185,0.00047122,-2,0,131
2.8622,2.7761,-0.0065185,0.00047122,-2,0,131
1.8836,-0.82552,-0.0065185,0.00047122,-2,1,131
0.70447,1.5432,-0.0065185,0.00047122,-2,1,131
-1.5505,-1.5371,-0.0065185,0.00047122,-2,0,131
1.3262,3.0116,-4.0065,0.00047122,1,0,131
-0.95151,1.4179,-0.0065185,0.00047122,-2,0,131
1.3045,-0.82469,-0.0065185,0.00047122,-2,1,131
6.5545,1.1229,-0.0065185,0.00047122,-2,1,131
-4.163,-1.7505,-0.0065185,0.00047122,-2,0,131
3.5468,2.711,-4.0065,0.00047122,1,1,131
6.5705,4.8505,-0.0065185,0.00047122,-2,1,131
3.3356,-1.541,-0.0065185,0.00047122,-2,1,131
4.1359,4.1493,-0.0065185,0.00047122,-2,1,131
3.5162,1.3601,-2.0065,0.00047122,1,1,131
-0.17806,-0.86464,-0.0065185,0.00047122,-2,1,131
-1.3007,-0.13726,-0.0065185,0.00047122,-2,1,131
-0.4049,-1.0915,-0.0065185,0.00047122,-2,0,131
2.1545,-0.88576,-0.0065185,0.00047122,-2,0,131
2.282,1.8454,-0.0065185,0.00047122,-2,0,131
2.3903,2.4038,-0.0065185,0.00047122,-2,1,131
2.0325,1.6805,-4.0065,0.00047122,1,1,131
1.172,1.1854,-0.0065185,0.00047122,-2,1,131
-2.8379,-2.5481,-0.0065185,0.00047122,-2,0,131
0.57049,0.58391,-0.0065185,0.00047122,-2,1,131
3.3356,3.349,-0.0065185,0.00047122,-2,1,131
-2.127,-1.9438,-0.0065185,0.00047122,-2,0,131
1.8162,-0.67324,-4.0065,0.00047122,1,1,131
0.82194,-2.5646,-0.0065185,0.00047122,-2,1,131
1.6993,0.60851,-0.0065185,0.00047122,-2,1,131
2.5951,2.6085,-0.0065185,0.00047122,-2,1,131
3.5065,3.4446,-0.0065185,0.00047122,-2,1,131
-2.9723,-0.95895,-3.0065,0.00047122,1,0,131
1.3672,1.3806,-0.0065185,0.00047122,-2,1,131
5.3128,5.3262,-0.0065185,0.00047122,-2,1,131
4.2665,4.28,-0.0065185,0.00047122,-2,1,131
1.2272,1.8067,-0.0065185,0.00047122,-2,1,131
-4.1849,-0.99305,-0.0065185,0.00047122,-2,0,131
-3.1565,-3.1189,-0.0065185,0.00047122,-2,0,131
5.1413,3.0242,-0.0065185,0.00047122,-2,1,131
-4.3618,-4.3309,3.9935,0.00047122,1,0,131
0.90564,0.93388,-0.0065185,0.00047122,-2,0,131
0.088484,-2.8007,-0.0065185,0.00047122,-2,1,131
2.0759,0.089298,-0.0065185,0.00047122,-2,1,131
1.7652,1.7786,-4.0065,0.00047122,1,1,131
2.0561,-3.3305,-0.0065185,0.00047122,-2,1,131
-1.0394,-1.0194,-0.0065185,0.00047122,-2,0,131
1.0417,1.4946,-0.0065185,0.00047122,-2,1,131
0.88616,0.89957,-4.0065,0.00047122,1,1,131
2.0314,2.0448,-0.0065185,0.00047122,-2,1,131
4.0274,-2.8527,-0.0065185,0.00047122,-2,1,131
-3.015,-3.3987,-0.0065185,0.00047122,-2,0,131
4.021,2.5819,-0.0065185,0.00047122,-2,1,131
1.0185,1.0298,-0.0065185,0.00047122,-2,1,131
-2.9836,-2.9702,-0.0065185,0.00047122,-2,1,131
-0.98537,2.4845,-0.0065185,0.00047122,-2,1,131
-0.83689,-0.82348,-4.0065,0.00047122,1,1,131
2.0118,2.0252,-0.0065185,0.00047122,-2,1,131
1.9982,2.9026,-0.0065185,0.00047122,-2,0,131
0.0097752,-1.6768,-0.0065185,0.00047122,-2,1,131
-0.99102,0.022396,-0.0065185,0.00047122,-2,0,131
0.85064,0.014633,2.9935,0.00047122,1,1,131
-4.718,-4.7046,-0.0065185,0.00047122,-2,0,131
-0.60965,-2.1496,-0.0065185,0.00047122,-2,0,131
-1.4735,0.017889,-0.0065185,0.00047122,-2,1,131
1.2608,1.7179,3.9935,0.00047122,1,0,131
1.6273,2.0179,-0.0065185,0.00047122,-2,1,131
3.7045,3.7179,-0.0065185,0.00047122,-2,1,131
6.4495,6.4629,-0.0065185,0.00047122,-2,1,131
4.2327,1.8743,-0.0065185,0.00047122,-2,1,131
-4.0395,-4.3069,-0.0065185,0.00047122,-2,0,131
3.4419,4.0765,-2.0065,0.00047122,1,1,131
2.9263,-0.92781,-4.0065,0.00047122,1,1,131
1.6456,-2.2921,-0.0065185,0.00047122,-2,1,131
1.5495,1.9444,-0.0065185,0.00047122,-2,1,131
5.4677,1.2036,-0.0065185,0.00047122,-2,1,131
5.3982,4.9373,-0.0065185,0.00047122,-2,1,131
3.3392,4.6026,-0.0065185,0.00047122,-2,1,131
-5.28,-5.4657,-0.0065185,0.00047122,-2,0,131
-3.2373,-3.3932,-0.0065185,0.00047122,-2,0,131
-5.2011,-5.3315,-0.0065185,0.00047122,-2,0,131
3.1792,1.7586,-0.0065185,0.00047122,-2,1,131
2.153,2.2703,-0.0065185,0.00047122,-2,1,131
-1.1218,-2.3642,-0.0065185,0.00047122,-2,0,131
-0.88823,0.97518,-0.0065185,0.00047122,-2,1,131
0.91327,0.71285,-0.0065185,0.00047122,-2,0,131
3.082,3.0954,-0.0065185,0.00047122,-2,1,131
2.6204,-0.63872,-2.0065,0.00047122,1,1,131
-3.0515,1.6227,-0.0065185,0.00047122,-2,0,131
3.0521,3.0655,-0.0065185,0.00047122,-2,1,131
2.0449,2.0584,-0.0065185,0.00047122,-2,1,131
-1.9611,1.8947,-0.0065185,0.00047122,-2,1,131
-1.6663,-1.6529,1.9935,0.00047122,1,1,131
-2.2238,-2.2104,-0.0065185,0.00047122,-2,0,132
-2.8455,-2.8321,-0.0065185,0.00047122,-2,0,132
1.727,1.8718,-0.0065185,0.00047122,-2,0,132
3.1545,3.1679,-0.0065185,0.00047122,-2,1,132
-3.273,0.74039,-0.0065185,0.00047122,-2,0,132
-2.3814,-2.368,-0.0065185,0.00047122,-2,1,132
6.5545,6.9079,-0.0065185,0.00047122,-2,1,132
-5.3955,-1.4801,-0.0065185,0.00047122,-2,1,132
3.7045,4.6079,-0.0065185,0.00047122,-2,1,132
-3.6955,-3.6821,-0.0065185,0.00047122,-2,0,132
-4.4405,-2.7582,-0.0065185,0.00047122,-2,0,132
-3.2238,-3.7604,-0.0065185,0.00047122,-2,0,132
-2.7395,-2.7261,-5.0065,0.00047122,1,0,132
-1.8829,-1.8695,-0.0065185,0.00047122,-2,1,132
2.1545,-0.59461,-0.0065185,0.00047122,-2,1,132
2.282,-1.6311,-0.0065185,0.00047122,-2,1,132
1.9403,2.4038,-0.0065185,3.0005,-1,1,132
-1.4735,0.23642,-0.0065185,0.00047122,-2,1,132
1.2608,1.2742,-5.0065,0.00047122,1,0,132
-3.5505,-3.4161,-0.0065185,0.00047122,-2,0,132
-3.0173,-1.7539,-0.0065185,-2.9995,-1,1,132
-7.608,-1.9213,-0.0065185,0.00047122,-2,1,132
-4.0662,-3.5921,-0.0065185,0.00047122,-2,0,132
-3.4556,-4.7145,-5.0065,0.00047122,1,0,132
1.282,1.2954,-0.0065185,0.00047122,-2,0,132
1.3903,-0.070136,-0.0065185,0.00047122,-2,1,132
-0.69553,4.0885,-0.0065185,0.00047122,-2,0,132
-0.55053,-3.0358,-0.0065185,0.00047122,-2,0,132
0.30447,-0.45386,-0.0065185,0.00047122,-2,0,132
2.4495,-0.23711,-0.0065185,0.00047122,-2,1,132
-2.0738,-2.0604,-3.0065,0.00047122,1,1,132
3.282,3.2954,-0.0065185,0.00047122,-2,1,132
3.3903,-2.3465,-0.0065185,0.00047122,-2,1,132
3.4825,2.1755,-0.0065185,0.00047122,-2,1,132
-3.5518,-1.3061,-0.0065185,0.00047122,-2,0,132
-3.6184,-2.651,-0.0065185,0.00047122,-2,0,132
-2.6749,-1.8507,-0.0065185,0.00047122,-2,0,132
-0.26802,-0.2546,-0.0065185,0.00047122,-2,0,132
-3.9955,-3.9821,-0.0065185,0.00047122,-2,0,132
3.4045,0.71274,2.9935,0.00047122,1,0,132
-0.88553,-0.53211,-0.0065185,0.00047122,-2,1,132
1.548,0.79817,-0.0065185,0.00047122,-2,1,132
1.9164,1.5755,-0.0065185,0.00047122,-2,1,132
1.6297,1.8519,-4.0065,0.00047122,1,0,132
-1.1055,2.5996,-0.0065185,0.00047122,-2,0,132
-0.53903,-0.52561,-0.0065185,0.00047122,-2,0,132
1.9164,6.4744,-0.0065185,0.00047122,-2,1,132
-2.2207,-2.2073,-0.0065185,0.00047122,-2,0,132
-1.4869,-3.845,-0.0065185,0.00047122,-2,0,132
-1.2632,-1.2498,2.9935,0.00047122,1,0,132
-2.9056,1.2856,-0.0065185,0.00047122,-2,1,132
-0.39553,3.1119,-0.0065185,0.00047122,-2,1,132
0.11447,4.8603,-0.0065185,0.00047122,-2,1,132
0.46097,0.30689,-0.0065185,0.00047122,-2,1,132
2.3045,2.1755,-0.0065185,0.00047122,-2,1,132
-1.5505,2.5943,-0.0065185,0.00047122,-2,0,132
-1.3173,-1.3039,3.9935,0.00047122,1,0,132
3.0485,4.5493,-0.0065185,0.00047122,-2,1,132
-1.6955,-1.6821,-0.0065185,0.00047122,-2,0,132
-1.4405,-1.4271,-0.0065185,0.00047122,-2,0,132
-0.76728,1.8873,-0.0065185,0.00047122,-2,0,132
1.7045,1.7179,-0.0065185,0.00047122,-2,1,132
-0.55053,-0.53711,-0.0065185,0.00047122,-2,0,132
0.47622,2.1116,-3.0065,0.00047122,1,1,132
-0.44053,1.1229,-0.0065185,0.00047122,-2,0,132
-0.76728,0.39614,-0.0065185,0.00047122,-2,0,132
-2.6955,-0.89461,-0.0065185,0.00047122,-2,1,132
-0.84553,-1.4462,-0.0065185,0.00047122,-2,1,132
-1.718,-0.41314,-0.0065185,0.00047122,-2,0,132
1.4686,0.63201,-2.0065,0.00047122,1,0,132
1.5265,1.5399,-0.0065185,0.00047122,-2,1,132
2.1545,0.84876,-0.0065185,0.00047122,-2,1,132
0.55447,0.56789,-0.0065185,0.00047122,-2,1,132
1.172,0.061901,-0.0065185,0.00047122,-2,0,132
0.99685,1.0103,3.9935,0.00047122,1,0,132
1.282,1.2954,-0.0065185,0.00047122,-2,0,132
-2.6097,2.5307,-0.0065185,0.00047122,-2,0,132
-2.2175,0.69731,-0.0065185,1.0005,-1,0,132
1.5608,-1.8708,-0.0065185,0.00047122,-2,0,132
-3.6184,-3.7505,-0.0065185,0.00047122,-2,0,132
3.0839,1.1423,-3.0065,0.00047122,1,0,132
3.732,2.6354,-0.0065185,0.00047122,-2,1,132
-6.3955,-0.27111,-0.0065185,0.00047122,-2,0,132
5.8945,4.6559,-0.0065185,0.00047122,-2,0,132
3.5545,3.1854,-0.0065185,0.00047122,-2,0,132
3.172,4.2734,-0.0065185,0.00047122,-2,0,132
3.8468,3.5839,-0.0065185,0.00047122,-2,1,132
3.2705,3.2839,-4.0065,0.00047122,1,1,132
-1.4405,-0.59624,-0.0065185,0.00047122,-2,0,132
-6.2238,-5.5041,-0.0065185,0.00047122,-2,0,132
5.0485,-1.3946,-0.0065185,0.00047122,-2,1,132
0.89188,4.3053,-0.0065185,0.00047122,-2,1,132
0.75877,0.33847,-3.0065,0.00047122,1,0,132
-2.9955,-1.891,-0.0065185,0.00047122,-2,0,132
-2.9955,-2.9821,-0.0065185,0.00047122,-2,0,132
-0.99553,-2.8245,-0.0065185,0.00047122,-2,1,132
-0.84553,-0.83211,4.9935,0.00047122,1,1,132
-3.718,-3.7046,-0.0065185,0.00047122,-2,1,132
-1.6097,-2.3132,-0.0065185,0.00047122,-2,1,132
-1.5175,-1.5041,-0.0065185,0.00047122,-2,0,132
-3.8455,-3.8321,-0.0065185,0.00047122,-2,0,132
-4.718,-1.7636,-0.0065185,0.00047122,-2,0,132
-3.6097,-1.2911,-0.0065185,0.00047122,-2,0,132
-3.0675,-3.0541,2.9935,0.00047122,1,1,132
-2.828,-3.8946,-0.0065185,0.00047122,-2,0,132
3.1621,3.1755,-0.0065185,0.00047122,-2,1,132
-0.42951,-3.8245,-0.0065185,0.00047122,-2,1,132
1.7045,1.7574,-0.0065185,0.00047122,-2,0,132
-2.5505,2.6279,-0.0065185,0.00047122,-2,0,132
-2.1673,-2.1539,2.9935,0.00047122,1,0,132
-2.9515,-2.9381,-0.0065185,0.00047122,-2,1,132
0.60447,3.7883,-0.0065185,0.00047122,-2,1,132
0.11447,0.52789,-0.0065185,0.00047122,-2,1,132
-1.539,-5.5481,-0.0065185,0.00047122,-2,1,132
1.3164,0.097364,-5.0065,0.00047122,1,0,132
1.8945,0.86026,-0.0065185,0.00047122,-2,1,132
1.1545,1.6244,-0.0065185,0.00047122,-2,1,132
1.727,4.0885,-0.0065185,0.00047122,-2,0,132
1.3903,-1.1471,-0.0065185,0.00047122,-2,0,132
0.30447,0.31789,-0.0065185,0.00047122,-2,0,132
-0.29553,-0.28211,-0.0065185,0.00047122,-2,1,132
0.30447,0.31789,-0.0065185,0.00047122,-2,1,132
-0.25053,1.1423,1.9935,0.00047122,1,1,132
0.44947,-2.6821,-0.0065185,0.00047122,-2,0,132
-0.76728,-3.4271,-0.0065185,0.00047122,-2,1,132
0.66046,-0.51888,-0.0065185,-0.99953,-1,0,132
0.56206,0.24429,1.9935,0.00047122,1,1,132
4.2502,6.7179,-0.0065185,0.00047122,-2,1,132
4.3633,6.4629,-0.0065185,0.00047122,-2,1,132
-3.4505,-2.0978,-0.0065185,0.00047122,-2,0,132
2.9412,4.4619,-2.0065,0.00047122,1,1,132
1.6107,1.9436,-0.0065185,0.00047122,-2,0,132
3.7045,0.57289,-0.0065185,0.00047122,-2,0,132
4.4495,2.104,-0.0065185,0.00047122,-2,1,132
5.5545,3.5629,-0.0065185,0.00047122,-2,1,132
-5.163,0.44207,-0.0065185,0.00047122,-2,0,132
-4.8379,-3.3759,-0.0065185,0.00047122,-2,1,132
-1.5455,-1.5321,-0.0065185,0.00047122,-2,1,132
1.322,3.1914,-3.0065,0.00047122,1,1,132
-1.273,0.72551,-0.0065185,0.00047122,-2,0,132
2.3903,-0.44961,-0.0065185,0.00047122,-2,1,132
4.4825,5.8354,-0.0065185,0.00047122,-2,0,132
-5.2455,-0.58359,-0.0065185,0.00047122,-2,0,132
4.467,4.4804,4.9935,0.00047122,1,0,132
1.0751,1.0885,-0.0065185,0.00047122,-2,1,132
-4.6955,-4.6821,-0.0065185,0.00047122,-2,0,132
6.5545,-2.2353,-0.0065185,0.00047122,-2,1,132
-5.563,-5.5496,2.9935,0.00047122,1,0,132
0.84685,-4.7506,-0.0065185,0.00047122,-2,1,132
0.57049,-2.8679,-0.0065185,0.00047122,-2,0,132
-0.14553,-0.46323,-0.0065185,0.00047122,-2,0,132
-1.8455,-0.49943,-0.0065185,0.00047122,-2,1,132
0.15447,-0.18261,-0.0065185,0.00047122,-2,0,132
2.8545,1.4038,-0.0065185,0.00047122,-2,1,132
2.427,2.4404,4.9935,0.00047122,1,1,132
4.4495,5.7129,-0.0065185,0.00047122,-2,1,132
6.2327,2.1242,-0.0065185,0.00047122,-2,0,132
1.2545,5.3119,-0.0065185,0.00047122,-2,0,132
0.61697,-0.68974,-0.0065185,0.00047122,-2,1,132
2.4545,2.4679,-0.0065185,0.00047122,-2,1,132
1.837,0.46042,-0.0065185,0.00047122,-2,1,132
3.1621,1.8519,-0.0065185,0.00047122,-2,1,132
-3.4295,-2.901,-0.0065185,0.00047122,-2,0,132
-0.32664,3.1364,-0.0065185,0.00047122,-2,0,132
3.8545,6.6304,-0.0065185,0.00047122,-2,1,132
-3.5455,-3.2546,-0.0065185,0.00047122,-2,1,132
-3.8455,-3.5962,-0.0065185,0.00047122,-2,0,132
6.5545,0.045538,-0.0065185,0.00047122,-2,1,132
6.172,6.1854,-0.0065185,0.00047122,-2,0,132
5.2468,2.4059,2.9935,0.00047122,1,1,132
-0.56155,-1.5321,-0.0065185,0.00047122,-2,1,132
2.1545,-1.1948,-0.0065185,0.00047122,-2,1,132
-1.4455,-4.2904,-0.0065185,0.00047122,-2,1,132
0.17197,1.5306,-0.0065185,0.00047122,-2,0,132
0.30447,0.31789,-0.0065185,0.00047122,-2,0,132
0.55947,-1.9721,-0.0065185,0.00047122,-2,0,133
-0.22378,0.67388,-0.0065185,0.00047122,-2,1,133
3.1545,-0.3831,-0.0065185,0.00047122,-2,1,133
0.40447,-2.0947,-0.0065185,0.00047122,-2,0,133
-4.5455,-4.5321,-0.0065185,0.00047122,-2,0,133
-4.163,-4.1496,-0.0065185,0.00047122,-2,0,133
4.8468,3.4616,-0.0065185,0.00047122,-2,1,133
5.5705,-1.3798,-0.0065185,0.00047122,-2,1,133
5.3356,5.349,-0.0065185,0.00047122,-2,1,133
4.5359,2.1493,-0.0065185,1.0005,-1,1,133
3.9662,2.706,-0.0065185,0.00047122,-2,1,133
1.8219,3.3854,-0.0065185,0.00047122,-2,0,133
1.5493,2.3527,1.9935,0.00047122,1,0,133
-1.273,3.5603,-0.0065185,0.00047122,-2,0,133
2.3903,2.4038,-0.0065185,0.00047122,-2,1,133
-3.4735,-0.90511,-0.0065185,0.00047122,-2,0,133
0.56077,2.9742,-0.0065185,0.00047122,-2,0,133
-2.8455,-2.8321,-0.0065185,0.00047122,-2,1,133
-2.418,0.11286,-2.0065,0.00047122,1,1,133
-2.3814,3.8059,-0.0065185,0.00047122,-2,0,133
2.4825,0.79307,-0.0065185,0.00047122,-2,1,133
2.4482,-1.0235,-0.0065185,0.00047122,-2,1,133
-2.0727,1.3179,-0.0065185,3.0005,-1,0,133
-1.7611,-1.7477,3.9935,0.00047122,1,0,133
-3.2238,-0.41609,-0.0065185,0.00047122,-2,0,133
-3.0395,-3.0261,-0.0065185,0.00047122,-2,0,133
-2.8829,1.587,-0.0065185,0.00047122,-2,0,133
-1.7498,-0.72038,-0.0065185,0.00047122,-2,0,133
-0.63668,-0.62327,-0.0065185,0.00047122,-2,1,133
-0.99553,0.045538,-0.0065185,0.00047122,-2,0,133
0.85447,0.25376,-2.0065,0.00047122,1,1,133
1.0045,2.2399,-0.0065185,0.00047122,-2,1,133
-2.8455,-0.83211,-0.0065185,0.00047122,-2,0,133
-2.718,-3.2104,-0.0065185,0.00047122,-2,0,133
-3.6097,-2.0412,-0.0065185,0.00047122,-2,0,133
-3.5175,-3.5041,-0.0065185,0.00047122,-2,0,133
-3.4392,-2.5933,-0.0065185,0.00047122,-2,0,133
3.3816,3.209,-0.0065185,0.00047122,-2,1,133
1.3251,1.5629,-0.0065185,0.00047122,-2,1,133
-1.118,-2.4221,-4.0065,0.00047122,1,1,133
1.727,3.8116,-0.0065185,0.00047122,-2,0,133
-0.3814,1.9079,-0.0065185,0.00047122,-2,0,133
0.48247,-2.0357,-0.0065185,0.00047122,-2,1,133
0.41077,-0.26356,4.9935,0.00047122,1,1,133
-3.6184,-2.2073,-0.0065185,0.00047122,-2,0,133
3.6839,2.1218,-0.0065185,0.00047122,-2,1,133
-2.723,-2.0998,-0.0065185,0.00047122,-2,0,133
3.7729,3.4273,-0.0065185,0.00047122,-2,1,133
-3.7987,-3.0556,-0.0065185,0.00047122,-2,0,133
3.2371,1.4335,4.9935,0.00047122,1,1,133
2.8622,2.3485,-0.0065185,0.00047122,-2,1,133
-1.8746,-3.0256,-0.0065185,0.00047122,-2,0,133
4.9017,1.4558,-0.0065185,0.00047122,-2,1,133
2.9171,2.7951,-0.0065185,0.00047122,-2,1,133
-0.92128,-3.2452,-0.0065185,0.00047122,-2,1,133
-4.1455,-4.1321,-0.0065185,0.00047122,-2,0,133
-3.523,0.60359,1.9935,0.00047122,1,0,133
-3.3814,-1.7636,-0.0065185,0.00047122,-2,0,133
-4.4735,1.9849,-0.0065185,0.00047122,-2,0,133
4.5608,3.415,-0.0065185,0.00047122,-2,1,133
2.6273,1.6554,-0.0065185,0.00047122,-2,1,133
-0.67495,-0.66153,-0.0065185,0.00047122,-2,1,133
1.8545,-0.11648,-0.0065185,0.00047122,-2,0,133
-1.568,-1.5546,-4.0065,0.00047122,1,1,133
2.6186,4.032,-0.0065185,0.00047122,-2,1,133
-0.29553,0.90789,-0.0065185,0.00047122,-2,0,133
-0.29553,-3.3446,-0.0065185,0.00047122,-2,1,133
-1.5505,0.23464,-0.0065185,0.00047122,-2,0,133
-1.5455,-2.0105,-0.0065185,0.00047122,-2,0,133
1.322,1.3354,4.9935,0.00047122,1,1,133
-3.8379,-4.9864,-0.0065185,0.00047122,-2,0,133
2.5705,3.2839,-0.0065185,0.00047122,-2,1,133
0.67336,-2.1632,-0.0065185,0.00047122,-2,1,133
-0.29553,-1.1678,-0.0065185,0.00047122,-2,0,133
-0.25053,1.0691,-5.0065,0.00047122,1,0,133
5.4495,5.4629,-0.0065185,0.00047122,-2,1,133
4.2327,4.2461,-0.0065185,0.00047122,-2,1,133
-5.0395,-4.0967,-0.0065185,0.00047122,-2,0,133
-5.8829,-5.8695,-0.0065185,0.00047122,-2,0,133
-5.7498,-5.7364,-0.0065185,0.00047122,-2,0,133
4.8956,3.1155,4.9935,0.00047122,1,1,133
-5.5405,-4.3583,-0.0065185,0.00047122,-2,0,133
4.4677,4.7311,-0.0065185,0.00047122,-2,1,133
-4.3893,-3.7759,-0.0065185,0.00047122,-2,0,133
-4.3302,-4.0596,-0.0065185,0.00047122,-2,0,133
-3.28,-2.938,-0.0065185,0.00047122,-2,0,133
-4.2373,-2.7739,-0.0065185,0.00047122,-2,0,133
3.61,3.6234,4.9935,0.00047122,1,1,133
-2.1702,-4.4068,-0.0065185,0.00047122,-2,0,133
-2.847,1.8664,-0.0065185,0.00047122,-2,0,133
0.55447,-1.4563,-0.0065185,0.00047122,-2,1,133
0.17197,0.48539,-0.0065185,0.00047122,-2,0,133
0.14685,-2.7261,-5.0065,0.00047122,1,0,133
0.55947,-5.6771,-0.0065185,0.00047122,-2,1,133
3.7045,-1.5946,-0.0065185,0.00047122,-2,1,133
-3.4405,-0.5397,-0.0065185,0.00047122,-2,0,133
2.9327,2.9461,4.9935,0.00047122,1,1,133
0.048485,-3.2006,-0.0065185,0.00047122,-2,0,133
3.1545,3.1679,-0.0065185,0.00047122,-2,1,133
-4.3955,-3.807,-0.0065185,0.00047122,-2,0,133
-3.8855,-1.6233,-0.0065185,0.00047122,-2,0,133
2.461,1.2854,-0.0065185,0.00047122,-2,0,133
0.0044729,0.017889,-0.0065185,0.00047122,-2,1,133
0.0044729,1.7927,-5.0065,0.00047122,1,0,133
-0.99553,-0.98211,-0.0065185,0.00047122,-2,0,133
3.0045,3.6304,-0.0065185,0.00047122,-2,1,133
5.0045,5.0179,-0.0065185,0.00047122,-2,1,133
-4.9955,-4.7096,-0.0065185,0.00047122,-2,0,133
-4.9955,-4.7505,-0.0065185,0.00047122,-2,0,133
-4.2455,-1.3513,-3.0065,0.00047122,1,0,133
1.0045,-2.3648,-0.0065185,0.00047122,-2,1,133
0.85447,-2.1496,-0.0065185,0.00047122,-2,1,133
3.727,3.7404,-0.0065185,0.00047122,-2,1,133
0.6186,0.63201,-0.0065185,0.00047122,-2,0,133
-0.51753,1.349,-3.0065,0.00047122,1,1,133
3.0045,3.0179,-0.0065185,0.00047122,-2,1,133
2.5545,2.0179,-0.0065185,2.0005,-1,1,133
-2.163,1.8603,-2.0065,0.00047122,1,1,133
-2.1532,-2.2821,-0.0065185,0.00047122,-2,0,133
2.4385,-1.4271,-0.0065185,0.00047122,-2,1,133
-0.66441,-2.1539,-0.0065185,0.00047122,-2,0,133
2.873,4.9796,-0.0065185,0.00047122,-2,1,133
2.4427,0.57548,-4.0065,0.00047122,1,1,133
-0.813,-2.6873,-0.0065185,0.00047122,-2,0,133
-3.9955,-6.8721,-0.0065185,0.00047122,-2,0,133
-4.9955,-0.52709,-0.0065185,0.00047122,-2,1,133
-4.2455,-6.3201,3.9935,0.00047122,1,1,133
-5.608,3.0241,-0.0065185,0.00047122,-2,0,133
-5.6955,-0.16274,-0.0065185,0.00047122,-2,0,133
4.4495,4.8629,-0.0065185,0.00047122,-2,1,133
-3.7738,-0.44409,1.9935,0.00047122,1,0,133
-1.0395,1.7927,-0.0065185,0.00047122,-2,1,133
3.0045,-0.5397,-0.0065185,0.00047122,-2,1,133
3.5545,1.7722,-0.0065185,0.00047122,-2,1,133
4.172,2.659,-0.0065185,0.00047122,-2,1,133
-4.8379,-0.52709,-0.0065185,0.00047122,-2,0,133
4.5705,3.0311,-0.0065185,0.00047122,-2,1,133
-4.3266,-3.8632,-0.0065185,0.00047122,-2,0,133
-3.677,-3.6636,-5.0065,0.00047122,1,0,133
0.042742,-5.1938,-0.0065185,0.00047122,-2,1,133
-2.1455,-3.8364,-0.0065185,0.00047122,-2,0,133
-1.5455,-1.5321,-0.0065185,0.00047122,-2,0,133
-2.163,-1.5355,-0.0065185,0.00047122,-2,1,133
1.8468,-0.35562,1.9935,0.00047122,1,0,133
-1.9955,-1.9821,-0.0065185,0.00047122,-2,0,133
4.7045,1.3407,-0.0065185,0.00047122,-2,1,133
2.4495,2.4629,-0.0065185,0.00047122,-2,1,133
-2.0738,-3.1936,-5.0065,0.00047122,1,0,133
-6.0395,-5.8695,-0.0065185,0.00047122,-2,0,133
-4.8829,-4.7364,-0.0065185,0.00047122,-2,0,133
-3.7498,-3.6233,-0.0065185,0.00047122,-2,0,133
3.6456,3.2691,-0.0065185,0.00047122,-2,1,133
-2.5405,-3.0771,-0.0065185,0.00047122,-2,0,133
0.46771,2.1811,-0.0065185,0.00047122,-2,0,133
-0.38928,-0.3168,4.9935,0.00047122,1,1,133
-0.99553,-2.2104,-0.0065185,0.00047122,-2,1,133
-0.99553,-0.98211,-0.0065185,0.00047122,-2,0,133
0.85447,-2.1653,-0.0065185,0.00047122,-2,0,133
-2.9955,-2.9821,-0.0065185,0.00047122,-2,0,133
0.55447,3.209,-0.0065185,0.00047122,-2,1,133
-0.16303,1.1959,-0.0065185,0.00047122,-2,1,133
-1.6955,0.16026,-0.0065185,0.00047122,-2,0,133
0.44947,1.4629,-0.0065185,0.00047122,-2,0,133
-2.8455,-1.9821,-0.0065185,0.00047122,-2,0,133
-1.718,0.1828,-0.0065185,0.00047122,-2,0,133
-1.6097,-0.83211,-0.0065185,0.00047122,-2,0,133
1.4825,2.0179,-0.0065185,0.00047122,-2,1,133
-0.29553,-1.1483,-0.0065185,0.00047122,-2,1,133
3.4495,1.4038,-0.0065185,0.00047122,-2,1,133
2.9327,-0.19886,4.9935,0.00047122,1,1,133
3.0485,3.8242,-0.0065185,0.00047122,-2,1,133
2.5919,2.6053,3.9935,0.00047122,1,1,133
-3.7498,-4.1364,-0.0065185,0.00047122,-2,0,133
0.64563,3.209,-0.0065185,0.00047122,-2,0,133
-1.9955,-0.21373,-0.0065185,0.00047122,-2,0,133
4.7765,4.7899,3.9935,0.00047122,1,0,134
5.617,5.6304,-0.0065185,0.00047122,-2,1,134
6.7045,6.7179,-0.0065185,0.00047122,-2,1,134
-5.4405,-1.9754,-0.0065185,0.00047122,-2,0,134
-4.2238,-4.2104,-0.0065185,0.00047122,-2,0,134
3.0485,3.9519,-0.0065185,0.00047122,-2,1,134
5.8919,5.9053,-0.0065185,0.00047122,-2,1,134
-3.7498,-2.7403,-0.0065185,0.00047122,-2,0,134
2.6456,2.659,-0.0065185,0.00047122,-2,1,134
-1.5405,-1.5711,-0.0065185,0.00047122,-2,0,134
-2.4588,-0.68361,-0.0065185,0.00047122,-2,0,134
-2.0893,-2.0759,2.9935,0.00047122,1,0,134
-1.3302,-0.87482,-0.0065185,0.00047122,-2,0,134
1.72,2.1091,-0.0065185,0.00047122,-2,1,134
0.30447,-1.5827,-0.0065185,0.00047122,-2,0,134
3.4495,-0.23711,-0.0065185,0.00047122,-2,1,134
-5.2238,-3.0132,-0.0065185,0.00047122,-2,0,134
4.4485,4.4619,2.9935,0.00047122,1,1,134
2.8919,2.9796,-0.0065185,0.00047122,-2,1,134
0.75877,0.77219,-0.0065185,0.00047122,-2,1,134
0.64563,0.71274,-0.0065185,0.00047122,-2,1,134
-0.45055,-0.39149,-0.0065185,0.00047122,-2,0,134
-0.38229,-0.36888,2.9935,0.00047122,1,0,134
-2.718,1.8454,-0.0065185,0.00047122,-2,0,134
-1.6097,-0.72038,-0.0065185,0.00047122,-2,0,134
-3.5175,-2.1646,-0.0065185,0.00047122,-2,0,134
-3.4392,-2.2873,-0.0065185,0.00047122,-2,0,134
-3.3727,-3.3593,-0.0065185,0.00047122,-2,0,134
0.32505,0.037865,-0.0065185,0.00047122,-2,1,134
-0.26802,-0.2546,-5.0065,0.00047122,1,0,134
0.77286,-4.4637,-0.0065185,0.00047122,-2,1,134
-0.84553,3.3221,-0.0065185,0.00047122,-2,0,134
-0.71803,3.0885,-0.0065185,0.00047122,-2,0,134
-0.3814,-2.5921,-0.0065185,0.00047122,-2,1,134
0.52648,-0.31011,-0.0065185,0.00047122,-2,0,134
2.0045,2.6261,-0.0065185,0.00047122,-2,1,134
3.0045,-1.6821,-0.0065185,0.00047122,-2,0,134
2.0045,2.5679,-0.0065185,0.00047122,-2,1,134
-1.6955,-1.7059,-5.0065,0.00047122,1,0,134
5.4495,5.7129,-0.0065185,0.00047122,-2,1,134
-6.2238,-4.9481,-0.0065185,0.00047122,-2,0,134
3.0485,5.599,-0.0065185,0.00047122,-2,1,134
2.5919,2.6053,3.9935,0.00047122,1,1,134
0.75877,4.1722,-0.0065185,0.00047122,-2,1,134
0.36332,-0.79958,-0.0065185,0.00047122,-2,0,134
-2.4505,-0.28713,-0.0065185,0.00047122,-2,0,134
0.45447,-0.11399,-0.0065185,0.00047122,-2,0,134
0.17197,0.18539,-0.0065185,0.00047122,-2,1,134
-0.1379,0.34301,-5.0065,0.00047122,1,0,134
-6.5615,-4.6758,-0.0065185,0.00047122,-2,0,134
-3.3266,-2.3593,-0.0065185,0.00047122,-2,0,134
2.8359,6.1493,-0.0065185,5.0005,-1,1,134
0.9662,0.97962,-0.0065185,0.00047122,-2,1,134
-2.813,-2.2137,-0.0065185,0.00047122,-2,0,134
-2.6904,-2.3975,-0.0065185,0.00047122,-2,0,134
2.2951,2.3085,4.9935,0.00047122,1,1,134
-0.49756,-4.7341,-0.0065185,0.00047122,-2,0,134
-1.5688,0.44461,-0.0065185,0.00047122,-2,1,134
0.64176,1.3552,-0.0065185,0.00047122,-2,1,134
1.8545,1.3755,-0.0065185,0.00047122,-2,1,134
1.727,2.2461,-0.0065185,0.00047122,-2,1,134
1.6186,1.7844,-0.0065185,0.00047122,-2,1,134
1.3765,1.3899,4.9935,0.00047122,1,1,134
2.4482,2.7722,-0.0065185,0.00047122,-2,1,134
-1.6184,4.2715,-0.0065185,0.00047122,-2,1,134
1.6839,1.6973,-0.0065185,0.00047122,-2,1,134
0.70447,0.71789,-0.0065185,0.00047122,-2,1,134
1.5595,-1.0334,-0.0065185,0.00047122,-2,0,134
-1.3173,-1.3039,-4.0065,0.00047122,1,0,134
-1.828,1.298,-0.0065185,0.00047122,-2,0,134
-0.59553,-0.58211,-0.0065185,0.00047122,-2,1,134
1.1145,1.8332,-0.0065185,0.00047122,-2,1,134
5.4045,4.1059,-0.0065185,0.00047122,-2,1,134
4.5945,-0.29532,3.9935,0.00047122,1,1,134
-1.452,-1.4386,-0.0065185,0.00047122,-2,0,134
-2.0836,-2.0701,-0.0065185,0.00047122,-2,0,134
2.7793,3.5644,-0.0065185,0.00047122,-2,1,134
1.5131,1.5265,-0.0065185,0.00047122,-2,1,134
-5.2778,-1.9869,-0.0065185,0.00047122,-2,0,134
4.4944,4.0873,-4.0065,0.00047122,1,1,134
0.93094,-2.8131,-0.0065185,0.00047122,-2,1,134
-1.208,0.80539,-0.0065185,0.00047122,-2,0,134
-5.6955,-3.9821,-0.0065185,0.00047122,-2,0,134
-4.4405,-2.9821,-0.0065185,0.00047122,-2,0,134
-2.2238,-0.91336,-0.0065185,0.00047122,-2,0,134
-3.0395,-3.0261,-0.0065185,0.00047122,-2,0,134
2.5919,1.6278,4.9935,0.00047122,1,1,134
-3.7498,-4.9864,-0.0065185,0.00047122,-2,0,134
-4.6367,-2.5321,-0.0065185,0.00047122,-2,0,134
-2.5405,-3.9271,-0.0065185,0.00047122,-2,0,134
3.4677,2.1811,-0.0065185,0.00047122,-2,1,134
-2.9393,-2.9259,2.9935,0.00047122,1,0,134
3.3392,-2.1974,-0.0065185,0.00047122,-2,1,134
-4.28,-2.8166,-0.0065185,0.00047122,-2,0,134
-1.2373,-1.2239,-0.0065185,0.00047122,-2,0,134
1.06,3.1134,-4.0065,0.00047122,1,1,134
-0.17024,3.4179,-0.0065185,0.00047122,-2,0,134
0.85597,0.86939,-0.0065185,0.00047122,-2,1,134
-2.8455,-1.9821,-0.0065185,0.00047122,-2,0,134
1.727,1.7404,-0.0065185,0.00047122,-2,1,134
0.6186,0.63201,-0.0065185,0.00047122,-2,1,134
0.52648,1.0179,-0.0065185,1.0005,-1,1,134
-0.43923,0.017889,-3.0065,0.00047122,1,0,134
5.3816,2.945,-0.0065185,0.00047122,-2,1,134
4.3251,4.0179,-0.0065185,0.00047122,-2,1,134
3.277,3.9029,-0.0065185,0.00047122,-2,1,134
4.2361,4.2495,-0.0065185,0.00047122,-2,1,134
4.2013,4.2148,-0.0065185,0.00047122,-2,1,134
3.5718,2.0276,-4.0065,0.00047122,1,1,134
1.8622,3.4179,-0.0065185,0.00047122,-2,1,134
-3.6955,-3.6821,-0.0065185,0.00047122,-2,0,134
5.4495,6.4744,-0.0065185,0.00047122,-2,1,134
3.2327,4.1059,-0.0065185,0.00047122,-2,1,134
-2.7395,-0.95187,-5.0065,0.00047122,1,0,134
-4.8829,-5.4907,-0.0065185,0.00047122,-2,0,134
-2.7498,-4.3489,-0.0065185,0.00047122,-2,0,134
0.64563,1.1079,-0.0065185,0.00047122,-2,1,134
-4.5405,-2.3536,-0.0065185,0.00047122,-2,0,134
-4.4588,-4.4453,-0.0065185,0.00047122,-2,0,134
3.7982,3.5773,-2.0065,0.00047122,1,1,134
-5.3302,1.1489,-0.0065185,0.00047122,-2,0,134
-1.28,-4.5166,-0.0065185,0.00047122,-2,0,134
1.2463,1.429,-0.0065185,0.00047122,-2,1,134
1.21,1.3673,-0.0065185,0.00047122,-2,1,134
2.1792,2.3149,-0.0065185,0.00047122,-2,1,134
1.153,1.2703,-0.0065185,0.00047122,-2,1,134
-1.1218,-0.6404,-0.0065185,0.00047122,-2,0,134
0.96177,1.0503,3.9935,0.00047122,1,1,134
-0.086726,-3.5371,-0.0065185,0.00047122,-2,1,134
0.0044729,-2.9496,-0.0065185,0.00047122,-2,1,134
0.0044729,-2.4386,-0.0065185,0.00047122,-2,1,134
5.0045,2.9299,-0.0065185,0.00047122,-2,1,134
4.2545,-1.7569,-4.0065,0.00047122,1,1,134
-0.99553,3.4179,-0.0065185,0.00047122,-2,0,134
-1.9955,-1.9821,-0.0065185,0.00047122,-2,0,134
4.0045,2.9279,-0.0065185,0.00047122,-2,1,134
3.4045,0.63201,2.9935,0.00047122,1,1,134
3.0045,1.7804,-0.0065185,0.00047122,-2,1,134
-3.9955,-3.9821,-0.0065185,0.00047122,-2,0,134
3.0045,1.6164,-0.0065185,0.00047122,-2,1,134
4.0045,3.5343,-0.0065185,0.00047122,-2,1,134
3.0045,3.0179,-0.0065185,0.00047122,-2,1,134
-2.9955,-2.9821,-0.0065185,0.00047122,-2,0,134
-2.5455,1.2869,-3.0065,0.00047122,1,0,134
-6.163,-2.651,-0.0065185,0.00047122,-2,0,134
-6.8379,-6.8245,-0.0065185,0.00047122,-2,0,134
6.5705,0.89853,-0.0065185,0.00047122,-2,1,134
2.3356,0.20042,-0.0065185,0.00047122,-2,1,134
2.1359,0.32304,-0.0065185,0.00047122,-2,1,134
1.0427,1.0562,-0.0065185,0.00047122,-2,1,134
4.7045,0.40786,-0.0065185,0.00047122,-2,1,134
-6.4405,-1.8538,-0.0065185,0.00047122,-2,0,134
5.2327,5.4961,-0.0065185,0.00047122,-2,1,134
4.0485,1.815,-0.0065185,0.00047122,-2,1,134
1.8919,-0.34456,-0.0065185,0.00047122,-2,1,134
3.7588,1.0273,-0.0065185,0.00047122,-2,1,134
-4.6367,-3.1733,-0.0065185,0.00047122,-2,0,134
4.5495,3.9629,-0.0065185,0.00047122,-2,1,134
3.8677,2.7067,-2.0065,0.00047122,1,1,134
1.3982,-1.2884,-0.0065185,0.00047122,-2,1,134
1.3392,1.3526,-0.0065185,0.00047122,-2,1,134
0.28896,0.30237,-0.0065185,0.00047122,-2,1,134
0.24628,0.26076,-0.0065185,0.00047122,-2,0,134
3.0045,0.22343,-0.0065185,0.00047122,-2,1,134
0.30949,-0.99478,0.99348,0.00047122,1,1,135
-0.71803,-1.5546,-0.0065185,0.00047122,-2,0,135
3.6186,0.63201,-0.0065185,0.00047122,-2,1,135
2.5265,2.5399,-0.0065185,0.00047122,-2,1,135
2.4482,1.9538,-0.0065185,0.00047122,-2,1,135
0.38162,1.521,-0.0065185,0.00047122,-2,0,135
2.0045,-0.30269,-0.0065185,0.00047122,-2,1,135
-1.9955,-1.6821,-0.0065185,0.00047122,-2,0,135
3.0045,1.7179,-0.0065185,0.00047122,-2,1,135
-2.9955,-1.6447,-0.0065185,0.00047122,-2,0,135
-3.9955,-3.9821,-0.0065185,0.00047122,-2,0,135
-4.9955,-1.5085,-0.0065185,0.00047122,-2,0,135
-4.2455,-4.2321,-5.0065,0.00047122,1,0,135
-3.9955,-3.5189,-0.0065185,0.00047122,-2,0,135
-3.9955,-3.2009,-0.0065185,0.00047122,-2,0,135
-3.9955,-3.0474,-0.0065185,0.00047122,-2,0,135
-0.99553,-3.0976,-0.0065185,0.00047122,-2,0,135
1.0045,1.0179,-0.0065185,0.00047122,-2,0,135
-0.84553,-0.62657,2.9935,0.00047122,1,1,135
-3.718,-3.7046,-0.0065185,0.00047122,-2,0,135
3.1686,-1.1496,-0.0065185,1.0005,-1,1,135
-7.163,-7.1496,-0.0065185,0.00047122,-2,0,135
4.8468,1.4519,-0.0065185,0.00047122,-2,1,135
-4.1115,1.0284,1.9935,0.00047122,1,0,135
-6.3266,0.38677,-0.0065185,0.00047122,-2,0,135
3.1359,1.0562,-0.0065185,0.00047122,-2,1,135
0.042742,-2.7771,-0.0065185,0.00047122,-2,1,135
-4.8455,-4.8321,-0.0065185,0.00047122,-2,0,135
3.727,0.045538,-0.0065185,0.00047122,-2,1,135
3.6186,3.632,-0.0065185,0.00047122,-2,1,135
3.0765,0.29964,2.9935,0.00047122,1,1,135
4.4482,0.965,-0.0065185,0.00047122,-2,1,135
-3.3727,-3.7593,-0.0065185,0.00047122,-2,0,135
-3.6749,2.8885,-0.0065185,0.00047122,-2,0,135
-7.3955,1.201,-0.0065185,0.00047122,-2,0,135
6.8945,6.3079,-0.0065185,0.00047122,-2,1,135
5.461,5.4744,-0.0065185,0.00047122,-2,1,135
5.0925,5.1059,-0.0065185,0.00047122,-2,1,135
5.7793,5.7927,-0.0065185,0.00047122,-2,1,135
-4.9041,-3.5787,1.9935,0.00047122,1,0,135
5.2868,-0.3998,-0.0065185,0.00047122,-2,1,135
6.0944,6.1079,-0.0065185,0.00047122,-2,1,135
5.9309,5.9444,-0.0065185,0.00047122,-2,1,135
-5.033,-3.2261,3.9935,0.00047122,1,0,135
-2.6649,-2.6515,-0.0065185,0.00047122,-2,0,135
-0.56449,-0.55108,-0.0065185,0.00047122,-2,1,135
-3.9955,-6.4386,-0.0065185,0.00047122,-2,0,135
3.0045,0.27995,-0.0065185,0.00047122,-2,1,135
1.0045,2.7927,-0.0065185,0.00047122,-2,1,135
-0.84553,-3.6582,-4.0065,0.00047122,1,0,135
3.0045,4.7002,-0.0065185,0.00047122,-2,1,135
-4.9955,-3.6221,-0.0065185,0.00047122,-2,0,135
-2.9955,-3.9086,-0.0065185,0.00047122,-2,0,135
-4.9955,-5.7696,-0.0065185,0.00047122,-2,0,135
4.2545,3.0179,-0.0065185,3.0005,-1,1,135
2.0045,2.0179,-0.0065185,0.00047122,-2,1,135
1.7045,2.2364,4.9935,0.00047122,1,1,135
0.0044729,-4.6432,-0.0065185,0.00047122,-2,1,135
5.0045,1.4054,-0.0065185,0.00047122,-2,1,135
-2.9955,-2.9821,-0.0065185,0.00047122,-2,0,135
2.0045,-0.59214,-0.0065185,0.00047122,-2,1,135
0.0044729,0.017889,-0.0065185,0.00047122,-2,1,135
2.0045,1.9036,-0.0065185,0.00047122,-2,1,135
1.7045,1.7179,-2.0065,0.00047122,1,1,135
0.0044729,0.017889,-0.0065185,0.00047122,-2,0,135
-2.9955,-1.5371,-0.0065185,0.00047122,-2,0,135
5.5545,0.017889,-0.0065185,0.00047122,-2,1,135
4.172,4.1854,-0.0065185,0.00047122,-2,1,135
4.8468,3.0179,-0.0065185,0.00047122,-2,1,135
4.1205,1.8603,2.9935,0.00047122,1,1,135
4.3356,3.0179,-0.0065185,0.00047122,-2,1,135
3.6859,2.1854,3.9935,0.00047122,1,1,135
-4.9573,-4.3438,-0.0065185,0.00047122,-2,0,135
5.8219,4.2354,-0.0065185,0.00047122,-2,1,135
-4.9404,-4.927,-5.0065,0.00047122,1,0,135
4.5951,4.2679,-0.0065185,0.00047122,-2,1,135
5.5065,5.5199,-0.0065185,0.00047122,-2,1,135
0.4312,2.9079,-0.0065185,0.00047122,-2,0,135
4.0045,-2.8013,-0.0065185,0.00047122,-2,1,135
3.4045,-0.070136,-0.0065185,2.0005,-1,1,135
-2.8855,-1.0973,-5.0065,0.00047122,1,0,135
-0.99553,-4.2321,-0.0065185,0.00047122,-2,0,135
-2.9955,-4.2644,-0.0065185,0.00047122,-2,0,135
-1.4455,-4.7046,-0.0065185,0.00047122,-2,0,135
0.40447,1.2504,-0.0065185,0.00047122,-2,0,135
0.55447,0.56789,-0.0065185,0.00047122,-2,1,135
1.172,1.5839,-0.0065185,0.00047122,-2,1,135
0.99685,1.0103,-2.0065,0.00047122,1,1,135
-0.42951,-0.41609,-0.0065185,0.00047122,-2,0,135
1.3045,1.3179,-0.0065185,0.00047122,-2,1,135
1.5545,-0.39289,-0.0065185,0.00047122,-2,1,135
-2.163,0.17304,-0.0065185,0.00047122,-2,0,135
1.8468,1.8603,2.9935,0.00047122,1,1,135
-2.4295,-3.4801,-0.0065185,0.00047122,-2,0,135
-1.3955,-1.3821,-0.0065185,0.00047122,-2,0,135
1.8945,-2.8245,-0.0065185,0.00047122,-2,1,135
-1.602,2.5456,-5.0065,0.00047122,1,0,135
-1.0836,2.349,-0.0065185,0.00047122,-2,1,135
1.1545,5.6304,-0.0065185,0.00047122,-2,1,135
-2.6955,-2.4907,-0.0065185,0.00047122,-2,0,135
-1.4405,-1.2644,-0.0065185,0.00047122,-2,0,135
2.2327,2.2461,-0.0065185,0.00047122,-2,1,135
-2.0395,-0.58242,-0.0065185,0.00047122,-2,0,135
1.7419,1.7553,4.9935,0.00047122,1,1,135
-1.7498,-1.6515,-0.0065185,0.00047122,-2,0,135
-3.3544,-3.341,-0.0065185,0.00047122,-2,0,135
-4.3955,-4.3821,-0.0065185,0.00047122,-2,0,135
4.8945,-0.59214,-0.0065185,0.00047122,-2,1,135
7.461,-2.5501,-0.0065185,0.00047122,-2,1,135
6.3425,2.3821,-4.0065,0.00047122,1,1,135
6.7793,3.415,-0.0065185,0.00047122,-2,1,135
-6.5041,-6.4907,-0.0065185,0.00047122,-2,0,135
3.2868,0.8598,-0.0065185,0.00047122,-2,1,135
6.0944,-0.98017,-0.0065185,0.00047122,-2,1,135
5.1809,3.4312,-4.0065,0.00047122,1,0,135
2.617,2.6304,-0.0065185,0.00047122,-2,0,135
-4.0662,-3.7221,-0.0065185,0.00047122,-2,1,135
-6.6056,-6.5921,-0.0065185,0.00047122,-2,0,135
-3.3955,-3.3821,-0.0065185,0.00047122,-2,0,135
2.8945,1.1331,-0.0065185,0.00047122,-2,1,135
4.461,2.5399,-0.0065185,0.00047122,-2,1,135
3.0925,1.4616,-0.0065185,0.00047122,-2,1,135
-2.6203,-1.7569,3.9935,0.00047122,1,0,135
-2.5041,-2.4907,-0.0065185,0.00047122,-2,0,135
-2.2778,-2.2644,-0.0065185,0.00047122,-2,0,135
-1.0855,-1.0721,-0.0065185,0.00047122,-2,1,135
0.93094,-1.8733,-5.0065,0.00047122,1,0,135
0.0044729,0.017889,-0.0065185,0.00047122,-2,0,135
-0.99553,-5.1032,-0.0065185,0.00047122,-2,0,135
0.0044729,-2.1144,-0.0065185,0.00047122,-2,0,135
0.0044729,0.017889,-4.0065,0.00047122,1,1,135
0.0044729,0.017889,-0.0065185,0.00047122,-2,0,135
2.0045,2.1204,-0.0065185,0.00047122,-2,1,135
-1.9955,-1.6821,-0.0065185,0.00047122,-2,0,135
0.0044729,3.8059,-0.0065185,0.00047122,-2,0,135
2.0045,1.4629,-0.0065185,0.00047122,-2,1,135
-2.6955,0.017889,-0.0065185,0.00047122,-2,0,135
-4.4405,-2.9821,-0.0065185,0.00047122,-2,0,135
3.7827,1.9686,-4.0065,0.00047122,1,1,135
-4.0395,3.4179,-0.0065185,0.00047122,-2,0,135
-1.8829,-0.98211,-0.0065185,0.00047122,-2,0,135
-3.7498,-2.9821,-0.0065185,0.00047122,-2,0,135
3.6456,1.8603,-0.0065185,0.00047122,-2,1,135
3.0995,3.1129,-4.0065,0.00047122,1,1,135
3.4677,-3.3821,-0.0065185,0.00047122,-2,1,135
5.3982,2.9616,-0.0065185,0.00047122,-2,1,135
3.3392,3.3526,-0.0065185,0.00047122,-2,1,135
2.839,3.9149,-4.0065,0.00047122,1,0,135
2.837,3.4179,-0.0065185,0.00047122,-2,1,135
-1.1532,-0.37208,-0.0065185,0.00047122,-2,0,135
-0.42951,-6.0511,-0.0065185,0.00047122,-2,0,135
-2.6644,0.20364,-0.0065185,0.00047122,-2,0,135
-1.8641,-1.3792,-0.0065185,0.00047122,-2,0,135
2.0427,4.5265,-0.0065185,0.00047122,-2,0,135
-1.7281,-1.2805,-4.0065,0.00047122,1,0,135
0.69932,1.0023,-0.0065185,0.00047122,-2,1,135
-3.9955,4.7503,-0.0065185,0.00047122,-2,0,135
3.0045,3.0179,-0.0065185,0.00047122,-2,1,135
4.0045,2.9079,-0.0065185,0.00047122,-2,1,135
3.4045,3.4179,-3.0065,0.00047122,1,1,135
1.0045,-3.4938,-0.0065185,0.00047122,-2,1,135
-2.9955,-2.9821,-0.0065185,0.00047122,-2,0,135
-2.5455,3.7404,-0.0065185,3.0005,-1,0,135
-6.163,-6.1496,-0.0065185,0.00047122,-2,0,135
-5.8379,-2.3265,-0.0065185,0.00047122,-2,0,135
-5.5615,-2.9384,-0.0065185,0.00047122,-2,0,135
1.3356,3.0407,-0.0065185,0.00047122,-2,0,135
2.0045,4.9079,-0.0065185,0.00047122,-2,1,135
2.3045,-0.94384,-0.0065185,0.00047122,-2,0,135
1.9595,2.6004,-5.0065,0.00047122,1,0,135
1.7762,-4.927,-0.0065185,0.00047122,-2,1,135
3.5545,-2.5946,-0.0065185,0.00047122,-2,1,135
1.172,-4.0527,-0.0065185,0.00047122,-2,0,135
-3.1455,-1.0702,-0.0065185,0.00047122,-2,0,135
6.4045,0.86141,-0.0065185,0.00047122,-2,1,135
-1.9717,-1.9583,-0.0065185,0.00047122,-2,1,136
2.9842,2.1338,-0.0065185,0.00047122,-2,0,136
1.9873,1.974,-0.0065185,0.00047122,-2,1,136
4.7045,1.7033,-0.0065185,0.00047122,-2,1,136
4.4495,4.4629,-0.0065185,0.00047122,-2,1,136
3.7827,3.7514,-0.0065185,0.00047122,1,1,136
4.0485,4.0619,-0.0065185,0.00047122,-2,1,136
4.8919,0.9053,-0.0065185,0.00047122,-2,1,136
-4.7498,-4.9438,-0.0065185,0.00047122,-2,0,136
4.6456,3.549,-0.0065185,0.00047122,-2,1,136
-2.5405,-4.077,-0.0065185,0.00047122,-2,0,136
-4.4588,-4.5727,-0.0065185,0.00047122,-2,0,136
3.7982,1.9649,4.9935,0.00047122,1,1,136
2.3392,2.3526,-0.0065185,0.00047122,-2,1,136
-1.711,-1.6194,-0.0065185,0.00047122,-2,0,136
-6.6955,-6.6821,-0.0065185,0.00047122,-2,0,136
1.4495,-2.5921,-0.0065185,0.00047122,-2,1,136
-1.2238,-1.0357,-0.0065185,0.00047122,-2,1,136
1.0485,-1.8679,-5.0065,0.00047122,1,0,136
1.0045,4.3941,-0.0065185,0.00047122,-2,1,136
5.0045,5.0179,-0.0065185,0.00047122,-2,1,136
3.0045,0.83159,-0.0065185,0.00047122,-2,1,136
2.5545,0.095408,-0.0065185,0.00047122,-1,1,136
2.172,2.1854,3.9935,0.00047122,1,1,136
-2.9955,-2.9261,-0.0065185,0.00047122,-2,0,136
-7.5455,-2.0921,-0.0065185,0.00047122,-2,1,136
-4.2455,-6.3996,-0.0065185,0.00047122,-2,0,136
2.0045,0.017889,-0.0065185,0.00047122,-2,1,136
-0.99553,-1.6821,-0.0065185,0.00047122,-2,0,136
-1.9955,-3.3132,-0.0065185,0.00047122,-2,0,136
1.7045,0.74039,-3.0065,0.00047122,1,1,136
3.0045,3.0179,-0.0065185,0.00047122,-2,1,136
-2.9955,1.3679,-0.0065185,0.00047122,-2,0,136
4.0045,2.5679,-0.0065185,0.00047122,-2,1,136
-3.9955,-3.3821,-0.0065185,0.00047122,-2,0,136
-3.9955,-3.8841,-0.0065185,0.00047122,-2,0,136
-0.99553,-3.8088,-0.0065185,0.00047122,-2,0,136
-1.9955,-1.9821,-0.0065185,0.00047122,-2,0,136
-2.9955,-2.9821,-0.0065185,0.00047122,-2,0,136
2.5545,0.63201,-2.0065,0.00047122,1,1,136
-0.99553,1.4951,-0.0065185,0.00047122,-2,0,136
0.0044729,0.017889,-0.0065185,0.00047122,-2,1,136
0.0044729,-0.86555,-0.0065185,0.00047122,-2,0,136
0.0044729,0.017889,-3.0065,0.00047122,1,0,136
3.0045,2.5679,-0.0065185,0.00047122,-2,1,136
5.0045,5.0179,-0.0065185,0.00047122,-2,1,136
3.0045,3.0179,-0.0065185,0.00047122,-2,1,136
-2.9955,-1.8245,-0.0065185,0.00047122,-2,0,136
-4.9955,-2.5928,-0.0065185,0.00047122,-2,0,136
-4.2455,-4.2321,2.9935,0.00047122,1,0,136
4.0045,2.524,-0.0065185,0.00047122,-2,1,136
-5.3955,-2.1496,-0.0065185,0.00047122,-2,0,136
2.8945,4.6079,-0.0065185,0.00047122,-2,1,136
-3.452,-1.5481,-0.0065185,0.00047122,-2,0,136
-4.0836,-3.3132,-0.0065185,0.00047122,-2,0,136
-2.7703,-2.1136,-0.0065185,0.00047122,-2,0,136
2.3631,2.1406,-3.0065,0.00047122,1,0,136
-0.27303,-0.46011,-0.0065185,0.00047122,-2,0,136
0.6186,-2.1496,-0.0065185,0.00047122,-2,0,136
3.5265,3.395,-0.0065185,0.00047122,-2,1,136
6.5545,1.0019,-0.0065185,0.00047122,-2,1,136
6.172,3.8446,-0.0065185,0.00047122,-2,1,136
4.8468,5.2603,-0.0065185,0.00047122,-2,1,136
4.1205,2.8762,-4.0065,0.00047122,1,0,136
5.172,-2.051,-0.0065185,0.00047122,-2,1,136
2.5545,4.4103,-0.0065185,0.00047122,-2,1,136
1.837,-2.1496,-0.0065185,0.00047122,-2,1,136
-2.3955,-2.3821,-0.0065185,0.00047122,-2,1,136
2.1545,-0.83211,-0.0065185,0.00047122,-2,1,136
-1.823,0.60851,1.9935,0.00047122,1,0,136
3.172,-1.6821,-0.0065185,0.00047122,-2,1,136
2.8468,1.0179,-0.0065185,0.00047122,-2,1,136
0.43845,-0.70461,-0.0065185,0.00047122,-2,1,136
1.3045,1.3179,-0.0065185,0.00047122,-2,0,136
-1.1005,-1.6356,3.9935,0.00047122,1,1,136
-0.76728,2.9742,-0.0065185,0.00047122,-2,1,136
-1.0395,-1.0261,-0.0065185,0.00047122,-2,0,136
-1.1081,-1.7477,-0.0065185,0.00047122,-2,0,136
-0.69553,-0.21036,-0.0065185,0.00047122,-2,1,136
-2.8455,0.82173,-0.0065185,0.00047122,-2,0,136
2.427,2.2629,4.9935,0.00047122,1,1,136
-4.6097,-4.6953,-0.0065185,0.00047122,-2,0,136
-5.5175,-5.3759,-0.0065185,0.00047122,-2,0,136
-4.4392,-4.3168,-0.0065185,0.00047122,-2,0,136
2.3816,2.7589,-0.0065185,0.00047122,-2,1,136
-4.3161,-1.9239,-0.0065185,0.00047122,-2,0,136
-5.268,-5.1877,-0.0065185,0.00047122,-2,0,136
4.4861,3.1395,-4.0065,0.00047122,1,1,136
3.2013,-3.1852,-0.0065185,0.00047122,-2,1,136
4.1718,2.6941,-0.0065185,0.00047122,-2,1,136
-4.1378,-3.4894,-0.0065185,0.00047122,-2,0,136
2.1254,3.5091,-0.0065185,0.00047122,-2,1,136
1.8072,1.8207,-4.0065,0.00047122,1,1,136
-2.0829,-2.048,-0.0065185,0.00047122,-2,0,136
4.0787,-2.8161,-0.0065185,0.00047122,-2,1,136
2.0676,3.481,-0.0065185,0.00047122,-2,1,136
1.7581,1.7584,-4.0065,0.00047122,1,1,136
-1.9499,-1.9477,-0.0065185,0.00047122,-2,1,136
-2.9568,-2.8334,-0.0065185,0.00047122,-2,0,136
-6.5455,-6.5321,-0.0065185,0.00047122,-2,0,136
-2.163,-2.0701,-0.0065185,0.00047122,-2,0,136
-4.8379,-4.7569,-0.0065185,0.00047122,-2,0,136
-1.5615,-1.4907,-0.0065185,0.00047122,-2,0,136
-1.3266,-1.3003,2.9935,0.00047122,1,0,136
0.13592,0.10785,-0.0065185,0.00047122,-2,0,136
-1.8455,-1.8321,-0.0065185,0.00047122,-2,0,136
1.727,2.8603,-0.0065185,0.00047122,-2,0,136
1.1545,-1.4462,-0.0065185,0.00047122,-2,0,136
1.7045,-0.50412,-0.0065185,0.00047122,-2,0,136
-1.4405,-0.040436,-4.0065,0.00047122,1,1,136
3.7762,5.395,-0.0065185,0.00047122,-2,1,136
1.9605,-3.9161,-0.0065185,0.00047122,-2,1,136
3.1171,2.8404,-0.0065185,0.00047122,-2,1,136
3.2502,3.2636,-0.0065185,0.00047122,-2,1,136
2.7633,2.2667,-4.0065,0.00047122,1,1,136
2.4595,2.4729,-0.0065185,0.00047122,-2,1,136
-3.5323,-4.1244,-0.0065185,0.00047122,-2,0,136
-1.6018,-2.103,-0.0065185,0.00047122,-2,0,136
2.6698,-2.4048,-0.0065185,0.00047122,-2,1,136
1.72,2.1052,-0.0065185,0.00047122,-2,1,136
-3.7537,-2.2239,-0.0065185,0.00047122,-2,0,136
4.7989,3.481,-0.0065185,0.00047122,-2,1,136
-4.0708,-4.2858,-3.0065,0.00047122,1,0,136
-3.847,-4.0277,-0.0065185,0.00047122,-2,0,136
2.8782,2.0592,-0.0065185,0.00047122,-2,1,136
3.8972,3.9106,-0.0065185,0.00047122,-2,1,136
-3.3043,-2.1776,3.9935,0.00047122,1,0,136
1.927,-3.3583,-0.0065185,0.00047122,-2,1,136
-3.9296,-1.7023,-0.0065185,0.00047122,-2,0,136
-2.9395,-2.9993,-0.0065185,0.00047122,-2,0,136
2.5069,2.8603,-4.0065,0.00047122,1,1,136
-0.95506,3.4055,-0.0065185,0.00047122,-2,0,136
1.9701,0.87845,-0.0065185,0.00047122,-2,1,136
1.9752,1.9887,-0.0065185,0.00047122,-2,1,136
3.9796,1.438,-0.0065185,0.00047122,-2,1,136
1.9833,3.4244,-0.0065185,0.00047122,-2,1,136
1.9865,1.6999,-0.0065185,0.00047122,-2,1,136
0.98921,1.7026,-0.0065185,0.00047122,-2,1,136
-0.83255,-0.83609,3.9935,0.00047122,1,0,136
-1.9845,-1.9855,-0.0065185,0.00047122,-2,0,136
-1.6862,0.015011,-0.0065185,0.00047122,-1,0,136
3.9965,-2.4362,-0.0065185,0.00047122,-2,1,136
4.9977,5.02,-0.0065185,0.00047122,-2,1,136
4.2487,2.9021,-2.0065,0.00047122,1,1,136
-1.9906,-1.9836,-0.0065185,0.00047122,-2,0,136
-2.9997,-1.4313,-0.0065185,0.00047122,-2,1,136
4.008,2.5668,-0.0065185,0.00047122,-2,1,136
-3.3985,-3.3851,3.9935,0.00047122,1,0,136
1.8945,-1.5397,-0.0065185,0.00047122,-2,0,136
0.85447,0.45139,-0.0065185,0.00047122,-2,1,136
-0.71803,-2.4386,-0.0065185,0.00047122,-2,0,136
0.6186,2.1059,-0.0065185,0.00047122,-2,1,136
-1.5175,-1.7569,-0.0065185,0.00047122,-2,0,136
4.4482,4.4616,-0.0065185,0.00047122,-2,1,136
3.7816,2.0227,4.9935,0.00047122,1,1,136
-0.67495,0.10785,-0.0065185,0.00047122,-2,1,136
-0.72304,3.9029,-0.0065185,0.00047122,-2,0,136
2.1545,2.1679,-0.0065185,0.00047122,-2,0,136
2.282,-0.035238,-0.0065185,0.00047122,-2,1,136
-0.44553,-2.4131,-0.0065185,0.00047122,-2,1,136
1.172,1.1854,-0.0065185,0.00047122,-2,1,136
-1.1532,3.4631,-0.0065185,0.00047122,-2,1,136
1.4385,2.6685,-0.0065185,0.00047122,-2,0,136
-0.66441,-0.8185,-0.0065185,0.00047122,-2,0,136
-0.69553,-0.68211,-0.0065185,0.00047122,-2,0,136
-0.44053,-0.42711,-0.0065185,0.00047122,-2,0,136
-0.76728,1.0637,-0.0065185,0.00047122,-2,0,136
0.70447,0.71789,-0.0065185,0.00047122,-2,0,136
-0.84553,-0.83211,-0.0065185,0.00047122,-2,0,136
0.72697,0.62837,3.9935,0.00047122,1,1,136
1.3903,-3.9962,-0.0065185,0.00047122,-2,0,136
-2.4735,-1.1601,-0.0065185,0.00047122,-2,0,136
0.45447,1.5729,-0.0065185,0.00047122,-2,0,136
2.172,2.1854,-0.0065185,0.00047122,-2,0,136
2.0045,2.0179,-0.0065185,0.00047122,-2,1,136
2.6186,1.0757,-0.0065185,0.00047122,-2,0,137
-2.2175,3.3179,-0.0065185,5.0005,-1,1,137
-2.4405,1.1829,-0.0065185,0.00047122,-2,0,137
1.8545,1.1404,-0.0065185,0.00047122,-2,1,137
-2.718,-0.096364,-0.0065185,0.00047122,-2,0,137
-1.6097,0.89827,-0.0065185,0.00047122,-2,0,137
-1.5175,-1.5041,-0.0065185,0.00047122,-2,0,137
3.4482,1.1841,-0.0065185,0.00047122,-2,1,137
0.38162,0.39504,-0.0065185,0.00047122,-2,1,137
1.6839,-2.4702,-0.0065185,0.00047122,-2,1,137
2.3045,2.3179,-0.0065185,0.00047122,-2,1,137
-0.59553,-0.58211,-0.0065185,0.00047122,-2,0,137
0.51447,3.9317,4.9935,0.00047122,1,0,137
-0.45203,-0.67679,-0.0065185,0.00047122,-2,0,137
0.092498,-5.2946,-0.0065185,0.00047122,-2,0,137
-1.2955,1.7785,-0.0065185,0.00047122,-2,0,137
-6.5455,-3.7139,-0.0065185,0.00047122,-2,0,137
6.172,6.1854,-0.0065185,0.00047122,-2,1,137
-5.2379,1.2557,1.9935,0.00047122,1,1,137
-3.8855,0.71789,-0.0065185,0.00047122,-2,0,137
0.15447,-0.077812,-0.0065185,0.00047122,-2,1,137
0.15447,0.29934,-0.0065185,0.00047122,-2,1,137
0.15447,-0.39886,-0.0065185,0.00047122,-2,1,137
0.13197,0.14539,4.9935,0.00047122,1,1,137
-1.273,4.6616,-0.0065185,0.00047122,-2,0,137
0.30447,5.6304,-0.0065185,0.00047122,-2,1,137
-2.2955,-0.90511,-0.0065185,0.00047122,-2,0,137
-0.39553,1.7896,-0.0065185,0.00047122,-2,0,137
-0.10553,-0.092111,-0.0065185,0.00047122,-2,1,137
0.097973,0.17449,-0.0065185,0.00047122,1,0,137
-0.075002,2.1059,-2.0065,0.00047122,1,0,137
-0.15315,-0.28211,-0.0065185,0.00047122,-2,0,137
-3.6955,-3.6821,-0.0065185,0.00047122,-2,0,137
2.4495,1.4629,-0.0065185,0.00047122,-2,0,137
-2.8455,-0.37586,-0.0065185,0.00047122,-2,0,137
2.3045,3.6832,-0.0065185,0.00047122,-2,1,137
-3.3955,-1.9371,-0.0065185,0.00047122,-2,0,137
2.8945,2.9079,-0.0065185,0.00047122,-2,1,137
4.461,4.4744,-0.0065185,0.00047122,-2,1,137
-3.7836,-2.0701,-5.0065,0.00047122,1,1,137
4.4495,7.2679,-0.0065185,0.00047122,-2,1,137
4.5545,-0.2546,-0.0065185,0.00047122,-2,1,137
5.172,3.8854,-0.0065185,0.00047122,-2,1,137
-4.3879,-4.3745,2.9935,0.00047122,1,1,137
-3.163,-3.1496,-0.0065185,0.00047122,-2,0,137
3.8545,-1.2996,-0.0065185,0.00047122,-2,1,137
2.727,2.7404,-0.0065185,0.00047122,-2,1,137
1.6186,1.632,-0.0065185,0.00047122,-2,1,137
2.4825,-2.3465,-0.0065185,0.00047122,-2,1,137
-2.1018,1.5097,-5.0065,0.00047122,1,0,137
2.172,2.9368,-0.0065185,0.00047122,-2,1,137
-0.8379,-0.82449,-0.0065185,0.00047122,-2,0,137
-5.5615,-1.5481,-0.0065185,0.00047122,-2,0,137
-4.3266,-4.7132,-0.0065185,0.00047122,-2,0,137
-1.127,-3.6636,-0.0065185,0.00047122,-2,0,137
3.0427,3.0562,-0.0065185,0.00047122,-2,1,137
-2.5781,-0.48414,-4.0065,0.00047122,1,1,137
1.3096,3.3346,-0.0065185,0.00047122,-2,1,137
5.7045,6.4744,-0.0065185,0.00047122,-2,1,137
1.4495,3.9194,-0.0065185,0.00047122,-2,1,137
-0.76728,1.7927,-0.0065185,0.00047122,-2,0,137
2.7045,-1.0261,-0.0065185,0.00047122,-2,0,137
-4.8455,-0.5397,-0.0065185,0.00047122,-2,0,137
-4.118,-4.1046,3.9935,0.00047122,1,0,137
0.11447,1.9739,-0.0065185,0.00047122,-2,1,137
-1.4455,-1.0921,-0.0065185,0.00047122,-2,0,137
-3.3955,-1.2146,-0.0065185,0.00047122,-2,0,137
3.8945,1.7927,-0.0065185,0.00047122,-2,1,137
-4.452,-4.4386,-0.0065185,0.00047122,-2,1,137
3.7925,3.0002,1.9935,0.00047122,1,0,137
0.44947,0.46289,-0.0065185,0.00047122,-2,0,137
-1.2238,-0.50412,-0.0065185,0.00047122,-2,1,137
2.9605,3.5742,-0.0065185,0.00047122,-2,1,137
-1.1081,-1.0947,-0.0065185,0.00047122,-2,0,137
0.95017,-1.6238,-2.0065,0.00047122,1,0,137
2.5595,5.7179,-0.0065185,0.00047122,-2,1,137
3.7762,6.4629,-0.0065185,0.00047122,-2,1,137
-3.9515,-1.4072,-0.0065185,0.00047122,-2,0,137
-2.1081,-4.0261,-0.0065185,0.00047122,-2,0,137
-0.74983,4.5178,-0.0065185,0.00047122,-2,1,137
0.64563,-0.73641,-4.0065,0.00047122,1,0,137
-2.4505,-3.6233,-0.0065185,0.00047122,-2,0,137
-0.45876,3.4529,-0.0065185,0.00047122,-2,1,137
-1.6018,-0.44535,-0.0065185,0.00047122,-2,0,137
1.6698,2.1116,-0.0065185,0.00047122,-2,1,137
0.71999,1.3526,-0.0065185,0.00047122,-2,1,137
1.7627,2.3024,-0.0065185,0.00047122,-2,1,137
-1.49,-1.3177,-5.0065,0.00047122,1,0,137
1.1792,0.92669,-0.0065185,0.00047122,-2,0,137
2.856,3.8051,-0.0065185,0.00047122,-2,1,137
1.8782,2.1664,-0.0065185,0.00047122,-2,1,137
-3.8882,-2.2056,-0.0065185,0.00047122,-2,0,137
3.3133,3.5252,3.9935,0.00047122,1,0,137
2.8945,2.9079,-0.0065185,0.00047122,-2,0,137
-1.452,-2.9065,-0.0065185,0.00047122,-2,1,137
2.0925,1.2559,-0.0065185,0.00047122,-2,0,137
-1.7703,-1.7569,4.9935,0.00047122,1,1,137
-2.5041,-2.7569,-0.0065185,0.00047122,-2,1,137
3.7222,2.1218,-0.0065185,0.00047122,-2,1,137
3.9145,2.9856,-0.0065185,0.00047122,-2,1,137
4.078,3.1779,-0.0065185,0.00047122,-2,1,137
2.217,3.4804,-0.0065185,0.00047122,-2,1,137
-1.3262,-1.8627,-0.0065185,0.00047122,-2,0,137
1.1355,1.0485,4.9935,0.00047122,1,1,137
3.4881,-3.7485,-0.0065185,0.00047122,-2,0,137
1.4156,1.429,-0.0065185,0.00047122,-2,1,137
-2.8455,-4.1496,-0.0065185,0.00047122,-2,0,137
1.282,0.17551,-0.0065185,0.00047122,-2,1,137
-0.29553,-0.28211,-0.0065185,0.00047122,-2,0,137
-0.25053,-1.9346,1.9935,0.00047122,1,1,137
-0.22378,-1.2384,-0.0065185,0.00047122,-2,1,137
3.1545,-0.54166,-0.0065185,0.00047122,-2,1,137
-5.3955,-5.3821,-0.0065185,0.00047122,-2,0,137
-4.8855,-4.8721,-0.0065185,0.00047122,-2,0,137
4.161,-0.61613,-4.0065,0.00047122,1,0,137
5.4495,1.6622,-0.0065185,0.00047122,-2,0,137
-4.2238,-0.092111,-0.0065185,0.00047122,-2,0,137
-7.5455,-7.5321,-0.0065185,0.00047122,-2,0,137
6.172,1.9129,-0.0065185,0.00047122,-2,1,137
3.8468,4.1059,-0.0065185,0.00047122,-2,0,137
-1.6955,-4.4381,-0.0065185,0.00047122,-2,0,137
-1.9955,-1.9821,-0.0065185,0.00047122,-2,0,137
1.7045,0.58644,-4.0065,0.00047122,1,1,137
-1.4405,1.0619,-0.0065185,0.00047122,-2,1,137
-2.9955,1.6796,-0.0065185,0.00047122,-2,0,137
-0.44553,1.0619,-0.0065185,0.00047122,-2,1,137
0.38697,0.40039,-3.0065,0.00047122,1,1,137
-2.163,3.3222,-0.0065185,0.00047122,-2,1,137
0.0044729,0.017889,-0.0065185,0.00047122,-2,1,137
0.0044729,0.017889,-0.0065185,0.00047122,-2,0,137
0.0044729,0.88577,2.9935,0.00047122,1,0,137
2.0045,-2.1384,-0.0065185,0.00047122,-2,1,137
-1.6955,-2.0168,1.9935,0.00047122,1,0,137
0.0044729,-0.26659,-0.0065185,0.00047122,-2,1,137
-0.99553,0.017889,-0.0065185,0.00047122,-2,0,137
2.1545,3.0179,-0.0065185,0.00047122,-2,1,137
5.5545,4.0619,-0.0065185,0.00047122,-2,1,137
4.172,1.5713,-0.0065185,0.00047122,-2,1,137
3.5468,3.5603,-2.0065,0.00047122,1,1,137
2.4385,1.0767,-0.0065185,0.00047122,-2,1,137
-5.3955,-0.095995,-0.0065185,0.00047122,-2,0,137
5.8945,2.9461,-0.0065185,0.00047122,-2,1,137
-0.45203,-0.43861,-0.0065185,0.00047122,-2,0,137
-0.38355,-3.037,3.9935,0.00047122,1,0,137
-1.7703,1.6431,-0.0065185,0.00047122,-2,1,137
3.0045,-2.231,-0.0065185,0.00047122,-2,0,137
-1.9955,-2.5321,-0.0065185,0.00047122,-2,1,137
-1.6955,-1.6821,2.9935,0.00047122,1,1,137
-2.9955,2.5679,-0.0065185,0.00047122,-2,1,137
2.0045,-2.5321,-0.0065185,0.00047122,-2,0,137
-1.2955,-5.1496,-0.0065185,0.00047122,-2,0,137
1.1095,0.7703,3.9935,0.00047122,1,1,137
-3.7673,-2.1539,-0.0065185,0.00047122,-2,0,137
-3.9515,-3.1881,-0.0065185,0.00047122,-2,0,137
-3.3581,-5.3636,-3.0065,0.00047122,1,0,137
2.2502,3.5296,-0.0065185,0.00047122,-2,1,137
0.64563,0.65904,-0.0065185,0.00047122,-2,0,137
2.5495,-2.8445,-0.0065185,0.00047122,-2,1,137
2.3045,2.3179,-0.0065185,0.00047122,-2,1,137
0.40447,0.41789,-0.0065185,0.00047122,-2,0,137
-1.4455,-5.3132,-0.0065185,0.00047122,-2,0,137
-4.3955,-0.69763,-0.0065185,0.00047122,-2,0,137
2.8945,1.0655,-0.0065185,0.00047122,-2,1,137
-1.452,-2.4386,-0.0065185,0.00047122,-2,1,137
-2.8455,-2.8321,-0.0065185,0.00047122,-2,0,137
4.727,0.88889,-0.0065185,0.00047122,-2,1,137
4.6186,3.4179,-0.0065185,0.00047122,-2,1,137
4.5265,3.9399,-0.0065185,0.00047122,-2,0,137
1.4045,0.90789,-0.0065185,0.00047122,-2,1,137
1.1945,2.9079,-2.0065,0.00047122,1,0,137
-0.53903,-0.52561,-0.0065185,0.00047122,-2,0,137
-1.0836,-0.84189,-0.0065185,0.00047122,-2,1,137
-0.22071,-2.0604,-0.0065185,0.00047122,-2,0,137
-0.48693,-0.47351,-0.0065185,0.00047122,-2,0,137
-1.7132,-1.6998,-0.0065185,0.00047122,-2,0,137
0.70447,2.0715,-0.0065185,0.00047122,-2,0,138
1.1545,0.61289,-0.0065185,0.00047122,-2,1,138
-4.6955,-2.1721,-0.0065185,0.00047122,-2,0,138
-5.4405,-5.0261,-0.0065185,0.00047122,-2,0,138
4.2327,4.2461,-0.0065185,0.00047122,-2,1,138
5.0485,2.6146,-0.0065185,0.00047122,-2,1,138
5.8919,5.659,-0.0065185,0.00047122,-2,1,138
-3.7498,-3.4171,-0.0065185,0.00047122,-2,0,138
-4.6367,-4.4453,-0.0065185,0.00047122,-2,0,138
3.5495,2.7304,-0.0065185,0.00047122,-2,1,138
-2.4588,-2.8668,-0.0065185,0.00047122,-2,0,138
1.3982,2.1116,-0.0065185,0.00047122,-2,1,138
1.1892,1.2026,3.9935,0.00047122,1,1,138
4.289,3.7024,-0.0065185,0.00047122,-2,1,138
3.2463,3.2597,-0.0065185,0.00047122,-2,1,138
2.76,1.1664,-0.0065185,1.0005,-1,1,138
3.1792,3.1441,-0.0065185,0.00047122,-2,1,138
-3.144,-2.1774,-0.0065185,0.00047122,-2,0,138
2.6807,2.6941,2.9935,0.00047122,1,1,138
-4.1028,-2.6096,-0.0065185,0.00047122,-2,0,138
3.0957,3.1091,-0.0065185,0.00047122,-2,1,138
4.082,2.9639,-0.0065185,0.00047122,-2,1,138
3.0704,3.0655,-0.0065185,0.00047122,-2,1,138
2.6105,2.9639,-4.0065,0.00047122,1,0,138
0.83697,-2.473,-0.0065185,0.00047122,-2,1,138
-1.1532,-5.8721,-0.0065185,0.00047122,-2,0,138
-0.56155,-0.75693,-0.0065185,0.00047122,-2,0,138
-2.1455,-2.1321,-0.0065185,0.00047122,-2,0,138
3.282,2.4519,-0.0065185,0.00047122,-2,1,138
-4.3814,-4.368,-0.0065185,0.00047122,-2,0,138
3.7325,-2.3959,4.9935,0.00047122,1,1,138
3.5608,3.0562,-0.0065185,0.00047122,-2,1,138
3.6273,3.2004,-0.0065185,0.00047122,-2,1,138
4.6839,2.3937,-0.0065185,0.00047122,-2,1,138
3.732,3.9954,-0.0065185,0.00047122,-2,1,138
-3.7639,-3.1505,-0.0065185,0.00047122,-2,0,138
-1.7987,-1.7852,-0.0065185,0.00047122,-2,1,138
3.7045,2.5452,-0.0065185,0.00047122,-2,1,138
1.7045,1.7179,-0.0065185,0.00047122,-2,1,138
-1.4405,-2.6554,-3.0065,0.00047122,1,0,138
-0.76728,-2.2049,-0.0065185,0.00047122,-2,0,138
-1.6955,-1.6821,-0.0065185,0.00047122,-2,0,138
0.55947,0.57289,-0.0065185,0.00047122,-2,1,138
0.47622,3.2839,2.9935,0.00047122,1,1,138
-0.55053,4.0129,-0.0065185,0.00047122,-2,0,138
-1.2955,-2.6946,-0.0065185,0.00047122,-2,0,138
3.5545,-0.96388,-0.0065185,0.00047122,-2,1,138
0.17197,3.0354,-0.0065185,0.00047122,-2,0,138
1.3045,1.3179,-0.0065185,0.00047122,-2,0,138
1.1095,-1.1426,-5.0065,0.00047122,1,1,138
1.837,-0.74593,-0.0065185,0.00047122,-2,1,138
-2.3955,-6.9946,-0.0065185,0.00047122,-2,1,138
0.15447,-1.2093,-0.0065185,0.00047122,-2,1,138
2.1545,-3.4421,-0.0065185,0.00047122,-2,1,138
3.5545,3.5679,-0.0065185,0.00047122,-2,1,138
0.17197,-1.6362,-0.0065185,0.00047122,-2,0,138
-0.1379,-2.0214,-3.0065,0.00047122,1,1,138
-1.4405,2.7352,-0.0065185,0.00047122,-2,1,138
1.0045,3.1854,-0.0065185,0.00047122,-2,1,138
1.0045,1.0179,-0.0065185,0.00047122,-2,0,138
-0.99553,-0.86952,-0.0065185,0.00047122,-2,0,138
2.1545,0.59471,-0.0065185,0.00047122,-2,0,138
2.282,1.9267,-0.0065185,0.00047122,-2,1,138
1.9403,1.9538,-4.0065,0.00047122,1,0,138
0.52648,-1.3025,-0.0065185,0.00047122,-2,0,138
1.0045,-1.3061,-0.0065185,0.00047122,-2,0,138
-1.1455,-4.4386,-0.0065185,0.00047122,-2,0,138
-0.71803,-0.70461,-0.0065185,0.00047122,-2,0,138
-2.9955,-1.7569,-0.0065185,0.00047122,-2,1,138
2.5545,2.5679,-3.0065,0.00047122,1,0,138
-2.9955,2.5679,-0.0065185,0.00047122,-2,0,138
-0.54553,-2.5321,-0.0065185,0.00047122,-2,1,138
1.3045,1.3179,-0.0065185,0.00047122,-2,1,138
0.45447,1.5839,-0.0065185,0.00047122,-2,1,138
-0.37803,-0.36461,-5.0065,0.00047122,1,0,138
5.172,4.2679,-0.0065185,0.00047122,-2,1,138
2.8468,2.8603,-0.0065185,0.00047122,-2,1,138
-1.5615,-3.7156,-0.0065185,0.00047122,-2,0,138
-2.3266,-2.3132,-0.0065185,0.00047122,-2,0,138
1.9859,1.1493,1.9935,0.00047122,1,1,138
-1.6798,-2.6438,2.9935,0.00047122,1,0,138
2.8219,-1.7146,-0.0065185,0.00047122,-2,1,138
1.6993,1.7127,-0.0065185,0.00047122,-2,1,138
1.4138,-2.0177,-0.0065185,0.00047122,-2,1,138
-4.6955,-1.6821,-0.0065185,0.00047122,-2,0,138
-4.4405,-4.4271,-0.0065185,0.00047122,-2,0,138
-4.2238,-3.3779,-0.0065185,0.00047122,-2,1,138
-4.5455,-4.5321,-0.0065185,0.00047122,-2,0,138
-5.6955,-5.6821,-0.0065185,0.00047122,-2,1,138
-5.3955,-3.3132,-0.0065185,0.00047122,-2,0,138
0.70447,-1.4453,-0.0065185,0.00047122,-2,0,138
-0.59053,-0.57711,4.9935,0.00047122,1,1,138
-2.273,-2.2596,-0.0065185,0.00047122,-2,0,138
-2.5455,-4.3069,-0.0065185,0.00047122,-2,0,138
-1.163,-2.1496,-0.0065185,0.00047122,-2,1,138
0.99685,-2.5921,-5.0065,0.00047122,1,0,138
-1.273,-1.2596,-0.0065185,0.00047122,-2,0,138
-1.2955,1.7179,-0.0065185,0.00047122,-2,0,138
1.1095,3.0885,1.9935,0.00047122,1,1,138
4.172,2.0179,-0.0065185,0.00047122,-2,1,138
4.8468,3.0179,-0.0065185,0.00047122,-2,1,138
-5.5615,-1.2104,-0.0065185,0.00047122,-2,0,138
4.7356,3.4179,3.9935,0.00047122,1,1,138
-5.127,-3.3821,-0.0065185,0.00047122,-2,0,138
3.9662,3.4179,-0.0065185,0.00047122,-2,1,138
-1.813,-2.5321,-0.0065185,0.00047122,-2,0,138
0.69932,0.86789,-0.0065185,0.00047122,-2,0,138
-0.99553,-0.98211,-0.0065185,0.00047122,-2,0,138
0.85447,1.482,3.9935,0.00047122,1,1,138
-1.718,-4.1046,-0.0065185,0.00047122,-2,0,138
1.3903,1.4038,-0.0065185,0.00047122,-2,1,138
6.7045,6.7179,-0.0065185,0.00047122,-2,1,138
5.4495,5.4629,-0.0065185,0.00047122,-2,1,138
-4.6238,0.76265,-5.0065,0.00047122,1,0,138
3.0485,5.3119,-0.0065185,0.00047122,-2,1,138
-4.8829,-2.5695,-0.0065185,0.00047122,-2,0,138
2.7588,4.1722,-0.0065185,0.00047122,-2,1,138
-1.6367,-1.4096,-0.0065185,0.00047122,-2,0,138
-0.54051,0.24951,-0.0065185,0.00047122,-2,1,138
3.0045,3.0179,-0.0065185,0.00047122,-2,1,138
5.0045,5.0179,-0.0065185,0.00047122,-2,1,138
-4.2455,0.87458,2.9935,0.00047122,1,0,138
-3.9955,-3.5384,-0.0065185,0.00047122,-2,0,138
1.0045,-2.5268,-0.0065185,0.00047122,-2,1,138
2.0045,0.86789,-0.0065185,0.00047122,-2,1,138
1.7045,1.4454,3.9935,0.00047122,1,1,138
1.0045,3.4179,-0.0065185,0.00047122,-2,1,138
2.0045,0.67101,-0.0065185,0.00047122,-2,1,138
1.0045,1.0179,-0.0065185,0.00047122,-2,1,138
0.85447,1.4629,2.9935,0.00047122,1,1,138
-0.99553,-0.86121,-0.0065185,0.00047122,-2,0,138
-3.9955,-3.8793,-0.0065185,0.00047122,-2,0,138
1.0045,1.7729,-0.0065185,0.00047122,-2,1,138
0.0044729,-0.75786,-0.0065185,0.00047122,-2,1,138
-1.9955,-2.7046,-0.0065185,0.00047122,-2,0,138
-4.6955,-4.6821,-0.0065185,0.00047122,-2,0,138
4.4495,1.4629,-0.0065185,0.00047122,-2,1,138
-3.7738,-3.7604,2.9935,0.00047122,1,0,138
5.0485,-1.4881,-0.0065185,0.00047122,-2,1,138
3.8919,3.0179,-0.0065185,0.00047122,-2,1,138
3.7588,2.9079,-0.0065185,0.00047122,-2,1,138
5.6456,3.209,-0.0065185,0.00047122,-2,1,138
-4.7905,-4.7771,3.9935,0.00047122,1,0,138
-5.4588,-5.4453,-0.0065185,0.00047122,-2,0,138
3.3982,3.0179,-0.0065185,0.00047122,-2,1,138
3.3392,-2.4386,-0.0065185,0.00047122,-2,1,138
2.839,2.5679,2.9935,0.00047122,1,1,138
5.2463,2.8097,-0.0065185,0.00047122,-2,1,138
5.21,5.2234,-0.0065185,0.00047122,-2,1,138
5.1792,5.0179,-0.0065185,0.00047122,-2,1,138
5.153,5.1664,-0.0065185,0.00047122,-2,1,138
-4.1218,-2.7184,-0.0065185,0.00047122,-2,0,138
1.1118,3.4179,-0.0065185,0.00047122,-2,1,138
0.94567,0.86789,4.9935,0.00047122,1,1,138
-0.073046,-0.05963,-0.0065185,0.00047122,-2,0,138
4.0704,3.6963,-0.0065185,0.00047122,-2,1,138
-4.0515,-3.4381,-0.0065185,0.00047122,-2,0,138
4.0521,3.4655,-0.0065185,0.00047122,-2,1,138
-4.036,-3.4226,-0.0065185,0.00047122,-2,0,138
2.0389,3.4179,-0.0065185,0.00047122,-2,1,138
-0.024763,-1.7113,-0.0065185,0.00047122,-2,1,138
2.0045,0.57289,-0.0065185,0.00047122,-2,1,138
-2.9955,-2.9821,-0.0065185,0.00047122,-2,0,138
3.0045,0.017889,-0.0065185,0.00047122,-2,1,138
5.5545,0.9053,-0.0065185,0.00047122,-2,1,138
4.172,4.7354,-0.0065185,0.00047122,-2,1,138
-6.8379,-3.5245,-0.0065185,0.00047122,-2,0,138
3.5705,5.8339,-0.0065185,0.00047122,-2,1,138
-3.0266,-3.0132,1.9935,0.00047122,1,0,138
-3.127,-3.1136,-0.0065185,0.00047122,-2,0,138
0.042742,0.056157,-0.0065185,0.00047122,-2,1,138
-5.8455,-0.83211,-0.0065185,0.00047122,-2,0,138
4.727,4.9904,-0.0065185,0.00047122,-2,1,138
3.6186,3.632,-0.0065185,0.00047122,-2,1,138
-2.9955,-1.5371,-0.0065185,0.00047122,-2,1,139
4.0045,-1.6541,-0.0065185,0.00047122,-2,1,139
-5.3955,-5.3821,-0.0065185,0.00047122,-2,0,139
2.8945,-0.30269,-0.0065185,0.00047122,-2,1,139
4.461,2.4744,-0.0065185,0.00047122,-2,1,139
-4.0836,-3.7701,-0.0065185,0.00047122,-2,0,139
4.7793,1.521,-0.0065185,0.00047122,-2,1,139
4.5131,2.4005,-0.0065185,0.00047122,-2,1,139
2.2868,0.87565,-0.0065185,0.00047122,-2,1,139
-4.0855,-4.0721,-0.0065185,0.00047122,-2,0,139
-1.922,-1.9086,-0.0065185,0.00047122,-2,0,139
1.792,1.4966,-0.0065185,0.00047122,-2,0,139
1.5238,2.0184,1.9935,0.00047122,1,0,139
-3.273,-2.8507,-0.0065185,0.00047122,-2,0,139
3.3903,3.4038,-0.0065185,0.00047122,-2,1,139
1.4825,1.4959,-0.0065185,0.00047122,-2,1,139
0.56077,0.57418,-0.0065185,0.00047122,-2,0,139
-1.8455,1.4959,-0.0065185,0.00047122,-2,0,139
1.577,1.5904,-4.0065,0.00047122,1,1,139
-1.718,-0.55539,-0.0065185,0.00047122,-2,0,139
1.6186,1.632,-0.0065185,0.00047122,-2,1,139
0.48247,1.9524,-0.0065185,0.00047122,-2,1,139
-0.84553,-0.83211,-0.0065185,0.00047122,-2,0,139
0.72697,2.0155,-2.0065,0.00047122,1,1,139
1.3903,1.1038,-0.0065185,0.00047122,-2,1,139
2.3045,-0.1448,-0.0065185,0.00047122,-2,1,139
2.4045,1.9729,-0.0065185,0.00047122,-2,1,139
0.11447,-2.0221,-0.0065185,0.00047122,-2,1,139
-1.5455,-1.7446,-0.0065185,0.00047122,-2,0,139
2.172,-0.21799,-0.0065185,0.00047122,-2,0,139
-1.8379,-1.102,-4.0065,0.00047122,1,1,139
2.0045,-3.3821,-0.0065185,0.00047122,-2,1,139
-3.9955,-4.5041,-0.0065185,0.00047122,-2,0,139
-1.9955,-2.4258,-0.0065185,0.00047122,-2,0,139
4.0045,1.6233,-0.0065185,0.00047122,-2,1,139
4.0045,3.4179,-0.0065185,0.00047122,-2,1,139
5.0045,3.6904,-0.0065185,0.00047122,-2,1,139
-3.9955,-4.4637,-0.0065185,0.00047122,-2,0,139
2.0045,2.0179,-0.0065185,0.00047122,-2,1,139
1.7045,3.0752,2.9935,0.00047122,1,1,139
0.0044729,-2.6744,-0.0065185,0.00047122,-2,1,139
-1.9955,2.1854,-0.0065185,0.00047122,-2,0,139
-1.9955,-1.6821,-0.0065185,0.00047122,-2,0,139
-1.6955,-0.11609,-3.0065,0.00047122,1,0,139
2.0045,3.349,-0.0065185,0.00047122,-2,1,139
2.3045,6.1854,-0.0065185,0.00047122,-2,1,139
-2.3955,-1.9371,-0.0065185,0.00047122,-2,0,139
2.0445,2.0579,-4.0065,0.00047122,1,1,139
1.7385,0.47439,-0.0065185,-1.9995,-1,1,139
-1.4694,2.9079,2.9935,0.00047122,1,0,139
3.7793,-0.75729,-0.0065185,0.00047122,-2,1,139
4.5131,4.5265,-0.0065185,0.00047122,-2,1,139
-0.27784,-2.7094,-0.0065185,0.00047122,-2,1,139
2.8545,0.78964,-0.0065185,0.00047122,-2,1,139
-1.718,-1.7046,-0.0065185,0.00047122,-2,0,139
-4.6097,-4.5962,-0.0065185,0.00047122,-2,0,139
3.9265,-0.73641,-4.0065,0.00047122,1,1,139
-2.4392,2.9742,-0.0065185,0.00047122,-2,0,139
1.3816,0.47291,-0.0065185,0.00047122,-2,0,139
4.8545,1.7835,-0.0065185,0.00047122,-2,1,139
-3.3955,-0.9771,-0.0065185,0.00047122,-2,0,139
3.8945,0.24951,-0.0065185,0.00047122,-2,1,139
2.461,3.3244,-0.0065185,0.00047122,-2,0,139
-2.0836,-0.87195,4.9935,0.00047122,1,1,139
0.0044729,-3.618,-0.0065185,0.00047122,-2,1,139
-2.9955,-2.9821,-0.0065185,0.00047122,-2,0,139
2.0045,0.017889,-0.0065185,0.00047122,-2,1,139
1.0045,-1.5921,-0.0065185,0.00047122,-2,0,139
-3.1455,0.86789,-0.0065185,0.00047122,-2,0,139
-2.673,-2.1539,3.9935,0.00047122,1,0,139
-2.3814,-2.368,-0.0065185,0.00047122,-2,0,139
0.48247,-3.7595,-0.0065185,0.00047122,-2,1,139
-4.5518,-0.38841,-0.0065185,0.00047122,-2,0,139
2.6273,3.6267,-0.0065185,0.00047122,-2,1,139
-2.2249,-1.9871,2.9935,0.00047122,1,0,139
-1.723,2.8404,-0.0065185,0.00047122,-2,0,139
-0.76391,-1.4505,-0.0065185,0.00047122,-2,0,139
-1.1924,0.5332,-0.0065185,0.00047122,-2,0,139
4.8545,4.8679,-0.0065185,0.00047122,-2,1,139
-0.71803,0.63201,-0.0065185,0.00047122,-2,0,139
0.6186,0.75292,-4.0065,0.00047122,1,1,139
-0.47352,-1.4258,-0.0065185,0.00047122,-2,0,139
-3.8455,-0.38841,-0.0065185,0.00047122,-2,0,139
-2.718,-4.4386,-0.0065185,0.00047122,-2,0,139
-3.6097,-2.7637,-0.0065185,0.00047122,-2,0,139
-1.5175,-4.3069,-0.0065185,0.00047122,-2,0,139
1.5608,0.50929,-0.0065185,0.00047122,-2,1,139
1.3273,1.3407,-4.0065,0.00047122,1,1,139
-1.5505,-1.5371,-0.0065185,0.00047122,-2,0,139
1.4545,1.1279,-0.0065185,0.00047122,-2,1,139
-8.3955,-4.5384,-0.0065185,0.00047122,-2,0,139
5.8945,5.9079,-0.0065185,0.00047122,-2,1,139
5.011,-1.8687,4.9935,0.00047122,1,1,139
4.0925,6.3559,-0.0065185,0.00047122,-2,1,139
6.7793,1.4863,-0.0065185,0.00047122,-2,1,139
6.5131,6.5265,-0.0065185,0.00047122,-2,1,139
5.5368,4.9127,-2.0065,0.00047122,1,1,139
4.0944,4.1079,-0.0065185,0.00047122,-2,1,139
4.9309,4.9444,-0.0065185,0.00047122,-2,1,139
-4.783,-3.8793,-0.0065185,0.00047122,-2,0,139
2.6738,2.6873,-0.0065185,0.00047122,-2,0,139
3.7045,-0.94377,-0.0065185,0.00047122,-2,1,139
1.7045,3.1629,-0.0065185,0.00047122,-2,0,139
1.4495,-0.035758,3.9935,0.00047122,1,0,139
1.0045,3.4179,-0.0065185,0.00047122,-2,1,139
-0.14553,-0.13211,-0.0065185,0.00047122,-2,0,139
3.1545,3.1679,-0.0065185,0.00047122,-2,1,139
3.4045,2.7471,-0.0065185,0.00047122,-2,1,139
0.89447,2.9079,-0.0065185,0.00047122,-2,0,139
0.76097,1.5265,-3.0065,0.00047122,1,0,139
0.55947,2.0179,-0.0065185,0.00047122,-2,1,139
-1.2955,0.48964,-0.0065185,0.00047122,-2,0,139
0.45447,0.46789,-0.0065185,0.00047122,-2,0,139
-3.163,-3.7156,-0.0065185,0.00047122,-2,0,139
-2.6879,-2.6745,-5.0065,0.00047122,1,0,139
-2.5615,-1.6233,-0.0065185,0.00047122,-2,0,139
-0.32664,0.47291,-0.0065185,0.00047122,-2,0,139
2.873,-4.1842,-0.0065185,0.00047122,-2,1,139
1.4045,3.0241,-0.0065185,0.00047122,-2,1,139
3.8945,1.2079,-0.0065185,0.00047122,-2,1,139
3.461,3.4744,-0.0065185,0.00047122,-2,1,139
-7.0836,0.89827,-0.0065185,0.00047122,-2,1,139
6.0293,6.0427,2.9935,0.00047122,1,1,139
2.5131,2.0485,-0.0065185,0.00047122,-2,1,139
-1.7132,-1.6998,-0.0065185,0.00047122,-2,0,139
-2.5455,0.74039,-0.0065185,0.00047122,-2,0,139
2.172,0.61937,4.9935,0.00047122,1,1,139
-0.15315,-0.13974,-0.0065185,0.00047122,-2,1,139
1.4385,3.4616,-0.0065185,0.00047122,-2,1,139
2.5545,-3.0527,-0.0065185,0.00047122,-2,1,139
2.172,-3.7236,2.9935,0.00047122,1,1,139
4.8468,4.4103,-0.0065185,0.00047122,-2,1,139
3.5705,3.5839,-0.0065185,0.00047122,-2,1,139
2.3356,2.349,-0.0065185,0.00047122,-2,1,139
2.1359,2.1493,-0.0065185,0.00047122,-2,1,139
-0.033796,-0.02038,-0.0065185,0.00047122,-2,0,139
-3.8455,0.36463,-0.0065185,0.00047122,-2,0,139
-5.718,-5.7046,-0.0065185,0.00047122,-2,0,139
-4.8597,-2.7637,3.9935,0.00047122,1,0,139
1.4825,1.4959,-0.0065185,0.00047122,-2,1,139
4.7045,4.7179,-0.0065185,0.00047122,-2,1,139
-3.4405,-2.0177,-0.0065185,0.00047122,-2,0,139
4.2327,3.8059,-0.0065185,0.00047122,-2,1,139
3.5985,4.3427,-4.0065,0.00047122,1,1,139
1.8919,-1.8735,-0.0065185,0.00047122,-2,1,139
0.75877,2.1502,-0.0065185,0.00047122,-2,0,139
-3.9955,-3.2596,-0.0065185,0.00047122,-2,0,139
3.4045,-1.1412,4.9935,0.00047122,1,1,139
-2.9955,-2.9821,-0.0065185,0.00047122,-2,0,139
-4.9955,-3.1509,-0.0065185,0.00047122,-2,0,139
-3.9955,-4.2321,-0.0065185,0.00047122,-2,0,139
-1.9955,-3.0615,-0.0065185,0.00047122,-2,0,139
3.0045,1.4454,-0.0065185,0.00047122,-2,1,139
3.0045,2.7863,-0.0065185,0.00047122,-2,1,139
-2.5455,-2.1496,-3.0065,0.00047122,1,0,139
-3.9955,-3.8148,-0.0065185,0.00047122,-2,0,139
3.0045,2.0431,-0.0065185,0.00047122,-2,1,139
-3.9955,-2.4112,-0.0065185,0.00047122,-2,0,139
4.0045,3.3151,-0.0065185,0.00047122,-2,1,139
-3.9955,-3.3821,-0.0065185,0.00047122,-2,0,139
-1.9955,-3.3821,-0.0065185,0.00047122,-2,0,139
2.0045,1.9548,-0.0065185,0.00047122,-2,1,139
-0.99553,-1.3735,-0.0065185,0.00047122,-2,0,139
-2.9955,-2.9365,-0.0065185,0.00047122,-2,0,139
-2.5455,3.0179,-0.0065185,3.0005,-1,0,139
3.0045,0.59907,-0.0065185,0.00047122,-2,1,139
-0.99553,-2.5041,-0.0065185,0.00047122,-2,0,139
-0.99553,0.84409,-0.0065185,0.00047122,-2,0,139
2.8545,-0.70461,-0.0065185,0.00047122,-2,1,139
-2.418,-1.068,-5.0065,0.00047122,1,0,139
1.6186,1.632,-0.0065185,0.00047122,-2,1,139
2.4825,3.4616,-0.0065185,0.00047122,-2,0,139
-3.5518,2.7114,-0.0065185,0.00047122,-2,0,139
-2.3955,3.0051,-0.0065185,0.00047122,-2,0,139
-0.10553,2.0579,-0.0065185,0.00047122,-2,1,139
3.9495,3.9629,-3.0065,0.00047122,1,0,140
-0.88553,4.5679,-0.0065185,0.00047122,-2,1,140
-1.452,3.1854,-0.0065185,0.00047122,-2,1,140
-2.9075,2.025,-0.0065185,0.00047122,-2,0,140
-2.2207,-2.2073,-0.0065185,0.00047122,-2,0,140
0.51307,-2.086,-0.0065185,0.00047122,-2,0,140
-0.71322,-0.6998,-0.0065185,0.00047122,-2,0,140
-0.90556,-1.6663,-0.0065185,0.00047122,-2,0,140
2.078,2.5354,-0.0065185,0.00047122,-2,1,140
0.21698,1.7127,-0.0065185,0.00047122,-2,1,140
-2.6649,-1.3915,-0.0065185,0.00047122,-2,0,140
4.7045,1.1755,-0.0065185,0.00047122,-2,1,140
3.9995,1.9465,-2.0065,0.00047122,1,1,140
-1.2238,0.48964,-0.0065185,0.00047122,-2,0,140
1.0485,-1.1136,-0.0065185,0.00047122,-2,0,140
0.0044729,-0.86952,-0.0065185,0.00047122,-2,1,140
0.0044729,0.017889,-0.0065185,0.00047122,-2,0,140
-1.9955,-1.9821,-0.0065185,0.00047122,-2,0,140
-1.6955,0.017889,-5.0065,0.00047122,1,0,140
-1.9955,-4.2321,-0.0065185,0.00047122,-2,0,140
-3.9955,-3.9821,-0.0065185,0.00047122,-2,0,140
4.0045,1.4629,-0.0065185,0.00047122,-2,1,140
-3.9955,-3.9821,-0.0065185,0.00047122,-2,0,140
-3.3955,-2.8721,1.9935,0.00047122,1,0,140
-1.9955,-1.9821,-0.0065185,0.00047122,-2,0,140
4.0045,-1.4271,-0.0065185,0.00047122,-2,1,140
-4.9955,-3.3821,-0.0065185,0.00047122,-2,0,140
-2.9955,-4.2321,-0.0065185,0.00047122,-2,0,140
-1.9955,-2.5321,-0.0065185,0.00047122,-2,0,140
-0.99553,-0.98211,-0.0065185,0.00047122,-2,0,140
0.85447,1.4629,-4.0065,0.00047122,1,0,140
0.72697,1.2461,-0.0065185,0.00047122,-2,0,140
-1.6097,1.9079,-0.0065185,0.00047122,-2,0,140
-1.3675,-1.8321,-0.0065185,-0.99953,-1,0,140
-1.718,-1.7046,-0.0065185,0.00047122,-2,0,140
-2.6097,-2.5962,-0.0065185,0.00047122,-2,0,140
-3.5175,-2.9821,-0.0065185,0.00047122,-2,0,140
-2.9892,-3.4258,-0.0065185,-2.9995,-1,0,140
-4.3727,-4.3593,-0.0065185,0.00047122,-2,0,140
3.7251,0.67315,3.9935,0.00047122,1,1,140
-5.268,-3.3821,-0.0065185,0.00047122,-2,0,140
-3.2271,-3.2137,-0.0065185,0.00047122,-2,0,140
-3.1924,-3.5946,-0.0065185,0.00047122,-2,0,140
-2.7129,-2.5321,3.9935,0.00047122,1,1,140
1.837,7.4179,-0.0065185,0.00047122,-2,1,140
0.84685,-2.7512,-0.0065185,0.00047122,-2,0,140
-1.5615,3.3244,-0.0065185,0.00047122,-2,1,140
0.33559,-2.0701,-0.0065185,0.00047122,-2,0,140
0.13592,-2.7569,-0.0065185,0.00047122,-2,0,140
-0.10726,2.249,4.9935,0.00047122,1,1,140
-2.813,3.4504,-0.0065185,0.00047122,-2,0,140
2.3045,-0.59215,-0.0065185,0.00047122,-2,1,140
-5.3955,-3.9792,-0.0065185,0.00047122,-2,0,140
5.8945,2.5054,-0.0065185,0.00047122,-2,1,140
3.461,3.4744,-0.0065185,0.00047122,-2,1,140
4.0925,4.2734,-0.0065185,0.00047122,-2,0,140
3.4793,2.2015,-5.0065,0.00047122,1,0,140
-3.5505,-2.6661,-0.0065185,0.00047122,-2,0,140
0.23272,-3.0039,-0.0065185,0.00047122,-2,0,140
2.0485,0.29934,-0.0065185,0.00047122,-2,1,140
3.8545,1.7553,-0.0065185,0.00047122,-2,1,140
1.727,1.9538,-0.0065185,0.00047122,-2,1,140
1.6186,0.34588,-0.0065185,0.00047122,-2,1,140
-1.3675,-1.3541,2.9935,0.00047122,1,0,140
0.56077,0.57418,-0.0065185,0.00047122,-2,1,140
-0.14553,-0.13211,-0.0065185,0.00047122,-2,0,140
-1.1455,-0.97449,-0.0065185,0.00047122,-2,1,140
-0.27303,-1.9137,-0.0065185,0.00047122,-2,0,140
-2.1455,0.84876,-0.0065185,0.00047122,-2,1,140
1.832,1.3396,-5.0065,0.00047122,1,1,140
1.837,8.2679,-0.0065185,0.00047122,-2,1,140
-3.3955,-0.50412,-0.0065185,0.00047122,-2,0,140
-0.88553,-1.3061,-0.0065185,0.00047122,-2,0,140
-0.45203,-0.43861,-0.0065185,0.00047122,-2,1,140
-0.38355,1.1423,2.9935,0.00047122,1,1,140
2.5595,-3.7604,-0.0065185,0.00047122,-2,0,140
0.77622,0.97388,-0.0065185,0.00047122,-2,1,140
1.3045,0.12789,-0.0065185,0.00047122,-2,0,140
2.5595,-0.5397,-0.0065185,0.00047122,-2,0,140
2.7762,1.9299,-0.0065185,0.00047122,-2,1,140
2.3605,2.3739,-3.0065,0.00047122,1,0,140
-0.88294,-0.86952,-0.0065185,0.00047122,-2,1,140
-1.9955,-0.061586,-0.0065185,0.00047122,-2,0,140
-3.6955,-3.8245,-0.0065185,0.00047122,-2,0,140
5.4495,5.4629,-0.0065185,0.00047122,-2,1,140
-5.2238,-1.2104,-0.0065185,0.00047122,-2,0,140
-6.0395,-6.1136,-0.0065185,0.00047122,-2,0,140
-5.1329,-3.8338,3.9935,0.00047122,1,0,140
-3.7498,-3.7996,-0.0065185,0.00047122,-2,0,140
-1.6367,2.2667,-0.0065185,0.00047122,-2,0,140
0.45949,0.47291,-0.0065185,0.00047122,-2,1,140
-4.8455,-3.2596,-0.0065185,0.00047122,-2,0,140
4.127,0.31366,-2.0065,0.00047122,1,1,140
5.6186,4.4959,-0.0065185,0.00047122,-2,1,140
-5.5175,1.9066,-0.0065185,0.00047122,-2,0,140
4.4482,3.8907,-0.0065185,0.00047122,-2,1,140
-3.7727,-3.0615,-4.0065,0.00047122,1,0,140
-5.3161,-4.7096,-0.0065185,0.00047122,-2,0,140
-2.268,-1.7505,-0.0065185,0.00047122,-2,0,140
3.2361,2.2775,-0.0065185,0.00047122,-2,1,140
3.2013,3.2148,-0.0065185,0.00047122,-2,1,140
-3.1629,-2.0074,-0.0065185,0.00047122,-2,0,140
2.1467,2.1601,-0.0065185,0.00047122,-2,1,140
1.8254,2.3063,-4.0065,0.00047122,1,0,140
-2.5505,-7.3821,-0.0065185,0.00047122,-2,0,140
1.7762,2.9821,-0.0065185,0.00047122,-2,1,140
-1.9515,-1.201,-0.0065185,0.00047122,-2,0,140
-1.8829,4.6559,-0.0065185,0.00047122,-2,0,140
1.1545,4.1854,-0.0065185,0.00047122,-2,0,140
-0.97303,1.5579,-4.0065,0.00047122,1,0,140
0.44947,4.9839,-0.0065185,0.00047122,-2,0,140
-1.1455,1.4585,-0.0065185,0.00047122,-2,0,140
-1.2955,2.8493,-0.0065185,0.00047122,-2,1,140
1.5595,1.1229,-0.0065185,0.00047122,-2,0,140
-1.3173,-1.3039,4.9935,0.00047122,1,0,140
2.172,2.4937,-0.0065185,0.00047122,-2,0,140
4.0045,4.28,-0.0065185,0.00047122,-2,1,140
3.4045,3.4179,-0.0065185,0.00047122,-2,1,140
-2.8855,-2.8721,-0.0065185,0.00047122,-2,0,140
5.461,0.79936,-0.0065185,0.00047122,-2,1,140
5.0925,2.1059,-0.0065185,0.00047122,-2,1,140
4.7793,0.965,-0.0065185,0.00047122,-2,1,140
4.0631,4.0765,4.9935,0.00047122,1,0,140
0.17197,3.1098,-0.0065185,0.00047122,-2,0,140
1.1621,-1.8946,-0.0065185,0.00047122,-2,1,140
-1.4295,-0.96609,-0.0065185,0.00047122,-2,0,140
-1.2144,-1.201,-5.0065,0.00047122,1,0,140
0.87302,-0.20064,-0.0065185,0.00047122,-2,1,140
-2.0338,-2.6329,-0.0065185,0.00047122,-2,0,140
-3.1781,-2.3792,-0.0065185,0.00047122,-2,0,140
-2.7007,-1.4548,1.9935,0.00047122,1,1,140
-2.8855,2.876,-0.0065185,0.00047122,-2,1,140
-2.452,-1.5481,-3.0065,0.00047122,1,0,140
-3.9955,-1.3039,-0.0065185,0.00047122,-2,0,140
-4.9955,-4.9821,-0.0065185,0.00047122,-2,0,140
4.0045,4.7503,-0.0065185,0.00047122,-2,1,140
3.0045,4.5839,-0.0065185,0.00047122,-2,1,140
-1.9955,-4.2032,-0.0065185,0.00047122,-2,0,140
-1.6955,-1.6821,-5.0065,0.00047122,1,0,140
-2.9955,-5.1938,-0.0065185,0.00047122,-2,0,140
-2.9955,-2.5321,-0.0065185,0.00047122,-2,0,140
-3.9955,-3.9821,-0.0065185,0.00047122,-2,0,140
-1.9955,-2.1496,-0.0065185,0.00047122,-2,0,140
-1.6955,-1.6821,-5.0065,0.00047122,1,0,140
-2.9955,-4.6588,-0.0065185,0.00047122,-2,0,140
-1.9955,-1.9821,-0.0065185,0.00047122,-2,0,140
1.0045,2.4937,-0.0065185,0.00047122,-2,0,140
-0.84553,-1.8245,-2.0065,0.00047122,1,0,140
2.0045,-0.70461,-0.0065185,0.00047122,-2,1,140
-0.29553,-0.28211,-0.0065185,0.00047122,-2,1,140
1.5595,-0.19886,-0.0065185,0.00047122,-2,1,140
0.55447,-0.9381,-0.0065185,0.00047122,-2,0,140
-2.2955,-2.5268,-0.0065185,0.00047122,-2,0,140
-3.3955,-0.37949,-0.0065185,0.00047122,-2,0,140
-2.8855,-1.5481,3.9935,0.00047122,1,0,140
-3.452,-3.4386,-0.0065185,0.00047122,-2,0,140
2.0925,-0.78409,-0.0065185,0.00047122,-2,1,140
-0.77035,-1.7569,-0.0065185,0.00047122,-2,1,140
-1.8455,-1.8321,-0.0065185,0.00047122,-2,0,140
-2.718,-2.7046,-0.0065185,0.00047122,-2,0,140
-4.6097,-4.5962,-0.0065185,0.00047122,-2,0,140
-4.5175,-4.5041,-0.0065185,0.00047122,-2,0,140
0.44818,0.017889,-0.0065185,0.00047122,-2,1,140
0.62732,0.64074,-0.0065185,0.00047122,-2,1,140
-3.8455,-0.83211,-0.0065185,0.00047122,-2,1,140
-3.5455,-0.98211,-0.0065185,0.00047122,-2,0,140
1.8545,3.0354,-0.0065185,0.00047122,-2,1,140
1.282,-1.5546,-0.0065185,0.00047122,-2,1,140
1.0903,-0.86555,4.9935,0.00047122,1,1,140
0.92747,3.6538,4.9935,0.00047122,1,1,140
-2.7673,5.4961,-0.0065185,0.00047122,-2,1,140
1.9605,2.3739,-0.0065185,0.00047122,-2,1,140
-3.5455,-3.2493,-0.0065185,0.00047122,-2,0,140
-4.163,-4.4386,-0.0065185,0.00047122,-2,0,140
5.8468,2.8284,-0.0065185,0.00047122,-2,1,140
3.0485,0.54659,-0.0065185,0.00047122,-2,0,141
0.70447,2.6053,-0.0065185,0.00047122,-2,0,141
-1.5505,0.61289,-0.0065185,0.00047122,-2,0,141
-2.7673,-2.7539,-0.0065185,0.00047122,-2,0,141
3.9605,1.8082,-0.0065185,0.00047122,-2,1,141
-3.1081,-3.9115,-0.0065185,0.00047122,-2,0,141
-1.2412,-2.6278,-0.0065185,0.00047122,-2,0,141
-4.3544,-4.341,-0.0065185,0.00047122,-2,0,141
-3.4505,-3.4371,-0.0065185,0.00047122,-2,0,141
-1.5323,-1.043,-0.0065185,0.00047122,-2,0,141
-1.3018,2.1601,-0.0065185,2.0005,-1,0,141
-2.6608,-2.8612,-0.0065185,0.00047122,-2,0,141
2.27,1.1434,-4.0065,0.00047122,1,0,141
-3.163,2.4179,-0.0065185,0.00047122,-2,1,141
3.8468,2.9053,-0.0065185,0.00047122,-2,1,141
2.3045,4.1926,-0.0065185,0.00047122,-2,1,141
-2.3955,-1.9371,-0.0065185,0.00047122,-2,0,141
1.8945,0.79271,-0.0065185,0.00047122,-2,1,141
1.611,0.80399,3.9935,0.00047122,1,1,141
4.0925,3.3002,-0.0065185,0.00047122,-2,1,141
1.7793,1.7927,-0.0065185,0.00047122,-2,1,141
2.5131,2.5265,-0.0065185,0.00047122,-2,1,141
2.2868,2.8934,-0.0065185,0.00047122,-2,1,141
1.9444,1.5373,-4.0065,0.00047122,1,1,141
-0.92199,2.4914,-0.0065185,0.00047122,-2,0,141
1.792,1.5015,-0.0065185,0.00047122,-2,1,141
-1.6649,-1.6515,-0.0065185,0.00047122,-2,0,141
-3.4266,-3.6327,-0.0065185,0.00047122,-2,0,141
-7.3955,0.50151,-0.0065185,0.00047122,-2,0,141
-7.8855,-4.9821,-0.0065185,0.00047122,-2,0,141
-6.702,-2.8721,2.9935,0.00047122,1,0,141
6.0925,-0.44409,-0.0065185,0.00047122,-2,1,141
-3.7703,-3.3821,-0.0065185,0.00047122,-2,0,141
-6.5041,-1.6821,-0.0065185,0.00047122,-2,0,141
-5.5278,2.0179,-0.0065185,2.0005,-1,0,141
2.0944,2.1079,-0.0065185,0.00047122,-2,1,141
4.9309,4.9444,-0.0065185,0.00047122,-2,1,141
-1.783,-0.98211,-0.0065185,0.00047122,-2,0,141
2.6738,2.6873,-0.0065185,0.00047122,-2,1,141
-2.2645,-2.4368,1.9935,0.00047122,1,0,141
-0.51191,-1.1985,-0.0065185,0.00047122,-2,0,141
5.8545,5.8679,-0.0065185,0.00047122,-2,1,141
-3.718,-4.2104,-0.0065185,0.00047122,-2,0,141
3.1686,0.63201,-4.0065,0.00047122,1,1,141
1.5265,1.9053,-0.0065185,0.00047122,-2,1,141
0.44818,0.77219,-0.0065185,0.00047122,-2,1,141
-1.6184,-1.605,-0.0065185,0.00047122,-2,0,141
0.30447,-0.070136,-0.0065185,0.00047122,-2,0,141
-0.55053,1.3295,-0.0065185,0.00047122,-2,0,141
0.47622,0.48964,-4.0065,0.00047122,1,1,141
5.4495,-1.9371,-0.0065185,0.00047122,-2,1,141
2.2327,2.2461,-0.0065185,0.00047122,-2,1,141
-1.9515,-1.9381,-0.0065185,0.00047122,-2,1,141
-1.1081,2.6799,-0.0065185,0.00047122,-2,0,141
0.30447,2.8602,-0.0065185,0.00047122,-2,0,141
-2.5505,-0.23711,-0.0065185,0.00047122,-2,0,141
2.1762,2.9715,-2.0065,0.00047122,1,1,141
0.11447,0.48964,-0.0065185,0.00047122,-2,0,141
0.54797,1.9739,-0.0065185,0.00047122,-2,0,141
0.46645,-2.8695,-0.0065185,-1.9995,-1,1,141
-6.163,-5.8245,-0.0065185,0.00047122,-2,0,141
-5.2379,-2.5481,-0.0065185,-0.99953,-1,0,141
6.5705,3.7896,-0.0065185,0.00047122,-2,1,141
-5.5766,-0.023598,-4.0065,0.00047122,1,1,141
-6.608,-6.3821,-0.0065185,0.00047122,-2,0,141
2.5545,-0.73641,-0.0065185,0.00047122,-2,1,141
-2.163,1.3284,-3.0065,0.00047122,1,0,141
-0.8379,-4.3745,-0.0065185,0.00047122,-2,1,141
2.8545,-0.14961,-0.0065185,0.00047122,-2,1,141
2.427,1.1341,4.9935,0.00047122,1,1,141
1.6186,1.632,-0.0065185,0.00047122,-2,1,141
3.5265,3.5399,-0.0065185,0.00047122,-2,1,141
0.44818,0.46159,-0.0065185,0.00047122,-2,1,141
1.3816,1.6662,-0.0065185,0.00047122,-2,1,141
-1.1661,-0.01464,-3.0065,0.00047122,1,0,141
4.277,2.8404,-0.0065185,0.00047122,-2,1,141
2.2361,1.4273,-0.0065185,0.00047122,-2,1,141
3.8076,-2.3701,-0.0065185,0.00047122,-2,1,141
-6.3955,-6.3821,-0.0065185,0.00047122,-2,0,141
-6.8855,-6.8721,-0.0065185,0.00047122,-2,0,141
-5.852,-2.3177,-5.0065,0.00047122,1,0,141
6.0925,2.7593,-0.0065185,0.00047122,-2,1,141
4.7793,1.7356,-0.0065185,0.00047122,-2,1,141
-6.5041,-1.7821,-0.0065185,0.00047122,-2,0,141
-4.2778,-5.5144,-0.0065185,0.00047122,-2,0,141
-3.0855,-1.7446,-0.0065185,0.00047122,-2,0,141
-4.922,-3.3127,-0.0065185,0.00047122,-2,0,141
-4.183,-2.2146,-3.0065,0.00047122,1,0,141
-1.6649,-2.0485,-0.0065185,0.00047122,-2,0,141
1.5734,0.45681,-0.0065185,0.00047122,-2,1,141
2.5209,-0.48269,-0.0065185,0.00047122,-2,1,141
4.5545,2.1568,-0.0065185,0.00047122,-2,1,141
3.872,1.1038,-4.0065,0.00047122,1,1,141
4.8468,2.4959,-0.0065185,0.00047122,-2,1,141
2.5705,-1.3061,-0.0065185,0.00047122,-2,1,141
3.3356,3.349,-0.0065185,0.00047122,-2,1,141
2.8359,0.41981,-4.0065,0.00047122,1,1,141
4.9662,3.7454,-0.0065185,0.00047122,-2,1,141
4.8219,-2.0546,-0.0065185,0.00047122,-2,1,141
2.6993,1.821,-0.0065185,0.00047122,-2,1,141
3.5951,2.7405,-0.0065185,0.00047122,-2,1,141
3.5065,2.8756,-0.0065185,0.00047122,-2,1,141
2.4312,2.0645,-0.0065185,0.00047122,-2,1,141
-2.0582,-2.0448,3.9935,0.00047122,1,0,141
3.3128,-3.0738,-0.0065185,0.00047122,-2,1,141
-2.8076,-2.7942,1.9935,0.00047122,1,0,141
-3.2183,-3.2049,-0.0065185,0.00047122,-2,0,141
3.1938,2.9642,-0.0065185,0.00047122,-2,1,141
-1.8346,-2.0277,-0.0065185,0.00047122,-2,0,141
-1.5587,-0.88933,-3.0065,0.00047122,1,0,141
3.4495,3.4629,-0.0065185,0.00047122,-2,1,141
-2.2238,-1.7364,-0.0065185,0.00047122,-2,0,141
-1.0395,-2.4656,-0.0065185,0.00047122,-2,0,141
-3.8829,-0.52709,-0.0065185,0.00047122,-2,0,141
-3.2998,-3.2864,2.9935,0.00047122,1,0,141
4.6456,-1.891,-0.0065185,0.00047122,-2,1,141
-3.9405,2.6832,-0.0065185,3.0005,-1,0,141
-5.4588,-3.3353,-0.0065185,0.00047122,-2,0,141
-4.3893,-4.4739,-0.0065185,0.00047122,-2,0,141
4.3392,4.3526,-0.0065185,0.00047122,-2,1,141
-5.28,-3.1566,-0.0065185,0.00047122,-2,0,141
-5.2373,-5.1306,-0.0065185,0.00047122,-2,0,141
-4.4511,-3.7208,3.9935,0.00047122,1,0,141
3.1792,3.1926,-0.0065185,0.00047122,-2,1,141
-2.144,-2.0733,-0.0065185,0.00047122,-2,0,141
0.1307,0.14412,-0.0065185,0.00047122,-2,0,141
-0.10282,2.04,-3.0065,0.00047122,1,0,141
-2.0867,-4.5321,-0.0065185,0.00047122,-2,0,141
-5.073,-5.0297,-0.0065185,0.00047122,-2,0,141
-5.0614,-6.8245,-0.0065185,0.00047122,-2,0,141
-4.3015,-0.016507,3.9935,0.00047122,1,0,141
-1.0431,3.3887,-0.0065185,0.00047122,-2,0,141
-0.035993,-0.0069621,-0.0065185,0.00047122,-2,0,141
-0.029923,-0.0032345,-0.0065185,0.00047122,-2,0,141
-0.024763,-0.61419,-2.0065,0.00047122,1,0,141
0.97962,-2.377,-0.0065185,0.00047122,-2,1,141
-2.1455,-1.4401,-0.0065185,0.00047122,-2,1,141
2.282,1.8454,-0.0065185,0.00047122,-2,1,141
-1.9314,-3.5761,3.9935,0.00047122,1,0,141
-1.163,1.2504,-0.0065185,0.00047122,-2,0,141
0.1621,0.17551,-0.0065185,0.00047122,-2,0,141
-0.56155,-0.54813,-0.0065185,0.00047122,-2,1,141
0.15447,0.29934,-0.0065185,0.00047122,-2,1,141
-0.12303,-0.31011,1.9935,0.00047122,1,0,141
-0.71803,-0.79958,-0.0065185,0.00047122,-2,0,141
-0.60965,-0.59624,-0.0065185,0.00047122,-2,0,141
-4.5175,0.72413,-0.0065185,0.00047122,-2,0,141
-3.8392,-3.8258,3.9935,0.00047122,1,0,141
3.3816,-2.9554,-0.0065185,0.00047122,-2,1,141
2.3251,2.3806,-0.0065185,0.00047122,-2,1,141
4.277,4.3262,-0.0065185,0.00047122,-2,1,141
-5.2271,-2.0865,-0.0065185,0.00047122,-2,0,141
-3.1924,-3.2049,-0.0065185,0.00047122,-2,0,141
2.1718,3.8197,-0.0065185,0.00047122,-2,0,141
-1.8378,-1.8244,-4.0065,0.00047122,1,0,141
0.12538,6.0279,-0.0065185,0.00047122,-2,1,141
-3.0983,-2.8721,-0.0065185,0.00047122,-2,0,141
-5.0829,-2.6195,-0.0065185,0.00047122,-2,0,141
4.0787,6.1059,-0.0065185,0.00047122,-2,0,141
-3.3955,-3.5946,-0.0065185,0.00047122,-2,0,141
2.0045,2.9079,-0.0065185,0.00047122,-2,1,141
-3.9955,-4.0277,-0.0065185,0.00047122,-2,0,141
-2.9955,-1.4271,-0.0065185,0.00047122,-2,0,141
-1.9955,-1.9821,-0.0065185,0.00047122,-2,0,141
-1.9955,-2.1776,-0.0065185,0.00047122,-2,0,141
1.7045,0.017889,-0.0065185,0.00047122,-1,1,141
3.0045,2.9977,-0.0065185,0.00047122,-2,1,141
0.55447,-1.2104,-0.0065185,0.00047122,-2,1,141
0.17197,-2.7261,-0.0065185,0.00047122,-2,1,141
-0.1379,-0.12449,-5.0065,0.00047122,1,1,141
-1.4405,3.5136,-0.0065185,0.00047122,-2,0,141
-0.22378,3.6304,-0.0065185,0.00047122,-2,0,141
-0.95151,-0.9381,-0.0065185,0.00047122,-2,1,141
3.1171,-0.14702,-0.0065185,0.00047122,-2,1,141
-1.3955,-1.3821,-0.0065185,0.00047122,-2,0,141
-1.9955,0.39504,-0.0065185,0.00047122,-2,0,142
-3.9955,-4.5041,-0.0065185,0.00047122,-2,1,142
4.0045,4.0179,-0.0065185,0.00047122,-2,1,142
-5.3955,-0.75386,-0.0065185,0.00047122,-2,0,142
3.8945,3.9079,-0.0065185,0.00047122,-2,1,142
3.461,3.4744,-0.0065185,0.00047122,-2,1,142
-4.0836,-1.2278,-0.0065185,0.00047122,-2,0,142
3.4793,-1.2073,-0.0065185,-2.9995,-1,1,142
-2.9491,-1.6581,2.9935,0.00047122,1,0,142
4.2868,-1.2498,-0.0065185,0.00047122,-2,1,142
-4.0855,-3.6221,-0.0065185,0.00047122,-2,0,142
3.9309,3.4944,-0.0065185,0.00047122,-2,1,142
-3.333,-2.2476,-5.0065,0.00047122,1,0,142
3.6738,4.9373,-0.0065185,0.00047122,-2,1,142
-3.5645,-2.7766,-0.0065185,0.00047122,-2,0,142
-3.4791,-2.8074,-0.0065185,0.00047122,-2,0,142
-0.40661,-2.2356,-0.0065185,0.00047122,-2,1,142
4.0045,0.14412,-0.0065185,0.00047122,-2,1,142
-3.3955,-3.3821,3.9935,0.00047122,1,0,142
-2.9955,-2.9821,-0.0065185,0.00047122,-2,0,142
3.0045,-2.8721,-0.0065185,0.00047122,-2,1,142
-3.9955,-2.5321,-0.0065185,0.00047122,-2,0,142
4.0045,3.323,-0.0065185,0.00047122,-2,1,142
3.4045,2.3173,4.9935,0.00047122,1,1,142
5.0045,4.5159,-0.0065185,0.00047122,-2,1,142
-3.9955,-3.5946,-0.0065185,0.00047122,-2,0,142
3.0045,3.4179,-0.0065185,0.00047122,-2,1,142
4.0045,3.7096,-0.0065185,0.00047122,-2,1,142
5.0045,4.7558,-0.0065185,0.00047122,-2,1,142
4.0045,3.7951,-0.0065185,0.00047122,-2,1,142
-3.3955,-1.5481,-5.0065,0.00047122,1,0,142
2.0045,4.2679,-0.0065185,0.00047122,-2,0,142
-1.2955,0.63039,-0.0065185,0.00047122,-2,1,142
-0.54553,-0.53211,-0.0065185,0.00047122,-2,0,142
-3.2955,1.6191,-0.0065185,0.00047122,-2,1,142
-5.2455,-5.2321,-0.0065185,0.00047122,-2,0,142
-1.8455,-0.90352,-0.0065185,0.00047122,-2,0,142
-2.718,-1.2278,-0.0065185,0.00047122,-2,0,142
-0.60965,0.65904,-0.0065185,0.00047122,-2,0,142
-0.51753,-1.1182,3.9935,0.00047122,1,0,142
0.56077,2.9742,-0.0065185,0.00047122,-2,1,142
2.8545,2.8679,-0.0065185,0.00047122,-2,1,142
1.727,1.7404,-0.0065185,0.00047122,-2,1,142
-1.4597,-0.88072,2.9935,0.00047122,1,0,142
-1.4735,-0.20729,-0.0065185,0.00047122,-2,0,142
-2.6955,-1.7059,-0.0065185,0.00047122,-2,0,142
-3.4405,-2.6745,-0.0065185,0.00047122,-2,0,142
-3.2238,-3.5481,-0.0065185,0.00047122,-2,0,142
-0.03954,-0.31323,-0.0065185,0.00047122,-2,1,142
-0.032938,-0.019522,4.9935,0.00047122,1,1,142
-0.27303,4.9904,-0.0065185,0.00047122,-2,1,142
1.3903,1.7553,-0.0065185,0.00047122,-2,0,142
0.52648,-1.1601,-0.0065185,0.00047122,-2,0,142
3.0045,1.5729,-0.0065185,0.00047122,-2,0,142
1.0045,1.0179,-0.0065185,0.00047122,-2,1,142
1.8545,-1.4894,-0.0065185,0.00047122,-2,1,142
1.577,1.5904,4.9935,0.00047122,1,1,142
0.6186,0.63201,-0.0065185,0.00047122,-2,1,142
0.52648,3.3459,-0.0065185,0.00047122,-2,1,142
-0.55182,-1.2239,-0.0065185,0.00047122,-2,0,142
3.1545,-0.45496,-0.0065185,0.00047122,-2,0,142
3.282,2.6954,-0.0065185,0.00047122,-2,1,142
0.40447,0.41789,-0.0065185,0.00047122,-2,1,142
-0.33553,-2.4386,1.9935,0.00047122,1,0,142
-1.452,-1.0701,-0.0065185,0.00047122,-2,1,142
-3.1455,-3.1321,-0.0065185,0.00047122,-2,1,142
2.282,1.7896,-0.0065185,0.00047122,-2,0,142
2.3903,0.48247,-0.0065185,0.00047122,-2,0,142
0.48247,1.6805,-0.0065185,0.00047122,-2,1,142
-0.40182,-1.7059,3.9935,0.00047122,1,0,142
0.72697,-1.5397,-0.0065185,0.00047122,-2,0,142
-2.9955,0.63201,-0.0065185,0.00047122,-2,1,142
-1.4455,-1.4321,-0.0065185,0.00047122,-2,0,142
1.837,4.4616,-0.0065185,0.00047122,-2,1,142
1.5621,-3.5993,4.9935,0.00047122,1,0,142
3.8945,-1.1701,-0.0065185,0.00047122,-2,1,142
-3.8455,-4.4446,-0.0065185,0.00047122,-2,1,142
0.45447,-0.052736,-0.0065185,0.00047122,-2,0,142
0.45447,3.2148,-0.0065185,0.00047122,-2,0,142
2.4545,-0.36461,-0.0065185,0.00047122,-2,0,142
-2.078,-2.6661,3.9935,0.00047122,1,0,142
-3.1532,-1.5821,-0.0065185,0.00047122,-2,1,142
-0.24553,-3.1007,-0.0065185,0.00047122,-2,1,142
-0.60803,1.8864,-0.0065185,0.00047122,-2,1,142
-2.0662,0.056157,-0.0065185,0.00047122,-2,1,142
-1.7556,-0.13564,2.9935,0.00047122,1,1,142
3.223,1.7127,-0.0065185,0.00047122,-2,1,142
-2.7313,-2.7179,-5.0065,0.00047122,1,1,142
2.6074,5.2679,-0.0065185,0.00047122,-2,1,142
2.8545,2.8679,-0.0065185,0.00047122,-2,1,142
0.28197,-1.8627,-0.0065185,0.00047122,-2,1,142
0.85447,1.9993,-0.0065185,0.00047122,-2,1,142
0.72697,-0.81883,-3.0065,0.00047122,1,0,142
1.0045,-0.59624,-0.0065185,0.00047122,-2,1,142
-1.9955,-0.83211,-0.0065185,0.00047122,-2,0,142
-1.9955,-3.5245,-0.0065185,0.00047122,-2,0,142
-1.6955,-1.6821,-4.0065,0.00047122,1,0,142
-2.9955,-4.3132,-0.0065185,0.00047122,-2,0,142
1.0045,2.9079,-0.0065185,0.00047122,-2,1,142
0.0044729,-0.83211,-0.0065185,0.00047122,-2,1,142
-1.9955,-1.9821,-0.0065185,0.00047122,-2,0,142
0.0044729,-0.59624,-0.0065185,0.00047122,-2,1,142
0.0044729,1.0179,-0.0065185,1.0005,-1,1,142
0.0044729,-0.92785,1.9935,0.00047122,1,1,142
2.0045,-1.0818,-0.0065185,0.00047122,-2,1,142
0.0044729,3.1629,-0.0065185,0.00047122,-2,1,142
1.0045,-0.2546,-0.0065185,0.00047122,-2,1,142
0.0044729,-1.0261,-0.0065185,0.00047122,-2,1,142
2.0045,-0.17899,-0.0065185,0.00047122,-2,0,142
-1.6955,-1.6821,-3.0065,0.00047122,1,0,142
3.4495,1.9849,-0.0065185,0.00047122,-2,1,142
1.2327,3.8854,-0.0065185,0.00047122,-2,1,142
0.96046,0.97388,-0.0065185,0.00047122,-2,0,142
2.1171,2.1305,-0.0065185,0.00047122,-2,0,142
-1.7912,1.349,-4.0065,0.00047122,1,0,142
0.83697,0.65904,-0.0065185,0.00047122,-2,0,142
1.1621,3.0179,-0.0065185,0.00047122,-2,0,142
1.4385,2.1854,-0.0065185,0.00047122,-2,1,142
1.4545,-0.44409,-0.0065185,0.00047122,-2,0,142
2.172,1.5839,-0.0065185,0.00047122,-2,0,142
3.0045,-1.0297,-0.0065185,0.00047122,-2,1,142
-2.5455,-1.5481,-0.0065185,0.00047122,-2,0,142
2.172,2.1854,-4.0065,0.00047122,1,1,142
-4.8379,2.2864,-0.0065185,0.00047122,-2,0,142
5.5705,4.1339,-0.0065185,0.00047122,-2,1,142
-4.3266,-4.1996,-0.0065185,0.00047122,-2,0,142
3.6859,3.6993,-4.0065,0.00047122,1,1,142
4.9662,4.6085,-0.0065185,0.00047122,-2,1,142
4.8219,4.5199,-0.0065185,0.00047122,-2,1,142
4.0993,-1.7438,1.9935,0.00047122,1,1,142
3.4851,2.3085,2.9935,0.00047122,1,1,142
5.5065,5.3262,-0.0065185,0.00047122,-2,1,142
2.4312,2.28,-0.0065185,0.00047122,-2,1,142
1.6418,-2.0472,-0.0065185,0.00047122,-2,1,142
2.3045,-1.3738,-0.0065185,0.00047122,-2,0,142
-1.5505,-4.7132,-0.0065185,0.00047122,-2,0,142
1.5545,1.6796,-0.0065185,0.00047122,-2,1,142
1.172,1.1854,-0.0065185,0.00047122,-2,1,142
-0.9879,-1.3476,-5.0065,0.00047122,1,1,142
-0.71803,0.96978,-0.0065185,0.00047122,-2,1,142
3.0045,3.0179,-0.0065185,0.00047122,-2,0,142
-0.99553,-0.98211,-0.0065185,0.00047122,-2,1,142
2.8545,1.8296,-0.0065185,0.00047122,-2,1,142
2.427,3.0539,3.9935,0.00047122,1,1,142
5.4495,5.4629,-0.0065185,0.00047122,-2,1,142
1.2327,3.4985,-0.0065185,0.00047122,-2,0,142
-1.9955,-3.4826,-0.0065185,0.00047122,-2,0,142
1.7045,1.7179,4.9935,0.00047122,1,1,142
-0.44053,-4.9864,-0.0065185,0.00047122,-2,0,142
0.23272,-0.19096,-0.0065185,0.00047122,-2,0,142
0.15447,0.29539,-0.0065185,0.00047122,-2,1,142
1.1545,-0.10961,-0.0065185,0.00047122,-2,0,142
-2.273,-0.95961,-0.0065185,0.00047122,-2,1,142
2.3903,1.9538,-0.0065185,0.00047122,-2,1,142
-2.0235,-1.9871,3.9935,0.00047122,1,1,142
-0.55182,-1.3613,-0.0065185,0.00047122,-2,0,142
-0.84553,-0.83211,-0.0065185,0.00047122,-2,0,142
0.28197,-0.31323,-0.0065185,0.00047122,-2,1,142
3.1545,1.9299,-0.0065185,0.00047122,-2,1,142
-0.39553,-2.6596,-0.0065185,0.00047122,-2,1,142
0.55447,-1.368,-0.0065185,0.00047122,-2,0,142
2.3045,1.8082,-0.0065185,0.00047122,-2,0,142
1.5595,3.0973,-0.0065185,0.00047122,-2,0,142
0.77622,2.2954,-0.0065185,0.00047122,-2,1,142
2.3045,-1.1056,-0.0065185,0.00047122,-2,0,142
-1.5505,-1.9371,-0.0065185,0.00047122,-2,0,142
-4.5455,-4.5321,-0.0065185,0.00047122,-2,0,142
6.172,0.85427,-0.0065185,0.00047122,-2,1,142
-3.8379,-4.0701,-0.0065185,0.00047122,-2,0,142
-3.2615,-4.4381,-4.0065,0.00047122,1,0,142
-0.32664,-0.49071,-0.0065185,0.00047122,-2,0,142
-0.12698,-0.26442,-0.0065185,0.00047122,-2,1,142
3.8545,0.56139,-0.0065185,0.00047122,-2,1,142
0.72697,-0.077083,-0.0065185,0.00047122,-2,0,142
-1.9955,2.4876,-0.0065185,0.00047122,-2,0,142
1.4156,1.429,-0.0065185,0.00047122,-2,1,143
4.3539,4.3673,-0.0065185,0.00047122,-2,1,143
-0.29253,-0.72282,-0.0065185,0.00047122,-2,0,143
0.75202,-0.05963,-0.0065185,0.00047122,-2,0,143
3.2191,3.2325,-0.0065185,0.00047122,-2,1,143
3.1869,3.2003,-0.0065185,0.00047122,-2,1,143
-4.1506,0.58441,-0.0065185,0.00047122,-2,0,143
-4.1273,-4.1139,-0.0065185,0.00047122,-2,0,143
-5.1075,-2.9065,-0.0065185,0.00047122,-2,0,143
-4.0907,-4.3273,-0.0065185,0.00047122,-2,0,143
-3.0765,-3.063,-0.0065185,0.00047122,-2,0,143
-5.0643,-5.0509,-0.0065185,0.00047122,-2,0,143
-4.304,-2.4566,-4.0065,0.00047122,1,0,143
5.0542,5.0676,-0.0065185,0.00047122,-2,1,143
4.0467,4.0601,-0.0065185,0.00047122,-2,1,143
-1.0314,-2.4745,-0.0065185,0.00047122,-2,0,143
-0.965,0.89841,-0.0065185,0.00047122,-2,1,143
0.97853,0.84194,-0.0065185,0.00047122,-2,0,143
0.83242,0.86112,-3.0065,0.00047122,1,0,143
2.9857,-2.5379,-0.0065185,0.00047122,-2,0,143
0.98854,2.563,-0.0065185,0.00047122,-2,0,143
-0.0090703,0.85435,-0.0065185,0.00047122,-2,0,143
-0.0070388,0.014354,-0.0065185,0.00047122,-2,0,143
0.014258,0.027674,-3.0065,0.00047122,1,1,143
0.99616,2.5596,-0.0065185,0.00047122,-2,0,143
-0.0025967,0.010819,-0.0065185,0.00047122,-2,0,143
2.9985,0.73854,-0.0065185,0.00047122,-2,1,143
0.55447,2.5628,-0.0065185,0.00047122,-2,0,143
2.7045,-0.49978,-0.0065185,0.00047122,-2,1,143
0.55947,0.57289,-0.0065185,0.00047122,-2,0,143
0.47622,-0.70775,-5.0065,0.00047122,1,0,143
2.9605,4.0152,-0.0065185,0.00047122,-2,0,143
3.1171,-4.482,-0.0065185,0.00047122,-2,0,143
0.75877,0.019815,-0.0065185,0.00047122,-2,1,143
-0.63668,2.9063,-0.0065185,0.00047122,-2,0,143
1.5495,0.019281,-0.0065185,0.00047122,-2,1,143
-0.45876,-1.2953,-0.0065185,0.00047122,-2,0,143
0.39822,0.018894,-1.0065,0.00047122,1,1,143
-0.66084,-0.98126,-0.0065185,0.00047122,-2,1,143
0.56999,0.45591,3.9935,0.00047122,1,0,143
0.76266,3.1761,-0.0065185,0.00047122,-2,0,143
-0.78999,-0.98159,-0.0065185,0.00047122,-2,1,143
-0.17024,-0.15682,-0.0065185,0.00047122,-2,0,143
-0.14403,0.63163,3.9935,0.00047122,1,0,143
-0.12175,-0.10834,-0.0065185,0.00047122,-2,1,143
-1.9955,0.90789,-0.0065185,0.00047122,-2,1,143
-2.9955,0.017656,-0.0065185,0.00047122,-2,0,143
-3.5455,-0.44409,-0.0065185,0.00047122,-2,0,143
6.172,4.0181,-0.0065185,0.00047122,-2,1,143
-5.2379,-2.547,2.9935,0.00047122,1,0,143
-5.5615,-5.5481,-0.0065185,0.00047122,-2,0,143
-4.3266,-4.3132,-0.0065185,0.00047122,-2,0,143
-2.127,0.72882,-0.0065185,0.00047122,-2,0,143
-1.9573,-1.9438,-0.0065185,0.00047122,-2,0,143
-0.813,-0.70467,-0.0065185,0.00047122,-2,0,143
-1.3007,0.017943,-0.0065185,0.00047122,-2,1,143
1.1138,1.7178,1.9935,0.00047122,1,0,143
-0.4935,-1.6821,-0.0065185,0.00047122,-2,1,143
1.5777,0.86786,-0.0065185,0.00047122,-2,0,143
-1.6328,-1.6821,-0.0065185,0.00047122,-2,1,143
-0.30384,-0.29042,-0.0065185,0.00047122,-2,0,143
0.74241,0.75583,-0.0065185,0.00047122,-2,0,143
-2.7728,-2.9821,-0.0065185,0.00047122,-2,1,143
2.3651,0.87256,3.9935,0.00047122,1,0,143
0.84353,3.2569,-0.0065185,0.00047122,-2,0,143
-0.85873,-0.9821,-0.0065185,0.00047122,-2,1,143
-1.1118,-1.0984,-0.0065185,0.00047122,-2,0,143
2.9056,2.9191,-0.0065185,0.00047122,-2,0,143
2.9205,0.45588,-0.0065185,0.00047122,-2,0,143
-2.4741,-2.5321,4.9935,0.00047122,1,1,143
3.9438,-4.2928,-0.0065185,0.00047122,-2,0,143
0.95288,1.0179,-0.0065185,0.00047122,-2,0,143
2.9606,3.0179,-0.0065185,0.00047122,-2,0,143
-2.9583,-2.4386,-0.0065185,0.00047122,-2,1,143
2.5228,2.5362,-5.0065,0.00047122,1,0,143
2.9775,3.0179,-0.0065185,0.00047122,-2,0,143
-2.9726,3.6304,-0.0065185,0.00047122,-2,1,143
1.985,2.5679,-0.0065185,0.00047122,-2,0,143
-1.979,-1.6821,-0.0065185,0.00047122,-2,1,143
1.9904,1.7179,-0.0065185,0.00047122,-2,0,143
1.6925,1.7059,-3.0065,0.00047122,1,0,143
0.99432,-2.5423,-0.0065185,0.00047122,-2,0,143
0.99584,1.0179,-0.0065185,0.00047122,-2,0,143
1.0118,-0.70461,-0.0065185,0.00047122,-2,1,143
2.0107,2.0179,-0.0065185,0.00047122,-2,1,143
-3.0008,-2.9874,-0.0065185,0.00047122,-2,0,143
-4,-0.60074,-0.0065185,0.00047122,-2,0,143
3.4083,3.4179,-4.0065,0.00047122,1,1,143
4.0077,4.0179,-0.0065185,0.00047122,-2,1,143
-3.3983,0.015121,-0.0065185,0.00047122,-1,0,143
-3.9979,2.4744,-0.0065185,0.00047122,-2,0,143
-4.9975,-4.9821,-0.0065185,0.00047122,-2,0,143
-4.2472,-2.8738,1.9935,0.00047122,1,0,143
-4.997,-4.9836,-0.0065185,0.00047122,-2,0,143
-2.9968,1.4617,-0.0065185,0.00047122,-2,0,143
-0.99657,-2.5332,-0.0065185,0.00047122,-2,0,143
-1.9964,-1.983,-0.0065185,0.00047122,-2,0,143
3.0052,3.0179,-0.0065185,0.00047122,-2,1,143
-0.99617,-0.59688,-0.0065185,0.00047122,-2,0,143
-0.99607,-0.98211,-0.0065185,0.00047122,-2,0,143
3.004,3.0179,-0.0065185,0.00047122,-2,0,143
2.0041,2.0175,-0.0065185,0.00047122,-2,0,143
-1.6952,0.5399,4.9935,0.00047122,1,1,143
3.0042,-4.2324,-0.0065185,0.00047122,-2,0,143
-3.9953,-2.5321,-0.0065185,0.00047122,-2,1,143
2.0043,3.4179,-0.0065185,0.00047122,-2,0,143
0.0046476,-1.6821,-0.0065185,0.00047122,-2,1,143
-4.9957,0.017889,-0.0065185,0.00047122,-2,0,143
-4.2457,-4.2322,-5.0065,0.00047122,1,0,143
-1.9956,-1.9822,-0.0065185,0.00047122,-2,0,143
2.0046,2.0179,-0.0065185,0.00047122,-2,0,143
3.3045,-3.0528,-0.0065185,0.00047122,-2,0,143
-0.24553,-2.7871,-0.0065185,0.00047122,-2,1,143
0.21697,-3.3822,-5.0065,0.00047122,1,0,143
1.9338,1.1973,-0.0065185,0.00047122,-2,1,143
-1.3855,-4.2322,-0.0065185,0.00047122,-2,0,143
0.78595,1.1994,-0.0065185,0.00047122,-2,1,143
-1.8813,-1.8679,-0.0065185,0.00047122,-2,1,143
1.6074,0.017864,-0.0065185,0.00047122,-2,0,143
2.3669,-1.8245,-0.0065185,0.00047122,-2,0,143
-3.1536,-1.9902,-0.0065185,0.00047122,-2,1,143
2.6888,2.7023,-3.0065,0.00047122,1,0,143
-2.8322,1.7312,-0.0065185,0.00047122,-2,0,143
3.7045,-2.1496,-0.0065185,0.00047122,-2,0,143
-2.6955,-2.6821,-0.0065185,0.00047122,-2,1,143
2.2995,1.2461,2.9935,0.00047122,1,0,143
4.2327,4.2461,-0.0065185,0.00047122,-2,1,143
1.5545,2.1854,-0.0065185,0.00047122,-2,1,143
-1.163,-0.97449,-0.0065185,0.00047122,-2,1,143
0.99685,1.1378,3.9935,0.00047122,1,0,143
-3.718,-3.7046,-0.0065185,0.00047122,-2,0,143
-3.1597,2.4038,-0.0065185,3.0005,-1,0,143
-2.5175,-2.4258,-0.0065185,0.00047122,-2,0,143
5.4482,-1.693,-0.0065185,0.00047122,-2,1,143
5.3816,5.3385,-0.0065185,0.00047122,-2,1,143
-2.3161,-3.8671,-0.0065185,0.00047122,-2,0,143
-3.268,-3.2546,-0.0065185,0.00047122,-2,0,143
-2.7771,-1.6587,-5.0065,0.00047122,1,0,143
-0.1924,-4.429,-0.0065185,0.00047122,-2,0,143
0.83713,-0.14945,-0.0065185,0.00047122,-2,0,143
1.8622,1.8756,-0.0065185,0.00047122,-2,0,143
-2.8746,-2.8793,-0.0065185,0.00047122,-2,1,143
2.4517,0.52924,-5.0065,0.00047122,1,0,143
0.91712,-4.3195,-0.0065185,0.00047122,-2,0,143
0.078724,0.081002,-0.0065185,0.00047122,-2,1,143
3.0676,3.0715,-0.0065185,0.00047122,-2,1,143
-2.5992,0.57837,3.9935,0.00047122,1,0,143
4.0501,-3.3434,-0.0065185,0.00047122,-2,1,143
-4.0343,-3.4209,-0.0065185,0.00047122,-2,0,143
-4.0285,-4.0101,-0.0065185,0.00047122,-2,0,143
-3.0235,-2.9001,-0.0065185,0.00047122,-2,0,143
-2.5693,-2.5559,-3.0065,0.00047122,1,0,143
-4.0158,-2.5523,-0.0065185,0.00047122,-2,0,143
-3.4127,-3.3967,-4.0065,0.00047122,1,0,143
-2.0101,-1.9945,-0.0065185,0.00047122,-2,0,143
-4.008,-2.8845,-0.0065185,0.00047122,-2,0,143
-2.0061,-3.3911,-0.0065185,0.00047122,-2,0,143
-2.0045,-1.9897,-0.0065185,0.00047122,-2,0,143
2.0121,1.4694,-0.0065185,0.00047122,-2,1,143
-4.002,-1.6886,-0.0065185,0.00047122,-2,0,143
-4.001,-3.3876,-0.0065185,0.00047122,-2,0,143
3.4092,4.0219,-0.0065185,4.0005,-1,1,143
-4.9995,-2.8761,-0.0065185,0.00047122,-2,0,143
-3.9989,-3.985,-0.0065185,0.00047122,-2,0,143
3.0074,3.6328,-0.0065185,0.00047122,-2,1,143
-3.998,-3.9846,-0.0065185,0.00047122,-2,0,143
-3.9976,-2.1517,-0.0065185,0.00047122,-2,0,143
-3.9973,-3.9836,-0.0065185,0.00047122,-2,0,143
-3.397,-2.8736,-5.0065,0.00047122,1,0,143
-4.9968,-4.2332,-0.0065185,0.00047122,-2,0,143
-3.9966,-3.983,-0.0065185,0.00047122,-2,0,143
-1.9964,-1.9829,-0.0065185,0.00047122,-2,0,143
3.0053,3.0892,-0.0065185,0.00047122,-2,1,143
2.0051,2.0185,-0.0065185,0.00047122,-2,1,143
3.7045,1.2742,-0.0065185,0.00047122,-2,1,145
5.4495,5.0619,-0.0065185,0.00047122,-2,0,145
-1.3955,0.57289,-0.0065185,0.00047122,-2,0,145
-0.69553,3.9519,-0.0065185,0.00047122,-2,0,145
3.8545,3.8679,-0.0065185,0.00047122,-2,0,145
-0.27303,1.1059,-0.0065185,0.00047122,-2,1,145
2.1545,-0.21799,-0.0065185,0.00047122,-2,1,145
1.282,1.2954,-0.0065185,0.00047122,-2,1,145
2.3903,1.4311,-0.0065185,0.00047122,-2,0,145
6.5545,1.3383,-0.0065185,0.00047122,-2,0,145
5.172,4.9839,-0.0065185,0.00047122,-2,1,145
6.5545,6.9079,-0.0065185,0.00047122,-2,1,145
5.572,3.7514,4.9935,0.00047122,1,1,145
-2.8379,-3.0701,-0.0065185,0.00047122,-2,1,145
-3.8455,-3.8321,-0.0065185,0.00047122,-2,0,145
-3.268,-6.5321,-0.0065185,-3.9995,-1,0,145
-2.163,-2.1496,-0.0065185,0.00047122,-2,1,145
1.0045,1.0179,-0.0065185,0.00047122,-2,1,145
-0.84553,2.7211,-5.0065,0.00047122,1,1,145
3.282,0.71274,-0.0065185,0.00047122,-2,0,145
-0.59553,-0.58211,-0.0065185,0.00047122,-2,1,145
-0.59553,3.0885,-0.0065185,0.00047122,-2,1,145
2.4045,2.4179,-0.0065185,0.00047122,-2,1,145
2.0445,-2.4386,4.9935,0.00047122,1,1,145
-3.273,-3.2596,-0.0065185,0.00047122,-2,1,145
-3.3955,-3.3821,-0.0065185,0.00047122,-2,0,145
-3.9955,-3.9821,-0.0065185,0.00047122,-2,1,145
5.4045,1.3456,-0.0065185,0.00047122,-2,0,145
-5.8855,-4.5721,-0.0065185,0.00047122,-2,1,145
5.461,4.9036,-0.0065185,0.00047122,-2,0,145
4.6425,4.2734,-5.0065,0.00047122,1,1,145
2.172,-2.8697,-0.0065185,0.00047122,-2,1,145
-1.1532,-1.4161,-0.0065185,0.00047122,-2,0,145
-1.4455,3.0885,-0.0065185,0.00047122,-2,0,145
0.40447,-4.7596,-0.0065185,0.00047122,-2,1,145
0.89447,0.35789,-0.0065185,0.00047122,-2,0,145
0.30447,-0.14961,-0.0065185,0.00047122,-2,0,145
1.5595,-3.03,-0.0065185,0.00047122,-2,0,145
-1.3173,3.5839,-0.0065185,2.0005,-1,1,145
1.128,0.85427,-5.0065,0.00047122,1,0,145
2.1171,-5.1195,-0.0065185,0.00047122,-2,1,145
0.45447,4.5921,-0.0065185,0.00047122,-2,0,145
1.172,1.1854,-0.0065185,0.00047122,-2,0,145
0.99685,-4.7596,-5.0065,0.00047122,1,0,145
1.282,-4.9546,-0.0065185,0.00047122,-2,0,145
-0.60965,-1.5481,-0.0065185,0.00047122,-2,1,145
-3.9955,-3.9821,-0.0065185,0.00047122,-2,0,145
-0.39553,-2.1539,-0.0065185,0.00047122,-2,0,145
-0.10553,-2.605,-0.0065185,0.00047122,-2,0,145
0.097973,0.11139,4.9935,0.00047122,1,1,145
0.17197,0.18539,-0.0065185,0.00047122,-2,1,145
-2.1532,-2.1397,-0.0065185,0.00047122,-2,0,145
2.4045,-4.0527,-0.0065185,0.00047122,-2,0,145
3.1545,3.1679,-0.0065185,0.00047122,-2,1,145
-3.3955,-2.4204,-0.0065185,0.00047122,-2,0,145
2.8945,2.9079,2.9935,0.00047122,1,1,145
-0.53903,-0.52561,-0.0065185,0.00047122,-2,0,145
-1.4455,-3.6582,-0.0065185,0.00047122,-2,0,145
-3.3955,0.90308,-0.0065185,0.00047122,-2,0,145
5.8945,5.9079,-0.0065185,0.00047122,-2,1,145
6.461,6.4744,-0.0065185,0.00047122,-2,1,145
-5.0836,-2.0701,-0.0065185,0.00047122,-2,1,145
-4.3203,-0.65148,4.9935,0.00047122,1,1,145
-1.163,4.2679,-0.0065185,0.00047122,-2,0,145
-3.1455,-0.97449,-0.0065185,0.00047122,-2,0,145
3.282,0.94726,-0.0065185,0.00047122,-2,1,145
-2.3814,-2.368,-0.0065185,0.00047122,-2,0,145
-0.47352,-0.22008,-0.0065185,0.00047122,-2,1,145
-0.40182,-0.38841,4.9935,0.00047122,1,1,145
-1.273,-3.5096,-0.0065185,0.00047122,-2,0,145
-3.3814,-3.368,-0.0065185,0.00047122,-2,0,145
3.4825,0.94088,-0.0065185,0.00047122,-2,1,145
3.5608,2.9279,-0.0065185,0.00047122,-2,1,145
3.0273,1.9814,-3.0065,0.00047122,1,0,145
3.8945,-2.8527,-0.0065185,0.00047122,-2,1,145
3.8545,3.8679,-0.0065185,0.00047122,-2,0,145
6.5545,2.3363,-0.0065185,0.00047122,-2,1,145
-2.3955,-1.2938,-0.0065185,0.00047122,-2,1,145
1.1545,1.1679,-0.0065185,0.00047122,-2,0,145
0.98197,1.7519,-4.0065,0.00047122,1,1,145
2.5595,2.4914,-0.0065185,0.00047122,-2,1,145
-2.3955,-2.3821,-0.0065185,0.00047122,-2,0,145
-0.88553,-1.3635,-0.0065185,0.00047122,-2,0,145
-0.45203,2.5869,-0.0065185,0.00047122,-2,1,145
-1.6955,-1.4271,-0.0065185,0.00047122,-2,0,145
-0.44053,-0.21036,-0.0065185,0.00047122,-2,1,145
0.38272,-0.26246,-5.0065,0.00047122,1,1,145
-0.95151,-6.2321,-0.0065185,0.00047122,-2,0,145
-3.6955,-0.7947,-0.0065185,0.00047122,-2,0,145
2.4495,2.2399,-0.0065185,0.00047122,-2,1,145
-3.2238,-1.2758,-0.0065185,0.00047122,-2,0,145
-2.7395,-2.7261,3.9935,0.00047122,1,1,145
3.4495,1.7835,-0.0065185,0.00047122,-2,0,145
4.2327,4.2461,-0.0065185,0.00047122,-2,1,145
-6.5455,1.0294,-0.0065185,0.00047122,-2,0,145
5.572,5.5854,-4.0065,0.00047122,1,1,145
3.8468,3.8603,-0.0065185,0.00047122,-2,1,145
-4.5615,1.3419,-0.0065185,0.00047122,-2,0,145
-5.3266,-3.2864,-0.0065185,0.00047122,-2,0,145
-3.127,-2.6233,-0.0065185,0.00047122,-2,0,145
-3.9573,-3.4171,-0.0065185,0.00047122,-2,0,145
-3.813,-2.9953,-0.0065185,0.00047122,-2,0,145
-3.2404,-3.227,-4.0065,0.00047122,1,0,145
2.5951,4.0085,-0.0065185,0.00047122,-2,1,145
0.50244,0.73341,-0.0065185,0.00047122,-2,1,145
0.42775,-1.8538,-0.0065185,0.00047122,1,1,145
3.727,-1.2104,-0.0065185,0.00047122,-2,1,145
-4.6097,-3.1462,-0.0065185,0.00047122,-2,0,145
3.9265,3.9399,-2.0065,0.00047122,1,1,145
4.4482,3.2636,-0.0065185,0.00047122,-2,1,145
3.3816,-2.0683,-0.0065185,0.00047122,-2,1,145
2.3251,1.4729,-0.0065185,0.00047122,-2,1,145
2.277,2.4579,-0.0065185,0.00047122,-2,1,145
-1.9271,-1.9137,-4.0065,0.00047122,1,0,145
0.20135,-0.3168,-0.0065185,0.00047122,-2,0,145
-3.9955,-1.0921,-0.0065185,0.00047122,-2,0,145
-3.9955,-1.5256,-0.0065185,0.00047122,-2,0,145
-3.3955,4.0179,-0.0065185,4.0005,-1,0,145
-3.9955,-2.2073,-0.0065185,0.00047122,-2,0,145
5.0045,-0.069465,-0.0065185,0.00047122,-2,1,145
-2.9955,-1.6998,-0.0065185,0.00047122,-2,0,145
-2.5455,-3.5946,-4.0065,0.00047122,1,0,145
-4.9955,-4.9821,-0.0065185,0.00047122,-2,0,145
-0.99553,2.9079,-0.0065185,0.00047122,-2,0,145
1.8545,-1.7692,-0.0065185,0.00047122,-2,1,145
1.577,1.5904,4.9935,0.00047122,1,1,145
-2.3814,2.4931,-0.0065185,0.00047122,-2,0,145
-5.5455,-2.0101,-0.0065185,0.00047122,-2,0,145
4.172,4.7354,-0.0065185,0.00047122,-2,1,145
-3.5379,-3.5245,-5.0065,0.00047122,1,1,145
-2.4405,-2.4271,-0.0065185,0.00047122,-2,0,145
-2.8455,-1.7089,-0.0065185,0.00047122,-2,0,145
1.282,3.6208,-0.0065185,0.00047122,-2,1,145
3.7045,3.7179,-0.0065185,0.00047122,-2,1,145
-2.4405,-0.90511,-0.0065185,0.00047122,-2,0,145
-1.2238,-1.2104,-0.0065185,0.00047122,-2,1,145
3.0045,3.7404,-0.0065185,0.00047122,-2,1,145
-2.5455,-2.5321,-3.0065,0.00047122,1,0,145
-1.828,1.9267,-0.0065185,0.00047122,-2,0,145
0.60447,0.61789,-0.0065185,0.00047122,-2,0,145
-0.10553,1.3419,-0.0065185,0.00047122,-2,0,145
4.5545,4.1339,-0.0065185,0.00047122,-2,1,145
-3.863,-2.8136,3.9935,0.00047122,1,0,145
0.84685,-1.5397,-0.0065185,0.00047122,-2,1,145
2.5705,1.8354,-0.0065185,0.00047122,-2,1,145
3.3356,0.6265,-0.0065185,0.00047122,-2,1,145
2.8359,2.3085,-4.0065,0.00047122,1,0,145
2.4495,2.4629,-0.0065185,0.00047122,-2,1,145
-3.1455,-3.1646,-0.0065185,0.00047122,-2,0,145
-5.3955,-2.6596,-0.0065185,0.00047122,-2,0,145
3.8945,3.1059,-0.0065185,0.00047122,-2,1,145
-4.452,-4.4386,-0.0065185,0.00047122,-2,0,145
-7.0836,-2.719,-0.0065185,0.00047122,-2,0,145
6.0293,5.5502,-3.0065,0.00047122,1,1,145
-1.5041,-1.4907,-0.0065185,0.00047122,-2,0,145
-1.2778,-1.2644,-0.0065185,0.00047122,-2,0,145
-1.0855,1.0728,-0.0065185,0.00047122,-2,0,145
2.9309,0.68726,-0.0065185,0.00047122,-2,1,145
-1.783,-2.2511,-0.0065185,0.00047122,-2,0,145
2.6738,1.3515,-0.0065185,0.00047122,-2,1,145
-2.5645,-2.5511,-0.0065185,0.00047122,-2,0,145
5.4881,5.3673,-0.0065185,0.00047122,-2,1,145
3.4156,3.3149,-0.0065185,0.00047122,-2,1,145
-4.3449,-1.3755,-0.0065185,0.00047122,-2,0,145
-1.2925,-1.2791,-0.0065185,0.00047122,-2,0,145
4.2569,3.0903,-0.0065185,0.00047122,-2,1,145
-5.2101,-5.1967,-0.0065185,0.00047122,-2,0,145
-1.1779,-1.1645,-0.0065185,0.00047122,-2,0,145
-1.0006,-2.5506,-5.0065,0.00047122,1,0,145
-3.1273,-3.0773,-0.0065185,0.00047122,-2,0,145
-3.1075,-3.0941,-0.0065185,0.00047122,-2,0,145
1.0997,3.1573,-0.0065185,0.00047122,-2,1,145
0.085404,0.076361,-0.0065185,0.00047122,-2,1,145
-1.0643,-1.0509,-0.0065185,0.00047122,-2,0,145
-0.53903,-3.4195,-0.0065185,0.00047122,-2,0,146
-1.5455,-1.5321,-0.0065185,0.00047122,-2,1,146
4.8545,-0.049665,-0.0065185,0.00047122,-2,1,146
2.727,2.7404,-0.0065185,0.00047122,-2,1,146
2.6186,3.3002,-0.0065185,0.00047122,-2,1,146
-0.47352,0.10785,-0.0065185,0.00047122,-2,0,146
-1.8455,-0.38841,-0.0065185,0.00047122,-2,0,146
-1.718,0.79271,-0.0065185,0.00047122,-2,0,146
-1.4597,-0.59624,-0.0065185,0.00047122,-1,1,146
-1.718,-0.98211,-0.0065185,0.00047122,-2,0,146
-2.1455,-0.55007,-0.0065185,0.00047122,-2,0,146
-4.5455,-1.5384,-0.0065185,0.00047122,-2,0,146
3.872,-0.97339,-4.0065,0.00047122,1,0,146
2.4495,-1.5397,-0.0065185,0.00047122,-2,1,146
-1.8455,-1.8321,-0.0065185,0.00047122,-2,0,146
3.727,4.349,-0.0065185,0.00047122,-2,1,146
1.6186,0.82876,-0.0065185,0.00047122,-2,1,146
1.5265,1.8296,-0.0065185,0.00047122,-2,0,146
-1.2892,-1.1483,2.9935,0.00047122,1,0,146
0.38162,1.1175,-0.0065185,0.00047122,-2,0,146
-2.9955,-1.5355,-0.0065185,0.00047122,-2,0,146
-2.9955,-2.0101,-0.0065185,0.00047122,-2,0,146
-3.9955,-2.0884,-0.0065185,0.00047122,-2,0,146
3.4045,3.4179,3.9935,0.00047122,1,1,146
4.0045,4.0179,-0.0065185,0.00047122,-2,1,146
2.0045,2.0179,-0.0065185,0.00047122,-2,1,146
1.0045,1.0179,-0.0065185,0.00047122,-2,1,146
2.0045,2.0179,-0.0065185,0.00047122,-2,1,146
-0.99553,-1.7569,-0.0065185,0.00047122,-2,0,146
1.0045,1.1601,-0.0065185,0.00047122,-2,1,146
-0.84553,0.74039,-4.0065,0.00047122,1,0,146
-2.273,-2.2596,-0.0065185,0.00047122,-2,0,146
-2.5455,2.9079,-0.0065185,0.00047122,-2,0,146
-1.163,2.0307,-0.0065185,0.00047122,-2,1,146
-2.1455,-0.97449,-0.0065185,0.00047122,-2,1,146
2.282,3.3385,-0.0065185,0.00047122,-2,1,146
4.5545,4.5679,-0.0065185,0.00047122,-2,1,146
2.172,2.1854,-0.0065185,0.00047122,-2,1,146
-1.8379,-1.1044,-5.0065,0.00047122,1,0,146
-1.5615,-5.5632,-0.0065185,0.00047122,-2,0,146
1.6734,-1.3132,-0.0065185,0.00047122,-2,1,146
-0.54553,-0.53211,-0.0065185,0.00047122,-2,1,146
0.47197,-0.79958,-5.0065,0.00047122,1,1,146
0.84685,-1.4271,-0.0065185,0.00047122,-2,0,146
1.8545,4.8586,-0.0065185,0.00047122,-2,1,146
1.282,-1.5546,-0.0065185,0.00047122,-2,1,146
2.7045,-1.592,-0.0065185,0.00047122,-2,1,146
6.4495,2.3129,-0.0065185,0.00047122,-2,1,146
-5.4738,-5.4604,-5.0065,0.00047122,1,0,146
5.0485,3.5742,-0.0065185,0.00047122,-2,1,146
3.8919,2.6407,-0.0065185,0.00047122,-2,1,146
5.7588,4.6973,-0.0065185,0.00047122,-2,1,146
3.6456,2.3554,-0.0065185,0.00047122,-2,1,146
-4.5405,-3.0771,-0.0065185,0.00047122,-2,0,146
1.4677,3.8811,-0.0065185,0.00047122,-2,1,146
1.2482,0.70055,4.9935,0.00047122,1,1,146
-3.3302,-3.3168,-0.0065185,0.00047122,-2,0,146
-5.28,-5.2666,-0.0065185,0.00047122,-2,0,146
3.2463,3.3303,-0.0065185,0.00047122,-2,1,146
4.21,2.4805,-0.0065185,0.00047122,-2,1,146
-5.1702,-5.1568,-0.0065185,0.00047122,-2,0,146
3.153,2.9548,-0.0065185,0.00047122,-2,1,146
2.6807,2.4207,-2.0065,0.00047122,1,0,146
2.172,2.2132,-0.0065185,0.00047122,-2,0,146
0.84685,-1.4271,-0.0065185,0.00047122,-2,0,146
0.43845,2.0961,-0.0065185,0.00047122,-2,1,146
-2.6644,-0.3998,-0.0065185,0.00047122,-2,0,146
-2.8641,-2.8921,-0.0065185,0.00047122,-2,0,146
2.4427,3.6622,2.9935,0.00047122,1,1,146
2.187,3.659,-0.0065185,0.00047122,-2,1,146
-1.3007,-2.6946,-0.0065185,0.00047122,-2,0,146
2.5951,-1.1131,-0.0065185,0.00047122,-2,1,146
6.7045,6.7179,-0.0065185,0.00047122,-2,1,146
-5.6905,1.5808,-5.0065,0.00047122,1,0,146
4.2327,5.4961,-0.0065185,0.00047122,-2,1,146
4.0485,2.1305,-0.0065185,0.00047122,-2,1,146
4.8919,4.9053,-0.0065185,0.00047122,-2,1,146
4.7588,4.7722,-0.0065185,0.00047122,-2,1,146
3.6456,3.659,-0.0065185,0.00047122,-2,1,146
-3.0905,-0.84999,3.9935,0.00047122,1,0,146
2.4677,-2.9189,-0.0065185,0.00047122,-2,1,146
2.0982,-0.58836,-0.0065185,-0.99953,-1,1,146
3.3392,1.7976,-0.0065185,0.00047122,-2,1,146
1.289,2.3261,-0.0065185,0.00047122,-2,1,146
-1.2373,-0.62657,-0.0065185,0.00047122,-2,0,146
-0.20107,0.1926,-0.0065185,0.00047122,-2,1,146
0.17918,0.9151,3.9935,0.00047122,1,0,146
2.0045,-3.3821,-0.0065185,0.00047122,-2,1,146
0.0044729,-1.1601,-0.0065185,0.00047122,-2,1,146
4.0045,4.0179,-0.0065185,0.00047122,-2,1,146
5.0045,5.0179,-0.0065185,0.00047122,-2,1,146
4.2545,-1.0261,-4.0065,0.00047122,1,0,146
2.617,-0.98211,-0.0065185,0.00047122,-2,0,146
0.075098,-2.9821,-0.0065185,0.00047122,-2,0,146
-1.3855,-3.9821,-0.0065185,0.00047122,-2,0,146
-1.177,-2.0701,2.9935,0.00047122,1,0,146
-2.1098,-5.7569,-0.0065185,0.00047122,-2,0,146
-0.39264,0.67679,-0.0065185,0.00047122,-2,0,146
-0.63307,-2.9644,-0.0065185,0.00047122,-2,0,146
-2.8374,-5.0721,-0.0065185,0.00047122,-2,0,146
-1.0112,-1.4271,-0.0065185,0.00047122,-2,0,146
1.1678,1.7179,-0.0065185,0.00047122,-2,1,146
-0.98432,-1.6821,-5.0065,0.00047122,1,0,146
-1.391,-2.5511,-0.0065185,0.00047122,-2,0,146
-3.4817,-4.0782,-0.0065185,0.00047122,-2,0,146
2.5677,3.0179,-0.0065185,0.00047122,-2,1,146
-2.6243,-3.2215,-0.0065185,0.00047122,-2,0,146
-0.31109,2.5679,-0.0065185,0.00047122,-2,0,146
0.2727,-2.4021,4.9935,0.00047122,1,1,146
0.0044729,0.017889,-0.0065185,0.00047122,-2,0,146
2.0045,5.6304,-0.0065185,0.00047122,-2,1,146
-1.2955,1.7179,-0.0065185,0.00047122,-2,0,146
-0.54553,-1.1136,-0.0065185,0.00047122,-2,0,146
-0.46303,-0.44961,-3.0065,0.00047122,1,0,146
-0.15315,4.4103,-0.0065185,0.00047122,-2,0,146
-0.29553,1.7179,-0.0065185,0.00047122,-2,1,146
-0.44053,3.5603,-0.0065185,0.00047122,-2,0,146
-1.7673,-1.7539,-0.0065185,0.00047122,-2,0,146
4.5545,3.899,-0.0065185,0.00047122,-2,1,146
4.172,4.1854,-0.0065185,0.00047122,-2,1,146
-5.8379,-3.2695,-0.0065185,0.00047122,-2,0,146
4.9705,4.9839,4.9935,0.00047122,1,1,146
3.3356,3.349,-0.0065185,0.00047122,-2,1,146
-4.127,-4.7261,-0.0065185,0.00047122,-2,0,146
4.9662,3.5296,-0.0065185,0.00047122,-2,1,146
-4.213,-4.1996,1.9935,0.00047122,1,1,146
0.11447,-3.069,-0.0065185,0.00047122,-2,1,146
1.461,-3.9771,-0.0065185,0.00047122,-2,0,146
0.092498,-3.2104,-0.0065185,0.00047122,-2,0,146
-0.070348,-1.0344,2.9935,0.00047122,1,1,146
1.5131,-3.4195,-0.0065185,0.00047122,-2,0,146
-2.2778,-2.2644,-0.0065185,0.00047122,-2,0,146
1.9444,0.22673,-3.0065,0.00047122,1,1,146
-4.718,1.8454,-0.0065185,0.00047122,-2,0,146
-3.6097,-3.5962,-0.0065185,0.00047122,-2,0,146
-1.5175,-2.8721,-0.0065185,0.00047122,-2,1,146
-2.8455,-4.4386,-0.0065185,0.00047122,-2,0,146
-2.418,-1.0818,-5.0065,0.00047122,1,0,146
3.4495,4.5885,-0.0065185,0.00047122,-2,1,146
-3.2238,-2.9104,-0.0065185,0.00047122,-2,0,146
2.0485,1.9495,-0.0065185,0.00047122,-2,1,146
1.1171,-1.7195,-0.0065185,0.00047122,-2,1,146
-0.94123,-1.5148,3.9935,0.00047122,1,0,146
0.44947,-1.5962,-0.0065185,0.00047122,-2,1,146
0.23272,-1.5041,-0.0065185,0.00047122,-2,0,146
-4.8455,-1.3946,-0.0065185,0.00047122,-2,0,146
-4.118,-4.1046,3.9935,0.00047122,1,0,146
4.6186,-2.768,-0.0065185,0.00047122,-2,1,146
4.5265,4.5399,-0.0065185,0.00047122,-2,1,146
4.4482,4.4616,-0.0065185,0.00047122,-2,1,146
4.3816,4.395,-0.0065185,0.00047122,-2,1,146
-4.3161,-2.3907,-0.0065185,0.00047122,-2,0,146
-4.268,-4.2546,-0.0065185,0.00047122,-2,0,146
-3.6271,-3.5415,-5.0065,0.00047122,1,0,146
-5.1924,-5.5511,-0.0065185,0.00047122,-2,0,146
5.1718,5.1852,-0.0065185,0.00047122,-2,1,146
-2.1378,-3.195,-0.0065185,0.00047122,-2,0,146
-2.1164,-2.3315,-0.0065185,0.00047122,-2,0,146
-3.0983,-1.7241,-0.0065185,0.00047122,-2,0,146
-4.0829,-2.6195,-0.0065185,0.00047122,-2,0,146
-5.0698,-3.5967,-0.0065185,0.00047122,-2,0,146
5.0676,5.081,-0.0065185,0.00047122,-2,1,146
-1.0492,-3.6483,-0.0065185,0.00047122,-2,0,146
0.95887,-0.96389,-0.0065185,0.00047122,-2,1,146
-3.1455,-4.7046,-0.0065185,0.00047122,-2,0,146
2.682,-1.9492,-0.0065185,-1.9995,-1,1,146
6.8945,4.0459,-0.0065185,0.00047122,-2,1,146
-7.452,0.51609,-0.0065185,0.00047122,-2,0,146
6.3425,4.2881,-4.0065,0.00047122,1,0,146
-6.608,-5.3694,-0.0065185,0.00047122,-2,1,146
7.0751,5.6385,-0.0065185,0.00047122,-2,1,146
6.4045,5.1854,-0.0065185,0.00047122,-2,1,146
-6.8855,-6.8721,-0.0065185,0.00047122,-2,0,146
-5.452,-0.66379,-0.0065185,0.00047122,-2,0,146
-3.6184,-3.2704,-0.0065185,0.00047122,-2,0,147
-3.0749,-0.16464,-0.0065185,-0.99953,-1,0,147
2.277,2.7127,-0.0065185,0.00047122,-2,1,147
1.3045,-1.9137,-0.0065185,0.00047122,-2,1,147
4.5545,1.909,-0.0065185,0.00047122,-2,1,147
4.172,4.1854,-0.0065185,0.00047122,-2,1,147
-5.8379,-3.2695,-0.0065185,0.00047122,-2,0,147
4.5705,3.297,-0.0065185,0.00047122,-2,1,147
1.3356,1.349,-0.0065185,0.00047122,-2,0,147
0.0044729,-0.069465,-0.0065185,0.00047122,-2,0,147
3.0045,-1.8245,-0.0065185,0.00047122,-2,1,147
1.0045,-0.54813,-0.0065185,0.00047122,-2,0,147
-0.84553,-0.83211,4.9935,0.00047122,1,1,147
-1.273,-3.5096,-0.0065185,0.00047122,-2,0,147
1.3903,0.15187,-0.0065185,0.00047122,-2,1,147
-0.47352,-1.1601,-0.0065185,0.00047122,-2,0,147
0.44818,0.46159,-0.0065185,0.00047122,-2,1,147
5.0045,5.0179,-0.0065185,0.00047122,-2,1,147
-4.2455,-0.79958,-5.0065,0.00047122,1,1,147
4.617,5.2679,-0.0065185,0.00047122,-2,1,147
-5.8455,-1.4227,-0.0065185,0.00047122,-2,0,147
-2.718,-1.605,-0.0065185,0.00047122,-2,0,147
-1.6097,-3.274,-0.0065185,0.00047122,-2,0,147
-1.3675,-1.3541,-5.0065,0.00047122,1,0,147
-3.4392,-2.7505,-0.0065185,0.00047122,-2,0,147
-2.3727,-2.3593,-0.0065185,0.00047122,-2,0,147
5.3251,3.4091,-0.0065185,0.00047122,-2,0,147
0.75447,-2.4499,-0.0065185,0.00047122,-2,1,147
-0.60803,0.79936,-0.0065185,0.00047122,-2,1,147
-1.9249,-1.7089,-0.0065185,0.00047122,-2,0,147
1.6444,1.6579,4.9935,0.00047122,1,1,147
-2.777,-2.8697,-0.0065185,0.00047122,-2,0,147
3.1187,3.1321,-0.0065185,0.00047122,-2,1,147
0.60736,0.0022608,-0.0065185,0.00047122,-2,1,147
-1.1455,1.7261,-0.0065185,0.00047122,-2,0,147
-0.97303,3.6279,-0.0065185,1.0005,-1,0,147
1.6186,1.632,-0.0065185,0.00047122,-2,1,147
-0.14553,-0.13211,-0.0065185,0.00047122,-2,1,147
-0.27303,-0.25961,-0.0065185,0.00047122,-2,0,147
-0.2314,0.49293,3.9935,0.00047122,1,0,147
-3.273,-3.2596,-0.0065185,0.00047122,-2,0,147
4.4045,4.4023,-0.0065185,0.00047122,-2,1,147
-4.8855,-3.7221,-0.0065185,0.00047122,-2,0,147
4.161,3.8059,-4.0065,0.00047122,1,1,147
7.0925,-1.6073,-0.0065185,0.00047122,-2,1,147
5.7793,6.0427,-0.0065185,0.00047122,-2,1,147
-6.5041,-4.8907,-0.0065185,0.00047122,-2,0,147
-5.2778,-5.2644,-0.0065185,0.00047122,-2,0,147
5.0944,4.9444,-0.0065185,0.00047122,-2,1,147
4.3309,3.876,-4.0065,0.00047122,1,1,147
3.792,3.6873,-0.0065185,0.00047122,-2,1,147
-0.6649,2.2385,-0.0065185,0.00047122,-2,1,147
-2.9955,-2.9821,-0.0065185,0.00047122,-2,0,147
-3.9955,-3.9821,-0.0065185,0.00047122,-2,0,147
-4.9955,-4.9821,-0.0065185,0.00047122,-2,0,147
-3.9955,-3.9821,-0.0065185,0.00047122,-2,0,147
-3.3955,0.27034,3.9935,0.00047122,1,0,147
-3.9955,3.4179,-0.0065185,0.00047122,-2,0,147
-4.9955,-3.3821,-0.0065185,0.00047122,-2,0,147
4.0045,5.0554,-0.0065185,0.00047122,-2,1,147
4.0045,4.6873,-0.0065185,0.00047122,-2,1,147
-4.9955,-4.9821,-0.0065185,0.00047122,-2,0,147
-3.9955,-3.9821,-0.0065185,0.00047122,-2,0,147
-3.3955,-2.4812,3.9935,0.00047122,1,0,147
-0.99553,-3.0327,-0.0065185,0.00047122,-2,0,147
0.85447,0.86789,-0.0065185,0.00047122,-2,1,147
-0.27303,0.74039,-0.0065185,0.00047122,-2,1,147
2.3903,-1.2201,-0.0065185,0.00047122,-2,1,147
-1.5455,-2.0101,-0.0065185,0.00047122,-2,1,147
1.322,-0.21799,-5.0065,0.00047122,1,0,147
-1.718,-1.7046,-0.0065185,0.00047122,-2,0,147
0.39035,0.40376,-0.0065185,0.00047122,-2,0,147
-0.47352,3.361,-0.0065185,0.00047122,-2,1,147
1.5608,0.42418,-0.0065185,0.00047122,-2,1,147
-1.3184,-0.50774,3.9935,0.00047122,1,0,147
-2.4405,1.9729,-0.0065185,0.00047122,-2,0,147
-5.2238,-2.0604,-0.0065185,0.00047122,-2,0,147
-4.0395,-4.0261,-0.0065185,0.00047122,-2,0,147
4.8919,3.285,-0.0065185,0.00047122,-2,0,147
-5.3955,-5.3821,-0.0065185,0.00047122,-2,1,147
-4.5855,-3.5133,-3.0065,0.00047122,1,1,147
-4.452,-4.4386,-0.0065185,0.00047122,-2,0,147
-3.6955,-3.1907,-0.0065185,0.00047122,-2,0,147
-4.4405,-3.5245,-0.0065185,0.00047122,-2,0,147
3.2327,4.1339,-0.0065185,0.00047122,-2,1,147
-5.0395,-2.7261,-0.0065185,0.00047122,-2,0,147
-3.8829,-3.8695,-0.0065185,0.00047122,-2,0,147
3.3088,3.8696,-4.0065,0.00047122,1,1,147
-4.6367,-4.6233,-0.0065185,0.00047122,-2,0,147
1.5495,1.7127,-0.0065185,0.00047122,-2,1,147
-1.5323,-1.3915,-0.0065185,0.00047122,-2,0,147
-3.6955,-3.6821,-0.0065185,0.00047122,-2,0,147
3.1495,1.458,-3.0065,0.00047122,1,1,147
-5.2238,1.3396,-0.0065185,0.00047122,-2,0,147
3.0485,4.4619,-0.0065185,0.00047122,-2,1,147
-0.88294,-2.5695,-0.0065185,0.00047122,-2,0,147
0.75877,0.77219,-4.0065,0.00047122,1,1,147
4.6456,4.659,-0.0065185,0.00047122,-2,1,147
3.5495,3.5629,-0.0065185,0.00047122,-2,1,147
3.4677,3.5869,-0.0065185,0.00047122,-2,1,147
3.3982,3.4116,-0.0065185,0.00047122,-2,1,147
-2.3302,1.458,-0.0065185,0.00047122,-2,0,147
0.28896,2.0673,-0.0065185,0.00047122,-2,1,147
0.24628,0.31489,-4.0065,0.00047122,1,1,147
1.7989,1.8123,-0.0065185,0.00047122,-2,1,147
-1.2955,-1.2821,-0.0065185,0.00047122,-2,0,147
1.4545,1.4679,-0.0065185,0.00047122,-2,0,147
1.837,1.8504,-0.0065185,0.00047122,-2,1,147
-1.5532,-3.2503,-3.0065,0.00047122,1,1,147
-1.3195,-4.0407,4.9935,0.00047122,1,0,147
-4.452,-3.2644,-0.0065185,0.00047122,-2,0,147
2.0925,-3.5946,-0.0065185,0.00047122,-2,0,147
1.0045,1.0179,-0.0065185,0.00047122,-2,1,147
-0.84553,-0.77364,-0.0065185,0.00047122,-2,0,147
0.72697,0.74039,4.9935,0.00047122,1,1,147
-1.3814,-1.368,-0.0065185,0.00047122,-2,0,147
2.7045,-2.5946,-0.0065185,0.00047122,-2,1,147
1.4495,-3.4638,-0.0065185,0.00047122,-2,1,147
0.23272,0.24614,-0.0065185,0.00047122,-2,1,147
0.048485,-2.2006,-0.0065185,0.00047122,-2,0,147
-0.84553,-0.83211,-0.0065185,0.00047122,-2,0,147
-0.27303,-0.73641,-0.0065185,0.00047122,-2,1,147
0.24035,0.86789,-5.0065,0.00047122,1,1,147
-1.718,3.2679,-0.0065185,0.00047122,-2,0,147
0.39035,4.6304,-0.0065185,0.00047122,-2,0,147
-2.4735,-2.4601,-0.0065185,0.00047122,-2,0,147
2.1108,5.1779,3.9935,0.00047122,1,1,147
-6.163,-3.6546,-0.0065185,0.00047122,-2,0,147
5.8468,5.2603,-0.0065185,0.00047122,-2,1,147
-5.5615,-4.9481,-0.0065185,0.00047122,-2,0,147
4.7356,4.749,4.9935,0.00047122,1,1,147
-5.127,-5.3636,-0.0065185,0.00047122,-2,0,147
-3.9573,-3.103,-0.0065185,0.00047122,-2,0,147
-3.813,-2.9749,-0.0065185,0.00047122,-2,0,147
-4.6904,-2.6195,-0.0065185,0.00047122,-2,0,147
2.5951,4.0085,-0.0065185,0.00047122,-2,1,147
3.5065,3.5199,-0.0065185,0.00047122,-2,1,147
-1.4223,-1.4808,-0.0065185,0.00047122,-2,0,147
1.6418,-0.87771,-0.0065185,0.00047122,-2,0,147
1.3962,-5.0209,-0.0065185,-4.9995,-1,1,147
3.4495,1.2008,-0.0065185,0.00047122,-2,1,147
-1.2238,3.6304,-0.0065185,0.00047122,-2,0,147
2.0485,-1.6077,-0.0065185,0.00047122,-2,1,147
1.7419,1.7553,4.9935,0.00047122,1,1,147
4.7588,5.0222,-0.0065185,0.00047122,-2,1,147
-3.6367,-1.4964,-0.0065185,0.00047122,-2,0,147
3.5495,3.5629,-0.0065185,0.00047122,-2,1,147
3.0177,0.82294,4.9935,0.00047122,1,1,147
-2.3893,-3.074,-0.0065185,0.00047122,-2,0,147
3.3392,3.3526,-0.0065185,0.00047122,-2,1,147
2.289,1.7474,-0.0065185,0.00047122,-2,1,147
0.76266,-0.9709,-0.0065185,0.00047122,-2,1,147
-3.1455,-5.4271,-0.0065185,0.00047122,-2,0,147
7.4045,4.1926,-0.0065185,0.00047122,-2,1,147
6.2945,-0.44773,-4.0065,0.00047122,1,1,147
5.461,3.1441,-0.0065185,0.00047122,-2,1,147
5.0925,-2.7648,-0.0065185,0.00047122,-2,1,147
4.7793,3.1091,-0.0065185,0.00047122,-2,1,147
4.5131,3.0954,-0.0065185,0.00047122,-2,1,147
1.2868,1.9262,-0.0065185,0.00047122,-2,0,147
1.0944,2.6739,3.9935,0.00047122,1,0,147
0.0044729,1.349,-0.0065185,0.00047122,-2,0,147
-2.9955,4.0393,-0.0065185,0.00047122,-2,0,147
3.0045,2.5679,-0.0065185,0.00047122,-2,1,147
-3.9955,-3.1646,-0.0065185,0.00047122,-2,0,147
4.0045,4.0179,-0.0065185,0.00047122,-2,1,147
-3.3955,4.6085,-0.0065185,4.0005,-1,0,147
-1.9955,-1.9821,-0.0065185,0.00047122,-2,1,147
1.0045,1.4446,-0.0065185,0.00047122,-2,0,147
0.85447,-1.1136,3.9935,0.00047122,1,1,147
2.282,-0.38211,-0.0065185,0.00047122,-2,1,147
-1.5455,-3.3496,-0.0065185,0.00047122,-2,0,147
-0.16303,2.2406,-0.0065185,0.00047122,-2,1,147
-0.29553,-0.12449,-0.0065185,0.00047122,-2,0,147
1.3045,1.3179,-0.0065185,0.00047122,-2,0,147
-3.9955,-0.86952,-0.0065185,0.00047122,-2,0,148
-0.39553,-2.3381,-0.0065185,0.00047122,-2,1,148
-0.54553,-0.22837,-0.0065185,0.00047122,-2,1,148
-1.6955,-1.6821,-0.0065185,0.00047122,-2,0,148
-2.4405,1.397,-0.0065185,0.00047122,-2,0,148
4.2327,1.2616,-0.0065185,0.00047122,-2,1,148
-5.0395,-3.5761,-0.0065185,0.00047122,-2,0,148
-2.8829,-2.2666,-0.0065185,0.00047122,-2,0,148
0.25017,0.77608,-0.0065185,0.00047122,-2,1,148
3.8545,-3.0798,-0.0065185,0.00047122,-2,1,148
-3.718,-0.44409,-0.0065185,0.00047122,-2,0,148
2.6186,0.79307,-0.0065185,0.00047122,-2,1,148
-2.2175,-0.17351,3.9935,0.00047122,1,0,148
3.4482,-4.6644,-0.0065185,0.00047122,-2,0,148
2.4545,2.4679,-0.0065185,0.00047122,-2,1,148
1.837,1.8504,-0.0065185,0.00047122,-2,1,148
-3.1532,2.1328,-0.0065185,0.00047122,-2,0,148
-2.4295,-5.7569,-0.0065185,0.00047122,-2,0,148
2.0734,2.2993,4.9935,0.00047122,1,1,148
-1.8641,-4.2644,-0.0065185,0.00047122,-2,0,148
-1.0338,-2.6329,-0.0065185,0.00047122,-2,0,148
2.187,0.90042,-0.0065185,0.00047122,-2,1,148
1.3096,1.323,-0.0065185,0.00047122,-2,1,148
-1.1049,-1.559,-5.0065,0.00047122,1,0,148
1.5065,-4.8011,-0.0065185,0.00047122,-2,1,148
2.1545,3.2037,-0.0065185,0.00047122,-2,1,148
0.55447,-2.3448,-0.0065185,0.00047122,-2,0,148
-2.2955,-1.5355,-0.0065185,0.00047122,-2,0,148
-4.3955,-0.37949,-0.0065185,0.00047122,-2,0,148
-4.8855,-3.7221,-0.0065185,0.00047122,-2,0,148
-4.152,-3.0132,-5.0065,0.00047122,1,0,148
0.91645,-6.3201,-0.0065185,0.00047122,-2,1,148
7.5545,1.4054,-0.0065185,0.00047122,-2,1,148
6.422,1.3679,0.99348,0.00047122,1,1,148
-4.8379,-2.6745,-0.0065185,0.00047122,-2,0,148
5.5705,0.34936,-0.0065185,0.00047122,-2,1,148
-4.3266,-4.7132,-0.0065185,0.00047122,-2,0,148
4.1359,1.415,-0.0065185,0.00047122,-2,1,148
-1.9573,-1.9438,-0.0065185,0.00047122,-2,0,148
1.6719,2.6777,-4.0065,0.00047122,1,0,148
-3.273,-2.4161,-0.0065185,0.00047122,-2,0,148
-3.3814,-3.7088,-0.0065185,0.00047122,-2,0,148
-2.4735,-2.2507,-0.0065185,0.00047122,-2,0,148
-2.1018,-4.6201,3.9935,0.00047122,1,1,148
-0.16303,4.2354,-0.0065185,0.00047122,-2,1,148
-3.8379,-0.12449,-0.0065185,0.00047122,-2,0,148
-5.6955,-5.6821,-0.0065185,0.00047122,-2,0,148
-6.4405,0.66091,-0.0065185,0.00047122,-2,0,148
3.2327,0.97388,-0.0065185,0.00047122,-2,1,148
-2.7395,-4.6386,-5.0065,0.00047122,1,0,148
0.11706,1.7722,-0.0065185,0.00047122,-2,1,148
4.8545,-4.3489,-0.0065185,0.00047122,-2,1,148
3.727,4.1404,-0.0065185,0.00047122,-2,1,148
0.6186,0.63201,-0.0065185,0.00047122,-2,0,148
-2.9955,2.2364,-0.0065185,0.00047122,-2,0,148
-0.54553,3.9036,-0.0065185,0.00047122,-2,1,148
0.47197,0.48539,3.9935,0.00047122,1,0,148
-4.4405,-4.4271,-0.0065185,0.00047122,-2,0,148
-4.2238,4.0393,-0.0065185,0.00047122,-2,0,148
-4.0395,-3.5761,-0.0065185,0.00047122,-2,0,148
-3.8829,-3.8695,-0.0065185,0.00047122,-2,0,148
3.7588,2.9397,-0.0065185,0.00047122,-2,1,148
-2.6367,-3.1733,-0.0065185,0.00047122,-2,0,148
2.2495,2.2629,4.9935,0.00047122,1,1,148
-4.4588,-3.5554,-0.0065185,0.00047122,-2,0,148
3.3982,3.4116,-0.0065185,0.00047122,-2,1,148
5.3392,5.3526,-0.0065185,0.00047122,-2,1,148
-5.28,-4.72,-0.0065185,0.00047122,-2,0,148
-2.2373,-1.7594,-0.0065185,0.00047122,-2,0,148
-1.9011,-1.6785,1.9935,0.00047122,1,1,148
1.4495,-1.5074,-0.0065185,0.00047122,-2,0,148
2.7762,2.6554,-0.0065185,0.00047122,-2,1,148
1.9605,1.8598,-0.0065185,0.00047122,-2,1,148
-3.1081,-5.0261,-0.0065185,0.00047122,-2,0,148
2.6502,-0.81883,4.9935,0.00047122,1,1,148
2.3633,3.7722,-0.0065185,0.00047122,-2,1,148
-1.5405,3.0259,-0.0065185,0.00047122,-2,0,148
-2.8455,-0.28713,-0.0065185,0.00047122,-2,0,148
-5.718,0.92792,-0.0065185,0.00047122,-2,0,148
5.6186,2.0494,-0.0065185,0.00047122,-2,1,148
-4.7675,-4.7541,2.9935,0.00047122,1,0,148
-2.4392,-0.37923,-0.0065185,0.00047122,-2,0,148
0.62732,1.8082,-0.0065185,0.00047122,-2,1,148
-0.14553,0.86026,-0.0065185,0.00047122,-2,0,148
-1.8455,1.7248,-0.0065185,0.00047122,-2,0,148
-1.718,-0.1454,-0.0065185,0.00047122,-2,0,148
-1.6097,-0.2709,-0.0065185,0.00047122,-2,0,148
-1.3675,-1.1182,2.9935,0.00047122,1,1,148
0.28197,3.0817,-0.0065185,0.00047122,-2,1,148
-2.3814,-2.5384,-0.0065185,0.00047122,-2,0,148
4.4825,0.36324,-0.0065185,0.00047122,-2,1,148
3.5608,5.5839,-0.0065185,0.00047122,-2,1,148
3.0273,4.9615,-3.0065,0.00047122,1,0,148
-0.10553,-2.7637,-0.0065185,0.00047122,-2,0,148
-1.539,-4.6996,-0.0065185,0.00047122,-2,0,148
-1.9075,-1.7636,-0.0065185,0.00047122,-2,0,148
-1.6207,-4.4381,-5.0065,0.00047122,1,0,148
2.4959,2.415,-0.0065185,0.00047122,-2,1,148
-0.71322,-2.2322,-0.0065185,0.00047122,-2,0,148
1.0944,1.176,-0.0065185,0.00047122,-2,1,148
4.0045,-0.79958,-0.0065185,0.00047122,-2,1,148
-1.9955,-2.1539,-0.0065185,0.00047122,-2,0,148
3.0045,0.67388,-0.0065185,0.00047122,-2,1,148
-2.5455,-1.6447,2.9935,0.00047122,1,1,148
0.17197,-4.5321,-0.0065185,0.00047122,-2,0,148
0.14685,1.8603,0.99348,0.00047122,1,1,148
0.12549,-0.97449,-0.0065185,0.00047122,1,1,148
-2.7673,-0.70461,-0.0065185,0.00047122,-2,0,148
-1.9515,-3.5962,-0.0065185,0.00047122,-2,0,148
1.6671,2.9079,2.9935,0.00047122,1,0,148
-0.82803,-0.43211,-0.0065185,0.00047122,-2,0,148
-1.1532,2.4831,-0.0065185,0.00047122,-2,0,148
1.5705,-0.75729,-0.0065185,0.00047122,-2,1,148
4.0045,4.0179,-0.0065185,0.00047122,-2,1,148
-3.3955,-1.3132,-5.0065,0.00047122,1,0,148
-0.99553,-0.98211,-0.0065185,0.00047122,-2,0,148
0.0044729,0.017889,-0.0065185,0.00047122,-2,1,148
-2.9955,-2.9821,-0.0065185,0.00047122,-2,0,148
1.5545,5.1779,-0.0065185,0.00047122,-2,0,148
-1.1455,-1.1321,-0.0065185,0.00047122,-2,0,148
4.7045,2.323,-0.0065185,0.00047122,-2,1,148
5.4495,3.0658,-0.0065185,0.00047122,-2,1,148
4.6327,2.9159,4.9935,0.00047122,1,1,148
6.0485,4.5912,-0.0065185,0.00047122,-2,1,148
3.8919,4.5178,-0.0065185,0.00047122,-2,1,148
1.7588,2.2596,-0.0065185,0.00047122,-2,1,148
1.4956,1.509,4.9935,0.00047122,1,1,148
1.5495,4.0451,-0.0065185,0.00047122,-2,1,148
1.4677,0.82855,-0.0065185,0.00047122,-2,1,148
2.3982,1.8569,-0.0065185,0.00047122,-2,1,148
2.0392,0.49522,3.9935,0.00047122,1,1,148
3.289,3.3024,-0.0065185,0.00047122,-2,1,148
1.2463,2.8091,-0.0065185,0.00047122,-2,1,148
3.21,0.78388,-0.0065185,0.00047122,-2,1,148
-4.1702,-2.7068,-0.0065185,0.00047122,-2,0,148
-5.144,-5.1306,-0.0065185,0.00047122,-2,0,148
4.1307,3.0341,-0.0065185,0.00047122,-2,1,148
-0.88823,3.374,-0.0065185,0.00047122,-2,1,148
-0.75433,-0.74091,4.9935,0.00047122,1,1,148
-0.91801,4.2362,-0.0065185,0.00047122,-2,0,148
-2.1455,-3.6605,-0.0065185,0.00047122,-2,1,148
1.282,5.6385,-0.0065185,0.00047122,-2,1,148
2.7045,3.1854,-0.0065185,0.00047122,-2,1,148
2.2995,1.3383,3.9935,0.00047122,1,1,148
-1.7673,4.9839,-0.0065185,0.00047122,-2,0,148
1.4545,6.9079,-0.0065185,0.00047122,-2,1,148
2.4045,2.4179,-0.0065185,0.00047122,-2,0,148
-2.0355,0.11359,3.9935,0.00047122,1,1,148
-2.273,-2.2596,-0.0065185,0.00047122,-2,0,148
3.5545,1.2368,-0.0065185,0.00047122,-2,1,148
-1.163,-2.9996,-0.0065185,0.00047122,-2,1,148
1.1545,-2.9201,-0.0065185,0.00047122,-2,0,148
-0.27303,-2.2962,-0.0065185,0.00047122,-2,1,148
0.39035,0.40376,-0.0065185,0.00047122,-2,1,148
-0.32352,-1.2758,2.9935,0.00047122,1,1,148
2.4482,1.6407,-0.0065185,0.00047122,-2,1,148
-1.3727,0.86047,-0.0065185,0.00047122,-2,0,148
-1.1661,-2.6745,1.9935,0.00047122,1,1,148
3.727,0.50877,-0.0065185,0.00047122,-2,1,148
3.5545,0.82101,-0.0065185,0.00047122,-2,1,148
1.172,-1.1495,-0.0065185,0.00047122,-2,0,148
0.85447,-0.97449,-0.0065185,0.00047122,-2,1,148
2.727,0.9053,-0.0065185,0.00047122,-2,1,148
1.6186,2.332,-0.0065185,0.00047122,-2,1,148
2.5265,1.509,-0.0065185,0.00047122,-2,1,148
2.4482,2.1616,-0.0065185,0.00047122,-2,1,148
-2.3727,-2.0593,-0.0065185,0.00047122,-2,0,148
3.3251,2.1116,-0.0065185,0.00047122,-2,1,148
5.277,5.3526,-0.0065185,0.00047122,-2,1,148
4.4861,2.4699,-4.0065,0.00047122,1,1,148
4.2013,-3.1852,-0.0065185,0.00047122,-2,1,148
2.1718,2.2234,-0.0065185,0.00047122,-2,1,148
2.1467,2.1601,-0.0065185,0.00047122,-2,1,148
-4.1164,-2.5595,-0.0065185,0.00047122,-2,0,148
5.1072,3.5441,-0.0065185,0.00047122,-2,1,148
1.727,2.4404,-0.0065185,0.00047122,-2,1,149
0.39035,1.2495,-0.0065185,0.00047122,-2,1,149
0.85447,0.86789,-0.0065185,0.00047122,-2,1,149
0.28197,-0.26091,-0.0065185,0.00047122,-2,1,149
-0.84553,-1.3541,-0.0065185,0.00047122,-2,0,149
-3.718,-3.3027,-0.0065185,0.00047122,-2,0,149
3.6186,0.29038,-0.0065185,0.00047122,-2,1,149
0.52648,0.24951,-0.0065185,0.00047122,-2,0,149
1.0045,1.0179,-0.0065185,0.00047122,-2,1,149
-0.14553,-0.13211,-0.0065185,0.00047122,-2,0,149
2.1545,2.1679,-0.0065185,0.00047122,-2,1,149
-4.5455,-3.8632,-0.0065185,0.00047122,-2,0,149
-3.863,-7.1496,-0.0065185,-4.9995,-1,0,149
-6.8379,-1.624,-0.0065185,0.00047122,-2,0,149
-4.5615,-3.1495,-0.0065185,0.00047122,-2,0,149
-6.3266,-5.1244,-0.0065185,0.00047122,-2,0,149
-1.127,-0.10302,-0.0065185,0.00047122,-2,0,149
-0.95726,-2.6949,-5.0065,0.00047122,1,0,149
1.8219,5.0854,-0.0065185,0.00047122,-2,1,149
0.69932,0.71274,-0.0065185,0.00047122,-2,1,149
-1.5862,-1.0452,-0.0065185,0.00047122,-2,0,149
-5.4976,-1.0983,-0.0065185,0.00047122,-2,0,149
4.6812,4.6946,3.9935,0.00047122,1,1,149
-2.3582,-3.7448,-0.0065185,0.00047122,-2,0,149
-3.3038,-3.2904,-0.0065185,0.00047122,-2,0,149
-4.2576,-4.2442,-0.0065185,0.00047122,-2,0,149
5.2272,1.4689,-0.0065185,0.00047122,-2,1,149
-4.1849,-4.2523,-0.0065185,0.00047122,-2,0,149
4.1654,3.5788,-0.0065185,0.00047122,-2,1,149
-3.5323,-3.3967,3.9935,0.00047122,1,0,149
3.1208,-3.2658,-0.0065185,0.00047122,-2,1,149
3.1033,3.1167,-0.0065185,0.00047122,-2,1,149
5.0885,5.1019,-0.0065185,0.00047122,-2,1,149
4.0759,4.0893,-0.0065185,0.00047122,-2,1,149
-5.0562,-4.9886,-0.0065185,0.00047122,-2,0,149
-2.0471,-1.9876,-0.0065185,0.00047122,-2,0,149
-1.0394,-0.9868,-0.0065185,0.00047122,-2,0,149
-1.0328,-0.98112,-0.0065185,0.00047122,-2,0,149
0.88616,0.89957,-3.0065,0.00047122,1,1,149
-1.0225,2.565,-0.0065185,0.00047122,-2,0,149
-1.0184,-1.005,-0.0065185,0.00047122,-2,0,149
0.98501,0.99843,-0.0065185,0.00047122,-2,1,149
0.83793,0.86612,4.9935,0.00047122,1,0,149
2.9904,3.0164,-0.0065185,0.00047122,-2,1,149
0.55447,-2.4258,-0.0065185,0.00047122,-2,0,149
1.3045,1.3179,-0.0065185,0.00047122,-2,1,149
1.5545,1.5679,-0.0065185,0.00047122,-2,1,149
2.172,1.5839,-0.0065185,0.00047122,-2,1,149
-1.8379,-3.7102,-5.0065,0.00047122,1,0,149
-4.5615,-4.5481,-0.0065185,0.00047122,-2,0,149
-1.3266,-1.3132,-0.0065185,0.00047122,-2,0,149
-1.127,-1.1136,-0.0065185,0.00047122,-2,0,149
-0.033796,-0.28726,-0.0065185,0.00047122,-2,0,149
0.15447,0.16789,-0.0065185,0.00047122,-2,1,149
-2.1455,-2.1321,-0.0065185,0.00047122,-2,0,149
1.832,1.9773,-2.0065,0.00047122,1,1,149
2.172,2.1854,-0.0065185,0.00047122,-2,1,149
-0.8379,2.621,-0.0065185,0.00047122,-2,1,149
3.1545,0.73391,-0.0065185,0.00047122,-2,0,149
-2.273,-2.3381,-0.0065185,0.00047122,-2,0,149
-1.4455,1.9538,-0.0065185,0.00047122,-2,1,149
-0.82803,-0.81461,-0.0065185,0.00047122,-2,1,149
0.7121,1.0655,-5.0065,0.00047122,1,0,149
0.43845,0.45187,-0.0065185,0.00047122,-2,1,149
0.70447,0.20929,-0.0065185,0.00047122,-2,1,149
2.4495,0.61289,-0.0065185,0.00047122,-2,1,149
1.2327,2.0961,-0.0065185,0.00047122,-2,1,149
2.0485,-1.2006,-0.0065185,0.00047122,-2,1,149
1.7419,0.9053,4.9935,0.00047122,1,1,149
1.2502,3.6208,-0.0065185,0.00047122,-2,0,149
0.64563,0.65904,-0.0065185,0.00047122,-2,1,149
2.5495,3.6335,-0.0065185,0.00047122,-2,1,149
-1.4588,-0.69774,-0.0065185,0.00047122,-2,0,149
1.2482,1.2616,4.9935,0.00047122,1,1,149
-1.6608,4.6026,-0.0065185,0.00047122,-2,1,149
2.72,3.6224,-0.0065185,0.00047122,-2,1,149
-0.44553,-0.43211,-0.0065185,0.00047122,-2,1,149
0.83697,-1.0048,-0.0065185,0.00047122,-2,1,149
5.5545,3.1926,-0.0065185,0.00047122,-2,1,149
4.722,-1.3996,4.9935,0.00047122,1,1,149
-0.8379,-0.82449,-0.0065185,0.00047122,-2,0,149
-1.4295,-2.8748,-0.0065185,0.00047122,-2,1,149
-0.32664,-0.31323,-0.0065185,0.00047122,-2,0,149
0.13592,-0.90459,-0.0065185,0.00047122,-2,0,149
2.8545,-0.093843,-0.0065185,0.00047122,-2,1,149
-1.718,0.90364,-0.0065185,0.00047122,-2,0,149
-1.4597,-2.0412,3.9935,0.00047122,1,0,149
1.4825,3.3803,-0.0065185,0.00047122,-2,1,149
5.7045,1.2742,-0.0065185,0.00047122,-2,1,149
6.4495,5.8744,-0.0065185,0.00047122,-2,1,149
-5.2238,-6.3201,-0.0065185,0.00047122,-2,0,149
4.4485,4.4619,-2.0065,0.00047122,1,1,149
4.8919,-0.7947,-0.0065185,0.00047122,-2,1,149
-4.7498,-5.2644,-0.0065185,0.00047122,-2,0,149
3.6456,3.659,-0.0065185,0.00047122,-2,1,149
3.0995,3.4009,4.9935,0.00047122,1,1,149
3.4677,4.7311,-0.0065185,0.00047122,-2,1,149
-4.3893,-4.6515,-0.0065185,0.00047122,-2,0,149
4.3392,2.5201,-0.0065185,0.00047122,-2,1,149
-3.28,-3.8657,-0.0065185,0.00047122,-2,0,149
1.2463,2.979,-0.0065185,0.00047122,-2,1,149
1.7989,-1.1815,-0.0065185,0.00047122,-2,1,149
-1.5208,-1.5074,3.9935,0.00047122,1,0,149
-1.5505,-3.9962,-0.0065185,0.00047122,-2,0,149
3.5545,1.3396,-0.0065185,0.00047122,-2,1,149
2.172,3.0354,-0.0065185,0.00047122,-2,1,149
-2.8379,-3.0701,-0.0065185,0.00047122,-2,0,149
-6.5615,-6.7569,-0.0065185,0.00047122,-2,0,149
5.5856,1.349,-4.0065,0.00047122,1,1,149
-4.127,2.1356,-0.0065185,0.00047122,-2,0,149
2.9662,3.5296,-0.0065185,0.00047122,-2,1,149
-1.1781,2.5354,-0.0065185,0.00047122,-2,1,149
3.3096,3.2304,-0.0065185,0.00047122,-2,1,149
-2.8049,-2.7915,1.9935,0.00047122,1,0,149
2.8945,1.2079,-0.0065185,0.00047122,-2,1,149
6.461,6.4744,-0.0065185,0.00047122,-2,1,149
-6.0836,-4.8695,-0.0065185,0.00047122,-2,0,149
-5.7703,-4.7364,-0.0065185,0.00047122,-2,0,149
-4.5041,-3.6233,-0.0065185,0.00047122,-2,0,149
4.2868,4.3002,-0.0065185,0.00047122,-2,1,149
-2.0855,-1.0721,-0.0065185,0.00047122,-2,0,149
1.7809,1.7944,-2.0065,0.00047122,1,1,149
-0.78302,0.93039,-0.0065185,0.00047122,-2,0,149
3.3351,3.3485,-0.0065185,0.00047122,-2,1,149
2.4045,3.1761,-0.0065185,0.00047122,-2,1,149
-2.0355,0.86789,2.9935,0.00047122,1,0,149
-1.452,1.0179,-0.0065185,0.00047122,-2,1,149
1.1545,-0.14961,-0.0065185,0.00047122,-2,0,149
3.282,2.1755,-0.0065185,0.00047122,-2,1,149
-2.7814,-2.768,2.9935,0.00047122,1,1,149
-2.4735,-2.4601,-0.0065185,0.00047122,-2,0,149
-0.44553,0.40039,-0.0065185,0.00047122,-2,1,149
0.83697,0.40039,-0.0065185,0.00047122,-2,0,149
-2.1532,-0.68974,-0.0065185,0.00047122,-2,0,149
0.40447,0.41789,-0.0065185,0.00047122,-2,1,149
-0.88553,-1.2555,-0.0065185,0.00047122,-2,0,149
-0.53903,0.77439,-0.0065185,0.00047122,-2,0,149
0.46645,0.13177,3.9935,0.00047122,1,1,149
0.17197,-0.75386,-0.0065185,0.00047122,-2,0,149
1.3045,4.7503,-0.0065185,0.00047122,-2,0,149
-0.44053,3.4744,-0.0065185,0.00047122,-2,0,149
-0.76728,-4.2376,-0.0065185,0.00047122,-2,0,149
0.66046,0.81625,-4.0065,0.00047122,1,1,149
1.5595,1.8519,-0.0065185,0.00047122,-2,0,149
-2.7673,-1.3039,-0.0065185,0.00047122,-2,0,149
0.40447,2.2864,-0.0065185,0.00047122,-2,1,149
-0.33553,0.72551,1.9935,0.00047122,1,0,149
-0.45203,0.45187,-0.0065185,0.00047122,-2,1,149
2.3045,0.66091,-0.0065185,0.00047122,-2,0,149
-1.5505,-1.5371,-0.0065185,0.00047122,-2,0,149
0.45447,0.46789,-0.0065185,0.00047122,-2,0,149
0.17197,1.298,-0.0065185,0.00047122,-2,1,149
1.1621,0.92986,-0.0065185,0.00047122,-2,0,149
0.98845,-0.10313,2.9935,0.00047122,1,0,149
-3.3266,-3.3132,-0.0065185,0.00047122,-2,0,149
-3.127,0.90308,-0.0065185,0.00047122,-2,0,149
-1.9573,-2.6438,-0.0065185,0.00047122,-2,0,149
-1.813,-1.7996,-0.0065185,0.00047122,-2,0,149
-1.6904,-1.7696,-0.0065185,0.00047122,-2,0,149
-5.5862,-1.2656,-0.0065185,0.00047122,-2,0,149
-2.4976,-4.7341,-0.0065185,0.00047122,-2,0,149
0.57775,-2.1657,-0.0065185,0.00047122,-2,1,149
-0.14553,-2.4271,-0.0065185,0.00047122,-2,1,149
-2.273,0.43208,-0.0065185,0.00047122,-2,1,149
1.6186,-1.918,-0.0065185,0.00047122,-2,1,149
0.52648,0.53989,-0.0065185,0.00047122,-2,1,149
-1.5518,-2.7364,-0.0065185,0.00047122,-2,1,149
-1.3184,-0.62327,-0.0065185,0.00047122,-1,1,149
1.1289,0.040864,1.9935,0.00047122,1,0,149
-2.723,-2.7096,-0.0065185,0.00047122,-2,0,149
-1.4455,2.9616,-0.0065185,0.00047122,-2,1,149
-0.82803,-0.81461,-0.0065185,0.00047122,-2,0,149
0.45447,0.46789,-0.0065185,0.00047122,-2,0,149
1.172,1.298,-0.0065185,0.00047122,-2,1,149
-1.9955,-1.6821,-0.0065185,0.00047122,-2,0,150
2.7045,3.0289,-0.0065185,0.00047122,-2,1,150
-3.4405,-2.0604,-0.0065185,0.00047122,-2,0,150
-2.2238,-2.2104,-0.0065185,0.00047122,-2,0,150
-2.0395,-2.4711,-0.0065185,0.00047122,-2,0,150
-3.1081,-3.2278,-0.0065185,0.00047122,-2,0,150
-6.3955,-6.3821,-0.0065185,0.00047122,-2,0,150
-4.8855,-4.8721,-0.0065185,0.00047122,-2,0,150
6.461,3.4959,-0.0065185,0.00047122,-2,1,150
5.0925,2.5742,-0.0065185,0.00047122,-2,1,150
4.7793,-0.75301,-0.0065185,0.00047122,-2,1,150
6.5131,6.5265,-0.0065185,0.00047122,-2,1,150
5.5368,1.9129,-4.0065,0.00047122,1,1,150
-5.0855,-5.0721,-0.0065185,0.00047122,-2,0,150
4.9309,3.821,-0.0065185,0.00047122,-2,1,150
4.792,-2.606,-0.0065185,0.00047122,-2,1,150
2.6738,2.6873,-0.0065185,0.00047122,-2,1,150
3.5734,2.897,-0.0065185,0.00047122,-2,1,150
3.0381,2.3716,-3.0065,0.00047122,1,1,150
-5.4066,-5.3932,-0.0065185,0.00047122,-2,0,150
-2.3449,-2.3315,-0.0065185,0.00047122,-2,0,150
1.3015,-1.5275,-0.0065185,0.00047122,-2,1,150
0.25693,0.81424,-0.0065185,0.00047122,-2,0,150
-0.21011,-0.9192,4.9935,0.00047122,1,1,150
0.0044729,0.017889,-0.0065185,0.00047122,-2,1,150
-3.9955,-3.0726,-0.0065185,0.00047122,-2,0,150
0.40447,-0.42582,-0.0065185,0.00047122,-2,0,150
-0.44553,-0.43211,-0.0065185,0.00047122,-2,0,150
1.4545,-2.4386,-0.0065185,0.00047122,-2,1,150
-2.3955,2.1854,-0.0065185,0.00047122,-2,0,150
2.0445,-0.83211,-2.0065,0.00047122,1,1,150
0.46097,0.77439,-0.0065185,0.00047122,-2,1,150
-0.9075,-1.6821,-0.0065185,0.00047122,-2,0,150
3.5545,3.5679,-0.0065185,0.00047122,-2,1,150
-3.163,-2.2104,-0.0065185,0.00047122,-2,0,150
5.8468,5.8603,-0.0065185,0.00047122,-2,1,150
-6.5615,-0.45817,-0.0065185,0.00047122,-2,0,150
5.3356,5.599,-0.0065185,0.00047122,-2,1,150
-4.127,-4.0233,-0.0065185,0.00047122,-2,0,150
-3.5073,-3.0771,1.9935,0.00047122,1,0,150
4.8219,4.8354,-0.0065185,0.00047122,-2,1,150
4.6993,4.7127,-0.0065185,0.00047122,-2,1,150
-5.5862,-5.3168,-0.0065185,0.00047122,-2,0,150
-4.7476,0.55987,-3.0065,0.00047122,1,0,150
-5.4223,-2.7739,-0.0065185,0.00047122,-2,0,150
-2.3582,-4.4377,-0.0065185,0.00047122,-2,0,150
-2.3038,-2.2904,-0.0065185,0.00047122,-2,0,150
2.2665,1.725,-0.0065185,0.00047122,-2,1,150
4.2272,4.2406,-0.0065185,0.00047122,-2,1,150
-3.5849,-1.6165,-3.0065,0.00047122,1,0,150
-4.1565,-4.1431,-0.0065185,0.00047122,-2,0,150
-0.85873,2.3222,-0.0065185,0.00047122,-2,0,150
0.15447,2.8603,-0.0065185,0.00047122,-2,0,150
-2.273,-2.2596,-0.0065185,0.00047122,-2,0,150
-6.5455,-6.5321,-0.0065185,0.00047122,-2,0,150
6.172,3.3168,-0.0065185,0.00047122,-2,1,150
-5.2379,-5.2245,3.9935,0.00047122,1,0,150
-4.5615,3.3887,-0.0065185,0.00047122,-2,0,150
-0.32664,-3.8632,-0.0065185,0.00047122,-2,0,150
1.873,1.8864,-0.0065185,0.00047122,-2,1,150
-0.44553,0.72243,-0.0065185,0.00047122,-2,0,150
5.5545,5.5679,-0.0065185,0.00047122,-2,1,150
-3.163,-0.30724,-0.0065185,0.00047122,-2,0,150
2.6968,2.7103,-4.0065,0.00047122,1,1,150
-3.5615,-1.9915,-0.0065185,0.00047122,-2,0,150
2.3356,2.349,-0.0065185,0.00047122,-2,1,150
-2.127,2.4676,-0.0065185,0.00047122,-2,0,150
-5.9573,-4.9879,-0.0065185,0.00047122,-2,0,150
-4.813,-4.7996,-0.0065185,0.00047122,-2,0,150
-4.0904,-0.60039,-5.0065,0.00047122,1,0,150
-3.5862,-4.2356,-0.0065185,0.00047122,-2,0,150
-3.4976,-2.9851,-0.0065185,0.00047122,-2,0,150
-4.4223,-3.9847,-0.0065185,0.00047122,-2,0,150
4.3672,2.223,-0.0065185,0.00047122,-2,1,150
-3.7038,-3.384,3.9935,0.00047122,1,0,150
3.2665,-3.12,-0.0065185,0.00047122,-2,1,150
-3.2183,-2.9834,-0.0065185,0.00047122,-2,0,150
-2.1849,-2.1507,-0.0065185,0.00047122,-2,0,150
4.1654,1.8788,-0.0065185,0.00047122,-2,1,150
0.86767,1.0171,-0.0065185,0.00047122,-2,1,150
-0.72925,-0.71583,-3.0065,0.00047122,1,0,150
2.727,0.11139,-0.0065185,0.00047122,-2,1,150
1.6186,-0.37014,-0.0065185,0.00047122,-2,1,150
1.5265,-0.90693,-0.0065185,0.00047122,-2,1,150
2.4482,0.50929,-0.0065185,0.00047122,-2,1,150
-1.3727,-1.0818,-0.0065185,0.00047122,-2,0,150
0.32505,-1.0721,-0.0065185,0.00047122,-2,1,150
0.27696,-0.18608,-4.0065,0.00047122,1,1,150
1.7729,3.1863,-0.0065185,0.00047122,-2,1,150
-0.29553,0.90789,-0.0065185,0.00047122,-2,1,150
-0.55053,0.47439,-0.0065185,0.00047122,-2,1,150
-1.2238,-2.5538,-0.0065185,0.00047122,-2,0,150
-1.0395,-1.0261,3.9935,0.00047122,1,0,150
2.8919,3.5265,-0.0065185,0.00047122,-2,1,150
0.25017,1.6256,-0.0065185,0.00047122,-2,1,150
-0.14553,1.4744,-0.0065185,0.00047122,-2,1,150
-0.12303,1.5609,-3.0065,0.00047122,1,1,150
-1.3814,-0.75729,-0.0065185,0.00047122,-2,0,150
3.7045,1.6634,-0.0065185,0.00047122,-2,1,150
5.4495,5.8603,-0.0065185,0.00047122,-2,1,150
5.2327,5.5839,-0.0065185,0.00047122,-2,1,150
-4.0395,-2.5415,-0.0065185,0.00047122,-2,0,150
-1.8829,-2.1136,-0.0065185,0.00047122,-2,0,150
1.6088,3.1471,-4.0065,0.00047122,1,0,150
3.282,-2.4656,-0.0065185,0.00047122,-2,1,150
-0.3814,-1.8161,-0.0065185,0.00047122,-2,1,150
-0.84553,-2.8721,-0.0065185,0.00047122,-2,0,150
4.0045,0.74039,-0.0065185,0.00047122,-2,1,150
5.0045,6.7927,-0.0065185,0.00047122,-2,0,150
-8.2455,-2.8721,-0.0065185,0.00047122,-2,0,150
-5.3955,-1.9821,-0.0065185,0.00047122,-2,0,150
-2.8855,0.017889,-0.0065185,0.00047122,-2,0,150
2.461,5.0844,-4.0065,0.00047122,1,1,150
0.092498,-1.2941,-0.0065185,0.00047122,-2,0,150
2.3045,-1.6821,-0.0065185,0.00047122,-2,0,150
1.5595,0.96139,-0.0065185,0.00047122,-2,1,150
0.55447,0.90789,-0.0065185,0.00047122,-2,1,150
0.17197,0.47439,-0.0065185,0.00047122,-2,1,150
0.1621,0.17551,-0.0065185,0.00047122,-2,0,150
-1.4295,1.0384,-0.0065185,0.00047122,-2,0,150
-1.2144,0.70785,3.9935,0.00047122,1,1,150
2.1359,4.4179,-0.0065185,0.00047122,-2,1,150
2.9662,1.0655,-0.0065185,0.00047122,-2,1,150
3.8219,4.1744,-0.0065185,0.00047122,-2,1,150
3.2493,4.6559,-2.0065,0.00047122,1,1,150
4.5951,-1.0915,-0.0065185,0.00047122,-2,1,150
-5.4976,-3.8841,-0.0065185,0.00047122,-2,0,150
4.6812,5.5502,3.9935,0.00047122,1,1,150
-0.63281,-0.61939,-0.0065185,0.00047122,-2,0,150
0.54616,-1.8721,-0.0065185,1.0005,-1,1,150
1.282,0.082886,-0.0065185,0.00047122,-2,1,150
0.30447,-3.7701,-0.0065185,0.00047122,-2,0,150
0.44947,-0.41314,-0.0065185,0.00047122,-2,1,150
0.23272,-0.19886,-0.0065185,0.00047122,-2,0,150
2.1545,1.7896,-0.0065185,0.00047122,-2,1,150
-1.823,-1.8096,-5.0065,0.00047122,1,0,150
-1.828,6.4354,-0.0065185,0.00047122,-2,0,150
-0.39553,6.6304,-0.0065185,0.00047122,-2,0,150
0.89447,0.90789,-0.0065185,0.00047122,-2,1,150
0.54797,5.6279,-0.0065185,0.00047122,-2,1,150
-0.4575,-0.44409,-5.0065,0.00047122,1,0,150
6.172,4.1497,-0.0065185,0.00047122,-2,1,150
6.8468,5.4728,-0.0065185,0.00047122,-2,1,150
-3.5615,-5.7981,-0.0065185,0.00047122,-2,0,150
3.0356,1.7988,4.9935,0.00047122,1,1,150
1.1359,1.1493,-0.0065185,0.00047122,-2,1,150
1.9662,1.0764,-0.0065185,0.00047122,-2,1,150
3.8219,3.0676,-0.0065185,0.00047122,-2,1,150
4.6993,4.7127,-0.0065185,0.00047122,-2,1,150
3.5951,2.2723,-0.0065185,0.00047122,-2,1,150
2.5065,2.0484,-0.0065185,0.00047122,-2,1,150
2.1312,2.6121,4.9935,0.00047122,1,1,150
0.64176,-4.5948,-0.0065185,0.00047122,-2,0,150
4.3128,4.0366,-0.0065185,0.00047122,-2,1,150
-2.2576,-2.2442,-0.0065185,0.00047122,-2,1,150
2.7045,0.40376,-0.0065185,0.00047122,-2,1,150
-2.2905,-2.2771,0.99348,0.00047122,1,0,150
0.72697,-0.10961,-0.0065185,0.00047122,-2,1,150
3.6186,0.026206,-0.0065185,0.00047122,-2,1,150
4.5265,2.575,-0.0065185,0.00047122,-2,1,150
-1.4392,-3.8258,-0.0065185,0.00047122,-2,0,150
2.3816,2.023,-0.0065185,0.00047122,-2,1,150
4.3251,4.0222,-0.0065185,0.00047122,-2,1,150
3.277,0.9045,-0.0065185,0.00047122,-2,1,150
2.7861,2.571,2.9935,0.00047122,1,1,150
-3.1924,-3.179,-0.0065185,0.00047122,-2,0,150
2.7218,2.1877,-2.0065,0.00047122,1,0,150
2.837,1.5756,-0.0065185,0.00047122,-2,1,150
-2.1532,-2.4161,-0.0065185,0.00047122,-2,0,150
-1.4295,-4.8229,-0.0065185,0.00047122,-2,0,150
-3.6644,-1.4007,-0.0065185,0.00047122,-2,0,150
3.873,5.9053,-0.0065185,0.00047122,-2,1,150
3.72,4.0179,-0.0065185,0.00047122,-2,1,151
1.2463,-1.8283,-0.0065185,0.00047122,-2,0,151
1.7989,2.0179,-0.0065185,0.00047122,-2,1,151
0.82976,-0.87932,-0.0065185,0.00047122,-2,1,151
1.856,1.8694,-0.0065185,0.00047122,-2,1,151
2.1307,-0.57838,-0.0065185,0.00047122,-2,0,151
1.1118,1.1252,-0.0065185,0.00047122,-2,1,151
-3.8455,-4.4271,-0.0065185,0.00047122,-2,0,151
-3.718,-0.70461,-0.0065185,0.00047122,-2,0,151
-3.6097,-4.0261,-0.0065185,0.00047122,-2,0,151
2.5265,2.7074,-0.0065185,0.00047122,-2,1,151
-2.1392,-2.1258,-3.0065,0.00047122,1,0,151
-3.3727,-3.3593,-0.0065185,0.00047122,-2,0,151
0.6839,0.69731,-0.0065185,0.00047122,-2,1,151
-0.14553,-0.13211,-0.0065185,0.00047122,-2,1,151
-2.273,-2.2596,-0.0065185,0.00047122,-2,0,151
5.5545,3.899,-0.0065185,0.00047122,-2,1,151
-4.713,-4.6996,1.9935,0.00047122,1,0,151
-4.8379,-3.2239,-0.0065185,0.00047122,-2,0,151
2.5705,0.13891,-0.0065185,0.00047122,-2,1,151
0.67336,-1.0068,-0.0065185,0.00047122,-2,1,151
2.3045,-0.55066,-0.0065185,0.00047122,-2,0,151
-1.9505,-3.9962,3.9935,0.00047122,1,0,151
-0.10553,-4.6104,-0.0065185,0.00047122,-2,1,151
-3.452,-3.4386,-0.0065185,0.00047122,-2,0,151
-4.0836,4.6419,-0.0065185,0.00047122,-2,0,151
3.7793,-0.37014,-0.0065185,0.00047122,-2,1,151
2.5131,-0.75693,-0.0065185,0.00047122,-2,1,151
-1.2778,-2.7094,-0.0065185,0.00047122,-2,0,151
1.0944,-1.2644,-4.0065,0.00047122,1,1,151
0.078005,0.091421,-0.0065185,0.00047122,-2,1,151
1.1545,-1.7586,-0.0065185,0.00047122,-2,0,151
-3.273,-1.5256,-0.0065185,0.00047122,-2,0,151
0.40447,2.8038,-0.0065185,0.00047122,-2,0,151
-1.5455,0.49588,-0.0065185,0.00047122,-2,0,151
1.172,1.1854,-0.0065185,0.00047122,-2,1,151
-1.8379,-0.35926,-0.0065185,0.00047122,-2,0,151
-0.42951,0.82961,-0.0065185,0.00047122,-2,0,151
-0.36441,-0.35077,3.9935,0.00047122,1,0,151
-0.44053,1.9729,-0.0065185,0.00047122,-2,1,151
1.8545,3.9079,-0.0065185,0.00047122,-2,1,151
3.727,0.34664,-0.0065185,0.00047122,-2,1,151
-3.1597,-3.1462,3.9935,0.00047122,1,0,151
-4.5175,-4.5041,-0.0065185,0.00047122,-2,0,151
3.4482,-2.4284,-0.0065185,0.00047122,-2,1,151
4.3816,3.8502,-0.0065185,0.00047122,-2,1,151
-4.3161,-4.3027,-0.0065185,0.00047122,-2,0,151
4.277,3.1804,-0.0065185,0.00047122,-2,1,151
-3.6271,-3.6137,-5.0065,0.00047122,1,0,151
0.20135,4.4648,-0.0065185,0.00047122,-2,1,151
-1.1629,-0.14945,-0.0065185,0.00047122,-2,0,151
3.1467,1.0101,-0.0065185,0.00047122,-2,1,151
5.1254,5.1388,-0.0065185,0.00047122,-2,1,151
4.1072,4.1207,-0.0065185,0.00047122,-2,1,151
-2.0829,-1.9118,-0.0065185,0.00047122,-2,0,151
1.7787,1.7921,2.9935,0.00047122,1,1,151
2.0676,2.081,-0.0065185,0.00047122,-2,1,151
3.0581,2.3678,-0.0065185,0.00047122,-2,1,151
0.95887,0.97229,-0.0065185,0.00047122,-2,0,151
1.9657,1.9791,-0.0065185,0.00047122,-2,1,151
-0.29553,-0.28211,-0.0065185,0.00047122,-2,1,151
-1.5505,-1.5371,-0.0065185,0.00047122,-2,0,151
1.3262,1.4299,-4.0065,0.00047122,1,1,151
-4.163,1.2504,-0.0065185,0.00047122,-2,0,151
4.8468,3.5603,-0.0065185,0.00047122,-2,1,151
3.5705,3.5839,-0.0065185,0.00047122,-2,1,151
3.3356,3.349,-0.0065185,0.00047122,-2,1,151
1.1359,0.053798,-0.0065185,0.00047122,-2,0,151
0.9662,0.97962,2.9935,0.00047122,1,1,151
1.8219,1.8354,-0.0065185,0.00047122,-2,1,151
0.69932,0.71274,-0.0065185,0.00047122,-2,0,151
4.0045,3.0562,-0.0065185,0.00047122,-2,1,151
-3.9955,2.4014,-0.0065185,0.00047122,-2,0,151
3.4045,2.723,-3.0065,0.00047122,1,1,151
-3.9955,-3.9821,-0.0065185,0.00047122,-2,0,151
-1.9955,-1.9821,-0.0065185,0.00047122,-2,0,151
-2.9955,1.8603,-0.0065185,0.00047122,-2,0,151
-3.9955,-3.6194,-0.0065185,0.00047122,-2,0,151
-2.9955,-2.1496,-0.0065185,0.00047122,-2,0,151
-2.5455,-2.5321,-5.0065,0.00047122,1,0,151
2.0045,4.0451,-0.0065185,0.00047122,-2,1,151
-3.9955,-1.6821,-0.0065185,0.00047122,-2,0,151
-4.9955,-3.3821,-0.0065185,0.00047122,-2,0,151
-2.9955,-4.2321,-0.0065185,0.00047122,-2,0,151
0.0044729,0.13417,-0.0065185,0.00047122,-2,1,151
-2.9955,-0.81461,-0.0065185,0.00047122,-2,0,151
2.5545,-1.8245,4.9935,0.00047122,1,1,151
4.0045,4.0179,-0.0065185,0.00047122,-2,1,151
5.0045,3.6304,-0.0065185,0.00047122,-2,1,151
3.0045,3.0179,-0.0065185,0.00047122,-2,1,151
-0.99553,-0.02038,-0.0065185,0.00047122,-2,1,151
0.85447,0.86789,-5.0065,0.00047122,1,0,151
-4.718,3.5454,-0.0065185,0.00047122,-2,0,151
8.4045,-1.3761,-0.0065185,0.00047122,-2,1,151
-6.8855,-1.1615,-0.0065185,0.00047122,-2,0,151
5.861,5.8744,4.9935,0.00047122,1,1,151
6.0925,6.3559,-0.0065185,0.00047122,-2,1,151
5.7793,5.7927,-0.0065185,0.00047122,-2,1,151
1.5131,4.4165,-0.0065185,0.00047122,-2,1,151
2.2868,-0.34456,-0.0065185,0.00047122,-2,1,151
1.0944,-1.1402,-0.0065185,0.00047122,-2,0,151
1.0045,1.0179,-0.0065185,0.00047122,-2,1,151
-0.84553,0.80539,-5.0065,0.00047122,1,0,151
-3.9955,-4.2321,-0.0065185,0.00047122,-2,0,151
-2.9955,-3.3821,-0.0065185,0.00047122,-2,0,151
3.0045,2.5679,-0.0065185,0.00047122,-2,1,151
-3.9955,-3.9821,-0.0065185,0.00047122,-2,0,151
-4.9955,-4.9821,-0.0065185,0.00047122,-2,0,151
-4.2455,-1.8245,2.9935,0.00047122,1,1,151
-5.608,-3.5481,-0.0065185,0.00047122,-2,0,151
0.70447,-2.1496,-0.0065185,0.00047122,-2,1,151
-2.4405,-2.4271,-0.0065185,0.00047122,-2,0,151
-1.2238,0.74039,-0.0065185,0.00047122,-2,0,151
-1.0395,-1.0261,-5.0065,0.00047122,1,0,151
-0.88294,-4.2321,-0.0065185,0.00047122,-2,0,151
-0.74983,0.017889,-0.0065185,0.00047122,-2,0,151
2.3633,-0.62327,-0.0065185,0.00047122,-2,1,151
-1.4455,-3.9821,-0.0065185,0.00047122,-2,1,151
-0.82803,2.1854,-0.0065185,0.00047122,-2,0,151
0.45447,-2.5321,-0.0065185,0.00047122,-2,1,151
1.5545,1.5679,-0.0065185,0.00047122,-2,0,151
-1.313,0.017889,4.9935,0.00047122,1,1,151
3.282,-4.2321,-0.0065185,0.00047122,-2,1,151
-4.3955,-4.3821,-0.0065185,0.00047122,-2,0,151
6.8945,-3.5747,-0.0065185,0.00047122,-2,1,151
-5.852,-5.8386,-5.0065,0.00047122,1,1,151
3.8945,5.2679,-0.0065185,0.00047122,-2,1,151
0.85447,0.86789,-0.0065185,0.00047122,-2,1,151
3.282,-2.7926,-0.0065185,0.00047122,-2,0,151
-2.7814,-2.768,2.9935,0.00047122,1,1,151
0.48247,-3.0541,-0.0065185,0.00047122,-2,0,151
2.5608,2.5742,-0.0065185,0.00047122,-2,0,151
2.6273,2.6407,-0.0065185,0.00047122,-2,0,151
1.6839,1.6973,-0.0065185,0.00047122,-2,1,151
1.3045,2.4959,-0.0065185,0.00047122,-2,0,151
1.5595,-1.941,-0.0065185,0.00047122,-2,0,151
0.77622,0.78964,-0.0065185,0.00047122,-2,1,151
0.66046,1.3973,4.9935,0.00047122,1,1,151
-1.4405,-6.0745,-0.0065185,0.00047122,-2,0,151
-0.76728,1.2461,-0.0065185,0.00047122,-2,0,151
-2.2955,0.38677,-0.0065185,0.00047122,-2,0,151
-1.3955,0.88644,-0.0065185,0.00047122,-2,0,151
1.1945,0.97962,-3.0065,0.00047122,1,1,151
5.461,-0.075611,-0.0065185,0.00047122,-2,1,151
5.0925,3.2627,-0.0065185,0.00047122,-2,1,151
4.7793,3.6085,-0.0065185,0.00047122,-2,1,151
-4.0541,-2.6516,3.9935,0.00047122,1,0,151
-4.2778,-3.4088,-0.0065185,0.00047122,-2,0,151
3.6444,-1.7821,-0.0065185,0.00047122,1,1,151
1.9309,1.3262,-0.0065185,0.00047122,-2,1,151
-1.208,-1.1946,-0.0065185,0.00047122,-2,0,151
-2.6955,-1.4594,-0.0065185,0.00047122,-2,0,151
4.4495,3.0179,-0.0065185,0.00047122,-2,1,151
-3.7738,-0.70461,3.9935,0.00047122,1,0,151
-6.0395,-4.9821,-0.0065185,0.00047122,-2,0,151
-4.8829,-3.9821,-0.0065185,0.00047122,-2,0,151
-0.24123,-2.4386,-0.0065185,0.00047122,-2,0,151
0.85447,1.4648,-0.0065185,0.00047122,-2,1,151
-1.718,-1.7569,-0.0065185,0.00047122,-2,0,151
-1.3814,1.482,-0.0065185,0.00047122,-2,0,151
1.7045,0.43558,-0.0065185,0.00047122,-2,1,151
0.55947,2.632,-0.0065185,0.00047122,-2,1,151
-1.2955,-1.2821,-0.0065185,0.00047122,-2,1,151
0.44947,-0.98211,-0.0065185,0.00047122,-2,1,151
-0.76728,-1.9821,-0.0065185,0.00047122,-2,0,151
1.3045,2.2636,-0.0065185,0.00047122,-2,1,151
0.45447,2.1305,-0.0065185,0.00047122,-2,0,151
-0.16303,1.2636,-0.0065185,0.00047122,-2,1,151
0.14685,0.16026,1.9935,0.00047122,1,1,151
4.5705,4.5839,-0.0065185,0.00047122,-2,1,151
-5.3266,-5.4271,-0.0065185,0.00047122,-2,0,151
5.1359,5.1493,-0.0065185,0.00047122,-2,1,151
-4.9573,-5.0261,-0.0065185,0.00047122,-2,0,151
-2.813,-2.8695,-0.0065185,0.00047122,-2,0,151
-3.4588,-3.4453,-0.0065185,0.00047122,-2,1,152
3.5545,2.5679,-0.0065185,0.00047122,-2,1,152
4.8545,0.63201,-0.0065185,0.00047122,-2,1,152
4.727,3.4179,-0.0065185,0.00047122,-2,1,152
4.6186,3.4179,-0.0065185,0.00047122,-2,1,152
5.5265,5.0179,-0.0065185,0.00047122,-2,1,152
4.4482,4.4616,-0.0065185,0.00047122,-2,1,152
-4.3727,-2.8158,-0.0065185,0.00047122,-2,0,152
4.3251,4.0179,-0.0065185,0.00047122,-2,1,152
-3.268,-3.2546,-0.0065185,0.00047122,-2,0,152
-0.22714,-0.21373,-0.0065185,0.00047122,-2,1,152
5.0045,5.0179,-0.0065185,0.00047122,-2,1,152
-4.2455,0.017889,3.9935,0.00047122,1,0,152
3.0045,-3.3821,-0.0065185,0.00047122,-2,1,152
-0.99553,-2.5321,-0.0065185,0.00047122,-2,1,152
2.8545,2.8679,-0.0065185,0.00047122,-2,1,152
0.30447,-0.89802,-0.0065185,0.00047122,-2,1,152
-3.6955,-0.23711,-0.0065185,0.00047122,-2,0,152
3.1495,3.1629,2.9935,0.00047122,1,1,152
1.7762,-3.7604,-0.0065185,0.00047122,-2,1,152
1.4545,-3.4938,-0.0065185,0.00047122,-2,1,152
-1.3955,-5.2245,-0.0065185,0.00047122,-2,0,152
-0.10553,-3.677,-0.0065185,0.00047122,-2,1,152
-0.089027,-2.0177,-4.0065,0.00047122,1,1,152
1.0925,1.1059,-0.0065185,0.00047122,-2,1,152
-0.22071,-0.20729,-0.0065185,0.00047122,-2,1,152
-2.4869,-4.3448,-0.0065185,0.00047122,-2,0,152
-2.3955,-2.3821,-0.0065185,0.00047122,-2,0,152
-3.8855,-3.8721,-0.0065185,0.00047122,-2,0,152
-5.452,-5.4386,-0.0065185,0.00047122,-2,0,152
4.6425,0.5127,-2.0065,0.00047122,1,1,152
-3.7703,-0.056933,-0.0065185,0.00047122,-2,0,152
5.5131,2.6444,-0.0065185,0.00047122,-2,1,152
-5.2778,-5.2644,-0.0065185,0.00047122,-2,0,152
-3.0855,-3.5415,-0.0065185,0.00047122,-2,0,152
-4.922,-4.9086,-0.0065185,0.00047122,-2,0,152
3.792,1.9465,-0.0065185,0.00047122,-2,1,152
-4.6649,-2.9432,-0.0065185,0.00047122,-2,0,152
-5.5645,-5.3315,-0.0065185,0.00047122,-2,0,152
-4.7291,-3.3557,3.9935,0.00047122,1,0,152
0.59339,3.0068,-0.0065185,0.00047122,-2,1,152
3.8545,5.9079,-0.0065185,0.00047122,-2,1,152
-4.718,-0.52221,-0.0065185,0.00047122,-2,0,152
4.0186,4.032,-4.0065,0.00047122,1,1,152
-3.5175,2.8959,-0.0065185,0.00047122,-2,0,152
-2.4392,-2.4258,-0.0065185,0.00047122,-2,0,152
2.0816,3.4677,-2.0065,0.00047122,1,1,152
-0.67495,-0.66153,-0.0065185,0.00047122,-2,0,152
-1.1455,-0.53711,-0.0065185,0.00047122,-2,0,152
0.98197,0.99539,2.9935,0.00047122,1,1,152
5.4495,3.2373,-0.0065185,0.00047122,-2,1,152
-5.2238,-5.2104,-0.0065185,0.00047122,-2,0,152
4.0485,3.9519,-0.0065185,0.00047122,-2,1,152
4.8919,2.979,-0.0065185,0.00047122,-2,1,152
1.7588,3.7673,-0.0065185,0.00047122,-2,0,152
3.8545,3.8679,-0.0065185,0.00047122,-2,1,152
3.277,3.0194,2.9935,0.00047122,1,1,152
-6.163,-2.9953,-0.0065185,0.00047122,-2,0,152
-3.8379,-2.3759,-0.0065185,0.00047122,-2,0,152
-3.5615,-2.3168,-0.0065185,0.00047122,-2,0,152
2.3356,3.8055,-0.0065185,0.00047122,-2,0,152
4.1545,-1.0739,-0.0065185,0.00047122,-2,1,152
-2.273,-3.5096,-0.0065185,0.00047122,-2,0,152
1.9403,1.9538,3.9935,0.00047122,1,1,152
-3.4735,-2.6998,-0.0065185,0.00047122,-2,0,152
2.9608,-3.4258,-0.0065185,-2.9995,-1,1,152
2.6273,2.6407,-0.0065185,0.00047122,-2,1,152
1.6839,1.6973,-0.0065185,0.00047122,-2,1,152
-2.723,-2.3127,-0.0065185,0.00047122,-2,0,152
-2.3139,-1.2591,3.9935,0.00047122,1,0,152
-3.7987,-3.7852,-0.0065185,0.00047122,-2,0,152
3.8371,-3.0395,-0.0065185,0.00047122,-2,0,152
-3.3955,-3.0327,-0.0065185,0.00047122,-2,0,152
-3.9955,-3.9821,-0.0065185,0.00047122,-2,0,152
3.4045,-1.7569,-3.0065,0.00047122,1,1,152
-3.9955,-3.7675,-0.0065185,0.00047122,-2,0,152
-3.9955,2.3678,-0.0065185,0.00047122,-2,0,152
3.0045,3.4179,-0.0065185,0.00047122,-2,1,152
2.0045,2.0179,-0.0065185,0.00047122,-2,1,152
-1.9955,-1.8701,-0.0065185,0.00047122,-2,0,152
-1.6955,-1.8245,-3.0065,0.00047122,1,0,152
3.0045,2.5679,-0.0065185,0.00047122,-2,1,152
-3.9955,-3.9133,-0.0065185,0.00047122,-2,0,152
3.4045,2.0179,-0.0065185,2.0005,-1,1,152
-3.9955,-3.9324,-0.0065185,0.00047122,-2,0,152
-3.3955,-3.9399,-0.0065185,-3.9995,-1,0,152
-1.9955,-1.2773,-0.0065185,0.00047122,-2,1,152
-1.6955,-1.1136,3.9935,0.00047122,1,0,152
-4.9955,1.9729,-0.0065185,0.00047122,-2,0,152
3.0045,3.0179,-0.0065185,0.00047122,-2,1,152
-4.9955,-2.5256,-0.0065185,0.00047122,-2,0,152
5.0045,5.0179,-0.0065185,0.00047122,-2,1,152
-4.2455,-0.81732,2.9935,0.00047122,1,0,152
2.0045,3.5265,-0.0065185,0.00047122,-2,1,152
-2.6955,-2.1496,-0.0065185,0.00047122,-2,0,152
1.4495,2.3129,-0.0065185,0.00047122,-2,0,152
-1.2238,-1.5481,2.9935,0.00047122,1,0,152
-3.0395,-3.3132,-0.0065185,0.00047122,-2,0,152
-0.10812,-3.1496,-0.0065185,0.00047122,-2,0,152
0.15447,1.4233,-0.0065185,0.00047122,-2,1,152
-1.1455,0.14539,-0.0065185,0.00047122,-2,0,152
0.70447,-0.062837,-0.0065185,0.00047122,-2,0,152
-2.1455,-0.57711,-0.0065185,0.00047122,-2,0,152
1.832,2.0659,-4.0065,0.00047122,1,1,152
0.83697,1.9739,-0.0065185,0.00047122,-2,1,152
4.5545,4.5679,-0.0065185,0.00047122,-2,1,152
5.172,0.90837,-0.0065185,0.00047122,-2,1,152
-4.8379,-4.8245,-0.0065185,0.00047122,-2,0,152
1.5705,3.7514,-0.0065185,0.00047122,-2,1,152
1.3356,1.5265,-4.0065,0.00047122,1,1,152
2.873,2.8864,-0.0065185,0.00047122,-2,1,152
4.4045,4.4179,-0.0065185,0.00047122,-2,1,152
4.8945,4.9079,-0.0065185,0.00047122,-2,1,152
-0.45203,-0.070136,-0.0065185,0.00047122,-2,1,152
0.3925,0.40591,-3.0065,0.00047122,1,0,152
1.4495,0.58686,-0.0065185,0.00047122,-2,0,152
-3.9955,-1.8146,-0.0065185,0.00047122,-2,0,152
3.0045,-1.0261,-0.0065185,0.00047122,-2,1,152
-2.9955,-2.5321,-0.0065185,0.00047122,-2,0,152
-3.9955,-3.9821,-0.0065185,0.00047122,-2,0,152
-3.9955,-1.0182,-0.0065185,0.00047122,-2,0,152
-3.9955,-3.3821,-0.0065185,0.00047122,-2,0,152
3.4045,3.4179,4.9935,0.00047122,1,1,152
-2.9955,-2.2873,-0.0065185,0.00047122,-2,0,152
-3.9955,-3.3915,-0.0065185,0.00047122,-2,0,152
3.0045,3.0179,-0.0065185,0.00047122,-2,1,152
-2.5455,-2.1654,-3.0065,0.00047122,1,0,152
-2.9955,-2.6194,-0.0065185,0.00047122,-2,0,152
-3.9955,-1.8413,-0.0065185,0.00047122,-2,0,152
-2.9955,-3.12,-0.0065185,0.00047122,-2,0,152
-2.5455,-2.3094,2.9935,0.00047122,1,0,152
-2.9955,-2.7928,-0.0065185,0.00047122,-2,0,152
-0.99553,-0.82117,-0.0065185,0.00047122,-2,1,152
3.8545,0.86789,-0.0065185,0.00047122,-2,1,152
-0.54553,1.5839,-0.0065185,0.00047122,-2,0,152
-2.163,-2.1496,-0.0065185,0.00047122,-2,0,152
2.1621,2.1755,-0.0065185,0.00047122,-2,1,152
0.40447,0.41789,-0.0065185,0.00047122,-2,1,152
0.34447,2.9079,-4.0065,0.00047122,1,1,152
-2.452,-0.86952,-0.0065185,0.00047122,-2,0,152
0.092498,0.10591,-0.0065185,0.00047122,-2,0,152
-1.2955,1.0767,-0.0065185,0.00047122,-2,0,152
-1.4455,-1.4321,-0.0065185,0.00047122,-2,0,152
1.237,2.9547,-3.0065,0.00047122,1,1,152
0.11447,-0.32211,-0.0065185,0.00047122,-2,0,152
-0.45203,-0.43861,-0.0065185,0.00047122,-2,1,152
5.7045,0.62793,-0.0065185,0.00047122,-2,1,152
-4.8405,-5.2245,3.9935,0.00047122,1,0,152
6.2327,-1.8161,-0.0065185,0.00047122,-2,1,152
3.0485,3.349,-0.0065185,0.00047122,-2,1,152
3.8919,4.1493,-0.0065185,0.00047122,-2,1,152
4.7588,4.7722,-0.0065185,0.00047122,-2,1,152
4.6456,3.2691,-0.0065185,0.00047122,-2,1,152
-2.5405,-2.677,-0.0065185,0.00047122,-2,0,152
2.1677,3.3711,2.9935,0.00047122,1,1,152
2.3982,2.5199,-0.0065185,0.00047122,-2,1,152
-2.3302,-2.5763,-0.0065185,0.00047122,-2,0,152
4.289,2.0806,-0.0065185,0.00047122,-2,1,152
-1.2373,-3.6904,-0.0065185,0.00047122,-2,0,152
2.21,1.13,-0.0065185,0.00047122,-2,1,152
-0.82082,-0.8074,-0.0065185,0.00047122,-2,0,152
3.1545,3.1679,-0.0065185,0.00047122,-2,1,152
1.4045,4.6461,-0.0065185,0.00047122,-2,1,152
-0.10553,-1.5453,-0.0065185,0.00047122,-2,1,152
1.548,2.4516,-0.0065185,0.00047122,-2,0,152
-2.0836,-0.080948,-0.0065185,0.00047122,-2,1,152
1.0045,-1.8721,-0.0065185,0.00047122,-2,0,152
2.0045,-0.93001,-0.0065185,0.00047122,-2,1,152
5.7045,1.3002,-0.0065185,0.00047122,-2,1,152
4.8495,4.5079,4.9935,0.00047122,1,1,152
1.7762,-5.4604,-0.0065185,0.00047122,-2,1,152
-1.5455,4.4179,-0.0065185,0.00047122,-2,0,152
-3.163,2.0885,-0.0065185,0.00047122,-2,0,152
-5.8379,-5.8245,-0.0065185,0.00047122,-2,0,152
-4.5615,-0.93401,-0.0065185,0.00047122,-2,0,152
0.50244,2.6234,-0.0065185,0.00047122,-2,1,153
0.57775,0.59116,-0.0065185,0.00047122,-2,1,153
0.64176,0.37767,-0.0065185,0.00047122,-2,1,153
-2.3038,0.69318,-0.0065185,0.00047122,-2,1,153
3.2665,1.8664,-0.0065185,0.00047122,-2,1,153
5.5545,4.4629,-0.0065185,0.00047122,-2,1,153
2.172,1.2461,-0.0065185,0.00047122,-2,1,153
0.1621,0.17551,-0.0065185,0.00047122,-2,1,153
-1.2955,-1.0063,-0.0065185,0.00047122,-2,0,153
-1.1005,-1.0871,-4.0065,0.00047122,1,0,153
0.83697,-4.0233,-0.0065185,0.00047122,-2,1,153
-0.54553,-0.53211,-0.0065185,0.00047122,-2,0,153
0.47197,0.61937,4.9935,0.00047122,1,1,153
1.1621,-6.0745,-0.0065185,0.00047122,-2,1,153
-0.54553,1.8556,-0.0065185,0.00047122,-2,1,153
1.7045,-0.44961,-0.0065185,0.00047122,-2,1,153
0.55947,-1.4271,-0.0065185,0.00047122,-2,1,153
2.3045,-1.0721,-0.0065185,0.00047122,-2,1,153
1.9595,1.9729,3.9935,0.00047122,1,0,153
1.7762,-1.9979,-0.0065185,0.00047122,-2,1,153
-0.44553,-0.43211,-0.0065185,0.00047122,-2,0,153
2.5545,-2.4386,-0.0065185,0.00047122,-2,1,153
-0.16303,-2.6332,-0.0065185,0.00047122,-2,1,153
0.14685,-3.4569,-4.0065,0.00047122,1,0,153
-0.55053,3.0685,-0.0065185,0.00047122,-2,1,153
0.23272,-1.9791,-0.0065185,0.00047122,-2,0,153
2.1545,1.5729,-0.0065185,0.00047122,-2,0,153
-0.71803,-1.2104,-0.0065185,0.00047122,-2,1,153
-1.9955,-1.9821,-0.0065185,0.00047122,-2,0,153
3.7045,1.0767,-0.0065185,0.00047122,-2,1,153
-3.1405,-3.1271,-5.0065,0.00047122,1,0,153
-2.2238,-4.6093,-0.0065185,0.00047122,-2,0,153
-0.03954,0.69731,-0.0065185,0.00047122,-2,1,153
1.1545,0.055299,-0.0065185,0.00047122,-2,1,153
-0.97303,-2.2962,-4.0065,0.00047122,1,1,153
-1.3814,-5.3821,-0.0065185,0.00047122,-2,0,153
-1.2955,-2.4371,-0.0065185,0.00047122,-2,0,153
-1.4455,-4.3593,-0.0065185,0.00047122,-2,1,153
-0.82803,0.95714,-0.0065185,0.00047122,-2,0,153
-0.70315,-1.2986,-5.0065,0.00047122,1,1,153
-1.4295,-7.2321,-0.0065185,0.00047122,-2,0,153
-1.5455,-2.0214,-0.0065185,0.00047122,-2,0,153
-2.163,-1.2996,-0.0065185,0.00047122,-2,0,153
-1.8379,-1.3132,-5.0065,0.00047122,1,0,153
4.5705,5.3993,-0.0065185,0.00047122,-2,1,153
6.3356,5.9796,-0.0065185,0.00047122,-2,1,153
-4.127,-4.1136,-0.0065185,0.00047122,-2,0,153
-5.9573,-2.5193,-0.0065185,0.00047122,-2,0,153
-4.813,-5.0496,-0.0065185,0.00047122,-2,0,153
-4.0904,-4.077,-5.0065,0.00047122,1,0,153
4.5951,4.6946,-0.0065185,0.00047122,-2,1,153
-4.4976,-3.7448,-0.0065185,0.00047122,-2,0,153
-2.4223,-2.2904,-0.0065185,0.00047122,-2,0,153
3.3672,3.17,-0.0065185,0.00047122,-2,1,153
-1.3038,-2.7549,-0.0065185,0.00047122,-2,0,153
-0.73346,1.0572,-0.0065185,0.00047122,-2,0,153
0.63172,-0.92736,4.9935,0.00047122,1,1,153
4.727,4.7404,-0.0065185,0.00047122,-2,1,153
-3.6097,-3.0726,-0.0065185,0.00047122,-2,0,153
3.5265,2.1242,-0.0065185,0.00047122,-2,1,153
-3.4392,-2.155,-0.0065185,0.00047122,-2,0,153
-1.3727,-0.66153,-0.0065185,0.00047122,-2,1,153
-3.1455,2.506,-0.0065185,0.00047122,-2,0,153
2.682,2.6954,-4.0065,0.00047122,1,0,153
1.1145,-1.3061,-0.0065185,0.00047122,-2,1,153
-0.45203,4.9079,-0.0065185,0.00047122,-2,1,153
1.0925,-0.78409,-0.0065185,0.00047122,-2,0,153
-3.7703,-0.90693,-0.0065185,0.00047122,-2,0,153
-4.6955,-2.2596,-0.0065185,0.00047122,-2,0,153
-3.9905,2.1406,1.9935,0.00047122,1,1,153
-1.828,-0.45386,-0.0065185,0.00047122,-2,0,153
1.1621,4.8629,-0.0065185,0.00047122,-2,1,153
-2.5615,0.24614,-0.0065185,0.00047122,-2,0,153
-0.84553,2.9729,-0.0065185,0.00047122,-2,0,153
0.72697,-1.8245,-4.0065,0.00047122,1,0,153
2.0045,2.0179,-0.0065185,0.00047122,-2,0,153
3.0045,3.0179,-0.0065185,0.00047122,-2,1,153
-4.5455,2.0307,-0.0065185,0.00047122,-2,0,153
4.172,3.8854,-0.0065185,0.00047122,-2,1,153
-0.8379,-3.5245,-0.0065185,0.00047122,-2,1,153
-0.71155,0.5954,-2.0065,0.00047122,1,0,153
1.3356,1.7179,-0.0065185,0.00047122,-2,0,153
4.0045,-1.223,-0.0065185,0.00047122,-2,1,153
5.0045,5.0179,-0.0065185,0.00047122,-2,1,153
-1.9955,-2.8721,-0.0065185,0.00047122,-2,0,153
4.0045,3.3767,-0.0065185,0.00047122,-2,1,153
-1.9955,-1.9821,-0.0065185,0.00047122,-2,0,153
1.7045,1.2461,-2.0065,0.00047122,1,0,153
-5.4405,-2.2821,-0.0065185,0.00047122,-2,1,153
-4.2238,-1.5371,-0.0065185,0.00047122,-2,0,153
-0.44553,-3.2666,-0.0065185,0.00047122,-2,1,153
-0.82803,2.8265,-0.0065185,0.00047122,-2,0,153
-0.70315,0.35733,3.9935,0.00047122,1,0,153
-4.163,-4.1496,-0.0065185,0.00047122,-2,0,153
-4.8379,-4.8245,-0.0065185,0.00047122,-2,0,153
-3.5615,-3.5481,-0.0065185,0.00047122,-2,0,153
-3.0266,2.3904,3.9935,0.00047122,1,0,153
2.1359,2.1493,-0.0065185,0.00047122,-2,1,153
-2.9573,1.9462,-0.0065185,0.00047122,-2,0,153
2.8219,2.5354,-0.0065185,0.00047122,-2,0,153
-4.6955,-1.2786,-0.0065185,0.00047122,-2,0,153
-3.5455,-0.85588,-0.0065185,0.00047122,-2,0,153
-0.16303,-3.3779,-0.0065185,0.00047122,-2,1,153
-0.1379,1.8091,-4.0065,0.00047122,1,0,153
0.43845,-4.2695,-0.0065185,0.00047122,-2,1,153
-1.6955,-1.6821,-0.0065185,0.00047122,-2,0,153
-2.4405,-2.4271,-0.0065185,0.00047122,-2,0,153
-0.22378,-0.21036,-0.0065185,0.00047122,-2,1,153
2.1545,3.0584,-0.0065185,0.00047122,-2,0,153
1.832,-1.0984,3.9935,0.00047122,1,0,153
1.3903,3.4471,-0.0065185,0.00047122,-2,0,153
2.4825,1.1959,-0.0065185,0.00047122,-2,1,153
-0.44553,-1.5371,-0.0065185,0.00047122,-2,0,153
1.4545,4.0358,-0.0065185,0.00047122,-2,1,153
-1.228,0.34301,3.9935,0.00047122,1,1,153
0.1621,-0.49211,-0.0065185,0.00047122,-2,1,153
-4.6955,-0.11609,-0.0065185,0.00047122,-2,0,153
6.4495,7.1059,-0.0065185,0.00047122,-2,1,153
6.2327,3.4136,-0.0065185,0.00047122,-2,1,153
3.0485,3.0619,-0.0065185,0.00047122,-2,1,153
2.8919,2.9053,-0.0065185,0.00047122,-2,1,153
4.7588,4.1785,-0.0065185,0.00047122,-2,1,153
4.0456,4.059,2.9935,0.00047122,1,1,153
4.5495,4.8054,-0.0065185,0.00047122,-2,1,153
-4.4588,-2.6128,-0.0065185,0.00047122,-2,0,153
-4.3893,-4.3759,-0.0065185,0.00047122,-2,0,153
3.7392,3.2426,-3.0065,0.00047122,1,0,153
0.89447,2.8855,-0.0065185,0.00047122,-2,0,153
0.54797,3.8854,-0.0065185,0.00047122,-2,1,153
-0.9075,-1.2073,-0.0065185,0.00047122,-2,1,153
0.77965,4.1339,3.9935,0.00047122,1,1,153
-0.48693,-3.1556,-0.0065185,0.00047122,-2,0,153
1.2868,-4.5721,-0.0065185,0.00047122,-2,0,153
3.0944,-2.4386,-0.0065185,0.00047122,-2,1,153
-5.6955,-0.86464,-0.0065185,0.00047122,-2,0,153
-4.8405,-0.42711,-0.0065185,1.0005,-1,0,153
4.1227,2.9079,-1.0065,0.00047122,1,1,153
-5.0395,-0.17612,-0.0065185,0.00047122,-2,0,153
4.2919,4.3053,-3.0065,0.00047122,1,0,153
1.8945,1.9079,-0.0065185,0.00047122,-2,0,153
2.461,-2.1496,-0.0065185,0.00047122,-2,1,153
2.0045,2.0179,-0.0065185,0.00047122,-2,1,153
-1.6955,1.7927,-0.0065185,0.00047122,-2,1,153
-1.4405,-1.4271,4.9935,0.00047122,1,0,153
-2.2238,-2.2104,-0.0065185,0.00047122,-2,0,153
0.96046,0.97388,-0.0065185,0.00047122,-2,1,153
1.3045,3.0179,-0.0065185,0.00047122,-2,0,153
-1.1005,2.6279,-2.0065,0.00047122,1,1,153
0.23272,-0.98211,-0.0065185,0.00047122,-2,0,153
3.1545,0.2119,-0.0065185,0.00047122,-2,1,153
5.4045,-0.32295,-0.0065185,0.00047122,-2,1,153
3.8945,4.6079,-0.0065185,0.00047122,-2,1,153
4.461,2.659,-0.0065185,0.00047122,-2,1,153
2.0925,0.56287,-0.0065185,0.00047122,-2,1,153
-1.7703,-2.3711,1.9935,0.00047122,1,0,153
3.5131,2.4116,-0.0065185,0.00047122,-2,1,153
2.2868,1.3526,-0.0065185,0.00047122,-2,1,153
2.0944,-0.92588,-0.0065185,0.00047122,-2,1,153
1.9309,1.9444,-0.0065185,0.00047122,-2,1,153
-5.783,-1.4921,-0.0065185,0.00047122,-2,1,153
-1.2455,2.4038,-0.0065185,0.00047122,-2,1,153
0.61697,0.63039,-0.0065185,0.00047122,-2,0,153
1.0751,3.2147,-0.0065185,0.00047122,-2,0,153
-1.3855,-3.605,-0.0065185,0.00047122,-2,0,153
-1.777,-1.7636,-0.0065185,0.00047122,-2,0,153
-1.1098,-1.0964,-0.0065185,0.00047122,-2,0,153
-1.3926,-1.3792,-0.0065185,0.00047122,-2,0,153
0.64202,0.70842,-0.0065185,0.00047122,-2,1,153
-0.83744,-0.52403,-0.0065185,0.00047122,-2,0,153
0.7201,1.5756,3.9935,0.00047122,1,1,153
0.84119,0.8546,-0.0065185,0.00047122,-2,0,153
0.29326,0.91512,-0.0065185,0.00047122,-2,1,153
0.609,-2.3513,-0.0065185,0.00047122,-2,1,153
1.0045,-1.0701,-0.0065185,0.00047122,-2,1,153
2.0045,0.45466,-0.0065185,0.00047122,-2,1,153
2.3128,1.7209,-0.0065185,0.00047122,-2,1,154
-0.25759,-0.24417,-0.0065185,0.00047122,-2,0,154
-1.7728,0.68435,-0.0065185,0.00047122,-2,0,154
-6.6955,-4.605,-0.0065185,0.00047122,-2,0,154
4.4495,4.4629,-0.0065185,0.00047122,-2,1,154
2.2327,2.2461,-0.0065185,0.00047122,-2,1,154
3.0485,3.0619,-0.0065185,0.00047122,-2,1,154
-3.8829,-0.96473,-0.0065185,0.00047122,-2,0,154
-0.74983,-2.3648,-0.0065185,0.00047122,-2,0,154
1.6456,1.659,-0.0065185,0.00047122,-2,1,154
-0.54051,0.13879,-0.0065185,0.00047122,-2,1,154
5.0045,5.0179,-0.0065185,0.00047122,-2,1,154
-4.2455,0.41164,-3.0065,0.00047122,1,0,154
3.0045,2.5679,-0.0065185,0.00047122,-2,1,154
4.0045,4.0179,-0.0065185,0.00047122,-2,1,154
5.0045,5.0179,-0.0065185,0.00047122,-2,1,154
3.0045,1.8603,-0.0065185,0.00047122,-2,1,154
-3.9955,-3.9821,-0.0065185,0.00047122,-2,0,154
3.4045,2.1854,3.9935,0.00047122,1,1,154
3.0045,3.0179,-0.0065185,0.00047122,-2,1,154
5.0045,5.0179,-0.0065185,0.00047122,-2,1,154
-1.9955,-2.4386,-0.0065185,0.00047122,-2,0,154
-2.9955,-2.9821,-0.0065185,0.00047122,-2,0,154
2.5545,1.4629,-2.0065,0.00047122,1,1,154
0.0044729,0.017889,-0.0065185,0.00047122,-2,1,154
1.0045,-1.4271,-0.0065185,0.00047122,-2,1,154
-1.9955,0.86789,-0.0065185,0.00047122,-2,0,154
-1.6955,0.74039,-0.0065185,0.00047122,-2,0,154
-3.4405,-1.4271,-0.0065185,0.00047122,-2,0,154
-2.2238,-2.2104,-0.0065185,0.00047122,-2,0,154
1.8985,2.5069,-3.0065,0.00047122,1,1,154
2.1171,1.6805,-0.0065185,0.00047122,-2,1,154
-0.44553,2.8885,-0.0065185,0.00047122,-2,0,154
0.55447,0.56789,-0.0065185,0.00047122,-2,1,154
-2.163,0.24951,-0.0065185,0.00047122,-2,0,154
-3.8379,1.5459,-0.0065185,0.00047122,-2,0,154
-3.5615,-3.5481,-0.0065185,0.00047122,-2,0,154
-6.3266,-4.8399,-0.0065185,0.00047122,-2,0,154
-5.127,-3.8612,-0.0065185,0.00047122,-2,0,154
4.3662,2.0236,2.9935,0.00047122,1,1,154
1.8219,1.8354,-0.0065185,0.00047122,-2,1,154
0.69932,0.71274,-0.0065185,0.00047122,-2,1,154
-1.5862,-0.919,-0.0065185,0.00047122,-2,0,154
-1.3476,-2.0502,-4.0065,0.00047122,1,0,154
-1.4223,-3.3365,-0.0065185,0.00047122,-2,0,154
1.3672,1.3806,-0.0065185,0.00047122,-2,1,154
-3.3038,-0.67167,-0.0065185,0.00047122,-2,0,154
1.2665,2.83,-0.0065185,0.00047122,-2,1,154
0.78172,1.0417,-0.0065185,0.00047122,-2,0,154
0.66513,-0.68438,-5.0065,0.00047122,1,0,154
2.8435,2.8569,-0.0065185,0.00047122,-2,1,154
-1.5455,4.6304,-0.0065185,0.00047122,-2,0,154
0.83697,6.0885,-0.0065185,0.00047122,-2,1,154
0.55447,0.56789,-0.0065185,0.00047122,-2,0,154
0.70447,0.58391,-0.0065185,0.00047122,-2,0,154
-3.1455,-0.57711,-0.0065185,0.00047122,-2,1,154
2.682,3.4244,-4.0065,0.00047122,1,0,154
2.3903,-3.3766,-0.0065185,0.00047122,-2,1,154
2.5545,2.0459,-0.0065185,0.00047122,-2,1,154
3.172,2.1854,-0.0065185,0.00047122,-2,1,154
-2.8379,1.2559,-0.0065185,0.00047122,-2,0,154
0.43845,3.7927,-0.0065185,0.00047122,-2,0,154
2.6734,5.5265,-0.0065185,0.00047122,-2,1,154
-2.2641,-2.2507,3.9935,0.00047122,1,0,154
0.11447,3.9399,-0.0065185,0.00047122,-2,1,154
0.55447,0.56789,-0.0065185,0.00047122,-2,0,154
1.3045,0.77439,-0.0065185,0.00047122,-2,1,154
-1.4455,0.79307,-0.0065185,0.00047122,-2,0,154
2.4045,-0.24833,-0.0065185,0.00047122,-2,1,154
-2.0355,-0.41442,3.9935,0.00047122,1,1,154
2.282,-0.38211,-0.0065185,0.00047122,-2,1,154
-3.5455,-3.0701,-0.0065185,0.00047122,-2,0,154
-4.163,-3.7569,-0.0065185,0.00047122,-2,0,154
2.8468,2.8603,-0.0065185,0.00047122,-2,1,154
-2.4115,-1.171,3.9935,0.00047122,1,0,154
-3.3266,-3.3132,-0.0065185,0.00047122,-2,0,154
5.1359,-1.7407,-0.0065185,0.00047122,-2,1,154
4.9662,4.9796,-0.0065185,0.00047122,-2,1,154
-5.813,-5.6515,-0.0065185,0.00047122,-2,0,154
-3.6904,-3.5511,-0.0065185,0.00047122,-2,0,154
-3.1362,-2.5538,-4.0065,0.00047122,1,0,154
-2.4976,-2.4841,-0.0065185,0.00047122,-2,0,154
2.1312,3.3346,0.99348,0.00047122,1,1,154
-2.6328,-2.6194,-0.0065185,0.00047122,-2,0,154
-2.5455,-2.5321,-0.0065185,0.00047122,-2,0,154
-5.163,-5.1496,-0.0065185,0.00047122,-2,0,154
5.8468,3.4959,-0.0065185,0.00047122,-2,1,154
4.9705,-0.58085,-4.0065,0.00047122,1,1,154
0.33559,0.349,-0.0065185,0.00047122,-2,1,154
-2.127,1.7764,-0.0065185,0.00047122,-2,0,154
0.042742,0.056157,-0.0065185,0.00047122,-2,0,154
-1.1781,0.50877,-0.0065185,0.00047122,-2,0,154
1.0096,1.023,-4.0065,0.00047122,1,1,154
-1.5505,-1.5371,-0.0065185,0.00047122,-2,1,154
-0.22378,1.4616,-0.0065185,0.00047122,-2,1,154
0.85447,0.86789,-0.0065185,0.00047122,-2,1,154
-0.71803,0.1828,2.9935,0.00047122,1,0,154
4.6186,-1.918,-0.0065185,0.00047122,-2,1,154
3.5265,3.5399,-0.0065185,0.00047122,-2,1,154
3.4482,3.4616,-0.0065185,0.00047122,-2,1,154
-3.3727,-2.8158,-0.0065185,0.00047122,-2,1,154
4.5545,3.4944,-0.0065185,0.00047122,-2,1,154
0.70447,0.71789,-0.0065185,0.00047122,-2,0,154
0.59947,-0.16274,-5.0065,0.00047122,1,0,154
2.282,-4.9546,-0.0065185,0.00047122,-2,0,154
-0.60965,1.9538,-0.0065185,0.00047122,-2,0,154
-2.5175,-0.50412,-0.0065185,0.00047122,-2,0,154
-2.4392,-2.4258,-0.0065185,0.00047122,-2,0,154
-4.3727,-0.75774,-0.0065185,0.00047122,-2,0,154
3.7251,2.8489,4.9935,0.00047122,1,1,154
3.277,2.5343,-0.0065185,0.00047122,-2,1,154
-0.22714,-0.21373,-0.0065185,0.00047122,-2,0,154
2.8076,2.821,-0.0065185,0.00047122,-2,0,154
2.8371,-2.7595,-0.0065185,0.00047122,-2,1,154
-2.4033,-2.7846,2.9935,0.00047122,1,0,154
-5.163,-5.1496,-0.0065185,0.00047122,-2,0,154
-3.8379,-3.8245,-0.0065185,0.00047122,-2,0,154
-1.4295,-3.1869,-0.0065185,0.00047122,-2,0,154
1.4545,-0.21701,-0.0065185,0.00047122,-2,0,154
1.837,1.2504,-0.0065185,0.00047122,-2,1,154
1.4045,0.90789,-0.0065185,0.00047122,-2,1,154
-0.88553,-0.87211,-0.0065185,0.00047122,-2,1,154
0.76097,0.40591,-5.0065,0.00047122,1,0,154
-0.44053,-0.42711,-0.0065185,0.00047122,-2,1,154
-3.1455,-3.1321,-0.0065185,0.00047122,-2,1,154
3.282,7.0885,-0.0065185,0.00047122,-2,0,154
-2.7814,-3.0189,4.9935,0.00047122,1,0,154
0.11447,2.6552,-0.0065185,0.00047122,-2,0,154
-0.45203,4.0741,-0.0065185,0.00047122,-2,1,154
0.70447,-0.60496,-0.0065185,0.00047122,-2,1,154
0.59947,1.2401,4.9935,0.00047122,1,1,154
-1.7673,-1.7539,-0.0065185,0.00047122,-2,0,154
-7.5455,-7.5321,-0.0065185,0.00047122,-2,0,154
-6.163,-1.9527,-0.0065185,0.00047122,-2,0,154
-3.8379,-5.2245,-0.0065185,0.00047122,-2,0,154
2.5705,-1.2006,-0.0065185,0.00047122,-2,1,154
1.3356,-1.8679,-0.0065185,0.00047122,-2,1,154
-2.127,-2.1136,-0.0065185,0.00047122,-2,0,154
-1.8073,0.33633,2.9935,0.00047122,1,1,154
2.727,-0.53211,-0.0065185,0.00047122,-2,1,154
1.7045,1.7179,-0.0065185,0.00047122,-2,1,154
-2.4405,-2.0683,-0.0065185,0.00047122,-2,0,154
2.7762,2.7896,-0.0065185,0.00047122,-2,1,154
2.3605,-1.1313,-4.0065,0.00047122,1,1,154
-0.10553,-0.49211,-0.0065185,0.00047122,-2,0,154
2.5545,3.4299,-0.0065185,0.00047122,-2,1,154
-2.163,-2.1496,-0.0065185,0.00047122,-2,0,154
1.8468,2.1059,2.9935,0.00047122,1,1,154
-1.4295,-1.2073,-0.0065185,0.00047122,-2,0,154
0.55447,-4.1496,-0.0065185,0.00047122,-2,0,154
1.3045,1.3179,-0.0065185,0.00047122,-2,1,154
2.5545,0.89853,-0.0065185,0.00047122,-2,1,154
4.172,2.1854,-0.0065185,0.00047122,-2,1,154
5.8468,3.049,-0.0065185,0.00047122,-2,1,154
-4.9615,-4.5136,3.9935,0.00047122,1,0,154
6.3356,-2.4204,-0.0065185,0.00047122,-2,1,154
-3.127,-5.0496,-0.0065185,0.00047122,-2,0,154
-1.9573,-1.677,-0.0065185,0.00047122,-2,0,154
3.8219,3.8354,-0.0065185,0.00047122,-2,1,154
2.6993,1.7482,-0.0065185,0.00047122,-2,1,154
-0.58615,-2.1088,-0.0065185,0.00047122,-2,0,154
-0.4935,0.51992,-0.0065185,0.00047122,-2,1,154
0.57775,0.55958,-0.0065185,0.00047122,-2,1,154
-1.8455,-0.46939,-0.0065185,0.00047122,-2,0,154
4.727,1.482,-0.0065185,0.00047122,-2,1,154
-4.6097,-3.9962,-0.0065185,0.00047122,-2,0,154
-5.5175,-5.4258,-0.0065185,0.00047122,-2,0,154
-3.4392,-3.3593,-0.0065185,0.00047122,-2,0,154
2.9316,2.795,-1.0065,0.00047122,1,1,154
-2.4836,0.54731,3.9935,0.00047122,1,1,154
-4.8379,0.41789,-0.0065185,0.00047122,-2,0,154
-4.5455,-1.918,-0.0065185,0.00047122,-2,0,154
-6.163,-6.1496,-0.0065185,0.00047122,-2,0,154
5.2468,1.6051,-2.0065,0.00047122,1,1,154
-3.5615,1.597,-0.0065185,0.00047122,-2,0,154
-1.5175,-0.41314,-0.0065185,0.00047122,-2,1,155
-2.8455,-2.8321,-0.0065185,0.00047122,-2,0,155
0.30447,0.31789,-0.0065185,0.00047122,-2,1,155
-0.29553,-1.8687,-0.0065185,0.00047122,-2,1,155
-1.5505,-0.23711,-0.0065185,0.00047122,-2,0,155
-3.5455,-2.4271,-0.0065185,0.00047122,-2,0,155
-1.163,-0.21036,-0.0065185,0.00047122,-2,0,155
-1.1532,1.8794,-0.0065185,0.00047122,-2,0,155
-1.5455,1.7127,-0.0065185,0.00047122,-2,1,155
2.1545,0.85427,-0.0065185,0.00047122,-2,1,155
-0.44553,1.1378,-0.0065185,0.00047122,-2,0,155
0.45447,2.4038,-0.0065185,0.00047122,-2,0,155
-0.37803,-1.3025,4.9935,0.00047122,1,0,155
-1.163,-0.54813,-0.0065185,0.00047122,-2,1,155
-2.1455,-2.1321,-0.0065185,0.00047122,-2,0,155
-4.5455,-4.5321,-0.0065185,0.00047122,-2,0,155
3.172,-1.5921,-0.0065185,0.00047122,-2,1,155
2.8468,-3.1624,-0.0065185,0.00047122,-2,1,155
2.4205,-1.0179,-2.0065,0.00047122,1,0,155
-1.273,-0.351,-0.0065185,0.00047122,-2,0,155
0.6186,-3.1271,-0.0065185,0.00047122,-2,0,155
-0.51753,-0.50412,-0.0065185,0.00047122,-2,1,155
-3.4392,-3.4258,-0.0065185,0.00047122,-2,0,155
2.9316,-0.86952,-4.0065,0.00047122,1,1,155
0.83697,1.2504,-0.0065185,0.00047122,-2,0,155
-2.1532,-3.9821,-0.0065185,0.00047122,-2,0,155
0.60447,0.61789,-0.0065185,0.00047122,-2,1,155
-0.39553,1.6868,-0.0065185,0.00047122,-2,1,155
-1.5455,1.3419,-0.0065185,0.00047122,-2,1,155
-0.14553,0.30689,-0.0065185,0.00047122,-2,0,155
-0.12303,-0.10961,-3.0065,0.00047122,1,0,155
1.727,2.5839,-0.0065185,0.00047122,-2,1,155
-2.6097,-2.5962,-0.0065185,0.00047122,-2,0,155
0.52648,1.1493,-0.0065185,0.00047122,-2,1,155
0.44818,0.97962,-0.0065185,0.00047122,-2,1,155
-1.3727,-1.3593,-0.0065185,0.00047122,-2,0,155
-1.1661,-1.4341,1.9935,0.00047122,1,1,155
4.282,6.7179,-0.0065185,0.00047122,-2,1,155
3.3903,5.4629,-0.0065185,0.00047122,-2,1,155
2.8825,-1.1037,4.9935,0.00047122,1,1,155
1.5608,5.3119,-0.0065185,0.00047122,-2,1,155
-3.6184,-2.5695,-0.0065185,0.00047122,-2,0,155
-4.6749,-5.7364,-0.0065185,0.00047122,-2,0,155
3.982,2.5452,4.9935,0.00047122,1,1,155
3.7729,3.9596,-0.0065185,0.00047122,-2,1,155
4.8076,4.7558,-0.0065185,0.00047122,-2,1,155
0.83713,3.3016,-0.0065185,0.00047122,-2,1,155
-1.8533,-1.1668,-0.0065185,0.00047122,-2,0,155
3.8836,3.8569,-0.0065185,0.00047122,-2,1,155
3.3017,1.3261,-3.0065,0.00047122,1,0,155
-4.8855,2.3623,-0.0065185,0.00047122,-2,0,155
4.7045,1.2366,-0.0065185,0.00047122,-2,1,155
-3.4405,-2.6806,-0.0065185,0.00047122,-2,0,155
2.9327,1.8441,3.9935,0.00047122,1,1,155
1.0485,1.0619,-0.0065185,0.00047122,-2,1,155
-1.1081,3.7953,-0.0065185,0.00047122,-2,1,155
0.25017,0.94037,-0.0065185,0.00047122,-2,1,155
0.85447,0.86789,-0.0065185,0.00047122,-2,1,155
1.727,1.7404,-0.0065185,0.00047122,-2,1,155
-0.60965,-1.0261,-0.0065185,0.00047122,-2,0,155
-0.51753,-0.47577,3.9935,0.00047122,1,0,155
-1.5518,-2.9384,-0.0065185,0.00047122,-2,1,155
2.6273,1.0767,-0.0065185,0.00047122,-2,0,155
1.6839,2.0229,-0.0065185,0.00047122,-2,1,155
0.70447,1.1854,-0.0065185,0.00047122,-2,1,155
2.5595,-1.5929,-0.0065185,0.00047122,-2,1,155
-2.1673,1.0493,2.9935,0.00047122,1,1,155
-0.95151,-0.9381,-0.0065185,0.00047122,-2,0,155
1.3045,0.56139,-0.0065185,0.00047122,-2,1,155
-0.44553,1.1229,-0.0065185,0.00047122,-2,1,155
-0.82803,-0.81461,-0.0065185,0.00047122,-2,0,155
-0.70315,-0.8185,3.9935,0.00047122,1,0,155
-4.163,1.2504,-0.0065185,0.00047122,-2,0,155
-1.8379,-1.8245,-0.0065185,0.00047122,-2,0,155
-1.5615,-2.7582,-0.0065185,0.00047122,-2,0,155
-0.32664,-1.3132,-0.0065185,0.00047122,-2,1,155
-2.1455,-0.093843,-0.0065185,0.00047122,-2,1,155
1.832,1.8454,3.9935,0.00047122,1,1,155
1.172,1.1854,-0.0065185,0.00047122,-2,1,155
-1.1532,-1.1397,-0.0065185,0.00047122,-2,0,155
0.55447,0.11139,-0.0065185,0.00047122,-2,1,155
-0.82803,-0.81461,-0.0065185,0.00047122,-2,0,155
-0.54553,-1.4271,-0.0065185,0.00047122,-2,1,155
1.3045,1.3179,-0.0065185,0.00047122,-2,0,155
-1.1005,-1.8245,-2.0065,0.00047122,1,0,155
-2.163,-0.31988,-0.0065185,0.00047122,-2,0,155
-2.8379,-2.3132,-0.0065185,0.00047122,-2,0,155
-1.5615,-1.2104,-0.0065185,0.00047122,-2,0,155
-2.3266,-1.9438,-0.0065185,0.00047122,-2,0,155
-1.977,-0.79958,-5.0065,0.00047122,1,0,155
-1.0338,-1.2278,-0.0065185,0.00047122,-2,0,155
3.7045,-1.5946,-0.0065185,0.00047122,-2,1,155
5.4495,0.96086,-0.0065185,0.00047122,-2,1,155
4.6327,0.80786,-4.0065,0.00047122,1,1,155
0.048485,-2.3381,-0.0065185,0.00047122,-2,0,155
-1.1455,-1.1321,-0.0065185,0.00047122,-2,0,155
-2.2955,-4.0415,-0.0065185,0.00047122,-2,1,155
2.5595,1.9729,-0.0065185,0.00047122,-2,0,155
-0.76728,-4.5402,-0.0065185,0.00047122,-2,1,155
-0.95151,-2.9665,-0.0065185,0.00047122,-2,1,155
-0.80812,-2.2638,3.9935,0.00047122,1,0,155
-1.4405,4.1722,-0.0065185,0.00047122,-2,0,155
3.2327,3.0619,-0.0065185,0.00047122,-2,1,155
4.0485,3.9053,-0.0065185,0.00047122,-2,1,155
-5.8829,-0.73641,-0.0065185,0.00047122,-2,0,155
-4.7498,-2.4573,-0.0065185,0.00047122,-2,0,155
-4.0367,-3.9271,2.9935,0.00047122,1,1,155
6.8945,1.4679,-0.0065185,0.00047122,-2,1,155
6.4045,6.4179,-0.0065185,0.00047122,-2,1,155
-4.8855,-1.1437,-0.0065185,0.00047122,-2,0,155
-4.452,-4.4386,-0.0065185,0.00047122,-2,0,155
-3.7836,-0.75774,3.9935,0.00047122,1,0,155
1.2297,3.9869,-0.0065185,0.00047122,-2,1,155
4.5545,4.5679,-0.0065185,0.00047122,-2,1,155
2.172,1.1921,-0.0065185,0.00047122,-2,1,155
1.8468,2.1059,-4.0065,0.00047122,1,1,155
4.5705,4.5839,-0.0065185,0.00047122,-2,1,155
-5.3266,1.5768,-0.0065185,0.00047122,-2,0,155
4.1359,4.3002,-0.0065185,0.00047122,-2,1,155
3.5162,3.8696,-2.0065,0.00047122,1,1,155
4.8219,4.8354,-0.0065185,0.00047122,-2,1,155
5.6993,-0.63961,-0.0065185,0.00047122,-2,1,155
-4.5862,-4.5727,-0.0065185,0.00047122,-2,0,155
3.9065,4.1994,2.9935,0.00047122,1,1,155
-4.4223,-2.9588,-0.0065185,0.00047122,-2,0,155
2.3672,2.429,-0.0065185,0.00047122,-2,1,155
0.31278,3.2573,-0.0065185,0.00047122,-2,1,155
2.2665,2.28,-0.0065185,0.00047122,-2,1,155
3.2272,3.2406,-0.0065185,0.00047122,-2,1,155
-4.1849,-0.17145,-0.0065185,0.00047122,-2,0,155
-3.1565,-3.1431,-0.0065185,0.00047122,-2,0,155
2.6913,3.0629,4.9935,0.00047122,1,1,155
-5.1118,-4.3484,-0.0065185,0.00047122,-2,0,155
-4.0944,-4.0809,-0.0065185,0.00047122,-2,0,155
-4.0795,-4.0661,-0.0065185,0.00047122,-2,0,155
-4.0669,-4.0535,-0.0065185,0.00047122,-2,0,155
3.4652,2.6886,4.9935,0.00047122,1,1,155
-2.0471,-4.2837,-0.0065185,0.00047122,-2,0,155
-2.0394,-2.026,-0.0065185,0.00047122,-2,0,155
-1.9583,1.5051,-0.0065185,0.00047122,-2,1,155
-1.6638,-1.6462,-4.0065,0.00047122,1,1,155
0.031405,-3.3516,-0.0065185,0.00047122,-2,0,155
0.0044729,-2.8721,-0.0065185,0.00047122,-2,0,155
-1.9955,-4.4386,-0.0065185,0.00047122,-2,0,155
0.0044729,0.0013491,-0.0065185,0.00047122,-2,1,155
-2.9955,-2.9821,-0.0065185,0.00047122,-2,0,155
-1.4455,-1.4907,-0.0065185,0.00047122,-2,0,155
1.237,1.2504,-3.0065,0.00047122,1,0,155
-1.1532,-0.43211,-0.0065185,0.00047122,-2,0,155
3.5545,1.0019,-0.0065185,0.00047122,-2,1,155
-2.163,-0.76961,-0.0065185,0.00047122,-2,0,155
-0.8379,0.34852,-0.0065185,0.00047122,-2,0,155
1.5705,1.5839,-0.0065185,0.00047122,-2,1,155
-1.6644,-1.651,-0.0065185,0.00047122,-2,0,155
-6.5455,-6.5321,-0.0065185,0.00047122,-2,0,155
2.172,-0.70868,-0.0065185,0.00047122,-2,1,155
1.8468,-0.30269,-0.0065185,0.00047122,-2,1,155
4.5705,1.5839,-0.0065185,0.00047122,-2,1,155
-1.3266,-3.8632,-0.0065185,0.00047122,-2,1,155
-1.9955,-4.1496,-0.0065185,0.00047122,-2,0,155
-0.29553,1.7179,-0.0065185,0.00047122,-2,1,155
-0.44053,0.27289,-0.0065185,0.00047122,-2,0,155
0.38272,-0.95302,-3.0065,0.00047122,1,0,155
-1.273,1.5239,-0.0065185,0.00047122,-2,0,155
1.3045,2.1305,-0.0065185,0.00047122,-2,0,155
-2.4405,-1.7364,-0.0065185,0.00047122,-2,0,155
-0.76728,-0.75386,-0.0065185,0.00047122,-2,0,155
1.3045,2.6407,-0.0065185,0.00047122,-2,1,155
-2.8829,-2.8695,-0.0065185,0.00047122,-2,0,156
-2.4498,3.2636,-0.0065185,4.0005,-1,1,156
-0.44053,-1.9591,-0.0065185,0.00047122,-2,1,156
-2.2238,-2.585,-0.0065185,0.00047122,-2,1,156
-0.03954,3.4744,-0.0065185,0.00047122,-2,1,156
-1.1081,0.56185,-0.0065185,0.00047122,-2,0,156
0.25017,3.4927,-0.0065185,0.00047122,-2,1,156
2.3633,2.1812,-0.0065185,0.00047122,-2,1,156
1.4595,2.0227,-0.0065185,0.00047122,-2,1,156
-2.4588,1.1134,-0.0065185,0.00047122,-2,0,156
-3.6955,-0.75564,-0.0065185,0.00047122,-2,0,156
1.4495,3.1629,-0.0065185,0.00047122,-2,1,156
-1.2238,1.0619,-5.0065,0.00047122,1,0,156
-1.9515,5.3119,-0.0065185,0.00047122,-2,1,156
-1.1081,-1.0947,-0.0065185,0.00047122,-2,0,156
5.7045,6.1854,-0.0065185,0.00047122,-2,1,156
5.4495,5.8603,-0.0065185,0.00047122,-2,1,156
5.2327,5.5839,-0.0065185,0.00047122,-2,1,156
4.4485,1.4557,-3.0065,0.00047122,1,1,156
-4.8829,1.6805,-0.0065185,0.00047122,-2,0,156
4.7588,4.1722,-0.0065185,0.00047122,-2,1,156
3.6456,4.2354,-0.0065185,0.00047122,-2,1,156
3.5495,3.1129,-0.0065185,0.00047122,-2,1,156
3.0177,3.1585,-2.0065,0.00047122,1,0,156
-5.163,-2.5434,-0.0065185,0.00047122,-2,0,156
-3.5455,-1.3168,-0.0065185,0.00047122,-2,0,156
-1.163,0.73341,-0.0065185,0.00047122,-2,0,156
-2.8379,-1.2239,-0.0065185,0.00047122,-2,0,156
-2.5615,-1.1877,-0.0065185,0.00047122,-2,0,156
4.3356,4.349,-0.0065185,0.00047122,-2,1,156
3.6859,-0.47476,-3.0065,0.00047122,1,0,156
-3.163,1.5679,-0.0065185,0.00047122,-2,0,156
2.8545,0.40465,-0.0065185,0.00047122,-2,1,156
5.727,5.7404,-0.0065185,0.00047122,-2,1,156
-2.6097,-2.0412,-0.0065185,0.00047122,-2,0,156
-1.5175,-1.5041,-0.0065185,0.00047122,-2,0,156
-0.55182,1.8896,-0.0065185,0.00047122,-2,1,156
0.38162,0.38061,-0.0065185,0.00047122,-2,1,156
-3.6749,-0.3963,-0.0065185,0.00047122,-2,0,156
3.132,0.35952,-3.0065,0.00047122,1,0,156
-3.7639,-0.32211,-0.0065185,0.00047122,-2,0,156
7.4045,3.221,-0.0065185,0.00047122,-2,1,156
-6.2855,-5.4701,2.9935,0.00047122,1,0,156
5.351,-0.075611,-4.0065,0.00047122,1,0,156
-1.452,0.67679,-0.0065185,0.00047122,-2,0,156
1.8545,1.6256,-0.0065185,0.00047122,-2,1,156
-3.1455,-3.1321,-0.0065185,0.00047122,-2,1,156
-1.273,2.72,-0.0065185,0.00047122,-2,0,156
1.0903,-1.1182,3.9935,0.00047122,1,1,156
-0.91852,-4.8271,-5.0065,0.00047122,1,0,156
-3.2238,-5.4604,-0.0065185,0.00047122,-2,0,156
-1.0395,-1.3615,-0.0065185,0.00047122,-2,0,156
0.11706,-0.86952,-0.0065185,0.00047122,-2,1,156
-1.1455,-1.9821,-0.0065185,0.00047122,-2,0,156
1.3045,1.3179,-0.0065185,0.00047122,-2,1,156
-2.5455,-2.6995,-0.0065185,0.00047122,-2,1,156
2.172,0.53989,2.9935,0.00047122,1,1,156
-2.8379,-2.653,-0.0065185,0.00047122,-2,1,156
4.8545,4.8679,-0.0065185,0.00047122,-2,1,156
-7.3955,-3.4695,-0.0065185,0.00047122,-2,0,156
6.8945,4.2904,-0.0065185,0.00047122,-2,1,156
5.461,3.1395,-0.0065185,0.00047122,-2,0,156
5.5545,4.5624,-0.0065185,0.00047122,-2,1,156
4.722,4.7354,4.9935,0.00047122,1,1,156
-3.163,-2.4907,-0.0065185,0.00047122,-2,0,156
-0.15315,-0.13974,-0.0065185,0.00047122,-2,1,156
0.57049,0.58391,-0.0065185,0.00047122,-2,0,156
2.1545,5.6279,-0.0065185,0.00047122,-2,0,156
1.282,1.2954,-0.0065185,0.00047122,-2,1,156
1.0903,3.6036,4.9935,0.00047122,1,0,156
3.4825,8.2679,-0.0065185,0.00047122,-2,1,156
2.4045,1.864,-0.0065185,0.00047122,-2,1,156
-1.8855,0.45681,-0.0065185,0.00047122,-2,0,156
2.461,-0.48269,-0.0065185,0.00047122,-2,1,156
2.0925,2.1059,4.9935,0.00047122,1,0,156
-0.99553,4.5203,-0.0065185,0.00047122,-2,0,156
0.0044729,2.7804,-0.0065185,0.00047122,-2,1,156
-2.9955,-2.9821,-0.0065185,0.00047122,-2,0,156
6.5545,4.0179,-0.0065185,0.00047122,-2,1,156
-7.163,-2.6716,-0.0065185,0.00047122,-2,0,156
6.0968,4.2679,-4.0065,0.00047122,1,1,156
5.5705,4.0179,-0.0065185,0.00047122,-2,1,156
5.3356,4.0179,-0.0065185,0.00047122,-2,1,156
-4.127,2.4744,-0.0065185,0.00047122,-2,0,156
-3.9573,-3.9438,-0.0065185,0.00047122,-2,0,156
-3.813,-2.9821,-0.0065185,0.00047122,-2,0,156
-3.6904,-2.9821,-0.0065185,0.00047122,-2,0,156
-3.1362,-2.1388,-5.0065,0.00047122,1,0,156
-4.4976,-4.4841,-0.0065185,0.00047122,-2,0,156
-4.4223,-3.5946,-0.0065185,0.00047122,-2,0,156
-4.3582,-3.9821,-0.0065185,0.00047122,-2,0,156
5.3128,2.9079,-0.0065185,0.00047122,-2,1,156
-4.5076,-4.2321,3.9935,0.00047122,1,0,156
-3.2183,-2.9821,-0.0065185,0.00047122,-2,0,156
0.19381,-2.8721,-0.0065185,0.00047122,-2,1,156
-1.1565,0.017889,-0.0065185,0.00047122,-2,0,156
-0.98233,-0.96891,-4.0065,0.00047122,1,0,156
0.88819,0.90161,-0.0065185,0.00047122,-2,1,156
4.8545,-2.8721,-0.0065185,0.00047122,-2,1,156
1.727,4.1404,-0.0065185,0.00047122,-2,1,156
3.6186,0.92986,-0.0065185,0.00047122,-2,1,156
1.5265,-0.75693,-0.0065185,0.00047122,-2,1,156
2.4482,2.4616,-0.0065185,0.00047122,-2,1,156
2.0816,-0.74241,3.9935,0.00047122,1,1,156
-5.3161,-5.3027,-0.0065185,0.00047122,-2,0,156
4.277,3.1804,-0.0065185,0.00047122,-2,1,156
2.2361,2.2495,-0.0065185,0.00047122,-2,1,156
4.2013,2.2385,-0.0065185,0.00047122,-2,1,156
-3.5629,1.8505,-0.0065185,2.0005,-1,0,156
3.0367,3.0501,-4.0065,0.00047122,1,1,156
-4.1164,3.297,-0.0065185,0.00047122,-2,0,156
-4.0983,-4.0849,-0.0065185,0.00047122,-2,0,156
5.0918,2.6109,-0.0065185,0.00047122,-2,1,156
-2.0698,-4.3064,-0.0065185,0.00047122,-2,0,156
1.7676,1.781,2.9935,0.00047122,1,1,156
-1.9419,-2.1645,-0.0065185,0.00047122,-2,0,156
-3.6955,-1.6365,-0.0065185,0.00047122,-2,0,156
-1.4405,-1.4271,-0.0065185,0.00047122,-2,0,156
-0.22378,0.13891,-0.0065185,0.00047122,-2,1,156
0.85447,-1.2104,-0.0065185,0.00047122,-2,1,156
0.72697,-0.14702,-0.0065185,0.00047122,-2,1,156
1.6186,-0.86952,-0.0065185,0.00047122,-2,1,156
1.3765,1.3899,4.9935,0.00047122,1,1,156
-0.43923,-4.6758,-0.0065185,0.00047122,-2,0,156
-1.6184,-2.5271,-0.0065185,0.00047122,-2,0,156
-3.6955,-3.6821,-0.0065185,0.00047122,-2,0,156
3.1495,1.1904,-3.0065,0.00047122,1,1,156
0.77622,2.0179,-0.0065185,0.00047122,-2,1,156
-6.6955,-0.6381,-0.0065185,0.00047122,-2,0,156
6.4495,6.8603,-0.0065185,0.00047122,-2,1,156
5.4827,5.1964,4.9935,0.00047122,1,0,156
5.617,4.1325,-0.0065185,0.00047122,-2,1,156
-5.6955,-4.482,-0.0065185,0.00047122,-2,0,156
2.4495,4.1722,-0.0065185,0.00047122,-2,1,156
-1.2238,-1.4733,-0.0065185,0.00047122,-2,0,156
3.0485,0.56287,-0.0065185,0.00047122,-2,1,156
-1.1081,2.6053,-0.0065185,0.00047122,-2,0,156
-5.6955,-2.5371,-0.0065185,0.00047122,-2,0,156
-4.8405,-1.0924,2.9935,0.00047122,1,0,156
4.2327,1.9739,-0.0065185,0.00047122,-2,1,156
-5.0395,-5.0261,-0.0065185,0.00047122,-2,0,156
2.8919,1.2636,-0.0065185,0.00047122,-2,1,156
0.25017,0.82961,-0.0065185,0.00047122,-2,1,156
-0.20437,-1.3771,-5.0065,0.00047122,1,0,156
5.727,4.9904,-0.0065185,0.00047122,-2,1,156
4.8686,5.2296,-2.0065,0.00047122,1,1,156
4.5265,4.8354,-0.0065185,0.00047122,-2,1,156
3.8482,-0.98341,2.9935,0.00047122,1,1,156
-0.37268,-2.9093,-0.0065185,0.00047122,-2,0,156
-1.6749,0.51992,-0.0065185,0.00047122,-2,0,156
5.7045,1.4454,-0.0065185,0.00047122,-2,1,156
-4.4405,-3.3821,-0.0065185,0.00047122,-2,0,156
-1.2238,-1.2104,-0.0065185,0.00047122,-2,0,156
0.048485,3.2294,-0.0065185,0.00047122,-2,0,156
-0.032938,0.86789,4.9935,0.00047122,1,1,156
5.727,4.9904,-0.0065185,0.00047122,-2,1,156
-3.6097,-1.651,-0.0065185,0.00047122,-2,0,156
2.5265,2.5399,-0.0065185,0.00047122,-2,1,156
2.4482,2.1268,-0.0065185,0.00047122,-2,1,156
2.3816,2.095,-0.0065185,0.00047122,-2,1,156
5.3251,1.023,-0.0065185,0.00047122,-2,1,156
4.527,1.4273,-0.0065185,2.0005,-1,1,156
1.7729,-3.0926,-0.0065185,0.00047122,-2,1,156
1.3045,3.2854,-0.0065185,0.00047122,-2,1,156
4.5545,-1.2598,-0.0065185,0.00047122,-2,0,156
3.7045,0.78964,-0.0065185,0.00047122,-2,1,156
-6.6955,-3.2695,-0.0065185,0.00047122,-2,0,156
3.4495,3.4629,-0.0065185,0.00047122,-2,1,156
4.2327,4.8586,-0.0065185,0.00047122,-2,1,156
-3.5895,-3.6636,-5.0065,0.00047122,1,0,156
5.8919,5.1553,-0.0065185,0.00047122,-2,1,156
2.7588,2.8354,-0.0065185,0.00047122,-2,1,156
-1.6367,-4.2895,-0.0065185,0.00047122,-2,0,156
1.4595,1.4273,-0.0065185,0.00047122,-2,1,156
2.7045,2.7179,-0.0065185,0.00047122,-2,1,156
1.172,1.5713,-0.0065185,0.00047122,-2,1,157
0.84685,1.0103,-0.0065185,0.00047122,-2,0,157
-2.1455,0.66287,-0.0065185,0.00047122,-2,0,157
1.5545,1.5679,-0.0065185,0.00047122,-2,1,157
-1.163,0.96188,-0.0065185,0.00047122,-2,1,157
-1.1455,-1.1321,-0.0065185,0.00047122,-2,1,157
2.282,2.5742,-0.0065185,0.00047122,-2,0,157
-1.6097,-1.3593,-0.0065185,0.00047122,-2,0,157
-1.5175,-1.3027,-0.0065185,0.00047122,-2,0,157
3.5608,0.53591,-0.0065185,0.00047122,-2,1,157
-0.39553,-0.38211,-0.0065185,0.00047122,-2,1,157
0.45447,-1.8373,-0.0065185,0.00047122,-2,1,157
0.38697,2.4005,2.9935,0.00047122,1,0,157
2.8468,-1.5321,-0.0065185,0.00047122,-2,1,157
3.5705,-0.14961,-0.0065185,0.00047122,-2,1,157
-5.3266,-4.0849,-0.0065185,0.00047122,-2,0,157
5.1359,2.4519,-0.0065185,0.00047122,-2,1,157
-4.9573,-4.0564,-0.0065185,0.00047122,-2,0,157
-4.213,0.17753,-5.0065,0.00047122,1,1,157
-1.1055,3.3062,-0.0065185,0.00047122,-2,0,157
1.548,-0.19461,-0.0065185,0.00047122,-2,1,157
-1.9075,-0.31149,-0.0065185,0.00047122,-2,0,157
2.2297,0.80786,-0.0065185,0.00047122,-2,1,157
-1.8869,-1.1636,3.9935,0.00047122,1,1,157
0.89447,-3.2981,-0.0065185,0.00047122,-2,0,157
-0.53903,-4.5721,-0.0065185,0.00047122,-2,0,157
-0.9075,-0.44409,-0.0065185,0.00047122,-2,0,157
-0.77035,0.79307,-0.0065185,0.00047122,-2,1,157
1.5131,-2.6069,-0.0065185,0.00047122,-2,0,157
0.28678,-2.4907,-0.0065185,0.00047122,-2,0,157
-0.23549,-1.0721,4.9935,0.00047122,1,0,157
-1.718,-5.2321,-0.0065185,0.00047122,-2,0,157
-2.1455,0.86789,-0.0065185,0.00047122,-2,0,157
0.45447,3.0179,-0.0065185,0.00047122,-2,1,157
0.38697,0.56789,-0.0065185,-1.9995,-1,0,157
-0.8379,-0.68211,-0.0065185,0.00047122,-2,0,157
-2.5615,-2.4271,-0.0065185,0.00047122,-2,0,157
2.3356,0.83506,-0.0065185,0.00047122,-2,1,157
-1.127,-1.8761,-0.0065185,0.00047122,-2,0,157
0.9662,0.9053,2.9935,0.00047122,1,0,157
-1.9955,-4.5321,-0.0065185,0.00047122,-2,0,157
-3.6955,-3.6821,-0.0065185,0.00047122,-2,0,157
3.4495,1.4629,-0.0065185,0.00047122,-2,1,157
2.9327,2.2199,3.9935,0.00047122,1,0,157
2.5595,-2.4711,-0.0065185,0.00047122,-2,1,157
1.7762,1.7896,-0.0065185,0.00047122,-2,1,157
2.9605,2.9739,-0.0065185,0.00047122,-2,1,157
-0.10812,-1.5512,-0.0065185,0.00047122,-2,0,157
0.10017,0.11359,-2.0065,0.00047122,1,0,157
-0.076873,0.80399,-3.0065,0.00047122,1,0,157
-4.4505,-1.0871,-0.0065185,0.00047122,-2,0,157
-3.5323,-6.1496,-0.0065185,0.00047122,-2,0,157
-1.6018,-2.6681,-0.0065185,0.00047122,-2,0,157
0.33916,-0.89461,-0.0065185,0.00047122,-2,1,157
-2.9955,1.349,-0.0065185,0.00047122,-2,0,157
1.0045,1.3396,-0.0065185,0.00047122,-2,1,157
0.85447,-0.17612,-3.0065,0.00047122,1,1,157
-2.9955,-3.8695,-0.0065185,0.00047122,-2,1,157
-2.9955,-3.7364,-0.0065185,0.00047122,-2,0,157
-1.4455,2.5679,-0.0065185,0.00047122,-2,0,157
-0.59553,1.8519,-0.0065185,0.00047122,-2,1,157
-0.10553,-0.49211,-0.0065185,0.00047122,-2,0,157
0.45447,0.12789,-0.0065185,0.00047122,-2,0,157
0.38697,-2.1496,3.9935,0.00047122,1,0,157
1.8468,2.1059,-0.0065185,0.00047122,-2,1,157
-0.56155,1.1331,-0.0065185,0.00047122,-2,0,157
-2.3266,-2.3132,-0.0065185,0.00047122,-2,0,157
2.1359,0.5777,-0.0065185,0.00047122,-2,1,157
-3.9573,-1.9221,-0.0065185,0.00047122,-2,0,157
3.3719,3.4944,-3.0065,0.00047122,1,0,157
-5.163,-2.8445,-0.0065185,0.00047122,-2,0,157
-6.5455,-4.5727,-0.0065185,0.00047122,-2,0,157
6.172,6.1854,-0.0065185,0.00047122,-2,1,157
-5.8379,-0.25847,-0.0065185,0.00047122,-2,0,157
-4.9615,-3.7448,-5.0065,0.00047122,1,0,157
-4.3266,-4.5404,-0.0065185,0.00047122,-2,0,157
6.1359,3.6993,-0.0065185,0.00047122,-2,1,157
-1.9573,-1.2049,-0.0065185,0.00047122,-2,0,157
-0.813,-4.4121,-0.0065185,0.00047122,-2,1,157
-1.9955,-0.14305,-0.0065185,0.00047122,-2,0,157
-1.6955,-2.7289,3.9935,0.00047122,1,0,157
-0.44053,-0.42711,-0.0065185,0.00047122,-2,0,157
-3.2238,2.8091,-0.0065185,0.00047122,-2,0,157
6.0485,6.0619,-0.0065185,0.00047122,-2,1,157
4.8919,4.9053,-0.0065185,0.00047122,-2,1,157
-1.7498,-1.0428,-0.0065185,0.00047122,-2,0,157
1.6456,1.659,-0.0065185,0.00047122,-2,1,157
-1.3905,-0.91338,2.9935,0.00047122,1,0,157
-0.45876,-0.019388,-0.0065185,0.00047122,-2,1,157
-0.38928,-0.81461,-0.0065185,-2.9995,-1,0,157
1.6698,-0.53211,-0.0065185,0.00047122,-2,1,157
1.7045,1.7179,-0.0065185,0.00047122,-2,1,157
-1.4405,-1.1853,3.9935,0.00047122,1,0,157
0.77622,0.78964,-0.0065185,0.00047122,-2,0,157
0.048485,-0.98211,-0.0065185,0.00047122,-2,1,157
-3.1081,-1.5512,-0.0065185,0.00047122,-2,0,157
-2.6412,-3.3821,2.9935,0.00047122,1,0,157
-1.8855,-1.8721,-0.0065185,0.00047122,-2,1,157
2.1545,0.85039,-0.0065185,0.00047122,-2,1,157
2.5545,2.5679,-0.0065185,0.00047122,-2,1,157
-0.16303,-1.5355,-0.0065185,0.00047122,-2,0,157
-0.8379,0.79142,-0.0065185,0.00047122,-2,0,157
-4.5615,-3.7696,-0.0065185,0.00047122,-2,0,157
-3.8766,-0.59073,2.9935,0.00047122,1,1,157
1.172,-3.5321,-0.0065185,0.00047122,-2,0,157
-2.8379,0.056273,-0.0065185,0.00047122,-2,1,157
-3.5615,-0.13974,-0.0065185,0.00047122,-2,0,157
1.7045,0.74039,-0.0065185,0.00047122,-2,1,157
1.5595,-1.1065,-0.0065185,0.00047122,-2,1,157
-1.3173,-2.0101,-3.0065,0.00047122,1,1,157
-0.95151,-1.5384,-0.0065185,0.00047122,-2,0,157
-2.2955,3.8854,-0.0065185,0.00047122,-2,0,157
1.4045,1.4179,-0.0065185,0.00047122,-2,1,157
0.11447,4.5839,-0.0065185,0.00047122,-2,0,157
0.097973,-2.3177,3.9935,0.00047122,1,1,157
1.172,4.5493,-0.0065185,0.00047122,-2,0,157
-0.84553,1.067,-0.0065185,0.00047122,-2,0,157
-0.71803,0.83536,-0.0065185,0.00047122,-2,0,157
2.3903,-0.59624,-0.0065185,0.00047122,-2,1,157
-1.4455,3.1585,-0.0065185,0.00047122,-2,0,157
0.60447,-3.3821,-0.0065185,0.00047122,-2,0,157
-0.88553,-0.87211,-0.0065185,0.00047122,-2,1,157
-0.75203,2.0806,-2.0065,0.00047122,1,1,157
-1.5505,-1.5371,-0.0065185,0.00047122,-2,0,157
0.45447,1.5729,-0.0065185,0.00047122,-2,0,157
-0.82803,-0.52868,-0.0065185,0.00047122,-2,1,157
0.7121,0.72551,3.9935,0.00047122,1,1,157
0.83697,-2.4947,-0.0065185,0.00047122,-2,0,157
-0.15315,-0.68974,-0.0065185,0.00047122,-2,1,157
1.4385,-0.73861,-0.0065185,0.00047122,-2,1,157
-1.2144,-1.201,3.9935,0.00047122,1,0,157
5.172,-2.1539,-0.0065185,0.00047122,-2,1,157
-5.8379,-5.8245,-0.0065185,0.00047122,-2,0,157
5.5705,4.9053,-0.0065185,0.00047122,-2,1,157
-3.3266,-2.5788,-0.0065185,0.00047122,-2,0,157
-1.127,-2.8136,-0.0065185,0.00047122,-2,0,157
-2.9573,-2.9438,-0.0065185,0.00047122,-2,0,157
-3.813,-0.44535,-0.0065185,0.00047122,-2,0,157
3.2493,2.9616,4.9935,0.00047122,1,1,157
4.5951,4.3526,-0.0065185,0.00047122,-2,1,157
4.5065,4.3024,-0.0065185,0.00047122,-2,1,157
4.4312,4.2597,-0.0065185,0.00047122,-2,1,157
-2.3582,-2.9549,-0.0065185,0.00047122,-2,0,157
-2.0038,-1.9904,-5.0065,0.00047122,1,0,157
-2.2576,-2.2442,-0.0065185,0.00047122,-2,0,157
2.2272,2.1441,-0.0065185,0.00047122,-2,1,157
-3.1849,-3.16,-0.0065185,0.00047122,-2,0,157
2.7154,2.6591,-3.0065,0.00047122,1,0,157
4.172,4.1854,-0.0065185,0.00047122,-2,1,157
-3.6955,0.48539,-0.0065185,0.00047122,-2,0,157
-3.1405,-1.7809,-0.0065185,0.00047122,1,0,157
-2.2238,-1.2104,-0.0065185,0.00047122,-2,0,157
-1.0395,-1.0261,-0.0065185,0.00047122,-2,0,157
1.1171,1.1305,-0.0065185,0.00047122,-2,0,157
-0.94123,1.3863,2.9935,0.00047122,1,1,157
2.3633,2.974,-0.0065185,0.00047122,-2,0,157
2.4595,-2.1869,-0.0065185,0.00047122,-2,1,157
-7.5455,-2.0689,-0.0065185,0.00047122,-2,0,157
6.172,6.4354,-0.0065185,0.00047122,-2,1,157
5.8468,2.0868,-0.0065185,0.00047122,-2,1,157
5.5705,4.9839,-0.0065185,0.00047122,-2,1,157
6.3356,2.4562,-0.0065185,0.00047122,-2,1,157
-4.127,-4.1136,-0.0065185,0.00047122,-2,0,157
3.9662,2.323,-0.0065185,0.00047122,-2,1,157
3.8219,2.4273,-0.0065185,0.00047122,-2,1,157
5.6993,2.1259,-0.0065185,0.00047122,-2,1,157
5.5951,5.6085,-0.0065185,0.00047122,-2,1,157
5.5065,5.5199,-0.0065185,0.00047122,-2,1,157
-0.42225,-3.4795,-0.0065185,0.00047122,-2,0,157
0.36719,0.38061,-2.0065,0.00047122,1,0,157
2.0045,2.0179,-0.0065185,0.00047122,-2,1,157
0.70447,0.71789,-0.0065185,0.00047122,-2,1,157
-0.44053,-0.19886,-0.0065185,0.00047122,-2,0,157
-0.76728,-2.1189,-0.0065185,0.00047122,-2,1,157
2.0485,-0.82089,-0.0065185,0.00047122,-2,1,157
-1.5455,0.40376,-0.0065185,0.00047122,-2,0,158
-4.163,0.040864,-0.0065185,0.00047122,-2,0,158
-5.8379,-2.1258,-0.0065185,0.00047122,-2,0,158
-4.5615,-3.7593,-0.0065185,0.00047122,-2,0,158
4.3356,3.899,-0.0065185,0.00047122,-2,1,158
-4.127,-3.2546,-0.0065185,0.00047122,-2,0,158
-4.9573,-4.2137,-0.0065185,0.00047122,-2,0,158
2.8219,2.8354,-0.0065185,0.00047122,-2,1,158
-1.6904,-1.7155,-0.0065185,0.00047122,-2,0,158
1.4451,1.4585,3.9935,0.00047122,1,1,158
-4.4976,-4.103,-0.0065185,0.00047122,-2,0,158
-1.4223,-3.2988,-0.0065185,0.00047122,-2,0,158
-1.2082,-3.0695,-0.0065185,-2.9995,-1,0,158
2.6962,-0.77886,-0.0065185,0.00047122,-2,0,158
2.7424,2.3058,-0.0065185,0.00047122,-2,0,158
2.7817,2.7951,-0.0065185,0.00047122,-2,0,158
1.8151,1.9723,-0.0065185,0.00047122,-2,0,158
-1.5346,-1.6635,-2.0065,0.00047122,1,1,158
-2.8587,-2.8453,-0.0065185,0.00047122,-2,0,158
-4.5455,-4.5321,-0.0065185,0.00047122,-2,0,158
2.172,2.1616,-0.0065185,0.00047122,-2,0,158
2.0045,1.0417,-0.0065185,0.00047122,-2,0,158
1.7045,1.7007,-3.0065,0.00047122,1,0,158
1.0045,-2.5467,-0.0065185,0.00047122,-2,0,158
-1.9955,-0.83211,-0.0065185,0.00047122,-2,0,158
1.7045,0.72983,-0.0065185,0.00047122,-2,1,158
-2.4405,-0.59624,-0.0065185,0.00047122,-2,0,158
5.2327,2.0961,-0.0065185,0.00047122,-2,1,158
4.4485,4.4619,2.9935,0.00047122,1,1,158
3.7819,2.945,3.9935,0.00047122,1,1,158
3.7588,3.7722,-0.0065185,0.00047122,-2,1,158
-2.6367,-3.1446,-0.0065185,0.00047122,-2,0,158
-0.45055,-0.43713,-0.0065185,0.00047122,-2,0,158
-4.8455,-4.8321,-0.0065185,0.00047122,-2,0,158
4.727,0.57305,-0.0065185,0.00047122,-2,1,158
4.6186,4.632,-0.0065185,0.00047122,-2,1,158
1.5265,1.5399,-0.0065185,0.00047122,-2,1,158
-1.4392,-0.22781,-0.0065185,0.00047122,-2,0,158
-1.2227,-1.429,1.9935,0.00047122,1,0,158
-1.3161,-1.3027,-0.0065185,0.00047122,-2,0,158
-1.268,-1.2546,-0.0065185,0.00047122,-2,0,158
-2.2271,-2.2137,-0.0065185,0.00047122,-2,0,158
1.9013,-0.82925,-4.0065,0.00047122,1,0,158
0.55947,3.7024,-0.0065185,0.00047122,-2,1,158
-0.22378,4.6079,-0.0065185,0.00047122,-2,0,158
-2.1455,-2.1321,-0.0065185,0.00047122,-2,0,158
-2.273,-2.2596,-0.0065185,0.00047122,-2,0,158
-0.3814,1.0952,-0.0065185,0.00047122,-2,1,158
-0.32352,0.055299,-4.0065,0.00047122,1,1,158
-0.71803,-4.1046,-0.0065185,0.00047122,-2,1,158
0.39035,0.40376,-0.0065185,0.00047122,-2,1,158
-2.5175,-1.7403,-0.0065185,0.00047122,-2,0,158
1.7045,0.017889,-0.0065185,0.00047122,-2,1,158
-4.4405,-0.35926,-0.0065185,0.00047122,-2,0,158
-6.2238,-6.2104,-0.0065185,0.00047122,-2,0,158
-5.2895,-3.1936,-3.0065,0.00047122,1,0,158
4.8919,4.0179,-0.0065185,0.00047122,-2,1,158
-2.7498,-2.9039,-0.0065185,0.00047122,-2,0,158
-0.63668,0.017889,-0.0065185,0.00047122,-2,1,158
0.0044729,-1.9721,-0.0065185,0.00047122,-2,1,158
-0.99553,0.017889,-0.0065185,0.00047122,-2,0,158
2.8545,1.0619,-0.0065185,0.00047122,-2,1,158
-2.418,-2.4046,2.9935,0.00047122,1,0,158
-3.6097,1.9538,-0.0065185,0.00047122,-2,0,158
-2.5175,-2.5321,-0.0065185,0.00047122,-2,0,158
-1.4392,-1.4258,-0.0065185,0.00047122,-2,0,158
1.3816,1.4629,-0.0065185,0.00047122,-2,1,158
-2.3161,-2.3027,-0.0065185,0.00047122,-2,0,158
-1.968,-0.9771,-3.0065,0.00047122,1,0,158
-2.2271,-2.7637,-0.0065185,0.00047122,-2,0,158
-4.1924,-1.6821,-0.0065185,0.00047122,-2,0,158
-3.1629,-2.9821,-0.0065185,0.00047122,-2,0,158
-3.1378,-3.0144,-0.0065185,0.00047122,-2,0,158
-2.6664,-2.5321,-5.0065,0.00047122,1,0,158
2.1072,4.2679,-0.0065185,0.00047122,-2,1,158
4.0918,4.0179,-0.0065185,0.00047122,-2,1,158
-3.0698,-1.5014,-0.0065185,0.00047122,-2,0,158
-4.0586,-2.5952,-0.0065185,0.00047122,-2,0,158
-0.049173,-0.035758,-0.0065185,0.00047122,-2,1,158
-0.041127,-2.8721,-4.0065,0.00047122,1,1,158
-2.9955,-5.4386,-0.0065185,0.00047122,-2,0,158
-4.5455,-2.8721,-0.0065185,0.00047122,-2,0,158
4.172,4.1854,-0.0065185,0.00047122,-2,1,158
3.8468,3.8603,-0.0065185,0.00047122,-2,1,158
5.5705,5.5839,-0.0065185,0.00047122,-2,1,158
5.3356,5.349,-0.0065185,0.00047122,-2,1,158
-4.527,-2.001,1.9935,0.00047122,1,0,158
2.9662,-0.72038,-0.0065185,0.00047122,-2,1,158
-2.813,-2.9086,-0.0065185,0.00047122,-2,0,158
4.6993,4.7127,-0.0065185,0.00047122,-2,1,158
-4.5862,-1.801,-0.0065185,0.00047122,-2,0,158
-3.8976,-3.9511,3.9935,0.00047122,1,0,158
-0.5688,-0.55539,-0.0065185,0.00047122,-2,0,158
2.8545,0.45681,-0.0065185,0.00047122,-2,1,158
-1.718,-2.4046,-0.0065185,0.00047122,-2,0,158
1.4686,2.9559,-4.0065,0.00047122,1,1,158
-1.5175,2.8959,-0.0065185,0.00047122,-2,0,158
-0.43923,-0.42582,-0.0065185,0.00047122,-2,0,158
-0.61838,1.1175,-0.0065185,0.00047122,-2,0,158
0.15447,0.25785,-0.0065185,0.00047122,-2,0,158
-5.718,1.3899,-0.0065185,0.00047122,-2,0,158
-4.6097,-4.8462,-0.0065185,0.00047122,-2,0,158
3.9265,3.9399,3.9935,0.00047122,1,1,158
-4.4392,-3.0615,-0.0065185,0.00047122,-2,0,158
-5.3727,-3.1096,-0.0065185,0.00047122,-2,0,158
-1.3161,-4.0005,-0.0065185,0.00047122,-2,0,158
-2.268,-2.2546,-0.0065185,0.00047122,-2,0,158
-2.2271,-2.2137,-0.0065185,0.00047122,-2,0,158
-1.8924,-0.45399,1.9935,0.00047122,1,1,158
-2.5505,0.70724,-0.0065185,0.00047122,-2,0,158
2.7762,5.4629,-0.0065185,0.00047122,-2,1,158
1.9605,4.2461,-0.0065185,0.00047122,-2,1,158
0.11706,2.0619,-0.0065185,0.00047122,-2,1,158
0.10017,2.9933,-4.0065,0.00047122,1,1,158
-0.35437,3.6495,-0.0065185,0.00047122,-2,0,158
-1.5405,1.509,-0.0065185,0.00047122,-2,0,158
-3.8455,-3.8321,-0.0065185,0.00047122,-2,0,158
-3.718,-3.7046,-0.0065185,0.00047122,-2,0,158
0.6186,0.75292,-0.0065185,0.00047122,-2,1,158
3.5265,3.5399,-0.0065185,0.00047122,-2,1,158
-5.4392,-0.42582,-0.0065185,0.00047122,-2,0,158
4.6316,4.645,-2.0065,0.00047122,1,0,158
-5.608,-3.3221,-0.0065185,0.00047122,-2,0,158
-2.6955,-0.75049,-0.0065185,0.00047122,-2,0,158
4.4495,4.4629,-0.0065185,0.00047122,-2,1,158
-3.7738,1.2292,2.9935,0.00047122,1,0,158
-3.0395,-1.8399,-0.0065185,0.00047122,-2,0,158
-1.8829,-0.86121,-0.0065185,0.00047122,-2,0,158
1.7588,-1.0702,-0.0065185,0.00047122,-2,1,158
-1.4867,-0.74476,-3.0065,0.00047122,1,0,158
0.54945,3.1129,-0.0065185,0.00047122,-2,0,158
3.0045,0.081002,-0.0065185,0.00047122,-2,1,158
2.0045,2.5679,-0.0065185,0.00047122,-2,1,158
0.0044729,0.017889,-0.0065185,0.00047122,-2,0,158
1.0045,2.4629,-0.0065185,0.00047122,-2,0,158
0.0044729,0.017889,-0.0065185,0.00047122,-2,0,158
2.0045,0.10017,-0.0065185,0.00047122,-2,0,158
1.7045,1.7179,2.9935,0.00047122,1,1,158
-0.44053,-1.5321,-0.0065185,0.00047122,-2,1,158
2.1545,0.39614,-0.0065185,0.00047122,-2,0,158
1.282,1.2954,-0.0065185,0.00047122,-2,0,158
-1.6097,-1.5962,-0.0065185,0.00047122,-2,0,158
-1.3675,2.254,-5.0065,0.00047122,1,1,158
-2.718,-0.41609,-0.0065185,0.00047122,-2,0,158
3.7045,2.395,-0.0065185,0.00047122,-2,1,158
-5.4405,-3.3733,-0.0065185,0.00047122,-2,0,158
4.6327,3.6904,4.9935,0.00047122,1,1,158
-2.0395,-4.4637,-0.0065185,0.00047122,-2,0,158
-1.7329,-1.7195,-5.0065,0.00047122,1,0,158
-0.74983,-4.3995,-0.0065185,0.00047122,-2,0,158
0.64563,0.16013,-0.0065185,0.00047122,-2,1,158
2.4595,-0.52709,-0.0065185,0.00047122,-2,1,158
0.45447,-2.4293,-0.0065185,0.00047122,-2,1,158
-0.37803,-2.5321,-5.0065,0.00047122,1,0,158
-1.163,0.94364,-0.0065185,0.00047122,-2,0,158
-1.8379,-1.8245,-0.0065185,0.00047122,-2,0,158
-1.5615,-4.6188,-0.0065185,0.00047122,-2,0,158
-4.3266,-4.3132,-0.0065185,0.00047122,-2,0,158
-4.127,-1.1136,-0.0065185,0.00047122,-2,0,158
-0.95726,-0.015057,-0.0065185,0.00047122,-2,0,158
3.8219,2.2134,-0.0065185,0.00047122,-2,1,158
3.6993,3.0417,-0.0065185,0.00047122,-2,1,158
-3.1362,-4.5727,-0.0065185,-3.9995,-1,0,158
4.5065,4.0351,-0.0065185,0.00047122,-2,1,158
-1.4223,-1.5627,-0.0065185,0.00047122,-2,0,158
-1.3582,-1.1948,-0.0065185,0.00047122,-2,0,158
1.3128,1.0285,-0.0065185,0.00047122,-2,1,158
2.2665,2.0269,-0.0065185,0.00047122,-2,1,158
-1.9183,-0.60387,3.9935,0.00047122,1,0,158
-1.1849,-0.9886,-0.0065185,0.00047122,-2,0,158
0.84353,1.0124,-0.0065185,0.00047122,-2,1,158
2.8545,2.3376,-0.0065185,0.00047122,-2,1,158
4.727,6.1059,-0.0065185,0.00047122,-2,1,158
3.6186,2.077,-0.0065185,0.00047122,-2,1,158
-1.9955,1.2907,-0.0065185,0.00047122,-2,0,159
-0.29553,-1.4907,-0.0065185,0.00047122,-2,0,159
0.30447,2.0179,-0.0065185,0.00047122,-2,0,159
-0.55053,-0.53711,-0.0065185,0.00047122,-2,0,159
2.7045,1.7179,-0.0065185,0.00047122,-2,1,159
4.4495,4.4629,-0.0065185,0.00047122,-2,1,159
-1.2238,-1.4589,-0.0065185,0.00047122,-2,1,159
-1.9955,-1.9821,-0.0065185,0.00047122,-2,0,159
2.7045,1.9053,-0.0065185,0.00047122,-2,1,159
-4.4405,-4.4271,-0.0065185,0.00047122,-2,0,159
-3.7738,-1.0004,-0.0065185,0.00047122,1,0,159
6.0485,0.56287,-0.0065185,0.00047122,-2,1,159
-5.1329,-4.6953,-3.0065,0.00047122,1,1,159
-6.608,-4.3489,-0.0065185,0.00047122,-2,0,159
-5.5455,-5.5321,-0.0065185,0.00047122,-2,0,159
4.722,4.0278,-0.0065185,0.00047122,1,1,159
-4.8379,-0.44535,-0.0065185,0.00047122,-2,0,159
-1.5615,-2.9259,-0.0065185,0.00047122,-2,0,159
-1.3266,-1.3132,-4.0065,0.00047122,1,0,159
-2.127,-2.1136,-0.0065185,0.00047122,-2,0,159
-2.9573,-3.1139,-0.0065185,0.00047122,-2,0,159
-4.813,-4.1877,-0.0065185,0.00047122,-2,0,159
-1.6904,-2.122,-0.0065185,0.00047122,-2,0,159
-1.4362,-0.98061,-3.0065,0.00047122,1,0,159
-4.4976,-4.1083,-0.0065185,0.00047122,-2,0,159
-5.4223,-2.5763,-0.0065185,0.00047122,-2,0,159
3.3672,4.6306,-0.0065185,0.00047122,-2,0,159
5.5545,6.6304,-0.0065185,0.00047122,-2,1,159
-2.5455,-4.6996,-0.0065185,0.00047122,-2,0,159
-5.163,-5.1496,-0.0065185,0.00047122,-2,0,159
4.3968,1.8603,4.9935,0.00047122,1,1,159
-4.5615,-5.7981,-0.0065185,0.00047122,-2,0,159
-3.8766,-0.016507,-0.0065185,0.00047122,-1,0,159
-3.127,-2.1788,-0.0065185,0.00047122,-2,0,159
-1.9573,-1.707,-0.0065185,0.00047122,-2,0,159
1.187,-0.85323,-0.0065185,0.00047122,-2,1,159
4.7045,1.023,-0.0065185,0.00047122,-2,0,159
4.5545,4.5679,-0.0065185,0.00047122,-2,1,159
3.7045,1.2159,-0.0065185,0.00047122,-2,1,159
3.1495,3.1629,4.9935,0.00047122,1,1,159
3.2327,3.2461,-0.0065185,0.00047122,-2,1,159
-6.0395,-3.274,-0.0065185,0.00047122,-2,0,159
3.8919,3.9954,-0.0065185,0.00047122,-2,1,159
3.3088,3.3222,4.9935,0.00047122,1,1,159
3.6456,4.071,-0.0065185,0.00047122,-2,1,159
0.54945,0.56287,-0.0065185,0.00047122,-2,1,159
1.4677,2.6486,-0.0065185,0.00047122,-2,1,159
-2.3893,-1.8612,-0.0065185,0.00047122,-2,0,159
0.33916,0.35258,-0.0065185,0.00047122,-2,1,159
0.28896,0.54466,-3.0065,0.00047122,1,0,159
0.0044729,2.5679,-0.0065185,0.00047122,-2,1,159
0.0044729,0.46159,-0.0065185,0.00047122,-2,1,159
-0.99553,-0.98211,-0.0065185,0.00047122,-2,0,159
-0.84553,-1.3996,-0.0065185,0.00047122,-2,0,159
-1.718,-1.7046,-0.0065185,0.00047122,-2,0,159
-1.6097,-0.59624,-0.0065185,0.00047122,-2,0,159
-1.3675,-1.3541,3.9935,0.00047122,1,1,159
-0.71803,3.4179,-0.0065185,0.00047122,-2,1,159
-1.6097,-1.2911,-0.0065185,0.00047122,-2,1,159
-4.5175,1.6244,-0.0065185,0.00047122,-2,1,159
-2.4392,-3.8258,-0.0065185,0.00047122,-2,0,159
-6.6955,-7.8721,-0.0065185,0.00047122,-2,0,159
6.4495,0.96579,-0.0065185,0.00047122,-2,1,159
-5.4738,-6.3201,-5.0065,0.00047122,1,1,159
-4.608,-5.2761,-0.0065185,0.00047122,-2,0,159
2.1545,2.1305,-0.0065185,0.00047122,-2,1,159
3.5545,-1.5921,-0.0065185,0.00047122,-2,1,159
-0.16303,-1.5355,-0.0065185,0.00047122,-2,1,159
2.7045,1.5399,-0.0065185,0.00047122,-2,1,159
-2.2905,-2.0287,3.9935,0.00047122,1,0,159
-3.2238,-3.2104,-0.0065185,0.00047122,-2,0,159
3.0485,-2.5515,-0.0065185,0.00047122,-2,1,159
-4.8829,-1.9546,-0.0065185,0.00047122,-2,0,159
-3.7498,-3.2137,-0.0065185,0.00047122,-2,0,159
-3.1867,-3.5133,3.9935,0.00047122,1,0,159
3.5495,3.1852,-0.0065185,0.00047122,-2,1,159
5.4677,5.1601,-0.0065185,0.00047122,-2,1,159
-3.3893,2.0806,-0.0065185,0.00047122,-2,1,159
-5.5455,2.0031,-0.0065185,0.00047122,-2,0,159
-6.5455,-4.6996,-0.0065185,0.00047122,-2,0,159
-5.563,-5.5496,3.9935,0.00047122,1,0,159
-5.8379,-4.0452,-0.0065185,0.00047122,-2,1,159
1.6045,1.3419,-0.0065185,0.00047122,-2,0,159
-0.24553,-0.23211,-0.0065185,0.00047122,-2,1,159
0.39197,0.40539,-0.0065185,0.00047122,-2,1,159
0.075098,1.0005,-0.0065185,0.00047122,-2,0,159
0.6145,-2.7996,-0.0065185,0.00047122,-2,0,159
-0.51405,-0.033138,4.9935,0.00047122,1,1,159
2.8902,-4.8227,-0.0065185,0.00047122,-2,1,159
-4.8455,-2.435,-0.0065185,0.00047122,-2,0,159
4.727,4.1404,-0.0065185,0.00047122,-2,1,159
4.6186,4.632,-0.0065185,0.00047122,-2,1,159
-3.9175,-3.3941,-4.0065,0.00047122,1,1,159
5.8945,0.58864,-0.0065185,0.00047122,-2,1,159
6.5545,5.4579,-0.0065185,0.00047122,-2,1,159
-5.163,-5.5496,-0.0065185,0.00047122,-2,0,159
4.3968,4.4103,-4.0065,0.00047122,1,1,159
-0.42951,-4.3665,-0.0065185,0.00047122,-2,0,159
4.7045,1.5768,-0.0065185,0.00047122,-2,1,159
-3.4405,-4.9886,-0.0065185,0.00047122,-2,1,159
-3.6955,-3.3779,-0.0065185,0.00047122,-2,0,159
5.7045,3.1629,-0.0065185,0.00047122,-2,1,159
-4.4405,-4.8271,-0.0065185,0.00047122,-2,0,159
3.7827,3.7961,-3.0065,0.00047122,1,1,159
-4.0395,1.5239,-0.0065185,0.00047122,-2,0,159
-1.8829,-3.0771,-0.0065185,0.00047122,-2,0,159
1.7588,1.7722,-0.0065185,0.00047122,-2,1,159
2.6456,2.659,-0.0065185,0.00047122,-2,1,159
-4.5405,-0.93092,-0.0065185,0.00047122,-2,0,159
3.8677,3.8811,-4.0065,0.00047122,1,1,159
1.3982,1.4116,-0.0065185,0.00047122,-2,1,159
-3.3302,2.5732,-0.0065185,0.00047122,-2,0,159
-1.28,-2.7068,-0.0065185,0.00047122,-2,0,159
2.7627,2.8694,-0.0065185,0.00047122,-2,1,159
-2.34,-2.3266,1.9935,0.00047122,1,0,159
-4.163,-4.1496,-0.0065185,0.00047122,-2,0,159
2.8468,-1.9491,-0.0065185,0.00047122,-2,1,159
-3.5615,-2.3981,-0.0065185,0.00047122,-2,0,159
3.3356,1.6407,-0.0065185,0.00047122,-2,1,159
0.13592,-1.3027,-0.0065185,0.00047122,-2,0,159
1.1545,1.1679,-0.0065185,0.00047122,-2,1,159
-1.6955,-0.79958,-0.0065185,0.00047122,-2,0,159
1.4495,1.6002,-2.0065,0.00047122,1,0,159
0.0044729,-0.45386,-0.0065185,0.00047122,-2,0,159
0.0044729,0.65904,-0.0065185,0.00047122,-2,0,159
-0.99553,-0.43713,-0.0065185,0.00047122,-2,0,159
-0.84553,-1.0261,1.9935,0.00047122,1,1,159
2.282,2.1116,-0.0065185,0.00047122,-2,1,159
3.3903,2.5679,-0.0065185,0.00047122,-2,1,159
2.4825,3.0179,-0.0065185,0.00047122,-2,1,159
2.1108,2.9079,4.9935,0.00047122,1,1,159
2.6273,3.9053,-0.0065185,0.00047122,-2,1,159
3.6839,3.6304,-0.0065185,0.00047122,-2,1,159
4.732,3.4179,-0.0065185,0.00047122,-2,1,159
3.7729,4.0179,-0.0065185,0.00047122,-2,1,159
0.8076,3.6304,-0.0065185,0.00047122,-2,1,159
1.8371,0.86789,-0.0065185,0.00047122,-2,1,159
2.8622,3.0179,-0.0065185,0.00047122,-2,1,159
-2.4246,-1.7116,-5.0065,0.00047122,1,1,159
5.172,1.2461,-0.0065185,0.00047122,-2,1,159
7.5545,6.1804,-0.0065185,0.00047122,-2,1,159
6.172,4.2679,-0.0065185,0.00047122,-2,1,159
-5.8379,-5.8245,-0.0065185,0.00047122,-2,0,159
4.9705,2.9079,4.9935,0.00047122,1,1,159
5.3356,5.349,-0.0065185,0.00047122,-2,1,159
5.1359,4.0179,-0.0065185,0.00047122,-2,1,159
1.9662,3.0885,-0.0065185,0.00047122,-2,1,159
1.6719,0.86789,-4.0065,0.00047122,1,1,159
1.6993,-3.3821,-0.0065185,0.00047122,-2,1,159
-2.4049,0.86789,-0.0065185,0.00047122,-2,0,159
1.5545,2.0659,-0.0065185,0.00047122,-2,1,159
4.172,4.1854,-0.0065185,0.00047122,-2,1,159
-3.8379,-1.102,-0.0065185,0.00047122,-2,0,159
0.43845,0.45187,-0.0065185,0.00047122,-2,1,159
0.37336,-1.05,-4.0065,0.00047122,1,0,159
-1.8641,0.41789,-0.0065185,0.00047122,-2,1,159
-3.0338,-1.0921,-0.0065185,0.00047122,-2,0,159
5.4045,3.0619,-0.0065185,0.00047122,-2,1,159
-3.8855,-3.8721,-0.0065185,0.00047122,-2,0,159
1.461,2.6417,-0.0065185,0.00047122,-2,1,159
0.91645,-1.2201,-0.0065185,0.00047122,-2,0,159
-0.22071,-1.9871,-0.0065185,0.00047122,-2,1,159
-1.5041,0.20929,-0.0065185,0.00047122,-2,0,159
-1.2778,-1.2644,-0.0065185,0.00047122,-2,0,159
-2.0855,-2.0721,-0.0065185,0.00047122,-2,0,159
4.9309,0.30237,-0.0065185,0.00047122,-2,1,159
1.792,1.2597,-0.0065185,0.00047122,-2,1,159
-0.32615,3.1134,-0.0065185,0.00047122,-2,1,159
-0.42656,-0.8074,-0.0065185,0.00047122,-2,0,159
0.37085,0.38427,4.9935,0.00047122,1,1,159
-1.273,-1.2596,-0.0065185,0.00047122,-2,1,159
1.6186,1.632,-0.0065185,0.00047122,-2,1,159
2.5265,2.5399,-0.0065185,0.00047122,-2,1,159
2.4482,2.4616,-0.0065185,0.00047122,-2,1,159
-1.3727,-2.5212,-0.0065185,0.00047122,-2,0,159
-4.9573,-4.5271,-0.0065185,0.00047122,-2,0,160
-1.1781,-1.1646,-0.0065185,0.00047122,-2,0,160
-2.2955,-5.3132,-0.0065185,0.00047122,-2,0,160
0.40447,1.9729,-0.0065185,0.00047122,-2,0,160
-0.44553,2.2834,-0.0065185,0.00047122,-2,0,160
0.45447,2.7761,-0.0065185,0.00047122,-2,0,160
-0.16303,0.69976,-0.0065185,0.00047122,-2,1,160
0.70447,-0.12449,-0.0065185,0.00047122,-2,0,160
0.15447,-0.54813,-0.0065185,0.00047122,-2,0,160
0.28197,-0.31323,-0.0065185,0.00047122,-2,0,160
1.3903,1.4038,-0.0065185,0.00047122,-2,1,160
4.7045,4.7179,-0.0065185,0.00047122,-2,1,160
-3.9905,0.50067,-5.0065,0.00047122,1,0,160
-3.2238,-2.2666,-0.0065185,0.00047122,-2,0,160
3.0485,3.8722,-0.0065185,0.00047122,-2,1,160
3.8919,3.2234,-0.0065185,0.00047122,-2,1,160
-0.24123,-0.8074,-0.0065185,0.00047122,-2,1,160
0.64563,1.8873,-0.0065185,0.00047122,-2,0,160
0.54945,0.14412,-5.0065,0.00047122,1,0,160
-2.9955,-3.8695,-0.0065185,0.00047122,-2,1,160
-2.9955,-3.7364,-0.0065185,0.00047122,-2,0,160
-5.5455,-5.5321,-0.0065185,0.00047122,-2,0,160
7.172,2.4079,-0.0065185,0.00047122,-2,1,160
6.0968,-2.2006,4.9935,0.00047122,1,1,160
-0.42951,2.3821,-0.0065185,0.00047122,-2,0,160
0.30447,-0.351,-0.0065185,0.00047122,-2,1,160
0.25947,4.7885,0.99348,0.00047122,1,1,160
0.44947,0.46289,-0.0065185,0.00047122,-2,0,160
-2.1455,0.050417,-0.0065185,0.00047122,-2,0,160
-0.44553,-0.43211,-0.0065185,0.00047122,-2,0,160
0.38697,1.9773,-3.0065,0.00047122,1,0,160
1.1621,2.5159,-0.0065185,0.00047122,-2,1,160
-0.44553,-0.43211,-0.0065185,0.00047122,-2,0,160
1.5545,2.8885,-0.0065185,0.00047122,-2,0,160
-2.1455,-2.1321,-0.0065185,0.00047122,-2,0,160
-1.5455,-1.5321,-0.0065185,0.00047122,-2,0,160
-0.82803,2.3823,-0.0065185,0.00047122,-2,1,160
-1.1532,-1.1397,-0.0065185,0.00047122,-2,1,160
1.4385,0.61937,-0.0065185,0.00047122,-2,1,160
-1.2144,-1.8373,-5.0065,0.00047122,1,1,160
-0.12698,5.8339,-0.0065185,0.00047122,-2,1,160
-2.8455,-0.8112,-0.0065185,0.00047122,-2,0,160
-4.718,-4.7046,-0.0065185,0.00047122,-2,0,160
4.0186,2.4246,-3.0065,0.00047122,1,1,160
3.5265,3.8354,-0.0065185,0.00047122,-2,1,160
4.4482,4.7127,-0.0065185,0.00047122,-2,1,160
-5.3727,1.2696,-0.0065185,0.00047122,-2,0,160
4.3251,4.7699,-0.0065185,0.00047122,-2,1,160
2.277,2.4446,-0.0065185,0.00047122,-2,1,160
-1.9271,-3.1037,2.9935,0.00047122,1,1,160
-3.4405,-2.7469,-0.0065185,0.00047122,-2,0,160
-5.6955,-4.2442,-0.0065185,0.00047122,-2,0,160
-4.4405,-3.2049,-0.0065185,0.00047122,-2,0,160
6.2327,-1.3588,-0.0065185,0.00047122,-2,1,160
6.0485,5.1788,-0.0065185,0.00047122,-2,1,160
2.8919,2.1547,-0.0065185,0.00047122,-2,1,160
-2.4498,-3.169,-5.0065,0.00047122,1,0,160
0.36332,0.37673,-0.0065185,0.00047122,-2,0,160
-1.4505,3.7144,-0.0065185,0.00047122,-2,1,160
0.54124,0.55465,-0.0065185,0.00047122,-2,1,160
-0.45178,-0.77141,1.9935,0.00047122,1,0,160
3.727,-0.95961,-0.0065185,0.00047122,-2,1,160
-1.6097,-3.1462,-0.0065185,0.00047122,-2,0,160
1.3765,1.3899,2.9935,0.00047122,1,1,160
0.56077,-2.9758,-0.0065185,0.00047122,-2,1,160
-1.8455,-0.19096,-0.0065185,0.00047122,-2,0,160
-0.27303,-0.97449,-0.0065185,0.00047122,-2,0,160
2.8545,2.8679,-0.0065185,0.00047122,-2,1,160
2.727,2.7404,-0.0065185,0.00047122,-2,1,160
2.3186,-0.94782,4.9935,0.00047122,1,1,160
1.5265,1.5399,-0.0065185,0.00047122,-2,1,160
3.4482,2.6407,-0.0065185,0.00047122,-2,1,160
0.38162,3.4657,-0.0065185,0.00047122,-2,0,160
0.32505,-2.3721,-0.0065185,-4.9995,-1,1,160
0.27696,-4.2321,4.9935,0.00047122,1,1,160
-2.7639,-6.5946,-0.0065185,0.00047122,-2,0,160
0.45447,-2.6995,-0.0065185,0.00047122,-2,0,160
1.837,5.6385,-0.0065185,0.00047122,-2,0,160
-0.8379,1.5755,-0.0065185,0.00047122,-2,0,160
2.5705,-1.2006,-0.0065185,0.00047122,-2,1,160
-2.1766,2.6261,-5.0065,0.00047122,1,0,160
1.1359,2.665,-0.0065185,0.00047122,-2,0,160
-0.99553,-4.5563,-0.0065185,0.00047122,-2,0,160
-0.14553,-0.13211,-0.0065185,0.00047122,-2,0,160
1.1545,1.1679,-0.0065185,0.00047122,-2,1,160
1.3045,-0.57273,-0.0065185,0.00047122,-2,1,160
-3.5455,-1.0871,-0.0065185,0.00047122,-2,0,160
3.022,0.86789,-2.0065,0.00047122,1,1,160
-1.8379,-0.12449,-0.0065185,0.00047122,-2,0,160
0.43845,0.45187,-0.0065185,0.00047122,-2,1,160
0.30447,2.0179,-0.0065185,0.00047122,-2,1,160
3.7045,2.0179,-0.0065185,0.00047122,-2,1,160
3.1495,-1.2104,-2.0065,0.00047122,1,1,160
4.2327,3.0179,-0.0065185,0.00047122,-2,1,160
6.0485,-1.4271,-0.0065185,0.00047122,-2,1,160
-4.8829,-5.1195,-0.0065185,0.00047122,-2,0,160
4.1588,4.1722,4.9935,0.00047122,1,1,160
-3.6367,-4.8733,-0.0065185,0.00047122,-2,0,160
4.5495,4.0179,-0.0065185,0.00047122,-2,1,160
3.4677,2.1854,-0.0065185,0.00047122,-2,1,160
-5.3893,-2.9259,-0.0065185,0.00047122,-2,0,160
-4.3302,-4.3168,-0.0065185,0.00047122,-2,0,160
-5.28,-5.2666,-0.0065185,0.00047122,-2,0,160
4.4963,3.0885,4.9935,0.00047122,1,1,160
0.21001,4.2679,-0.0065185,0.00047122,-2,0,160
2.0045,-3.7693,-0.0065185,0.00047122,-2,1,160
3.0045,-0.052736,-0.0065185,0.00047122,-2,1,160
5.0045,2.4079,-0.0065185,0.00047122,-2,1,160
-1.9955,-1.9821,-0.0065185,0.00047122,-2,0,160
-1.6955,0.85962,-5.0065,0.00047122,1,0,160
-4.9955,-4.2321,-0.0065185,0.00047122,-2,0,160
-2.9955,-2.8697,-0.0065185,0.00047122,-2,0,160
0.0044729,-2.5321,-0.0065185,0.00047122,-2,1,160
4.0045,1.8504,-0.0065185,0.00047122,-2,1,160
-3.3955,1.0235,-5.0065,0.00047122,1,0,160
-2.9955,-1.4161,-0.0065185,0.00047122,-2,0,160
-4.9955,-3.651,-0.0065185,0.00047122,-2,0,160
2.0045,1.9571,-0.0065185,0.00047122,-2,1,160
3.0045,1.7179,-0.0065185,0.00047122,-2,1,160
-1.9955,-1.1646,-0.0065185,0.00047122,-2,0,160
-2.9955,-2.2873,-0.0065185,0.00047122,-2,0,160
-0.99553,-0.39149,-0.0065185,0.00047122,-2,0,160
0.85447,1.0819,4.9935,0.00047122,1,1,160
-2.9955,-3.8054,-0.0065185,0.00047122,-2,0,160
4.0045,2.2052,-0.0065185,0.00047122,-2,1,160
5.0045,3.4179,-0.0065185,0.00047122,-2,1,160
4.2545,4.2679,2.9935,0.00047122,1,1,160
-0.99553,-2.3094,-0.0065185,0.00047122,-2,0,160
-2.9955,-2.9821,-0.0065185,0.00047122,-2,0,160
-6.5455,-3.2596,-0.0065185,0.00047122,-2,0,160
5.572,2.3222,-4.0065,0.00047122,1,1,160
-3.8379,-1.4601,-0.0065185,0.00047122,-2,0,160
-6.5615,3.3516,-0.0065185,0.00047122,-2,0,160
-6.3266,-4.605,-0.0065185,0.00047122,-2,0,160
-5.127,-3.6615,-0.0065185,0.00047122,-2,0,160
5.9662,4.0502,-0.0065185,0.00047122,-2,1,160
-5.813,-5.0496,-0.0065185,0.00047122,-2,0,160
-5.6904,-5.677,-0.0065185,0.00047122,-2,0,160
-4.8362,-3.4273,-3.0065,0.00047122,1,0,160
-2.4976,-3.0341,-0.0065185,0.00047122,-2,0,160
-1.4223,-1.4088,-0.0065185,0.00047122,-2,0,160
1.3672,1.8256,-0.0065185,0.00047122,-2,1,160
-0.68722,-0.6738,-0.0065185,0.00047122,-2,0,160
0.59241,0.94214,4.9935,0.00047122,1,1,160
-1.718,-4.9546,-0.0065185,0.00047122,-2,0,160
-0.3814,0.34588,-0.0065185,0.00047122,-2,0,160
-3.8455,-2.2596,-0.0065185,0.00047122,-2,0,160
3.277,0.29668,2.9935,0.00047122,1,1,160
0.39035,-3.1462,-0.0065185,0.00047122,-2,1,160
3.8545,0.85039,-0.0065185,0.00047122,-2,1,160
-2.718,-2.7046,-0.0065185,0.00047122,-2,0,160
2.6186,0.45187,-0.0065185,0.00047122,-2,1,160
3.5265,-1.0407,-0.0065185,0.00047122,-2,1,160
5.4482,1.4364,-0.0065185,0.00047122,-2,1,160
4.6316,3.3062,3.9935,0.00047122,1,1,160
1.3251,1.3385,-0.0065185,0.00047122,-2,1,160
0.27696,-0.67696,-0.0065185,0.00047122,-2,0,160
-1.9955,-1.9821,-0.0065185,0.00047122,-2,1,160
2.7045,-2.267,-0.0065185,0.00047122,-2,1,160
2.1545,-2.2771,-0.0065185,0.00047122,-2,1,160
5.5545,5.5679,-0.0065185,0.00047122,-2,1,160
3.172,3.1854,-0.0065185,0.00047122,-2,1,160
0.84685,-1.8695,-0.0065185,0.00047122,-2,0,160
1.8545,-2.4746,-0.0065185,0.00047122,-2,1,160
-1.568,-1.5546,1.9935,0.00047122,1,1,160
-2.718,-2.7046,-0.0065185,0.00047122,-2,0,160
-2.6955,-0.23711,-0.0065185,0.00047122,-2,0,160
-5.4405,-5.4271,-0.0065185,0.00047122,-2,0,160
4.2327,2.6068,-0.0065185,0.00047122,-2,1,160
-3.5895,-1.6402,3.9935,0.00047122,1,0,160
4.8919,-3.6791,-0.0065185,0.00047122,-2,1,160
-5.7498,-3.1297,-0.0065185,0.00047122,-2,0,160
3.6456,4.0533,-0.0065185,0.00047122,-2,1,160
-0.54051,-3.0771,-0.0065185,0.00047122,-2,1,160
4.0045,4.0179,-0.0065185,0.00047122,-2,1,160
0.28197,-1.8245,-0.0065185,0.00047122,-2,1,161
0.6186,0.63201,-0.0065185,0.00047122,-2,0,161
-1.4735,-1.4601,-0.0065185,0.00047122,-2,0,161
-0.55182,-0.15253,-0.0065185,0.00047122,-2,1,161
2.1545,2.4959,-0.0065185,0.00047122,-2,1,161
-3.273,-0.077083,-0.0065185,0.00047122,-2,0,161
2.3903,2.6407,-0.0065185,0.00047122,-2,1,161
-0.51753,2.5873,-0.0065185,0.00047122,-2,0,161
-3.9955,2.0307,-0.0065185,0.00047122,-2,0,161
3.0045,3.0179,-0.0065185,0.00047122,-2,1,161
-0.99553,-1.0973,-0.0065185,0.00047122,-2,1,161
1.1545,-0.43861,-0.0065185,0.00047122,-2,1,161
0.98197,-2.0701,4.9935,0.00047122,1,0,161
0.44947,-0.98211,-0.0065185,0.00047122,-2,0,161
0.23272,-0.98211,-0.0065185,0.00047122,-2,0,161
-0.18954,0.46159,-3.0065,0.00047122,1,1,161
-2.1081,-0.37208,-0.0065185,0.00047122,-2,1,161
-0.44553,2.5679,-0.0065185,0.00047122,-2,0,161
0.38697,0.40039,-4.0065,0.00047122,1,0,161
-5.163,0.41789,-0.0065185,0.00047122,-2,0,161
4.5545,3.349,-0.0065185,0.00047122,-2,1,161
-3.163,-3.1496,-0.0065185,0.00047122,-2,0,161
-1.1532,3.1914,-0.0065185,0.00047122,-2,0,161
-0.97951,1.9668,1.9935,0.00047122,1,0,161
-0.16303,2.6796,-0.0065185,0.00047122,-2,1,161
-0.69553,0.41526,-0.0065185,0.00047122,-2,1,161
0.15447,-0.10313,-0.0065185,0.00047122,-2,0,161
2.282,2.2954,-0.0065185,0.00047122,-2,0,161
2.3903,2.4038,-0.0065185,0.00047122,-2,0,161
-1.4735,0.3655,-0.0065185,0.00047122,-2,0,161
1.2608,1.2742,3.9935,0.00047122,1,0,161
2.6273,6.4179,-0.0065185,0.00047122,-2,1,161
-2.5455,-0.35926,-0.0065185,0.00047122,-2,0,161
5.172,5.1854,-0.0065185,0.00047122,-2,1,161
-4.8379,-3.2546,-0.0065185,0.00047122,-2,0,161
-4.5615,-3.2137,-0.0065185,0.00047122,-2,0,161
-2.3266,-1.179,-0.0065185,0.00047122,-2,0,161
2.1359,2.1493,-0.0065185,0.00047122,-2,0,161
-0.84553,-0.97435,-0.0065185,0.00047122,-2,1,161
0.72697,-0.084881,1.9935,0.00047122,1,1,161
-0.99553,-2.2962,-0.0065185,0.00047122,-2,0,161
0.0044729,-1.4271,-0.0065185,0.00047122,-2,1,161
0.0044729,0.017889,-0.0065185,0.00047122,-2,1,161
0.0044729,0.63201,-4.0065,0.00047122,1,0,161
0.0044729,0.53989,-0.0065185,0.00047122,-2,1,161
3.0045,2.9079,-0.0065185,0.00047122,-2,1,161
3.5545,1.0179,-0.0065185,0.00047122,-2,1,161
-5.163,0.017889,-0.0065185,0.00047122,-2,1,161
-5.5455,-1.8245,-0.0065185,0.00047122,-2,0,161
4.722,4.7354,-3.0065,0.00047122,1,1,161
-3.163,0.40039,-0.0065185,0.00047122,-2,0,161
-2.8379,-2.8245,-0.0065185,0.00047122,-2,0,161
-1.4295,2.3064,-0.0065185,0.00047122,-2,1,161
-1.3266,-0.79958,-0.0065185,0.00047122,-2,1,161
0.0044729,0.017889,-0.0065185,0.00047122,-2,1,161
3.0045,3.0179,-0.0065185,0.00047122,-2,1,161
-2.5455,0.83536,3.9935,0.00047122,1,1,161
3.172,-2.3821,-0.0065185,0.00047122,-2,1,161
1.8545,1.8679,-0.0065185,0.00047122,-2,1,161
1.727,1.9796,-0.0065185,0.00047122,-2,1,161
-3.6097,-0.16951,-0.0065185,0.00047122,-2,1,161
0.55447,3.2627,-0.0065185,0.00047122,-2,1,161
-1.2955,2.0262,-0.0065185,0.00047122,-2,1,161
1.1095,3.0699,3.9935,0.00047122,1,0,161
6.172,3.7951,-0.0065185,0.00047122,-2,1,161
5.2468,2.4179,-0.0065185,-0.99953,-1,0,161
4.5705,4.5839,-0.0065185,0.00047122,-2,0,161
3.3356,3.437,-0.0065185,0.00047122,-2,0,161
4.1359,2.8493,-0.0065185,0.00047122,-2,1,161
3.5162,0.94088,-4.0065,0.00047122,1,0,161
4.8219,0.61789,-0.0065185,0.00047122,-2,0,161
-1.6904,-1.4473,-0.0065185,0.00047122,-2,0,161
3.8545,-0.87259,-0.0065185,0.00047122,-2,1,161
-1.718,-3.8632,-0.0065185,0.00047122,-2,0,161
1.4686,1.482,-3.0065,0.00047122,1,0,161
-2.718,1.6062,-0.0065185,0.00047122,-2,0,161
6.7045,1.4495,-0.0065185,0.00047122,-2,1,161
-4.4405,-4.927,-0.0065185,0.00047122,-2,0,161
1.2327,1.2461,-0.0065185,0.00047122,-2,0,161
1.0045,1.0179,-0.0065185,0.00047122,-2,0,161
-0.84553,-0.40884,-4.0065,0.00047122,1,0,161
-1.273,1.4179,-0.0065185,0.00047122,-2,1,161
-1.3814,0.90789,-0.0065185,0.00047122,-2,0,161
-0.69553,2.1493,-0.0065185,0.00047122,-2,0,161
-0.55053,1.2401,-0.0065185,0.00047122,-2,1,161
2.7762,4.8354,-0.0065185,0.00047122,-2,1,161
4.4045,0.41888,-0.0065185,0.00047122,-2,1,161
3.7445,3.7579,-2.0065,0.00047122,1,1,161
-2.452,-0.73861,-0.0065185,0.00047122,-2,1,161
-1.9955,-0.53711,-0.0065185,0.00047122,-2,0,161
-0.69553,-0.68211,-0.0065185,0.00047122,-2,0,161
1.4495,0.65904,-0.0065185,0.00047122,-2,1,161
1.2327,1.2461,-3.0065,0.00047122,1,1,161
2.9605,1.5239,-0.0065185,0.00047122,-2,0,161
-3.1081,-2.9884,-0.0065185,0.00047122,-2,0,161
-5.3955,-5.3821,-0.0065185,0.00047122,-2,0,161
-4.5855,-1.7975,2.9935,0.00047122,1,0,161
-2.452,0.11139,-0.0065185,0.00047122,-2,0,161
-3.0836,-3.0701,-0.0065185,0.00047122,-2,0,161
-0.77035,-0.75693,-0.0065185,0.00047122,-2,0,161
1.4959,1.5093,-0.0065185,0.00047122,-2,0,161
-1.7132,1.3002,-0.0065185,0.00047122,-2,1,161
1.9145,1.4779,-0.0065185,0.00047122,-2,0,161
1.628,1.7804,3.9935,0.00047122,1,0,161
0.21698,0.34852,-0.0065185,0.00047122,-2,0,161
0.3351,2.2385,-0.0065185,0.00047122,-2,1,161
3.8545,0.38427,-0.0065185,0.00047122,-2,1,161
3.727,5.1059,-0.0065185,0.00047122,-2,1,161
2.6186,3.7927,-0.0065185,0.00047122,-2,1,161
2.2265,3.3689,4.9935,0.00047122,1,0,161
-3.4405,-1.9918,-0.0065185,0.00047122,-2,0,161
-2.6955,-1.3593,-0.0065185,0.00047122,-2,0,161
-3.4405,-2.3027,-0.0065185,0.00047122,-2,0,161
3.2327,2.9004,-0.0065185,0.00047122,-2,1,161
2.7485,2.7619,4.9935,0.00047122,1,1,161
4.8919,4.9053,-0.0065185,0.00047122,-2,1,161
3.7588,3.7722,-0.0065185,0.00047122,-2,1,161
4.6456,4.659,-0.0065185,0.00047122,-2,1,161
5.5495,5.5629,-0.0065185,0.00047122,-2,1,161
4.4677,2.3392,-0.0065185,0.00047122,-2,1,161
2.3982,2.4116,-0.0065185,0.00047122,-2,1,161
-1.6608,3.2426,-0.0065185,0.00047122,-2,0,161
-1.411,-1.619,1.9935,0.00047122,1,0,161
-2.4405,-2.4271,-0.0065185,0.00047122,-2,0,161
1.2327,-1.7569,-0.0065185,0.00047122,-2,1,161
2.0485,-0.49071,-0.0065185,0.00047122,-2,1,161
-1.7329,0.17449,3.9935,0.00047122,1,0,161
-1.7498,0.10785,-0.0065185,0.00047122,-2,0,161
-0.63668,0.94436,-0.0065185,0.00047122,-2,0,161
-1.4505,-3.2261,-0.0065185,0.00047122,-2,0,161
1.2412,1.6427,4.9935,0.00047122,1,1,161
2.4495,5.7129,-0.0065185,0.00047122,-2,1,161
-5.2238,-5.4907,-0.0065185,0.00047122,-2,0,161
-4.0395,-4.2644,-0.0065185,0.00047122,-2,0,161
-5.8829,-6.0721,-0.0065185,0.00047122,-2,0,161
4.7588,1.4664,-0.0065185,0.00047122,-2,1,161
-3.6367,-4.1696,-0.0065185,0.00047122,-2,0,161
-4.5405,-4.6515,-0.0065185,0.00047122,-2,0,161
3.8677,2.7544,4.9935,0.00047122,1,1,161
3.3982,4.6616,-0.0065185,0.00047122,-2,1,161
-1.3302,-1.3932,-0.0065185,0.00047122,-2,0,161
3.289,2.5348,-0.0065185,0.00047122,-2,0,161
4.5545,2.8097,-0.0065185,0.00047122,-2,1,161
3.872,3.2839,4.9935,0.00047122,1,1,161
6.4495,4.4426,-0.0065185,0.00047122,-2,1,161
1.2327,0.16639,-0.0065185,0.00047122,-2,1,161
-3.0395,-3.0261,-0.0065185,0.00047122,-2,0,161
2.5919,3.9759,4.9935,0.00047122,1,1,161
3.7588,4.3591,-0.0065185,0.00047122,-2,1,161
-0.35437,-0.90459,-0.0065185,0.00047122,-2,1,161
0.54945,2.2513,-0.0065185,0.00047122,-2,0,161
2.0045,2.3235,-0.0065185,0.00047122,-2,0,161
0.0044729,1.7179,-0.0065185,0.00047122,-2,0,161
1.0045,0.017889,-0.0065185,0.00047122,-2,1,161
-0.84553,-0.83211,-5.0065,0.00047122,1,0,161
0.0044729,4.2679,-0.0065185,0.00047122,-2,1,161
0.0044729,0.017889,-0.0065185,0.00047122,-2,0,161
-1.9955,0.71274,-0.0065185,0.00047122,-2,0,161
-0.99553,-1.6821,-0.0065185,0.00047122,-2,0,161
0.0044729,0.86789,-0.0065185,0.00047122,-2,0,161
-2.9955,-0.27789,-0.0065185,0.00047122,-2,1,161
-1.9955,-2.5321,-0.0065185,0.00047122,-2,0,161
4.7045,2.7074,-0.0065185,0.00047122,-2,1,161
-6.4405,-6.4271,-0.0065185,0.00047122,-2,0,161
5.2327,5.5839,-0.0065185,0.00047122,-2,1,161
5.0485,5.349,-0.0065185,0.00047122,-2,1,161
-3.8829,-2.4355,-0.0065185,0.00047122,-2,0,161
-2.7498,-2.7364,-0.0065185,0.00047122,-2,0,161
-3.6367,-3.6233,-0.0065185,0.00047122,-2,0,161
3.0995,2.5551,-4.0065,0.00047122,1,1,161
-5.4588,-5.4453,-0.0065185,0.00047122,-2,1,161
7.2545,4.7699,-0.0065185,0.00047122,-2,0,161
-4.608,-0.075611,-0.0065185,0.00047122,-2,0,161
-2.8455,-2.8321,-0.0065185,0.00047122,-2,0,161
0.72697,3.3504,-0.0065185,0.00047122,-2,0,161
4.3128,4.0571,-0.0065185,0.00047122,-2,1,162
-1.2576,-3.4151,-0.0065185,0.00047122,-2,0,162
-1.2183,-1.0101,-0.0065185,0.00047122,-2,0,162
3.1938,0.76419,-0.0065185,0.00047122,-2,1,162
5.1654,5.2406,-0.0065185,0.00047122,-2,0,162
5.2545,4.2851,-0.0065185,0.00047122,-2,1,162
0.85447,0.032507,-0.0065185,0.00047122,-2,1,162
2.727,2.0303,-0.0065185,0.00047122,-2,1,162
-1.6097,-1.3238,-0.0065185,0.00047122,-2,0,162
1.5265,0.87687,-0.0065185,0.00047122,-2,1,162
4.4482,4.0255,-0.0065185,0.00047122,-2,1,162
4.3816,4.395,-0.0065185,0.00047122,-2,1,162
3.7251,0.95259,4.9935,0.00047122,1,1,162
3.277,4.5404,-0.0065185,0.00047122,-2,1,162
2.2361,2.0219,-0.0065185,0.00047122,-2,1,162
3.2013,3.2148,-0.0065185,0.00047122,-2,1,162
-3.1629,-1.8274,-0.0065185,0.00047122,-2,0,162
1.1467,2.7101,-0.0065185,0.00047122,-2,1,162
0.97538,0.98879,-2.0065,0.00047122,1,1,162
-4.0983,-3.9839,-0.0065185,0.00047122,-2,0,162
2.0918,2.1052,-0.0065185,0.00047122,-2,1,162
0.078724,-1.1361,-0.0065185,0.00047122,-2,1,162
1.0676,1.081,-0.0065185,0.00047122,-2,1,162
0.90812,0.071535,-4.0065,0.00047122,1,1,162
1.0501,-3.3365,-0.0065185,0.00047122,-2,1,162
-3.0343,-0.83278,-0.0065185,0.00047122,-2,0,162
4.0374,2.5685,-0.0065185,0.00047122,-2,1,162
3.0325,3.4459,-0.0065185,0.00047122,-2,1,162
-1.0193,-0.98252,-0.0065185,0.00047122,-2,0,162
5.0247,5.0381,-0.0065185,0.00047122,-2,1,162
4.2717,1.8606,-4.0065,0.00047122,1,1,162
-4.0101,3.4176,-0.0065185,0.00047122,-2,0,162
-2.008,-1.9823,-0.0065185,0.00047122,-2,0,162
-0.0060887,0.017707,-0.0065185,0.00047122,-2,0,162
1.0135,2.4745,-0.0065185,0.00047122,-2,1,162
-1.0032,-0.83224,-0.0065185,0.00047122,-2,0,162
1.011,0.87437,-0.0065185,0.00047122,-2,1,162
0.0099861,0.8734,-0.0065185,0.00047122,-2,1,162
0.0091592,0.022575,-0.0065185,0.00047122,-2,1,162
0.0084562,0.021872,3.9935,0.00047122,1,1,162
-1.9921,3.4213,-0.0065185,0.00047122,-2,1,162
-3.9926,-1.6792,-0.0065185,0.00047122,-2,0,162
0.40447,1.4628,-0.0065185,0.00047122,-2,1,162
-0.33553,1.3396,2.9935,0.00047122,1,0,162
-2.452,-1.0261,-0.0065185,0.00047122,-2,0,162
-3.0836,0.097364,-0.0065185,0.00047122,-2,0,162
1.7793,0.77219,-0.0065185,0.00047122,-2,1,162
-3.5041,-2.2132,-0.0065185,0.00047122,-2,0,162
4.2868,2.2629,-0.0065185,0.00047122,-2,1,162
-3.6355,-2.9953,3.9935,0.00047122,1,0,162
-4.922,-4.9086,-0.0065185,0.00047122,-2,0,162
1.792,-2.5374,-0.0065185,0.00047122,-2,1,162
-2.6649,-1.1166,-0.0065185,0.00047122,-2,0,162
4.5734,1.9597,-0.0065185,0.00047122,-2,1,162
-4.4791,-3.8657,-0.0065185,0.00047122,-2,0,162
4.4156,3.5926,-0.0065185,0.00047122,-2,0,162
-3.7449,-3.2215,-4.0065,0.00047122,1,0,162
0.70747,-6.2721,-0.0065185,0.00047122,-2,0,162
-2.248,0.61544,-0.0065185,0.00047122,-2,0,162
-2.2101,-1.8967,-0.0065185,0.00047122,-2,0,162
4.1869,3.8059,-0.0065185,0.00047122,-2,1,162
-0.84049,0.79271,-0.0065185,0.00047122,-2,1,162
1.8727,-4.3807,-0.0065185,0.00047122,-2,0,162
1.5925,1.6059,-5.0065,0.00047122,1,0,162
-1.9003,-0.89215,-0.0065185,0.00047122,-2,0,162
2.7045,-2.5946,-0.0065185,0.00047122,-2,1,162
-0.55053,1.3941,-0.0065185,0.00047122,-2,1,162
-0.46728,1.2461,-0.0065185,0.00047122,-1,1,162
-0.95151,-0.9381,-0.0065185,0.00047122,-2,0,162
-0.80812,-3.5679,-3.0065,0.00047122,1,0,162
-0.44053,-3.9771,-0.0065185,0.00047122,-2,0,162
-0.76728,-1.0947,-0.0065185,0.00047122,-2,0,162
0.30447,0.31789,-0.0065185,0.00047122,-2,0,162
1.5595,1.5729,-0.0065185,0.00047122,-2,1,162
-1.3173,-0.2144,1.9935,0.00047122,1,0,162
2.172,0.48539,-0.0065185,0.00047122,-2,1,162
1.8468,1.8603,-0.0065185,0.00047122,-2,1,162
-0.56155,-1.5481,-0.0065185,0.00047122,-2,0,162
0.33559,0.499,-0.0065185,0.00047122,-2,0,162
-1.8455,-1.7046,-0.0065185,0.00047122,-2,0,162
1.577,0.45591,4.9935,0.00047122,1,0,162
0.28197,-4.7541,-0.0065185,0.00047122,-2,1,162
-3.3814,-4.1877,-0.0065185,0.00047122,-2,0,162
1.4825,-1.0527,-0.0065185,0.00047122,-2,0,162
1.7045,1.7179,-0.0065185,0.00047122,-2,1,162
0.0044729,0.017889,-0.0065185,0.00047122,-2,1,162
0.0044729,0.017889,-0.0065185,0.00047122,-2,1,162
0.0044729,-0.35926,3.9935,0.00047122,1,0,162
-0.99553,-0.98211,-0.0065185,0.00047122,-2,0,162
-0.99553,-2.8721,-0.0065185,0.00047122,-2,1,162
2.0045,1.9619,-0.0065185,0.00047122,-2,0,162
0.0044729,0.017889,-0.0065185,0.00047122,-2,0,162
0.0044729,-0.022577,-3.0065,0.00047122,1,1,162
3.0045,2.5679,-0.0065185,0.00047122,-2,0,162
1.0045,1.0179,-0.0065185,0.00047122,-2,1,162
-1.8455,-1.7725,-0.0065185,0.00047122,-2,0,162
-1.568,-2.6745,2.9935,0.00047122,1,0,162
2.6186,2.632,-0.0065185,0.00047122,-2,1,162
1.5265,1.5399,-0.0065185,0.00047122,-2,1,162
2.4482,2.4616,-0.0065185,0.00047122,-2,1,162
-2.3727,1.2068,-0.0065185,0.00047122,-2,0,162
-1.3161,-2.4996,-0.0065185,0.00047122,-2,0,162
0.73198,0.32304,-0.0065185,0.00047122,-2,0,162
0.62286,-0.93623,3.9935,0.00047122,1,1,162
-1.718,-4.3821,-0.0065185,0.00047122,-2,0,162
2.6186,1.4959,-0.0065185,0.00047122,-2,1,162
2.5265,1.5742,-0.0065185,0.00047122,-2,1,162
3.4482,-0.66757,-0.0065185,0.00047122,-2,1,162
5.3816,2.2473,-0.0065185,0.00047122,-2,1,162
4.5751,3.9954,3.9935,0.00047122,1,0,162
-3.608,-4.6644,-0.0065185,0.00047122,-2,0,162
3.0045,3.0179,-0.0065185,0.00047122,-2,1,162
4.0045,3.5544,-0.0065185,0.00047122,-2,1,162
2.0045,2.8054,-0.0065185,0.00047122,-2,1,162
-1.6955,-3.5415,3.9935,0.00047122,1,0,162
-1.9955,-2.5511,-0.0065185,0.00047122,-2,0,162
3.0045,-2.8721,-0.0065185,0.00047122,-2,1,162
-1.9955,-2.9432,-0.0065185,0.00047122,-2,0,162
1.0045,2.0673,-0.0065185,0.00047122,-2,1,162
3.0045,3.0179,-0.0065185,0.00047122,-2,1,162
-2.5455,-0.95706,-0.0065185,0.00047122,1,0,162
1.0045,1.0179,-0.0065185,0.00047122,-2,1,162
0.85447,0.017889,-4.0065,0.00047122,1,1,162
0.0044729,3.2629,-0.0065185,0.00047122,-2,0,162
0.0044729,0.017889,-0.0065185,0.00047122,-2,1,162
-1.9955,-0.094126,-0.0065185,0.00047122,-2,0,162
1.7045,1.7179,-2.0065,0.00047122,1,1,162
4.0045,4.0988,-0.0065185,0.00047122,-2,1,162
4.0045,-1.4271,-0.0065185,0.00047122,-2,1,162
-2.9955,-3.0406,-0.0065185,0.00047122,-2,0,162
2.5545,2.9576,4.9935,0.00047122,1,1,162
-1.9955,-4.2744,-0.0065185,0.00047122,-2,0,162
3.0045,1.7538,-0.0065185,0.00047122,-2,1,162
5.0045,5.0179,-0.0065185,0.00047122,-2,1,162
4.0045,2.1854,-0.0065185,0.00047122,-2,1,162
-3.9955,-4.0042,-0.0065185,0.00047122,-2,0,162
-2.9955,-3.0009,-0.0065185,0.00047122,-2,0,162
1.0045,1.0179,-0.0065185,0.00047122,-2,1,162
0.85447,2.1195,4.9935,0.00047122,1,1,162
-0.99553,-0.9706,-0.0065185,0.00047122,-2,1,162
0.0044729,0.017889,-0.0065185,0.00047122,-2,1,162
3.0045,-3.0611,-0.0065185,0.00047122,-2,0,162
-3.9955,-2.525,-0.0065185,0.00047122,-2,0,162
-3.3955,-3.3821,-4.0065,0.00047122,1,0,162
-2.8855,-5.2245,-0.0065185,0.00047122,-2,0,162
-3.452,-2.4386,-0.0065185,0.00047122,-2,0,162
-6.0836,-2.1632,-0.0065185,0.00047122,-2,0,162
-5.1703,-4.5136,-3.0065,0.00047122,1,0,162
-4.5041,-4.4907,-0.0065185,0.00047122,-2,0,162
3.2868,3.4677,-0.0065185,0.00047122,-2,1,162
0.91451,1.323,-0.0065185,0.00047122,-2,0,162
-0.069059,-0.055643,-0.0065185,0.00047122,-2,0,162
-3.1455,-5.2104,-0.0065185,0.00047122,-2,0,162
-3.3955,-0.40884,-0.0065185,0.00047122,-2,0,162
2.8945,2.2938,4.9935,0.00047122,1,1,162
-7.452,-6.6886,-0.0065185,0.00047122,-2,0,162
4.0925,6.3559,-0.0065185,0.00047122,-2,1,162
-4.7703,-3.2049,-0.0065185,0.00047122,-2,0,162
-3.5041,-2.1715,-0.0065185,0.00047122,-2,0,162
-0.27784,0.85695,-0.0065185,0.00047122,-2,0,162
-2.0855,-1.1189,-0.0065185,0.00047122,-2,0,162
2.078,-1.796,-0.0065185,0.00047122,-2,1,162
4.5545,-0.83525,-0.0065185,0.00047122,-2,1,162
2.172,1.0767,-0.0065185,0.00047122,-2,1,162
3.8468,1.4729,-0.0065185,0.00047122,-2,1,162
-0.56155,-0.54813,-0.0065185,0.00047122,-2,0,162
0.48559,1.349,-3.0065,0.00047122,1,1,162
-2.8641,-2.8668,-0.0065185,0.00047122,-2,0,162
0.40447,1.2237,-0.0065185,0.00047122,-2,1,162
-0.33553,-0.32211,3.9935,0.00047122,1,0,162
0.54797,0.96139,-0.0065185,0.00047122,-2,1,162
0.45447,-1.541,-0.0065185,0.00047122,-2,0,162
3.172,-0.36461,-0.0065185,0.00047122,-2,1,162
-0.15315,0.10591,-0.0065185,0.00047122,-2,1,162
-1.4295,-1.2073,-0.0065185,0.00047122,-2,1,162
-7.452,-1.7569,-0.0065185,0.00047122,-2,0,163
1.9164,2.5093,-0.0065185,0.00047122,-2,1,163
-3.3955,3.6304,-0.0065185,0.00047122,-2,0,163
-3.8855,2.0885,-0.0065185,0.00047122,-2,0,163
-0.45203,4.6279,-0.0065185,0.00047122,-2,1,163
1.3045,1.016,-0.0065185,0.00047122,-2,1,163
4.5545,0.34771,-0.0065185,0.00047122,-2,1,163
6.172,5.5265,-0.0065185,0.00047122,-2,1,163
5.8468,3.3053,-0.0065185,0.00047122,-2,1,163
-5.5615,-4.9481,-0.0065185,0.00047122,-2,0,163
4.3356,4.749,-0.0065185,0.00047122,-2,1,163
-3.127,-3.6636,-0.0065185,0.00047122,-2,0,163
2.6662,2.6796,-4.0065,0.00047122,1,0,163
3.4495,3.4629,-0.0065185,0.00047122,-2,0,163
4.2327,1.7298,-0.0065185,0.00047122,-2,0,163
3.5985,5.0619,-0.0065185,4.0005,-1,1,163
-6.163,-0.061586,-0.0065185,0.00047122,-2,0,163
4.8468,5.9079,-0.0065185,0.00047122,-2,1,163
4.1205,4.4739,-4.0065,0.00047122,1,1,163
4.3356,-1.2941,-0.0065185,0.00047122,-2,1,163
4.1359,4.7927,-0.0065185,0.00047122,-2,1,163
2.9662,3.694,-0.0065185,0.00047122,-2,1,163
2.8219,3.0002,-0.0065185,0.00047122,-2,1,163
2.3993,2.8079,4.9935,0.00047122,1,0,163
0.55947,-4.8227,-0.0065185,0.00047122,-2,0,163
2.7045,0.51586,-0.0065185,0.00047122,-2,1,163
-3.8455,-2.2771,-0.0065185,0.00047122,-2,0,163
4.727,3.2904,-0.0065185,0.00047122,-2,1,163
4.6186,4.632,-0.0065185,0.00047122,-2,1,163
-5.5175,-4.341,-0.0065185,0.00047122,-2,0,163
-4.6892,-2.8823,-5.0065,0.00047122,1,0,163
-2.3727,-3.7689,-0.0065185,0.00047122,-2,0,163
-0.3161,-1.2884,-0.0065185,0.00047122,-2,1,163
-0.99553,-0.98211,-0.0065185,0.00047122,-2,0,163
-1.8455,-2.0604,-0.0065185,0.00047122,-2,0,163
0.28197,0.82101,-0.0065185,0.00047122,-2,1,163
2.1545,3.7404,-0.0065185,0.00047122,-2,0,163
-3.273,-3.2596,-0.0065185,0.00047122,-2,0,163
-0.39553,2.5742,-0.0065185,0.00047122,-2,0,163
0.34447,3.3516,-3.0065,0.00047122,1,0,163
-0.16303,2.395,-0.0065185,0.00047122,-2,0,163
-0.15315,-0.57518,-0.0065185,0.00047122,-2,0,163
-2.6955,0.16026,-0.0065185,0.00047122,-2,0,163
-2.2905,-1.029,3.9935,0.00047122,1,0,163
-1.2238,2.1896,-0.0065185,0.00047122,-2,0,163
-2.0395,-2.0261,-0.0065185,0.00047122,-2,0,163
-3.8829,-3.103,-0.0065185,0.00047122,-2,0,163
-3.7498,-3.7364,-0.0065185,0.00047122,-2,0,163
-4.6367,-0.069465,-0.0065185,0.00047122,-2,0,163
-3.9405,-3.4564,3.9935,0.00047122,1,0,163
-4.4588,-4.4453,-0.0065185,0.00047122,-2,0,163
-3.3893,2.8542,-0.0065185,0.00047122,-2,0,163
-3.3302,-2.5777,-0.0065185,0.00047122,-2,0,163
5.289,2.8524,-0.0065185,0.00047122,-2,1,163
-5.2373,-5.0151,-0.0065185,0.00047122,-2,0,163
-2.2011,-3.8002,-0.0065185,0.00047122,-2,0,163
1.8792,1.8926,-4.0065,0.00047122,1,1,163
-3.144,3.3977,-0.0065185,0.00047122,-2,0,163
3.1307,2.6941,-0.0065185,0.00047122,-2,1,163
-0.10282,0.0032706,-0.0065185,0.00047122,-2,0,163
1.9133,2.0055,-0.0065185,0.00047122,-2,1,163
1.3045,-1.6046,-0.0065185,0.00047122,-2,1,163
3.5545,1.0838,-0.0065185,0.00047122,-2,1,163
-3.013,-3.4807,3.9935,0.00047122,1,0,163
-6.8379,-6.8245,-0.0065185,0.00047122,-2,0,163
5.5705,-2.8316,-0.0065185,0.00047122,-2,1,163
-6.3266,-6.3132,-0.0065185,0.00047122,-2,0,163
-6.127,-2.9013,-0.0065185,0.00047122,-2,0,163
-4.9573,-4.007,-0.0065185,0.00047122,-2,0,163
4.2219,3.6515,-4.0065,0.00047122,1,1,163
3.6993,3.0358,-0.0065185,0.00047122,-2,1,163
4.5951,4.0332,-0.0065185,0.00047122,-2,1,163
-4.4976,1.9724,-0.0065185,0.00047122,-2,0,163
-4.4223,-3.8088,-0.0065185,0.00047122,-2,0,163
-3.7582,-3.7448,3.9935,0.00047122,1,0,163
1.3128,-3.3741,-0.0065185,0.00047122,-2,1,163
-1.7335,-1.9753,-0.0065185,0.00047122,-2,0,163
0.70447,-1.7046,-0.0065185,0.00047122,-2,0,163
-0.84553,-0.83211,-0.0065185,0.00047122,-2,0,163
-0.71803,-0.70461,-0.0065185,0.00047122,-2,1,163
-0.60965,0.9251,-4.0065,0.00047122,1,0,163
3.5265,6.4179,-0.0065185,0.00047122,-2,1,163
-3.4392,-2.8721,-0.0065185,0.00047122,-2,0,163
-5.3727,-2.6161,-0.0065185,0.00047122,-2,0,163
4.3251,6.1059,-0.0065185,0.00047122,-2,1,163
-2.268,-2.0428,-0.0065185,0.00047122,-2,0,163
-2.2271,-3.1043,-0.0065185,0.00047122,-2,0,163
1.9013,3.0002,4.9935,0.00047122,1,1,163
-1.1629,-5.3221,-0.0065185,0.00047122,-2,0,163
-1.1378,-1.0138,-0.0065185,0.00047122,-2,0,163
-0.87462,1.5279,-0.0065185,0.00047122,-2,1,163
1.1072,1.6873,-0.0065185,0.00047122,-2,1,163
-0.93288,0.72093,-4.0065,0.00047122,1,0,163
-4.0698,-3.3987,-0.0065185,0.00047122,-2,0,163
4.0676,4.429,-0.0065185,0.00047122,-2,1,163
-4.0492,-3.2215,-0.0065185,0.00047122,-2,0,163
3.4501,3.7149,-2.0065,0.00047122,1,1,163
-1.0343,-0.99075,-0.0065185,0.00047122,-2,1,163
-1.1455,1.0825,-0.0065185,0.00047122,-2,0,163
-0.97303,-0.25961,-0.0065185,-0.99953,-1,1,163
-0.55053,-0.53711,-0.0065185,0.00047122,-2,1,163
0.30447,1.6278,-0.0065185,0.00047122,-2,1,163
0.55947,0.27289,-0.0065185,0.00047122,-2,0,163
0.47622,2.359,-4.0065,0.00047122,1,0,163
2.4495,2.4629,-0.0065185,0.00047122,-2,1,163
1.8545,1.8679,-0.0065185,0.00047122,-2,1,163
0.72697,-1.5512,-0.0065185,0.00047122,-2,0,163
-1.9955,-1.2278,-0.0065185,0.00047122,-2,1,163
-1.6955,-5.6821,-0.0065185,-3.9995,-1,0,163
-1.4405,-2.9384,3.9935,0.00047122,1,1,163
-2.7673,-3.3821,-0.0065185,0.00047122,-2,1,163
3.4045,3.4179,-0.0065185,0.00047122,-2,0,163
0.89447,0.29038,-0.0065185,0.00047122,-2,0,163
-1.539,0.77439,-0.0065185,0.00047122,-2,0,163
-1.3075,-1.2941,3.9935,0.00047122,1,0,163
1.2297,-3.3821,-0.0065185,0.00047122,-2,1,163
2.4959,4.0179,-0.0065185,0.00047122,-2,1,163
0.72216,2.0179,-0.0065185,0.00047122,-2,1,163
1.0944,1.1079,-0.0065185,0.00047122,-2,0,163
0.93094,-0.62166,-0.0065185,0.00047122,-2,1,163
0.0044729,0.017889,-0.0065185,0.00047122,-2,1,163
-1.9955,-1.9821,-0.0065185,0.00047122,-2,0,163
1.7045,1.7179,2.9935,0.00047122,1,0,163
1.0045,-1.5321,-0.0065185,0.00047122,-2,1,163
-1.9955,-4.1496,-0.0065185,0.00047122,-2,1,163
2.0045,1.2696,-0.0065185,0.00047122,-2,1,163
1.7045,-0.48414,2.9935,0.00047122,1,1,163
-1.5505,2.1412,-0.0065185,0.00047122,-2,0,163
4.5545,-3.3779,-0.0065185,0.00047122,-2,1,163
-0.16303,0.16026,-0.0065185,0.00047122,-2,0,163
0.14685,-3.2481,-2.0065,0.00047122,1,1,163
-1.5615,3.049,-0.0065185,0.00047122,-2,0,163
0.33559,-1.1136,-0.0065185,0.00047122,-2,1,163
-3.127,1.8296,-0.0065185,0.00047122,-2,0,163
-1.9573,-2.6438,-0.0065185,0.00047122,-2,1,163
-2.8455,-0.13726,-0.0065185,0.00047122,-2,0,163
-1.6955,-1.6821,-0.0065185,0.00047122,-2,1,163
1.0045,0.55987,-0.0065185,0.00047122,-2,1,163
-0.84553,-0.83211,-5.0065,0.00047122,1,0,163
1.282,1.2954,-0.0065185,0.00047122,-2,1,163
-1.2955,2.0262,-0.0065185,0.00047122,-2,0,163
-4.5455,-4.5321,-0.0065185,0.00047122,-2,0,163
3.172,2.4052,-0.0065185,0.00047122,-2,1,163
-2.6879,-0.64277,-5.0065,0.00047122,1,0,163
4.5705,4.1069,-0.0065185,0.00047122,-2,1,163
3.3356,1.8811,-0.0065185,0.00047122,-2,1,163
-3.127,-2.0333,-0.0065185,0.00047122,-2,0,163
2.6662,1.6191,4.9935,0.00047122,1,1,163
1.187,-5.0496,-0.0065185,0.00047122,-2,0,163
5.6993,-1.7535,-0.0065185,0.00047122,-2,0,163
-0.24553,0.87227,-0.0065185,0.00047122,-2,1,163
2.617,-4.6104,-0.0065185,0.00047122,-2,0,163
2.0751,-2.0261,-0.0065185,0.00047122,-2,0,163
-4.6056,1.6278,-0.0065185,0.00047122,-2,0,163
-3.9141,-1.5865,-3.0065,0.00047122,1,0,163
-5.4405,-5.4271,-0.0065185,0.00047122,-2,0,163
6.2327,3.4136,-0.0065185,0.00047122,-2,1,163
6.0485,6.0619,-0.0065185,0.00047122,-2,1,163
3.8919,3.9053,-0.0065185,0.00047122,-2,1,163
0.75877,0.77219,-0.0065185,0.00047122,-2,1,163
-0.63668,0.24951,-0.0065185,0.00047122,-2,1,163
-0.99553,-0.98211,-0.0065185,0.00047122,-2,0,163
-0.14553,-0.51888,-0.0065185,0.00047122,-2,1,163
-3.718,-3.7046,-0.0065185,0.00047122,-2,0,163
-4.6097,-1.6793,-0.0065185,0.00047122,-2,0,163
-3.9175,-3.9041,2.9935,0.00047122,1,0,163
-2.4392,-2.4258,-0.0065185,0.00047122,-2,0,163
-1.3727,-1.3593,-0.0065185,0.00047122,-2,0,163
-1.1661,1.6856,1.9935,0.00047122,1,0,163
0.99946,-1.5336,-4.0065,0.00047122,1,1,163
1.2361,1.1441,-0.0065185,0.00047122,-2,0,163
-2.1455,-2.1321,-0.0065185,0.00047122,-2,0,163
2.282,2.307,-0.0065185,0.00047122,-2,1,163
-1.3814,-1.918,-0.0065185,0.00047122,-2,0,163
-3.4735,-3.4601,-0.0065185,0.00047122,-2,0,163
-0.60803,-0.17899,-0.0065185,0.00047122,-2,0,164
2.5545,-0.14945,-0.0065185,0.00047122,-2,0,164
3.172,3.4136,-0.0065185,0.00047122,-2,1,164
1.1545,-0.90522,-0.0065185,0.00047122,-2,1,164
-6.6955,-0.95961,-0.0065185,0.00047122,-2,0,164
3.4495,4.3552,-0.0065185,0.00047122,-2,1,164
-4.2238,-2.9104,-0.0065185,0.00047122,-2,0,164
-5.0395,-3.5761,-0.0065185,0.00047122,-2,0,164
3.8919,3.0715,-0.0065185,0.00047122,-2,1,164
-2.7498,-3.6264,-0.0065185,0.00047122,-2,0,164
-4.6367,-4.0209,-0.0065185,0.00047122,-2,0,164
3.5495,1.4958,-0.0065185,0.00047122,-2,1,164
-3.0088,-2.5601,3.9935,0.00047122,1,1,164
-2.828,-8.3821,-0.0065185,0.00047122,-2,0,164
1.1621,2.5732,-0.0065185,0.00047122,-2,1,164
3.4385,3.4519,-0.0065185,0.00047122,-2,1,164
2.6734,0.85427,-0.0065185,0.00047122,-2,1,164
-2.8641,-5.7569,-0.0065185,0.00047122,-2,0,164
2.4427,1.9462,-4.0065,0.00047122,1,1,164
3.187,-4.1996,-0.0065185,0.00047122,-2,1,164
-2.3007,-4.0721,-0.0065185,0.00047122,-2,0,164
3.4138,3.4273,-0.0065185,0.00047122,-2,1,164
4.5024,3.2619,-0.0065185,0.00047122,-2,1,164
-3.8188,-4.9015,2.9935,0.00047122,1,1,164
0.61697,-2.8948,-0.0065185,0.00047122,-2,0,164
2.0751,2.0885,-0.0065185,0.00047122,-2,0,164
-2.6056,-0.42464,-0.0065185,0.00047122,-2,0,164
3.0045,-3.3905,-0.0065185,0.00047122,-2,1,164
1.0045,2.5679,-0.0065185,0.00047122,-2,1,164
-1.9955,-0.651,-0.0065185,0.00047122,-2,0,164
1.7045,0.74039,-3.0065,0.00047122,1,0,164
4.4495,-0.32972,-0.0065185,0.00047122,-2,1,164
-1.5455,3.0029,-0.0065185,0.00047122,-2,1,164
-1.1455,-0.13974,-0.0065185,0.00047122,-2,0,164
4.7045,0.99539,-0.0065185,0.00047122,-2,1,164
-4.4405,-3.9771,-0.0065185,0.00047122,-2,0,164
6.2327,6.349,-0.0065185,0.00047122,-2,1,164
4.0485,3.2294,-0.0065185,0.00047122,-2,1,164
5.8919,3.5296,-0.0065185,0.00047122,-2,1,164
5.0088,5.0854,4.9935,0.00047122,1,1,164
-3.6367,-4.8733,-0.0065185,0.00047122,-2,0,164
-2.5405,-2.5271,-0.0065185,0.00047122,-2,0,164
1.5412,1.5547,-0.0065185,0.00047122,-2,1,164
-1.3018,2.287,3.9935,0.00047122,1,1,164
0.66979,-1.9371,-0.0065185,0.00047122,-2,1,164
1.8545,2.2461,-0.0065185,0.00047122,-2,1,164
0.28197,0.29539,-0.0065185,0.00047122,-2,1,164
2.1545,0.055299,-0.0065185,0.00047122,-2,1,164
0.55447,-1.2278,-0.0065185,0.00047122,-2,0,164
-0.46303,-0.44961,-3.0065,0.00047122,1,0,164
-3.8379,-2.3953,-0.0065185,0.00047122,-2,0,164
-0.42951,3.8854,-0.0065185,0.00047122,-2,0,164
-2.6955,0.46289,-0.0065185,0.00047122,-2,0,164
-3.4405,-0.75386,-0.0065185,0.00047122,-2,0,164
4.2327,4.2461,-0.0065185,0.00047122,-2,1,164
-5.0395,-3.0947,-0.0065185,0.00047122,-2,0,164
4.2919,0.21045,4.9935,0.00047122,1,1,164
-3.7498,-3.591,-0.0065185,0.00047122,-2,0,164
-3.6367,-2.4371,-0.0065185,0.00047122,-2,0,164
-2.5405,-1.5189,-0.0065185,0.00047122,-2,0,164
2.4677,1.4665,-0.0065185,0.00047122,-2,1,164
-3.3893,-1.3474,-0.0065185,0.00047122,-2,0,164
3.3392,3.3526,-0.0065185,0.00047122,-2,1,164
2.839,2.4699,4.9935,0.00047122,1,1,164
3.2463,2.8123,-0.0065185,0.00047122,-2,1,164
1.21,3.8359,-0.0065185,0.00047122,-2,1,164
-0.82082,-0.8074,-0.0065185,0.00047122,-2,1,164
2.856,3.1441,-0.0065185,0.00047122,-2,1,164
-4.5455,-1.368,-0.0065185,0.00047122,-2,0,164
-3.863,0.64719,3.9935,0.00047122,1,0,164
6.8468,-1.5397,-0.0065185,0.00047122,-2,1,164
-4.5615,-2.605,-0.0065185,0.00047122,-2,0,164
-4.3266,-2.6615,-0.0065185,0.00047122,-2,0,164
-4.127,-4.1842,-0.0065185,0.00047122,-2,0,164
3.5162,3.5296,-4.0065,0.00047122,1,1,164
-2.813,2.6004,-0.0065185,0.00047122,-2,0,164
-4.6904,-4.677,-0.0065185,0.00047122,-2,0,164
2.5951,2.0535,-0.0065185,0.00047122,-2,1,164
2.5065,2.5199,-0.0065185,0.00047122,-2,1,164
-1.4223,-1.3243,-0.0065185,0.00047122,-2,0,164
-1.2082,-0.74476,3.9935,0.00047122,1,0,164
1.3128,1.3262,-0.0065185,0.00047122,-2,1,164
-2.2576,2.6458,-0.0065185,0.00047122,-2,0,164
-4.2183,-4.2049,-0.0065185,0.00047122,-2,0,164
-2.1849,-1.9365,-0.0065185,0.00047122,-2,0,164
-0.15647,-0.14305,-0.0065185,0.00047122,-2,1,164
5.0045,0.050834,-0.0065185,0.00047122,-2,1,164
-4.2455,-3.3447,-5.0065,0.00047122,1,0,164
-3.9955,-3.2278,-0.0065185,0.00047122,-2,0,164
0.0044729,3.6304,-0.0065185,0.00047122,-2,1,164
3.0045,0.017889,-0.0065185,0.00047122,-2,1,164
4.0045,4.0179,-0.0065185,0.00047122,-2,1,164
3.4045,2.1854,4.9935,0.00047122,1,1,164
2.0045,1.6832,-0.0065185,0.00047122,-2,1,164
-1.9955,-3.3101,-0.0065185,0.00047122,-2,0,164
0.0044729,1.4761,-0.0065185,0.00047122,-2,1,164
0.0044729,0.017889,2.9935,0.00047122,1,1,164
-3.9955,-3.8074,-0.0065185,0.00047122,-2,0,164
0.0044729,0.017889,-0.0065185,0.00047122,-2,1,164
1.0045,1.0179,-0.0065185,0.00047122,-2,1,164
0.0044729,0.017889,-0.0065185,0.00047122,-2,1,164
2.0045,2.1091,-0.0065185,0.00047122,-2,0,164
0.0044729,1.0718,-0.0065185,0.00047122,-2,1,164
0.0044729,0.017889,-3.0065,0.00047122,1,1,164
-2.9955,-2.5321,-0.0065185,0.00047122,-2,0,164
1.5545,2.6155,-0.0065185,0.00047122,-2,0,164
0.85447,-0.97449,-0.0065185,0.00047122,-2,1,164
1.727,0.74039,-0.0065185,0.00047122,-2,1,164
-2.6097,-1.9529,-0.0065185,0.00047122,-2,0,164
2.2265,0.71554,4.9935,0.00047122,1,1,164
5.4482,4.9968,-0.0065185,0.00047122,-2,1,164
5.3816,4.0075,-0.0065185,0.00047122,-2,1,164
2.3251,4.2526,-0.0065185,0.00047122,-2,1,164
2.277,2.2904,-0.0065185,0.00047122,-2,1,164
-1.9271,-1.4161,-5.0065,0.00047122,1,0,164
0.20135,4.2585,-0.0065185,0.00047122,-2,1,164
-0.82818,-0.81477,-0.0065185,0.00047122,-2,0,164
-2.8455,-0.83888,-0.0065185,0.00047122,-2,0,164
-3.718,-3.7046,-0.0065185,0.00047122,-2,0,164
-5.6097,-2.0412,-0.0065185,0.00047122,-2,0,164
4.7765,4.2679,0.99348,0.00047122,1,1,164
-0.43923,-0.42582,-0.0065185,0.00047122,-2,0,164
-0.37268,-1.0818,2.9935,0.00047122,1,1,164
-2.9955,-0.59624,-0.0065185,0.00047122,-2,0,164
1.4545,-0.36461,-0.0065185,0.00047122,-2,1,164
0.40447,3.4179,-0.0065185,0.00047122,-2,1,164
0.34447,-0.96609,3.9935,0.00047122,1,1,164
-1.539,-2.651,-0.0065185,0.00047122,-2,0,164
2.4045,-3.8721,-0.0065185,0.00047122,-2,0,164
-0.14553,0.79271,-0.0065185,0.00047122,-2,1,164
-0.12303,-1.7161,-2.0065,0.00047122,1,1,164
0.6186,-0.3998,-0.0065185,0.00047122,-2,1,164
0.52648,1.1079,-0.0065185,0.00047122,-2,0,164
-1.9955,0.46159,-0.0065185,0.00047122,-2,0,164
0.0044729,0.017889,-0.0065185,0.00047122,-2,0,164
0.0044729,0.017889,-0.0065185,0.00047122,-2,1,164
-1.9955,-1.9821,-0.0065185,0.00047122,-2,1,164
1.0045,1.0179,-0.0065185,0.00047122,-2,1,164
-0.84553,-0.83211,-4.0065,0.00047122,1,0,164
3.727,4.1404,-0.0065185,0.00047122,-2,1,164
1.6186,1.9267,-0.0065185,0.00047122,-2,1,164
2.5265,0.32291,-0.0065185,0.00047122,-2,1,164
1.4482,1.2547,-0.0065185,0.00047122,-2,1,164
1.2316,1.245,4.9935,0.00047122,1,1,164
-0.67495,-0.66153,-0.0065185,0.00047122,-2,1,164
0.58198,-3.8671,-2.0065,0.00047122,1,0,164
4.2361,1.4761,-0.0065185,0.00047122,-2,1,164
3.6013,3.2123,-3.0065,0.00047122,1,1,164
3.1718,-2.3648,-0.0065185,0.00047122,-2,1,164
3.1467,2.4194,-0.0065185,0.00047122,-2,1,164
2.1254,1.8917,-0.0065185,0.00047122,-2,1,164
-0.89276,2.2882,-0.0065185,0.00047122,-2,1,164
0.91712,0.78053,-0.0065185,0.00047122,-2,0,164
-1.9213,-2.0596,-0.0065185,0.00047122,-2,1,164
-1.6324,-0.6415,-4.0065,0.00047122,1,1,164
-2.9419,-2.9285,-0.0065185,0.00047122,-2,0,164
-4.5455,-4.5321,-0.0065185,0.00047122,-2,0,164
5.172,5.4744,-0.0065185,0.00047122,-2,1,164
-4.8379,-2.1045,-0.0065185,0.00047122,-2,0,164
4.5705,4.3427,-0.0065185,0.00047122,-2,1,164
-1.3266,-1.3132,-0.0065185,0.00047122,-2,1,164
1.0045,1.0179,-0.0065185,0.00047122,-2,1,164
0.0044729,-2.9144,-0.0065185,0.00047122,-2,1,164
-1.9955,0.017889,-0.0065185,0.00047122,-2,0,164
-0.69553,-3.0132,-0.0065185,0.00047122,-2,1,164
-3.1455,-5.1136,-0.0065185,0.00047122,-2,0,164
1.4045,2.6954,-0.0065185,0.00047122,-2,1,164
1.1145,4.0179,-0.0065185,0.00047122,-2,1,164
6.4045,-0.99361,-0.0065185,0.00047122,-2,1,164
5.4445,3.7961,4.9935,0.00047122,1,1,164
6.461,6.4744,-0.0065185,0.00047122,-2,1,164
6.0925,4.9053,-0.0065185,0.00047122,-2,1,164
-3.7703,-4.8276,-0.0065185,0.00047122,-2,0,164
5.5131,4.659,-0.0065185,0.00047122,-2,1,164
6.2868,2.7452,-0.0065185,0.00047122,-2,1,164
4.3672,4.1299,-0.0065185,0.00047122,-2,1,165
-0.30384,-0.29042,-0.0065185,0.00047122,-2,0,165
0.26654,0.09882,-0.0065185,0.00047122,-2,0,165
-1.9955,-2.8695,-0.0065185,0.00047122,-2,0,165
0.30447,-0.17145,-0.0065185,0.00047122,-2,0,165
0.55947,0.27289,-0.0065185,0.00047122,-2,1,165
-1.2955,1.3261,-0.0065185,0.00047122,-2,0,165
-0.44553,1.1229,-0.0065185,0.00047122,-2,0,165
5.5545,5.5679,-0.0065185,0.00047122,-2,1,165
4.172,2.1014,-0.0065185,0.00047122,-2,1,165
2.8468,1.9053,-0.0065185,0.00047122,-2,1,165
2.5705,2.5839,-0.0065185,0.00047122,-2,1,165
-2.1766,-1.8515,3.9935,0.00047122,1,1,165
-1.273,-2.2507,-0.0065185,0.00047122,-2,0,165
-1.3814,-1.0947,-0.0065185,0.00047122,-2,0,165
-0.47352,-3.8836,-0.0065185,0.00047122,-2,0,165
-1.5518,-4.0701,-0.0065185,0.00047122,-2,0,165
-0.61838,-0.15963,-0.0065185,0.00047122,-2,0,165
0.5339,0.40465,4.9935,0.00047122,1,0,165
-1.273,-1.2596,-0.0065185,0.00047122,-2,0,165
-0.3814,-0.36799,-0.0065185,0.00047122,-2,0,165
-1.5175,-3.9792,-0.0065185,0.00047122,-2,0,165
-1.8455,-1.2133,-0.0065185,0.00047122,-2,0,165
-1.568,-1.5546,1.9935,0.00047122,1,1,165
-0.71803,-0.70461,-0.0065185,0.00047122,-2,0,165
-0.99553,-0.98211,-0.0065185,0.00047122,-2,0,165
2.0045,-1.2104,-0.0065185,0.00047122,-2,1,165
0.0044729,-1.6821,-0.0065185,0.00047122,-2,0,165
0.0044729,0.017889,0.99348,0.00047122,1,1,165
3.0045,3.0179,-0.0065185,0.00047122,-2,1,165
-2.5455,-0.70461,-5.0065,0.00047122,1,0,165
4.0045,4.2679,-0.0065185,0.00047122,-2,1,165
4.0045,4.0179,-0.0065185,0.00047122,-2,1,165
-3.9955,-4.1139,-0.0065185,0.00047122,-2,1,165
3.4045,3.4179,-5.0065,0.00047122,1,0,165
-5.8855,-5.0701,-0.0065185,0.00047122,-2,0,165
-6.5455,1.1739,-0.0065185,0.00047122,-2,0,165
4.172,4.1854,-0.0065185,0.00047122,-2,1,165
3.8468,3.8603,-0.0065185,0.00047122,-2,1,165
-3.2615,-0.22008,-4.0065,0.00047122,1,0,165
-6.3266,-3.0964,-0.0065185,0.00047122,-2,0,165
5.1359,4.0393,-0.0065185,0.00047122,-2,1,165
-3.9573,-1.6197,-0.0065185,0.00047122,-2,0,165
-3.363,-1.714,1.9935,0.00047122,1,0,165
-2.6904,2.7023,-0.0065185,0.00047122,-2,0,165
-2.5862,-2.2727,-0.0065185,0.00047122,-2,0,165
3.5065,2.2199,-0.0065185,0.00047122,-2,1,165
-0.42225,0.62242,-0.0065185,0.00047122,-2,0,165
0.64176,-2.5123,-0.0065185,0.00047122,-2,1,165
0.54616,-1.3877,3.9935,0.00047122,1,1,165
2.727,1.8519,-0.0065185,0.00047122,-2,1,165
-0.60965,-0.59624,-0.0065185,0.00047122,-2,0,165
-3.5175,-3.5041,-0.0065185,0.00047122,-2,0,165
-1.4392,-1.4258,-0.0065185,0.00047122,-2,0,165
-2.3727,-2.3593,-0.0065185,0.00047122,-2,0,165
0.32505,-0.67696,-0.0065185,0.00047122,-2,1,165
0.27696,1.0447,4.9935,0.00047122,1,1,165
-0.76391,3.7659,-0.0065185,0.00047122,-2,0,165
3.8545,-3.7915,-0.0065185,0.00047122,-2,1,165
-4.718,0.53851,-0.0065185,0.00047122,-2,0,165
5.6186,0.80786,-0.0065185,0.00047122,-2,1,165
-0.51753,-4.7541,-0.0065185,0.00047122,-2,0,165
-2.4392,-2.4258,-0.0065185,0.00047122,-2,0,165
2.0816,-1.585,-4.0065,0.00047122,1,1,165
-0.3161,4.7803,-0.0065185,0.00047122,-2,0,165
-2.268,-0.2546,-0.0065185,0.00047122,-2,0,165
-4.2271,-1.9137,-0.0065185,0.00047122,-2,0,165
-0.1924,0.8546,-0.0065185,0.00047122,-2,0,165
-0.16287,-3.0395,-0.0065185,0.00047122,-2,0,165
-0.13777,0.62242,3.9935,0.00047122,1,0,165
3.1254,-3.896,-0.0065185,0.00047122,-2,1,165
-3.0983,-3.0849,-0.0065185,0.00047122,-2,0,165
-3.0829,-2.237,-0.0065185,0.00047122,-2,0,165
-3.0698,-2.6665,-0.0065185,0.00047122,-2,0,165
-2.6086,-2.2127,2.9935,0.00047122,1,0,165
5.0581,4.7899,-0.0065185,0.00047122,-2,1,165
-4.0411,2.3792,-0.0065185,0.00047122,-2,0,165
-3.0343,-2.8174,-0.0065185,0.00047122,-2,0,165
-4.0285,-4.0151,-0.0065185,0.00047122,-2,0,165
-4.0235,-4.0101,-0.0065185,0.00047122,-2,0,165
-3.4193,-2.0939,2.9935,0.00047122,1,0,165
0.98424,0.99766,-0.0065185,0.00047122,-2,1,165
-1.8455,-0.9052,-0.0065185,0.00047122,-2,0,165
0.72697,1.8603,-0.0065185,0.00047122,-2,1,165
2.3903,2.4038,-0.0065185,0.00047122,-2,0,165
-2.4735,1.9631,-0.0065185,0.00047122,-2,0,165
-1.5455,0.9836,-0.0065185,0.00047122,-2,0,165
-1.313,-1.2996,1.9935,0.00047122,1,0,165
-0.8379,-0.82449,-0.0065185,0.00047122,-2,0,165
1.5705,0.13891,-0.0065185,0.00047122,-2,0,165
4.0045,4.0179,-0.0065185,0.00047122,-2,1,165
1.0045,1.0179,-0.0065185,0.00047122,-2,1,165
0.85447,1.1022,2.9935,0.00047122,1,1,165
1.0045,1.0179,-0.0065185,0.00047122,-2,1,165
1.0045,1.659,-0.0065185,0.00047122,-2,1,165
3.0045,1.8603,-0.0065185,0.00047122,-2,1,165
2.5545,2.5679,3.9935,0.00047122,1,1,165
2.0045,2.4116,-0.0065185,0.00047122,-2,1,165
2.0045,2.9079,-0.0065185,0.00047122,-2,1,165
-2.9955,-3.2666,-0.0065185,0.00047122,-2,0,165
4.0045,1.7047,-0.0065185,0.00047122,-2,1,165
3.4045,1.0179,-0.0065185,1.0005,-1,1,165
4.0045,4.0179,-0.0065185,0.00047122,-2,1,165
-3.3955,-2.5871,3.9935,0.00047122,1,1,165
-0.88553,-0.070136,-0.0065185,0.00047122,-2,1,165
-0.45203,0.24307,-0.0065185,0.00047122,-2,1,165
1.0925,-3.4386,-0.0065185,0.00047122,-2,0,165
-1.2207,-2.0701,-0.0065185,0.00047122,-2,0,165
-1.4869,-4.3069,-0.0065185,0.00047122,-2,0,165
-1.2632,-4.0407,3.9935,0.00047122,1,0,165
1.9145,-4.1696,-0.0065185,0.00047122,-2,0,165
0.55447,-4.8721,-0.0065185,0.00047122,-2,0,165
0.83697,0.85039,-0.0065185,0.00047122,-2,1,165
-1.8379,-2.612,-0.0065185,0.00047122,-2,1,165
1.5705,-1.7569,3.9935,0.00047122,1,0,165
1.3356,-1.4907,-0.0065185,0.00047122,-2,0,165
0.13592,-2.2644,-0.0065185,0.00047122,-2,0,165
-0.033796,-2.0721,-0.0065185,0.00047122,-2,0,165
0.187,-2.8876,-0.0065185,0.00047122,-2,1,165
1.3096,1.323,-0.0065185,0.00047122,-2,1,165
0.41385,0.42727,-0.0065185,0.00047122,-2,1,165
2.5065,-1.1652,-0.0065185,0.00047122,-2,1,165
-2.1223,0.11317,-5.0065,0.00047122,1,0,165
-5.4405,-3.5384,-0.0065185,0.00047122,-2,0,165
1.2327,3.2532,-0.0065185,0.00047122,-2,1,165
0.048485,-1.3027,-0.0065185,0.00047122,-2,0,165
-0.032938,-0.019522,2.9935,0.00047122,1,1,165
-1.273,2.5679,-0.0065185,0.00047122,-2,0,165
-1.6955,2.1854,-0.0065185,0.00047122,-2,0,165
-0.44053,2.8603,-0.0065185,0.00047122,-2,1,165
-0.37378,-0.76666,-4.0065,0.00047122,1,1,165
-4.718,3.0407,-0.0065185,0.00047122,-2,0,165
4.6186,4.632,-0.0065185,0.00047122,-2,1,165
-5.5175,-5.2546,-0.0065185,0.00047122,-2,0,165
-4.4392,-4.2137,-0.0065185,0.00047122,-2,0,165
3.3816,2.4831,-0.0065185,0.00047122,-2,1,165
3.3251,3.1852,-0.0065185,0.00047122,-2,1,165
3.277,3.2904,-0.0065185,0.00047122,-2,1,165
2.7861,2.0919,-4.0065,0.00047122,1,0,165
3.172,-3.2793,-0.0065185,0.00047122,-2,1,165
2.8545,2.199,-0.0065185,0.00047122,-2,1,165
2.427,-0.25961,-0.0065185,-0.99953,-1,1,165
3.6186,2.077,-0.0065185,0.00047122,-2,1,165
-3.0675,-2.5858,1.9935,0.00047122,1,0,165
2.4482,-1.2384,-0.0065185,0.00047122,-2,1,165
2.3816,2.395,-0.0065185,0.00047122,-2,1,165
-2.0161,-1.4601,0.99348,0.00047122,1,0,165
1.722,-0.80411,-3.0065,0.00047122,1,0,165
-0.76728,-2.7046,-0.0065185,0.00047122,-2,0,165
0.048485,-0.39936,-0.0065185,0.00047122,-2,0,165
0.89188,-1.3541,-0.0065185,0.00047122,-2,0,165
-4.7498,-2.4161,-0.0065185,0.00047122,-2,0,165
-0.39553,-0.38211,-0.0065185,0.00047122,-2,1,165
0.55447,0.56789,-0.0065185,0.00047122,-2,1,165
-0.46303,-2.1496,2.9935,0.00047122,1,1,165
-1.5505,2.3363,-0.0065185,0.00047122,-2,0,165
-0.54553,-0.17899,-0.0065185,0.00047122,-2,1,165
1.7045,1.7179,-0.0065185,0.00047122,-2,1,165
6.4495,-1.8245,-0.0065185,0.00047122,-2,1,165
-4.2238,-4.2104,-0.0065185,0.00047122,-2,0,165
4.0485,3.0179,-0.0065185,0.00047122,-2,1,165
5.8919,3.0885,-0.0065185,0.00047122,-2,1,165
4.7588,4.0179,-0.0065185,0.00047122,-2,1,165
3.6456,3.659,-0.0065185,0.00047122,-2,1,165
-2.5405,-3.5977,-0.0065185,0.00047122,-2,0,165
-1.4588,-1.4453,-0.0065185,0.00047122,-2,0,165
-2.6018,1.4629,-0.0065185,0.00047122,-2,0,165
-3.5455,-3.5321,-0.0065185,0.00047122,-2,0,165
-6.163,-2.9381,-0.0065185,0.00047122,-2,0,165
-5.2379,1.1471,-3.0065,0.00047122,1,0,165
5.5705,5.5839,-0.0065185,0.00047122,-2,1,165
-4.3266,-3.4807,-0.0065185,0.00047122,-2,0,165
-6.127,-1.9871,-0.0065185,0.00047122,-2,0,165
-5.9573,-5.1938,-0.0065185,0.00047122,-2,0,165
-5.063,4.4116,-0.0065185,4.0005,-1,1,165
-0.15315,-1.5397,-0.0065185,0.00047122,-2,0,166
-1.2955,0.38677,-0.0065185,0.00047122,-2,1,166
1.5595,0.11139,-0.0065185,0.00047122,-2,1,166
0.45447,0.46789,-0.0065185,0.00047122,-2,1,166
0.55447,0.56789,-0.0065185,0.00047122,-2,0,166
0.30447,-0.7947,-0.0065185,0.00047122,-2,1,166
3.7045,-0.55893,-0.0065185,0.00047122,-2,0,166
-5.6955,-0.29566,-0.0065185,0.00047122,-2,0,166
5.4045,4.8629,-0.0065185,0.00047122,-2,1,166
-7.8855,-2.7261,-0.0065185,0.00047122,-2,0,166
6.461,6.7244,-0.0065185,0.00047122,-2,1,166
-5.0836,-4.1364,-0.0065185,0.00047122,-2,1,166
4.3293,4.6827,3.9935,0.00047122,1,0,166
-0.82803,-0.81461,-0.0065185,0.00047122,-2,0,166
-2.1532,-2.1397,-0.0065185,0.00047122,-2,0,166
-2.4295,-2.2073,-0.0065185,0.00047122,-2,0,166
-2.6644,-2.4735,-0.0065185,0.00047122,-2,0,166
-1.8641,-1.6998,-0.0065185,0.00047122,-2,0,166
1.5927,-2.5807,4.9935,0.00047122,1,1,166
-2.1781,-3.3056,-0.0065185,0.00047122,-2,0,166
-4.3007,-4.1946,-0.0065185,0.00047122,-2,0,166
-2.4049,-2.3127,-0.0065185,0.00047122,-2,0,166
-4.4935,-4.4131,-0.0065185,0.00047122,-2,0,166
3.8277,1.1003,-4.0065,0.00047122,1,1,166
-2.6328,3.7806,-0.0065185,0.00047122,-2,0,166
0.31278,-2.2238,-0.0065185,0.00047122,-2,0,166
-0.73346,0.31489,-0.0065185,0.00047122,-2,0,166
0.22723,0.27034,-0.0065185,0.00047122,-2,0,166
-0.18487,0.5258,-0.0065185,0.00047122,-2,1,166
2.1654,0.17883,-0.0065185,0.00047122,-2,0,166
1.8413,1.8547,3.9935,0.00047122,1,0,166
-0.87925,3.5342,-0.0065185,0.00047122,-2,0,166
2.9056,0.75587,-0.0065185,0.00047122,-2,1,166
0.088484,-2.4369,-0.0065185,0.00047122,-2,0,166
-0.92412,0.089298,-0.0065185,0.00047122,-2,0,166
-0.93483,-0.77141,-0.0065185,0.00047122,-2,0,166
2.9529,0.80942,-0.0065185,0.00047122,-2,1,166
-4.9517,-2.4824,-0.0065185,0.00047122,-2,0,166
1.9672,4.2256,-0.0065185,0.00047122,-2,1,166
-1.6638,-1.6462,1.9935,0.00047122,1,0,166
2.0314,1.7448,-0.0065185,0.00047122,-2,0,166
0.027365,0.040781,-0.0065185,0.00047122,-2,0,166
-1.9761,1.4849,-0.0065185,0.00047122,-2,0,166
-1.679,-1.6656,3.9935,0.00047122,1,0,166
1.9904,2.002,-0.0065185,0.00047122,-2,1,166
1.9925,2.0043,-0.0065185,0.00047122,-2,1,166
1.9943,2.0064,-0.0065185,0.00047122,-2,1,166
-1.9869,-1.9735,-0.0065185,0.00047122,-2,0,166
-2.0029,-1.9904,-0.0065185,0.00047122,-2,1,166
1.7107,1.5327,1.9935,0.00047122,1,0,166
-1.0008,-1.6881,-0.0065185,0.00047122,-2,1,166
-0.99102,0.873,-0.0065185,0.00047122,-2,0,166
0.00064206,0.86355,-0.0065185,0.00047122,-2,1,166
0.0077292,0.021579,-0.0065185,0.00047122,-2,0,166
-1.9928,-1.9793,-0.0065185,0.00047122,-2,0,166
-1.9932,-1.9794,-0.0065185,0.00047122,-2,0,166
-1.6935,0.019888,-3.0065,0.00047122,1,0,166
1.0028,1.016,-0.0065185,0.00047122,-2,1,166
2.003,2.0163,-0.0065185,0.00047122,-2,1,166
0.005701,-1.8231,-0.0065185,0.00047122,-2,0,166
3.0055,3.0189,-0.0065185,0.00047122,-2,0,166
0.0053602,0.018894,-0.0065185,0.00047122,-2,0,166
0.0052271,0.018643,-0.0065185,0.00047122,-2,0,166
0.0038319,0.017162,-2.0065,0.00047122,1,1,166
-0.99498,-0.98157,-0.0065185,0.00047122,-2,0,166
-0.99599,-0.98264,-0.0065185,0.00047122,-2,1,166
1.0049,1.0183,-0.0065185,0.00047122,-2,0,166
1.0048,1.0623,-0.0065185,0.00047122,-2,0,166
2.0048,2.0182,-0.0065185,0.00047122,-2,0,166
-1.6958,-0.70489,3.9935,0.00047122,1,1,166
3.0047,3.0181,-0.0065185,0.00047122,-2,0,166
-3.9957,-3.9823,-0.0065185,0.00047122,-2,1,166
-3.9957,-3.9823,-0.0065185,0.00047122,-2,1,166
-1.9957,-1.9823,-0.0065185,0.00047122,-2,1,166
1.7046,-1.7568,3.9935,0.00047122,1,0,166
4.0046,4.018,-0.0065185,0.00047122,-2,1,166
2.4045,2.4179,-0.0065185,0.00047122,-2,1,166
3.8945,3.9079,-0.0065185,0.00047122,-2,1,166
-1.452,-1.0701,-0.0065185,0.00047122,-2,0,166
0.092498,0.10591,-0.0065185,0.00047122,-2,0,166
-0.070348,0.20929,-3.0065,0.00047122,1,0,166
2.5131,2.5679,-0.0065185,0.00047122,-2,0,166
4.8545,4.8679,-0.0065185,0.00047122,-2,1,166
6.4045,0.94438,-0.0065185,0.00047122,-2,0,166
5.5545,2.9079,-0.0065185,0.00047122,-2,0,166
4.722,4.1854,-0.0065185,2.0005,-1,0,166
-2.8379,-3.992,-0.0065185,0.00047122,-2,0,166
2.4205,0.8679,2.9935,0.00047122,1,0,166
-1.6644,-2.9821,-0.0065185,0.00047122,-2,0,166
2.873,-3.4807,-0.0065185,0.00047122,-2,0,166
1.4045,-3.1136,-0.0065185,0.00047122,-2,1,166
3.3045,3.3179,-0.0065185,0.00047122,-2,1,166
-2.8005,-0.99361,3.9935,0.00047122,1,0,166
-1.7673,3.4179,-0.0065185,0.00047122,-2,0,166
-2.9515,-1.4881,-0.0065185,0.00047122,-2,0,166
-3.1081,-3.0947,-0.0065185,0.00047122,-2,0,166
2.6502,2.1536,-3.0065,0.00047122,1,1,166
-3.3544,-3.9821,-0.0065185,0.00047122,-2,0,166
4.4595,4.4729,-0.0065185,0.00047122,-2,1,166
-3.5323,2.3235,-0.0065185,0.00047122,-2,0,166
1.6107,3.0241,-0.0065185,0.00047122,-2,1,166
1.3392,1.0179,-0.0065185,0.00047122,-2,0,166
1.139,-1.1426,3.9935,0.00047122,1,0,166
2.7627,-3.6239,-0.0065185,0.00047122,-2,1,166
-2.79,-2.3266,-0.0065185,0.00047122,-2,0,166
3.8298,2.3932,-0.0065185,0.00047122,-2,1,166
-4.847,-3.2336,-0.0065185,0.00047122,-2,0,166
-2.8693,-2.8559,-0.0065185,0.00047122,-2,0,166
2.4472,3.5231,-4.0065,0.00047122,1,1,166
-3.9043,3.4179,-0.0065185,0.00047122,-2,0,166
3.927,3.3404,-0.0065185,0.00047122,-2,1,166
2.9386,2.952,-0.0065185,0.00047122,-2,1,166
1.0605,-2.8161,-0.0065185,0.00047122,-2,0,166
-0.89313,-0.87972,-4.0065,0.00047122,1,1,166
-0.035993,-0.022577,-0.0065185,0.00047122,-2,1,166
-4.9611,2.9423,-0.0065185,0.00047122,-2,0,166
-4.9663,-4.9529,-0.0065185,0.00047122,-2,0,166
-2.9707,-3.5946,-0.0065185,0.00047122,-2,0,166
-0.01665,-0.0032345,-0.0065185,0.00047122,-2,1,166
0.022428,-2.1496,-0.0065185,0.00047122,-2,0,166
0.98921,0.0026272,-0.0065185,0.00047122,-2,1,166
-0.83255,-0.83211,-3.0065,0.00047122,1,0,166
-2.9845,-2.9711,-0.0065185,0.00047122,-2,0,166
-4.9862,-2.1496,-0.0065185,0.00047122,-2,0,166
1.9965,2.0099,-0.0065185,0.00047122,-2,1,166
-1.6888,-3.5878,-5.0065,0.00047122,1,0,166
-4.9898,-4.2321,-0.0065185,0.00047122,-2,0,166
-2.9906,-4.2272,-0.0065185,0.00047122,-2,0,166
-2.9914,-2.5321,-0.0065185,0.00047122,-2,0,166
-2.542,-2.5321,-5.0065,0.00047122,1,0,166
-4.9925,-4.2321,-0.0065185,0.00047122,-2,0,166
-4.993,-4.2296,-0.0065185,0.00047122,-2,0,166
-2.9934,-2.9821,-0.0065185,0.00047122,-2,0,166
-0.99368,-0.98027,-0.0065185,0.00047122,-2,0,166
3.0029,3.0869,-0.0065185,0.00047122,-2,1,166
2.0031,2.0166,-0.0065185,0.00047122,-2,1,166
-1.9944,-2.1485,-0.0065185,0.00047122,-2,0,166
-1.6946,-1.6821,-5.0065,0.00047122,1,0,166
-0.99471,-4.2321,-0.0065185,0.00047122,-2,0,166
1.0038,0.86719,-0.0065185,0.00047122,-2,1,166
-4.9949,-4.9821,-0.0065185,0.00047122,-2,0,166
-4.245,-0.70461,-5.0065,0.00047122,1,0,166
-0.9951,-0.98211,-0.0065185,0.00047122,-2,0,166
1.0041,3.63,-0.0065185,0.00047122,-2,1,166
1.0048,-0.83211,-0.0065185,0.00047122,-2,0,166
0.85474,0.86789,2.9935,0.00047122,1,0,166
-4.9953,2.5679,-0.0065185,0.00047122,-2,0,166
-2.9953,-2.9821,-0.0065185,0.00047122,-2,0,166
4.0043,3.6302,-0.0065185,0.00047122,-2,1,166
-2.9954,-3.382,-0.0065185,0.00047122,-2,0,166
-3.9954,-3.982,-0.0065185,0.00047122,-2,0,166
-4.9954,-2.1496,-0.0065185,0.00047122,-2,0,166
-4.2454,-4.232,3.9935,0.00047122,1,0,166
-4.9955,-4.9821,-0.0065185,0.00047122,-2,0,166
-2.9955,-2.9821,-0.0065185,0.00047122,-2,0,166
2.0044,-2.4387,-0.0065185,0.00047122,-2,1,166
-2.9955,-1.6821,-0.0065185,0.00047122,-2,0,166
0.0045103,0.017889,-0.0065185,0.00047122,-2,0,166
0.0045047,0.017889,-0.0065185,0.00047122,-2,0,166
1.0045,1.0179,-0.0065185,0.00047122,-2,0,166
2.0045,2.0179,-0.0065185,0.00047122,-2,0,166
-1.9955,1.349,-0.0065185,0.00047122,-2,1,166
3.0045,1.7179,-0.0065185,0.00047122,-2,0,166
2.0045,2.0179,-0.0065185,0.00047122,-2,0,166
1.0045,-2.1496,-0.0065185,0.00047122,-2,1,166
-0.84552,-0.8321,2.9935,0.00047122,1,0,166
1.0045,2.5679,-0.0065185,0.00047122,-2,0,166
1.0045,0.8679,-0.0065185,0.00047122,-2,0,166
1.0045,0.86789,-0.0065185,0.00047122,-2,0,166
0.85448,0.86789,-1.0065,0.00047122,1,0,166
2.0045,0.86788,-0.0065185,0.00047122,-2,1,166
-1.7586,-5.4088,-0.0065185,-4.9995,-1,0,167
-2.9419,1.6453,-0.0065185,0.00047122,-2,0,167
2.5545,2.2596,-0.0065185,0.00047122,-2,1,167
2.172,2.1854,-0.0065185,0.00047122,-2,0,167
-3.9955,0.9053,-0.0065185,0.00047122,-2,0,167
2.4045,-0.73641,-0.0065185,0.00047122,-2,1,167
2.8945,2.9079,-0.0065185,0.00047122,-2,1,167
4.461,4.4744,-0.0065185,0.00047122,-2,1,167
5.0925,1.4918,-0.0065185,0.00047122,-2,1,167
1.7793,1.7927,-0.0065185,0.00047122,-2,1,167
4.5131,4.5265,-0.0065185,0.00047122,-2,1,167
-4.2778,-2.6976,-0.0065185,0.00047122,-2,0,167
3.6444,1.3421,-4.0065,0.00047122,1,1,167
-2.922,3.6234,-0.0065185,0.00047122,-2,0,167
-2.783,-1.8074,-0.0065185,0.00047122,-2,0,167
3.6738,1.3144,-0.0065185,0.00047122,-2,1,167
4.5734,3.1369,-0.0065185,0.00047122,-2,1,167
5.4881,3.9015,-0.0065185,0.00047122,-2,1,167
-4.6566,-4.1409,1.9935,0.00047122,1,0,167
4.3539,-1.7596,-0.0065185,0.00047122,-2,1,167
4.3015,4.3149,-0.0065185,0.00047122,-2,1,167
1.752,-2.8161,-0.0065185,0.00047122,-2,1,167
-1.4809,-1.4675,3.9935,0.00047122,1,1,167
-0.81313,2.2883,-0.0065185,0.00047122,-2,0,167
1.8545,-4.6469,-0.0065185,0.00047122,-2,1,167
-1.718,-1.7046,-0.0065185,0.00047122,-2,0,167
0.6186,-1.2644,-0.0065185,0.00047122,-2,1,167
1.4825,0.49373,-0.0065185,0.00047122,-2,1,167
1.7045,1.2742,-0.0065185,0.00047122,-2,1,167
1.4495,-0.42582,3.9935,0.00047122,1,1,167
1.2327,3.0407,-0.0065185,0.00047122,-2,1,167
1.0485,-0.30269,-0.0065185,0.00047122,-2,1,167
2.8919,1.7454,-0.0065185,0.00047122,-2,1,167
-2.7498,-2.7364,-0.0065185,0.00047122,-2,0,167
4.6456,-0.17899,-0.0065185,0.00047122,-2,1,167
4.5495,3.2505,-0.0065185,0.00047122,-2,1,167
2.4677,1.8756,-0.0065185,0.00047122,-2,1,167
3.3982,2.787,-0.0065185,0.00047122,-2,1,167
2.8892,2.4651,4.9935,0.00047122,1,1,167
-4.28,-4.2666,-0.0065185,0.00047122,-2,0,167
5.2463,3.8722,-0.0065185,0.00047122,-2,1,167
4.21,4.2048,-0.0065185,0.00047122,-2,1,167
3.5792,3.5926,3.9935,0.00047122,1,1,167
3.153,2.9723,-0.0065185,0.00047122,-2,1,167
1.1307,0.97913,-0.0065185,0.00047122,-2,1,167
-1.1028,-2.5459,-0.0065185,0.00047122,-2,0,167
4.0957,0.95909,-0.0065185,0.00047122,-2,1,167
-3.473,-3.4596,-4.0065,0.00047122,1,0,167
2.9604,3.4838,3.9935,0.00047122,1,1,167
0.06048,0.00069094,-0.0065185,0.00047122,-2,1,167
1.0521,1.0033,-0.0065185,0.00047122,-2,1,167
-0.035993,-2.4791,-0.0065185,0.00047122,-2,0,167
-1.9611,0.052284,-0.0065185,0.00047122,-2,0,167
-5.6955,-3.9821,-0.0065185,0.00047122,-2,0,167
-4.4405,-1.4347,-0.0065185,0.00047122,-2,0,167
-3.7738,-2.5321,-3.0065,0.00047122,1,0,167
-4.0395,-2.9821,-0.0065185,0.00047122,-2,0,167
4.8919,4.9053,-0.0065185,0.00047122,-2,1,167
-5.7498,-1.8245,-0.0065185,0.00047122,-2,0,167
-3.6367,-2.9821,-0.0065185,0.00047122,-2,0,167
-2.5405,-2.5271,-0.0065185,0.00047122,-2,0,167
-4.4588,-3.9821,-0.0065185,0.00047122,-2,0,167
3.7982,3.0217,4.9935,0.00047122,1,1,167
-1.3302,-0.98211,-0.0065185,0.00047122,-2,0,167
-0.71104,-0.69763,-0.0065185,0.00047122,-2,1,167
-0.75372,-0.7403,-0.0065185,0.00047122,-2,0,167
-0.14553,0.86789,-0.0065185,0.00047122,-2,0,167
-1.1455,-1.1321,-0.0065185,0.00047122,-2,1,167
0.98197,-2.5904,2.9935,0.00047122,1,0,167
1.3903,1.4038,-0.0065185,0.00047122,-2,1,167
-0.29553,-0.28211,-0.0065185,0.00047122,-2,0,167
-0.25053,1.8603,-0.0065185,0.00047122,1,1,167
0.77622,-0.10313,-0.0065185,0.00047122,-2,0,167
-0.65151,-0.351,-4.0065,0.00047122,1,0,167
-1.4405,-1.4271,-0.0065185,0.00047122,-2,1,167
-1.9955,-2.8721,-0.0065185,0.00047122,-2,0,167
-4.6955,-4.6821,-0.0065185,0.00047122,-2,0,167
-2.4405,-1.4271,-0.0065185,0.00047122,-2,0,167
2.7762,2.7896,-0.0065185,0.00047122,-2,0,167
2.3605,-1.7486,-5.0065,0.00047122,1,0,167
1.8919,5.5502,-0.0065185,0.00047122,-2,1,167
-0.74983,-1.9221,-0.0065185,0.00047122,-2,0,167
-1.6367,-1.6233,-0.0065185,0.00047122,-2,0,167
-1.5405,-0.52709,-0.0065185,0.00047122,-2,0,167
-1.4588,-1.4453,-0.0065185,0.00047122,-2,0,167
-1.3893,-1.2736,-0.0065185,0.00047122,-2,0,167
1.1892,1.3515,4.9935,0.00047122,1,1,167
-0.71104,-0.57103,-0.0065185,0.00047122,-2,0,167
2.8545,-3.8364,-0.0065185,0.00047122,-2,0,167
-0.69553,-2.4046,-0.0065185,0.00047122,-2,1,167
0.44947,-1.0068,-0.0065185,0.00047122,-2,0,167
0.38272,-0.98061,2.9935,0.00047122,1,1,167
3.727,-0.30362,-0.0065185,0.00047122,-2,1,167
-0.44553,-3.8695,-0.0065185,0.00047122,-2,1,167
-0.82803,-3.7364,-0.0065185,0.00047122,-2,0,167
0.7121,-0.25847,-2.0065,0.00047122,1,1,167
1.172,1.1854,-0.0065185,0.00047122,-2,0,167
0.15447,0.29934,-0.0065185,0.00047122,-2,0,167
0.28197,0.29539,-0.0065185,0.00047122,-2,0,167
2.3903,2.4038,-0.0065185,0.00047122,-2,1,167
0.55447,1.6805,-0.0065185,0.00047122,-2,0,167
-1.6955,-1.1601,-0.0065185,0.00047122,-2,0,167
-1.4405,-0.62327,-5.0065,0.00047122,1,0,167
0.23272,4.8129,-0.0065185,0.00047122,-2,0,167
4.8545,4.8679,-0.0065185,0.00047122,-2,1,167
5.727,5.7404,-0.0065185,0.00047122,-2,1,167
5.6186,-0.12229,-0.0065185,0.00047122,-2,1,167
4.5265,4.5399,-0.0065185,0.00047122,-2,1,167
3.8482,4.0741,2.9935,0.00047122,1,1,167
4.3816,4.395,-0.0065185,0.00047122,-2,1,167
-4.3161,-2.6197,-0.0065185,0.00047122,-2,0,167
-3.268,-1.824,-0.0065185,0.00047122,-2,0,167
1.2361,1.8155,-0.0065185,0.00047122,-2,1,167
-1.0424,0.004605,1.9935,0.00047122,1,0,167
1.1718,-1.5148,-0.0065185,0.00047122,-2,1,167
-3.1378,-0.22758,-0.0065185,0.00047122,-2,0,167
1.1254,1.1388,-0.0065185,0.00047122,-2,1,167
2.1072,1.7486,-0.0065185,0.00047122,-2,1,167
4.0918,1.8052,-0.0065185,0.00047122,-2,1,167
5.0787,3.4921,-0.0065185,0.00047122,-2,1,167
-3.0586,-3.9639,-0.0065185,0.00047122,-2,0,167
2.6081,2.6215,-3.0065,0.00047122,1,1,167
2.0501,1.8241,-0.0065185,0.00047122,-2,1,167
-2.0343,2.3501,-0.0065185,0.00047122,-2,0,167
1.0374,1.0508,-0.0065185,0.00047122,-2,1,167
0.88248,1.4909,4.9935,0.00047122,1,1,167
-3.0193,-4.1309,-0.0065185,0.00047122,-2,0,167
1.0247,1.0381,-0.0065185,0.00047122,-2,1,167
2.0217,2.1123,-0.0065185,0.00047122,-2,1,167
1.7191,1.7325,4.9935,0.00047122,1,1,167
-0.0079525,0.070697,-0.0065185,0.00047122,-2,0,167
2.015,2.0285,-0.0065185,0.00047122,-2,1,167
-2.0045,-1.944,-0.0065185,0.00047122,-2,0,167
-0.9879,2.6356,-0.0065185,0.00047122,-2,1,167
-0.98904,-0.82563,-0.0065185,0.00047122,-2,1,167
0.0099861,-0.8266,-0.0065185,0.00047122,-2,0,167
-1.9955,-2.7046,-0.0065185,0.00047122,-2,0,167
-1.6955,-0.61317,2.9935,0.00047122,1,0,167
4.0045,4.0179,-0.0065185,0.00047122,-2,1,167
-2.9955,2.1854,-0.0065185,0.00047122,-2,0,167
-2.9955,-3.3593,-0.0065185,0.00047122,-2,0,167
1.0045,2.1854,-0.0065185,0.00047122,-2,1,167
-0.84553,-1.1046,-5.0065,0.00047122,1,0,167
-2.9955,4.2679,-0.0065185,0.00047122,-2,1,167
3.0045,2.371,-0.0065185,0.00047122,-2,1,167
3.5545,2.1854,-0.0065185,0.00047122,-2,1,167
3.022,3.0354,-4.0065,0.00047122,1,1,167
3.8468,3.8603,-0.0065185,0.00047122,-2,1,167
2.5705,2.349,-0.0065185,0.00047122,-2,1,167
1.6734,1.1433,-0.0065185,0.00047122,-2,1,167
3.5545,3.1059,-0.0065185,0.00047122,-2,1,167
2.172,1.7927,-0.0065185,0.00047122,-2,1,167
1.8468,1.5265,-0.0065185,0.00047122,-2,0,167
-1.5615,-1.5481,3.9935,0.00047122,1,0,167
-1.3266,-0.8112,-0.0065185,0.00047122,-2,0,167
-2.127,-1.1136,-0.0065185,0.00047122,-2,0,167
0.9662,-2.4386,-0.0065185,0.00047122,-2,0,167
2.0045,-1.5221,-0.0065185,0.00047122,-2,1,167
1.0045,1.1038,-0.0065185,0.00047122,-2,1,167
4.0045,0.86789,-0.0065185,0.00047122,-2,1,167
1.0045,1.0179,-0.0065185,0.00047122,-2,1,167
1.0045,2.5307,-0.0065185,0.00047122,-2,1,167
0.0044729,0.017889,-0.0065185,0.00047122,-2,0,167
-3.9955,0.4679,-0.0065185,0.00047122,-2,0,167
-5.3955,-5.3821,-0.0065185,0.00047122,-2,0,167
-2.8855,0.53989,-0.0065185,0.00047122,-2,0,167
-6.452,0.46159,-0.0065185,0.00047122,-2,0,167
-2.0836,0.39504,-0.0065185,0.00047122,-2,0,167
1.7793,4.6827,-4.0065,0.00047122,1,1,167
-0.48693,-0.47351,-0.0065185,0.00047122,-2,0,167
-1.6955,-1.6821,-0.0065185,0.00047122,-2,0,167
-1.4405,-1.4271,-0.0065185,0.00047122,-2,0,167
2.2327,2.2733,-0.0065185,0.00047122,-2,1,167
3.0485,2.6427,-0.0065185,0.00047122,-2,1,167
-3.9955,-3.9821,-0.0065185,0.00047122,-2,1,169
0.0044729,0.017889,-0.0065185,0.00047122,-2,0,169
3.0045,3.0179,-0.0065185,0.00047122,-2,0,169
-3.9955,-3.5554,-0.0065185,0.00047122,-2,0,169
0.60447,1.5265,-0.0065185,0.00047122,-2,0,169
0.11447,0.52789,-0.0065185,0.00047122,-2,1,169
-3.5455,-3.5321,-0.0065185,0.00047122,-2,0,169
1.172,1.4744,-0.0065185,0.00047122,-2,0,169
1.1545,2.8054,-0.0065185,0.00047122,-2,0,169
-0.97303,-0.82563,1.9935,0.00047122,1,1,169
2.3903,-2.2962,-0.0065185,0.00047122,-2,1,169
-1.5455,-1.5321,-0.0065185,0.00047122,-2,0,169
1.322,2.5965,4.9935,0.00047122,1,0,169
1.282,2.3673,-0.0065185,0.00047122,-2,0,169
-0.3814,-4.5946,-0.0065185,0.00047122,-2,1,169
1.4825,2.3342,-0.0065185,0.00047122,-2,1,169
5.7045,-0.40868,-0.0065185,0.00047122,-2,0,169
-5.3955,-4.8271,-0.0065185,0.00047122,-2,0,169
4.5945,1.8729,-2.0065,0.00047122,1,1,169
4.4495,-0.23711,-0.0065185,0.00047122,-2,1,169
5.2327,5.2461,-0.0065185,0.00047122,-2,1,169
-5.0395,-4.7364,-0.0065185,0.00047122,-2,1,169
2.4045,4.3053,-0.0065185,0.00047122,-2,1,169
2.0445,2.3382,4.9935,0.00047122,1,1,169
3.282,4.909,-0.0065185,0.00047122,-2,0,169
4.4045,2.8038,-0.0065185,0.00047122,-2,1,169
1.8545,3.9385,-0.0065185,0.00047122,-2,1,169
1.727,1.5904,-0.0065185,0.00047122,-2,0,169
-2.1455,-2.1321,-0.0065185,0.00047122,-2,0,169
-1.273,-1.368,-0.0065185,0.00047122,-2,1,169
-1.0814,-1.068,4.9935,0.00047122,1,0,169
3.5265,4.0363,-0.0065185,0.00047122,-2,1,169
5.5545,2.821,-0.0065185,0.00047122,-2,1,169
-5.163,-0.19192,-0.0065185,0.00047122,-2,1,169
4.5545,2.1808,-0.0065185,0.00047122,-2,0,169
2.172,3.8854,-0.0065185,0.00047122,-2,1,169
1.8468,-2.9821,-0.0065185,-2.9995,-1,1,169
2.0045,-1.4072,-0.0065185,0.00047122,-2,0,169
0.0044729,-1.0261,-0.0065185,0.00047122,-2,0,169
0.0044729,-1.4271,-3.0065,0.00047122,1,0,169
3.0045,-0.45606,-0.0065185,0.00047122,-2,1,169
-0.44553,-2.341,-0.0065185,0.00047122,-2,1,169
1.172,-0.43713,-0.0065185,0.00047122,-2,1,169
-0.9879,1.1207,-5.0065,0.00047122,1,0,169
4.5705,4.5839,-0.0065185,0.00047122,-2,1,169
2.3356,3.9651,-0.0065185,0.00047122,-2,0,169
0.15447,0.16789,-0.0065185,0.00047122,-2,1,169
0.28197,0.29539,-0.0065185,0.00047122,-2,1,169
-0.3814,1.2364,-0.0065185,0.00047122,-2,0,169
-0.32352,1.2347,-3.0065,0.00047122,1,0,169
-1.4392,2.1242,-0.0065185,0.00047122,-2,0,169
-0.84553,2.1854,-0.0065185,0.00047122,-2,0,169
-4.718,-2.1397,-0.0065185,0.00047122,-2,0,169
4.6186,4.632,-0.0065185,0.00047122,-2,0,169
6.4045,-0.47651,-0.0065185,0.00047122,-2,1,169
5.5545,1.8864,-0.0065185,0.00047122,-2,1,169
4.722,4.6419,2.9935,0.00047122,1,0,169
-0.82803,1.7504,-0.0065185,0.00047122,-2,1,169
3.5545,-1.0621,-0.0065185,0.00047122,-2,0,169
-3.163,-3.1496,-0.0065185,0.00047122,-2,1,169
-3.8379,-2.547,-0.0065185,0.00047122,-2,1,169
-3.5615,-3.2481,-0.0065185,0.00047122,-2,0,169
-3.0266,-2.0448,-4.0065,0.00047122,1,1,169
2.1359,1.5544,-0.0065185,0.00047122,-2,0,169
-1.9573,-3.8721,-0.0065185,0.00047122,-2,1,169
0.82194,0.24064,-0.0065185,0.00047122,-2,1,169
-1.9955,-2.5962,-0.0065185,0.00047122,-2,1,169
-4.6955,-4.6821,-0.0065185,0.00047122,-2,1,169
-3.4405,-3.4907,-0.0065185,0.00047122,-2,1,169
2.9327,1.2461,-4.0065,0.00047122,1,1,169
-1.5505,-2.9821,-0.0065185,0.00047122,-2,0,169
6.5545,5.4579,-0.0065185,0.00047122,-2,1,169
6.172,6.1854,-0.0065185,0.00047122,-2,1,169
5.8468,2.2385,-0.0065185,0.00047122,-2,1,169
4.9705,2.8489,3.9935,0.00047122,1,1,169
-4.3266,-4.7132,-0.0065185,0.00047122,-2,1,169
-3.5455,-3.8721,-0.0065185,0.00047122,-2,1,169
-5.163,-5.4386,-0.0065185,0.00047122,-2,1,169
4.8468,1.5633,-0.0065185,0.00047122,-2,1,169
2.5545,-0.23456,-0.0065185,0.00047122,-2,0,169
-2.163,-3.6582,-4.0065,0.00047122,1,1,169
3.0045,3.4179,-0.0065185,0.00047122,-2,0,169
4.0045,5.1079,-0.0065185,0.00047122,-2,1,169
2.4045,2.4179,-0.0065185,0.00047122,-2,0,169
2.0445,3.0179,-0.0065185,3.0005,-1,1,169
-0.53903,-0.43211,-0.0065185,0.00047122,-2,0,169
-6.5455,-6.5321,-0.0065185,0.00047122,-2,0,169
5.572,-0.59155,-4.0065,0.00047122,1,1,169
-4.8379,-4.8245,-0.0065185,0.00047122,-2,0,169
-4.5615,2.5307,-0.0065185,0.00047122,-2,1,169
-4.5455,1.1433,-0.0065185,0.00047122,-2,1,169
-4.163,0.40591,-0.0065185,0.00047122,-2,1,169
-3.5379,-3.5245,-4.0065,0.00047122,1,0,169
-3.4405,-1.8735,-0.0065185,0.00047122,-2,1,169
2.9327,3.7179,-0.0065185,2.0005,-1,0,169
0.44947,0.46289,-0.0065185,0.00047122,-2,1,169
-0.37378,0.056946,-4.0065,0.00047122,1,1,169
3.9605,5.8054,-0.0065185,0.00047122,-2,0,169
4.2545,4.2679,-0.0065185,0.00047122,-2,1,169
4.0045,0.53989,-0.0065185,0.00047122,-2,1,169
-2.9955,-0.89409,-0.0065185,0.00047122,-2,0,169
-3.9955,-2.2073,-0.0065185,0.00047122,-2,0,169
5.0045,0.96579,-0.0065185,0.00047122,-2,0,169
4.2545,2.1059,3.9935,0.00047122,1,1,169
0.0044729,0.017889,-0.0065185,0.00047122,-2,0,169
3.0045,-5.9427,-0.0065185,0.00047122,-2,1,169
3.0045,0.40786,-0.0065185,0.00047122,-2,0,169
-0.44553,-0.43211,-0.0065185,0.00047122,-2,0,169
0.17197,0.18539,-0.0065185,0.00047122,-2,1,169
-0.1379,-1.5481,-4.0065,0.00047122,1,1,169
-0.42951,1.9729,-0.0065185,0.00047122,-2,0,169
-0.32664,-0.11356,-0.0065185,0.00047122,-2,1,169
0.13592,1.4744,-0.0065185,0.00047122,-2,1,169
-2.1455,0.050417,-0.0065185,0.00047122,-2,1,169
-1.823,-1.4881,3.9935,0.00047122,1,0,169
4.3903,1.6179,-0.0065185,0.00047122,-2,0,169
-2.2455,-3.4778,-0.0065185,0.00047122,-2,0,169
-1.2955,0.23232,-0.0065185,0.00047122,-2,0,169
0.55947,1.1229,-0.0065185,0.00047122,-2,0,169
0.70447,1.1854,-0.0065185,0.00047122,-2,0,169
-0.44053,-0.42711,-0.0065185,0.00047122,-2,0,169
3.1545,0.73391,-0.0065185,0.00047122,-2,0,169
-2.673,-1.0287,4.9935,0.00047122,1,1,169
2.1145,3.8864,-0.0065185,0.00047122,-2,1,169
-2.452,-0.94384,-0.0065185,0.00047122,-2,0,169
-0.99553,-2.0701,-0.0065185,0.00047122,-2,1,169
-0.84553,0.8531,-4.0065,0.00047122,1,1,169
0.28197,-4.1046,-0.0065185,0.00047122,-2,1,169
1.6186,-0.21799,-0.0065185,0.00047122,-2,1,169
-0.14553,-1.7046,-0.0065185,0.00047122,-2,0,169
0.13197,0.14539,2.9935,0.00047122,1,1,169
-3.273,1.7804,-0.0065185,0.00047122,-2,0,169
-4.3955,1.1854,-0.0065185,0.00047122,-2,0,169
-3.8855,-3.8721,-0.0065185,0.00047122,-2,0,169
3.461,-1.9918,-0.0065185,0.00047122,-2,0,169
-3.8455,-2.9201,-0.0065185,0.00047122,-2,1,169
-2.718,-1.6615,-0.0065185,0.00047122,-2,1,169
-4.6097,-4.5962,-0.0065185,0.00047122,-2,1,169
3.9265,1.6286,-5.0065,0.00047122,1,1,169
-2.8855,4.2679,-0.0065185,0.00047122,-2,1,169
-2.9955,-3.3593,-0.0065185,0.00047122,-2,0,169
1.4545,1.4679,-0.0065185,0.00047122,-2,0,169
-0.82803,0.97962,-0.0065185,0.00047122,-2,1,169
0.7121,1.7504,2.9935,0.00047122,1,0,169
2.4385,1.0019,-0.0065185,0.00047122,-2,0,169
0.33559,-0.39149,-0.0065185,0.00047122,-2,1,169
2.873,2.4059,-0.0065185,0.00047122,-2,0,169
2.4427,2.4562,3.9935,0.00047122,1,1,169
-0.10553,3.0552,-0.0065185,0.00047122,-2,0,169
0.097973,-2.1303,-2.0065,0.00047122,1,0,169
0.092498,-0.44961,-0.0065185,0.00047122,-2,0,169
-1.6955,-1.6821,-0.0065185,0.00047122,-2,0,169
0.44947,-0.045709,-0.0065185,0.00047122,-2,0,169
-3.1455,-0.030919,-0.0065185,0.00047122,-2,0,169
-2.673,-2.6596,3.9935,0.00047122,1,1,169
-2.6097,-5.3821,-0.0065185,0.00047122,-2,0,169
2.5265,2.5399,-0.0065185,0.00047122,-2,0,169
1.3045,-4.1386,-0.0065185,0.00047122,-2,0,169
-2.5455,-2.5321,-0.0065185,0.00047122,-2,1,169
-3.163,-2.6516,-0.0065185,0.00047122,-2,1,169
-2.8379,-2.6745,-0.0065185,0.00047122,-2,1,169
-2.5615,-2.5481,-0.0065185,0.00047122,-2,0,169
-3.8455,0.38535,-0.0065185,0.00047122,-2,1,169
5.5545,-0.18608,-0.0065185,0.00047122,-2,1,169
5.5545,3.632,-0.0065185,0.00047122,-2,1,169
-6.163,-6.1496,-0.0065185,0.00047122,-2,0,169
-2.8379,-1.9918,-0.0065185,0.00047122,-2,0,169
-3.5615,-3.5481,-0.0065185,0.00047122,-2,1,169
5.7045,1.061,-0.0065185,0.00047122,-2,0,169
-4.8405,-3.9962,-3.0065,0.00047122,1,1,169
-5.2238,-5.2104,-0.0065185,0.00047122,-2,0,169
-0.39553,0.85039,-0.0065185,0.00047122,-2,0,169
0.11447,-3.2493,-0.0065185,0.00047122,-2,0,169
0.46097,-0.41609,-0.0065185,0.00047122,-2,0,169
-0.29553,0.18539,-0.0065185,0.00047122,-2,0,169
-5.8855,-3.0541,-0.0065185,0.00047122,-2,1,170
-3.5455,-3.1496,-0.0065185,0.00047122,-2,0,170
4.8545,6.1059,-0.0065185,0.00047122,-2,0,170
-3.3955,-1.8245,-0.0065185,0.00047122,-2,0,170
-3.9955,-4.5962,-0.0065185,0.00047122,-2,0,170
2.0045,2.4744,-0.0065185,0.00047122,-2,1,170
-3.9955,-4.4258,-0.0065185,0.00047122,-2,0,170
2.0045,2.0179,-0.0065185,0.00047122,-2,1,170
4.0045,4.0179,-0.0065185,0.00047122,-2,1,170
-3.9955,-4.2546,-0.0065185,0.00047122,-2,0,170
-1.9955,-0.86952,-0.0065185,0.00047122,-2,0,170
-1.6955,-1.879,-3.0065,0.00047122,1,0,170
-1.4405,-2.5321,-5.0065,0.00047122,1,0,170
-2.9955,4.2679,-0.0065185,0.00047122,-2,1,170
2.0045,2.5679,-0.0065185,0.00047122,-2,1,170
0.70447,1.1854,-0.0065185,0.00047122,-2,1,170
1.4495,1.3755,-0.0065185,0.00047122,-2,1,170
2.2327,2.2461,-0.0065185,0.00047122,-2,1,170
1.8985,1.349,4.9935,0.00047122,1,1,170
-2.1081,-1.8507,-0.0065185,0.00047122,-2,1,170
1.2502,1.2636,-0.0065185,0.00047122,-2,1,170
-0.69553,-0.86464,-0.0065185,0.00047122,-2,0,170
1.5595,3.4779,-0.0065185,0.00047122,-2,1,170
-1.3173,0.52364,-3.0065,0.00047122,1,0,170
-4.163,-2.5962,-0.0065185,0.00047122,-2,0,170
0.1621,1.4959,-0.0065185,0.00047122,-2,1,170
-1.2955,-1.2821,-0.0065185,0.00047122,-2,0,170
1.1095,3.349,-0.0065185,2.0005,-1,0,170
-2.2238,0.349,-0.0065185,0.00047122,-2,0,170
-2.0395,0.46289,-0.0065185,0.00047122,-2,0,170
1.7419,-2.7764,-4.0065,0.00047122,1,1,170
2.7588,0.97388,-0.0065185,0.00047122,-2,1,170
-3.6367,-2.2873,-0.0065185,0.00047122,-2,0,170
3.5495,2.2636,-0.0065185,0.00047122,-2,1,170
-3.4588,-2.4801,-0.0065185,0.00047122,-2,0,170
-4.3893,2.3377,-0.0065185,0.00047122,-2,0,170
1.3392,2.9547,-0.0065185,0.00047122,-2,1,170
-0.28001,-0.43836,-0.0065185,0.00047122,-2,1,170
0.0044729,-0.70461,-0.0065185,0.00047122,-2,1,170
0.0044729,-0.37348,3.9935,0.00047122,1,1,170
-0.99553,-0.98211,-0.0065185,0.00047122,-2,1,170
-0.99553,-2.8721,-0.0065185,0.00047122,-2,0,170
2.0045,0.86789,-0.0065185,0.00047122,-2,1,170
1.7045,1.3973,-2.0065,0.00047122,1,1,170
0.0044729,0.017889,-0.0065185,0.00047122,-2,0,170
-0.99553,-1.4271,-0.0065185,0.00047122,-2,0,170
-0.14553,-0.13211,-0.0065185,0.00047122,-2,1,170
2.282,-0.87195,-0.0065185,0.00047122,-2,1,170
0.45447,0.46789,-0.0065185,0.00047122,-2,0,170
-0.37803,1.4311,2.9935,0.00047122,1,1,170
1.1621,-4.3745,-0.0065185,0.00047122,-2,1,170
1.5545,-3.1496,-0.0065185,0.00047122,-2,1,170
0.83697,-2.2239,-0.0065185,0.00047122,-2,1,170
-1.5455,-4.0981,-0.0065185,0.00047122,-2,0,170
-0.82803,-3.0358,-0.0065185,0.00047122,-2,0,170
6.5545,0.72551,-0.0065185,0.00047122,-2,1,170
-5.563,-3.9962,1.9935,0.00047122,1,0,170
-2.8379,-1.5041,-0.0065185,0.00047122,-2,0,170
-3.5615,1.0192,-0.0065185,0.00047122,-2,1,170
4.7045,0.12075,-0.0065185,0.00047122,-2,0,170
3.4495,0.97388,-0.0065185,0.00047122,-2,1,170
-2.9238,-2.9104,2.9935,0.00047122,1,0,170
6.4495,-1.0871,-0.0065185,0.00047122,-2,1,170
-5.4738,-5.4604,2.9935,0.00047122,1,0,170
-4.0395,1.2368,-0.0065185,0.00047122,-2,0,170
4.8919,4.9053,-0.0065185,0.00047122,-2,1,170
-3.7498,-2.9039,-0.0065185,0.00047122,-2,0,170
-5.6367,-5.6233,-0.0065185,0.00047122,-2,0,170
5.5495,2.7304,-0.0065185,0.00047122,-2,1,170
-4.7088,-4.6953,3.9935,0.00047122,1,0,170
-4.3893,-4.4841,-0.0065185,0.00047122,-2,0,170
-3.3302,-3.4088,-0.0065185,0.00047122,-2,0,170
2.289,-2.1541,-0.0065185,0.00047122,-2,1,170
-3.2373,-1.9239,-0.0065185,0.00047122,-2,0,170
-2.7511,-2.7942,3.9935,0.00047122,1,0,170
-0.17024,3.2432,-0.0065185,0.00047122,-2,1,170
0.0044729,0.017889,-0.0065185,0.00047122,-2,0,170
-1.9955,0.47439,-0.0065185,0.00047122,-2,0,170
-6.6955,-0.11891,-0.0065185,0.00047122,-2,0,170
6.4495,6.4629,-0.0065185,0.00047122,-2,1,170
-5.4738,-3.6934,1.9935,0.00047122,1,0,170
6.0485,-0.6381,-0.0065185,0.00047122,-2,1,170
2.8919,2.9053,-0.0065185,0.00047122,-2,1,170
3.7588,3.7722,-0.0065185,0.00047122,-2,1,170
-3.6367,-3.0337,-0.0065185,0.00047122,-2,0,170
2.5495,2.5629,-0.0065185,0.00047122,-2,1,170
-2.4588,-2.6639,-0.0065185,0.00047122,-2,0,170
2.0982,2.1116,3.9935,0.00047122,1,1,170
-1.3302,-3.409,-0.0065185,0.00047122,-2,0,170
-0.71104,1.1524,-0.0065185,0.00047122,-2,0,170
0.15447,1.7404,-0.0065185,0.00047122,-2,0,170
0.72697,0.74039,-0.0065185,0.00047122,-2,1,170
0.6186,-0.51818,4.9935,0.00047122,1,1,170
-0.47352,-0.46011,-0.0065185,0.00047122,-2,1,170
-0.55182,4.0741,-0.0065185,0.00047122,-2,0,170
-3.8455,-1.1527,-0.0065185,0.00047122,-2,0,170
-3.268,-3.2546,-3.0065,0.00047122,1,0,170
0.39035,3.2364,-0.0065185,0.00047122,-2,0,170
0.52648,0.29964,-0.0065185,0.00047122,-2,0,170
-2.9955,-1.1397,-0.0065185,0.00047122,-2,0,170
5.0045,-0.35926,-0.0065185,0.00047122,-2,1,170
-4.9955,-2.901,-0.0065185,0.00047122,-2,0,170
-2.9955,-1.8507,-0.0065185,0.00047122,-2,0,170
2.5545,3.6304,4.9935,0.00047122,1,1,170
2.0045,4.2679,-0.0065185,0.00047122,-2,1,170
1.0045,1.023,-0.0065185,0.00047122,-2,1,170
0.85447,-2.5727,-0.0065185,-1.9995,-1,1,170
1.0045,0.74039,-0.0065185,0.00047122,-2,1,170
-0.99553,0.86789,-0.0065185,0.00047122,-2,0,170
0.85447,1.2306,-4.0065,0.00047122,1,1,170
0.72697,0.74039,-0.0065185,0.00047122,-2,1,170
-3.6097,2.2938,-0.0065185,0.00047122,-2,0,170
-5.5175,-5.5041,-0.0065185,0.00047122,-2,0,170
-5.4392,-4.605,-0.0065185,0.00047122,-2,0,170
-4.6227,-1.5039,-3.0065,0.00047122,1,0,170
-3.3161,-2.7096,-0.0065185,0.00047122,-2,0,170
-5.268,-4.7505,-0.0065185,0.00047122,-2,0,170
-4.2271,-2.0561,-0.0065185,0.00047122,-2,0,170
-4.1924,-3.8148,-0.0065185,0.00047122,-2,0,170
-4.1629,-2.7299,-0.0065185,0.00047122,-2,0,170
-4.1378,-3.2612,-0.0065185,0.00047122,-2,0,170
-1.1164,-0.87934,-0.0065185,0.00047122,-2,0,170
-0.9483,-2.7848,-5.0065,0.00047122,1,0,170
-2.9082,-2.8948,-0.0065185,0.00047122,-2,1,170
0.93022,-3.5315,-0.0065185,0.00047122,-2,0,170
3.9414,4.0715,-0.0065185,0.00047122,-2,1,170
3.3508,3.3642,-2.0065,0.00047122,1,1,170
0.89447,0.90789,-0.0065185,0.00047122,-2,1,170
-2.452,-0.50412,-0.0065185,0.00047122,-2,0,170
-3.0836,-1.4258,-0.0065185,0.00047122,-2,0,170
2.6293,-0.64897,4.9935,0.00047122,1,1,170
5.5131,4.3385,-0.0065185,0.00047122,-2,1,170
5.2868,4.2904,-0.0065185,0.00047122,-2,1,170
4.4944,4.1785,2.9935,0.00047122,1,0,170
3.8945,2.7648,-0.0065185,0.00047122,-2,1,170
-4.8455,-2.368,-0.0065185,0.00047122,-2,0,170
1.727,4.1404,-0.0065185,0.00047122,-2,1,170
-0.3814,-0.86121,-0.0065185,0.00047122,-2,0,170
-0.32352,1.2624,-5.0065,0.00047122,1,0,170
-3.718,-2.368,-0.0065185,0.00047122,-2,0,170
-5.6097,-4.2087,-0.0065185,0.00047122,-2,0,170
-4.5175,-3.7884,-0.0065185,0.00047122,-2,0,170
3.4482,3.0407,-0.0065185,0.00047122,-2,1,170
-2.9227,-2.2115,-5.0065,0.00047122,1,0,170
-1.3161,-4.5527,-0.0065185,0.00047122,-2,0,170
1.277,0.78627,-0.0065185,0.00047122,-2,1,170
-0.22714,-0.50774,-0.0065185,0.00047122,-2,1,170
-0.1924,-0.79311,-2.0065,0.00047122,1,1,170
-0.99553,-0.98211,-0.0065185,0.00047122,-2,1,170
-2.9955,-3.4258,-0.0065185,0.00047122,-2,0,170
1.4545,2.7896,-0.0065185,0.00047122,-2,1,170
0.40447,-2.1496,-0.0065185,0.00047122,-2,0,170
0.45447,0.35789,-0.0065185,0.00047122,-2,0,170
1.837,2.4519,-0.0065185,0.00047122,-2,0,170
-1.5532,-0.30724,-4.0065,0.00047122,1,0,170
-6.8855,-5.8245,-0.0065185,0.00047122,-2,0,170
3.461,1.9462,-0.0065185,0.00047122,-2,1,170
4.0925,3.349,-0.0065185,0.00047122,-2,1,170
3.7793,4.1059,-0.0065185,0.00047122,-2,1,170
-3.5041,-1.558,-0.0065185,0.00047122,-2,0,170
4.2868,2.5354,-0.0065185,0.00047122,-2,1,170
4.0944,3.7127,-0.0065185,0.00047122,-2,1,170
1.9309,1.6085,-0.0065185,0.00047122,-2,1,170
1.217,-2.3265,-0.0065185,0.00047122,-2,0,170
-1.3262,-1.1946,-0.0065185,0.00047122,-2,0,170
0.70447,1.3552,-0.0065185,0.00047122,-2,0,170
0.59947,-4.2904,-0.0065185,-3.9995,-1,0,170
-0.27303,-0.30362,-0.0065185,0.00047122,-2,1,170
1.6186,1.2406,-0.0065185,0.00047122,-2,1,170
-1.3675,0.55105,-3.0065,0.00047122,1,0,170
4.4482,4.4616,-0.0065185,0.00047122,-2,1,170
4.3816,4.395,-0.0065185,0.00047122,-2,1,170
4.3251,4.3385,-0.0065185,0.00047122,-2,1,170
1.277,1.8564,-0.0065185,0.00047122,-2,1,170
1.2361,1.1019,-0.0065185,0.00047122,-2,1,170
0.22965,0.24307,-0.0065185,0.00047122,-2,1,171
-2.2955,2.4404,-0.0065185,0.00047122,-2,1,171
-2.5505,-2.9384,-0.0065185,0.00047122,-2,0,171
7.4045,7.4179,-0.0065185,0.00047122,-2,1,171
-2.8855,-1.8281,-0.0065185,0.00047122,-2,0,171
1.461,2.4744,-0.0065185,0.00047122,-2,1,171
0.91645,1.2431,-0.0065185,0.00047122,-2,1,171
7.5545,7.5679,-0.0065185,0.00047122,-2,1,171
6.172,-0.87658,-0.0065185,0.00047122,-2,1,171
4.8468,3.5399,-0.0065185,0.00047122,-2,1,171
1.5705,0.46159,-0.0065185,0.00047122,-2,0,171
-1.9955,-1.9821,-0.0065185,0.00047122,-2,0,171
1.7045,-1.1136,4.9935,0.00047122,1,1,171
5.0045,5.0179,-0.0065185,0.00047122,-2,1,171
3.0045,3.0179,-0.0065185,0.00047122,-2,1,171
-4.9955,-3.0527,-0.0065185,0.00047122,-2,0,171
3.0045,4.2679,-0.0065185,0.00047122,-2,1,171
2.0045,2.0179,-0.0065185,0.00047122,-2,1,171
-1.6955,-1.3621,3.9935,0.00047122,1,0,171
-0.99553,-0.31274,-0.0065185,0.00047122,-2,0,171
-0.99553,-0.41314,-0.0065185,0.00047122,-2,0,171
0.0044729,-2.4386,-0.0065185,0.00047122,-2,0,171
1.0045,-1.0701,-0.0065185,0.00047122,-2,0,171
-0.84553,2.1421,-4.0065,0.00047122,1,1,171
-0.99553,-0.98211,-0.0065185,0.00047122,-2,0,171
-3.8455,-5.8721,-0.0065185,0.00047122,-2,0,171
1.727,1.3844,-0.0065185,0.00047122,-2,1,171
0.39035,0.40376,-0.0065185,0.00047122,-2,0,171
1.5265,2.7927,-0.0065185,0.00047122,-2,1,171
1.4482,2.5265,-0.0065185,0.00047122,-2,1,171
-1.2227,-0.88127,2.9935,0.00047122,1,0,171
0.6839,-0.072073,-0.0065185,0.00047122,-2,1,171
2.8545,1.9129,-0.0065185,0.00047122,-2,1,171
4.727,5.8603,-0.0065185,0.00047122,-2,1,171
-4.6097,-2.9931,-0.0065185,0.00047122,-2,0,171
0.52648,4.749,-0.0065185,0.00047122,-2,1,171
-0.55182,0.46159,-0.0065185,0.00047122,-2,0,171
-4.8455,-3.9821,-0.0065185,0.00047122,-2,0,171
-4.118,4.0179,-0.0065185,4.0005,-1,0,171
-3.4997,0.098615,3.9935,0.00047122,1,0,171
-0.51753,3.4179,-0.0065185,0.00047122,-2,0,171
-2.4392,-2.4258,-0.0065185,0.00047122,-2,0,171
3.3816,0.017889,-0.0065185,0.00047122,-2,1,171
-2.8661,-2.8527,-4.0065,0.00047122,1,0,171
3.277,3.4179,-0.0065185,0.00047122,-2,1,171
-4.2271,-2.7637,-0.0065185,0.00047122,-2,0,171
4.2013,3.4179,-0.0065185,0.00047122,-2,1,171
-4.1629,-3.3821,-0.0065185,0.00047122,-2,0,171
-0.13777,-0.12435,-0.0065185,0.00047122,-2,0,171
-0.11643,-2.993,-4.0065,0.00047122,1,0,171
-1.8928,-1.9821,-0.0065185,0.00047122,-2,0,171
-0.69553,-0.68211,-0.0065185,0.00047122,-2,0,171
-0.55053,1.3886,-0.0065185,0.00047122,-2,0,171
-4.6955,-3.0452,-0.0065185,0.00047122,-2,0,171
-4.4405,-3.2019,-0.0065185,0.00047122,-2,0,171
-3.2238,-2.0277,-0.0065185,0.00047122,-2,0,171
-2.7395,-2.1884,-5.0065,0.00047122,1,0,171
-4.8829,-5.1195,-0.0065185,0.00047122,-2,0,171
-4.7498,-3.4101,-0.0065185,0.00047122,-2,0,171
-3.6367,-4.0233,-0.0065185,0.00047122,-2,0,171
1.5495,3.1129,-0.0065185,0.00047122,-2,1,171
-0.45876,0.00069094,-0.0065185,0.00047122,-2,0,171
0.39822,-2.5884,-0.0065185,-2.9995,-1,0,171
-0.33021,-0.60866,-4.0065,0.00047122,1,1,171
3.0045,1.2504,-0.0065185,0.00047122,-2,1,171
6.5545,6.9079,-0.0065185,0.00047122,-2,1,171
-7.163,-2.5268,-0.0065185,0.00047122,-2,0,171
3.8468,6.3559,-0.0065185,0.00047122,-2,1,171
3.5705,3.7927,-0.0065185,0.00047122,-2,1,171
-3.0266,-2.9357,3.9935,0.00047122,1,0,171
-5.127,-5.1136,-0.0065185,0.00047122,-2,0,171
-3.9573,1.9462,-0.0065185,0.00047122,-2,0,171
-3.813,-3.3496,-0.0065185,0.00047122,-2,0,171
-2.6904,-2.7696,-0.0065185,0.00047122,-2,0,171
-2.2862,-2.7402,-3.0065,0.00047122,1,0,171
-1.4976,-3.1011,-0.0065185,0.00047122,-2,0,171
0.57775,0.59116,-0.0065185,0.00047122,-2,0,171
3.6418,-1.0673,-0.0065185,0.00047122,-2,1,171
0.40447,0.41789,-0.0065185,0.00047122,-2,0,171
3.5545,0.8369,-0.0065185,0.00047122,-2,1,171
-3.013,-1.0846,1.9935,0.00047122,1,0,171
-5.8379,-4.1967,-0.0065185,0.00047122,-2,0,171
3.5705,-1.2447,-0.0065185,0.00047122,-2,1,171
-1.3266,-1.3132,-0.0065185,0.00047122,-2,0,171
0.13592,-0.85033,-0.0065185,0.00047122,-2,1,171
0.042742,-1.3224,-0.0065185,0.00047122,-2,0,171
0.82194,-0.7369,-0.0065185,0.00047122,-2,1,171
-0.69038,-0.67696,-5.0065,0.00047122,1,0,171
-1.5862,-1.0509,-0.0065185,0.00047122,-2,0,171
-5.4976,-5.0406,-0.0065185,0.00047122,-2,0,171
2.4312,3.1382,-0.0065185,0.00047122,-2,1,171
4.3672,4.0601,-0.0065185,0.00047122,-2,1,171
-3.7038,-1.7354,-3.0065,0.00047122,1,0,171
5.2665,2.5984,-0.0065185,0.00047122,-2,1,171
-2.2183,-2.2049,-0.0065185,0.00047122,-2,0,171
-1.1849,-3.784,-0.0065185,0.00047122,-2,0,171
-1.0065,-0.99305,-5.0065,0.00047122,1,0,171
2.1413,2.0338,-0.0065185,0.00047122,-2,1,171
-4.1118,-3.6082,-0.0065185,0.00047122,-2,0,171
-4.0944,-4.0809,-0.0065185,0.00047122,-2,0,171
-3.0795,-2.9919,-0.0065185,0.00047122,-2,0,171
1.0759,2.4827,-0.0065185,0.00047122,-2,1,171
5.0652,5.025,-0.0065185,0.00047122,-2,1,171
-4.2971,-0.71062,1.9935,0.00047122,1,0,171
-2.0394,1.674,-0.0065185,0.00047122,-2,0,171
-0.032803,-0.019388,-0.0065185,0.00047122,-2,0,171
3.9728,3.9862,-0.0065185,0.00047122,-2,0,171
-2.9686,-2.979,-0.0065185,0.00047122,-2,0,171
1.4545,1.4679,-0.0065185,0.00047122,-2,0,171
-1.228,-0.88898,-3.0065,0.00047122,1,0,171
0.11447,1.8437,-0.0065185,0.00047122,-2,1,171
0.55447,0.40039,-0.0065185,0.00047122,-2,1,171
0.83697,1.6868,-0.0065185,0.00047122,-2,0,171
-0.15315,-0.13974,-0.0065185,0.00047122,-2,0,171
-0.12951,-0.24863,2.9935,0.00047122,1,0,171
-0.55053,-0.53711,-0.0065185,0.00047122,-2,1,171
0.77622,1.298,-0.0065185,0.00047122,-2,0,171
-0.95151,-0.6381,-0.0065185,0.00047122,-2,1,171
-0.10812,-0.094701,-0.0065185,0.00047122,-2,1,171
0.25017,0.70859,-0.0065185,0.00047122,-2,0,171
0.36332,0.40465,-0.0065185,0.00047122,-2,0,171
2.5495,2.5629,-0.0065185,0.00047122,-2,1,171
-2.1588,0.27715,3.9935,0.00047122,1,0,171
-2.3893,-2.3759,-0.0065185,0.00047122,-2,0,171
-2.3302,-2.2239,-0.0065185,0.00047122,-2,0,171
0.71999,2.2688,-0.0065185,0.00047122,-2,0,171
0.61266,0.69318,3.9935,0.00047122,1,0,171
-0.20107,3.2694,-0.0065185,0.00047122,-2,0,171
-2.1702,-0.15682,-0.0065185,0.00047122,-2,0,171
-3.144,-1.7894,-0.0065185,0.00047122,-2,0,171
-2.6718,-2.6583,-5.0065,0.00047122,1,0,171
-2.1028,-2.0894,-0.0065185,0.00047122,-2,0,171
1.0957,3.7216,-0.0065185,0.00047122,-2,1,171
-1.073,-0.88812,-0.0065185,0.00047122,-2,0,171
-1.0614,-0.87972,-0.0065185,0.00047122,-2,0,171
-0.051535,-0.88812,-0.0065185,0.00047122,-2,0,171
-2.0431,-0.016507,-0.0065185,0.00047122,-2,0,171
1.0449,1.0584,-0.0065185,0.00047122,-2,1,171
-0.87992,-1.452,3.9935,0.00047122,1,0,171
1.9752,3.3968,-0.0065185,0.00047122,-2,0,171
-3.0204,1.693,-0.0065185,0.00047122,-2,0,171
0.025596,2.589,-0.0065185,0.00047122,-2,1,171
2.9865,3.0049,-0.0065185,0.00047122,-2,0,171
2.5392,0.0068623,-5.0065,0.00047122,1,0,171
2.9915,3.0085,-0.0065185,0.00047122,-2,0,171
-0.9845,3.6414,-0.0065185,0.00047122,-2,1,171
-3.0049,-2.9889,-0.0065185,0.00047122,-2,0,171
-2.5535,0.73463,3.9935,0.00047122,1,0,171
4.0112,-3.3753,-0.0065185,0.00047122,-2,1,171
-3.4013,-3.3863,2.9935,0.00047122,1,0,171
3.0094,-2.5272,-0.0065185,0.00047122,-2,1,171
2.0086,2.022,-0.0065185,0.00047122,-2,1,171
1.008,1.0214,-0.0065185,0.00047122,-2,1,171
3.0075,3.0209,-0.0065185,0.00047122,-2,1,171
-2.5481,-1.5507,2.9935,0.00047122,1,0,171
-1.9977,-1.9843,-0.0065185,0.00047122,-2,0,171
-4.9974,-4.9834,-0.0065185,0.00047122,-2,0,171
-3.9971,1.8591,-0.0065185,0.00047122,-2,0,171
-4.9969,-3.3834,-0.0065185,0.00047122,-2,0,171
-4.9967,-4.2329,-0.0065185,0.00047122,-2,0,171
3.0054,3.0189,-0.0065185,0.00047122,-2,1,171
1.0053,1.0187,-0.0065185,0.00047122,-2,1,171
1.0052,1.0186,-0.0065185,0.00047122,-2,1,171
3.0051,3.0185,-0.0065185,0.00047122,-2,1,171
-3.996,-2.2011,-0.0065185,0.00047122,-2,0,171
-3.996,-3.9824,-0.0065185,0.00047122,-2,0,171
3.0048,2.9083,-0.0065185,0.00047122,-2,1,171
2.0048,2.0182,-0.0065185,0.00047122,-2,1,171
-0.99579,-2.1499,-0.0065185,0.00047122,-2,0,171
-0.84575,-0.83227,-3.0065,0.00047122,1,0,171
1.0047,1.0181,-0.0065185,0.00047122,-2,1,171
-0.99569,-0.98223,-0.0065185,0.00047122,-2,0,171
-1.9957,-1.9822,-0.0065185,0.00047122,-2,0,171
3.0046,3.018,-0.0065185,0.00047122,-2,1,171
-1.9956,-1.9822,-0.0065185,0.00047122,-2,0,171
5.8205,2.7477,3.9935,0.00047122,1,0,172
-4.608,-4.3821,-0.0065185,0.00047122,-2,0,172
0.15447,-2.4447,-0.0065185,0.00047122,-2,1,172
1.8545,1.8679,-0.0065185,0.00047122,-2,1,172
2.727,0.12626,-0.0065185,0.00047122,-2,0,172
2.3045,1.3574,-0.0065185,0.00047122,-2,1,172
-2.5505,-1.9371,-0.0065185,0.00047122,-2,0,172
-0.76728,-2.1539,-0.0065185,0.00047122,-2,1,172
-0.29553,3.2285,-0.0065185,0.00047122,-2,0,172
0.55947,0.27289,-0.0065185,0.00047122,-2,0,172
-4.6955,0.40591,-0.0065185,0.00047122,-2,0,172
6.5545,-0.52868,-0.0065185,0.00047122,-2,1,172
-5.563,-1.8735,-5.0065,0.00047122,1,0,172
6.8468,6.8603,-0.0065185,0.00047122,-2,1,172
-3.5615,-0.89215,-0.0065185,0.00047122,-2,1,172
4.7045,6.0885,-0.0065185,0.00047122,-2,1,172
6.5545,5.1493,-0.0065185,0.00047122,-2,1,172
6.172,6.1854,-0.0065185,0.00047122,-2,1,172
5.2468,1.8794,2.9935,0.00047122,1,1,172
3.5705,3.2627,-0.0065185,0.00047122,-2,1,172
5.3356,4.6085,-0.0065185,0.00047122,-2,1,172
-5.127,-2.5586,-0.0065185,0.00047122,-2,0,172
-3.9573,-3.9438,-0.0065185,0.00047122,-2,0,172
3.3719,3.7254,-4.0065,0.00047122,1,0,172
-1.163,4.4179,-0.0065185,0.00047122,-2,1,172
-0.15315,2.368,-0.0065185,0.00047122,-2,0,172
2.4385,4.1744,-0.0065185,0.00047122,-2,1,172
-1.6644,-1.4735,-0.0065185,0.00047122,-2,0,172
-1.127,1.7927,-0.0065185,0.00047122,-2,0,172
-1.9955,1.1079,-0.0065185,0.00047122,-2,1,172
1.7045,1.7179,1.9935,0.00047122,1,1,172
0.55947,-3.2019,-0.0065185,0.00047122,-2,1,172
3.7045,0.27289,-0.0065185,0.00047122,-2,1,172
5.4495,0.43558,-0.0065185,0.00047122,-2,1,172
5.2327,4.6461,-0.0065185,0.00047122,-2,1,172
5.0485,5.0619,-0.0065185,0.00047122,-2,1,172
-4.8829,-3.7595,-0.0065185,0.00047122,-2,0,172
5.7588,4.1722,-0.0065185,0.00047122,-2,1,172
-5.6367,-4.8733,-0.0065185,0.00047122,-2,0,172
4.7995,4.8129,2.9935,0.00047122,1,1,172
-0.45876,-2.9953,-0.0065185,0.00047122,-2,1,172
-1.9955,-4.1496,-0.0065185,0.00047122,-2,0,172
3.7045,1.7179,-0.0065185,0.00047122,-2,1,172
3.1495,1.4654,3.9935,0.00047122,1,1,172
5.2327,3.2033,-0.0065185,0.00047122,-2,1,172
-4.0395,-4.4261,-0.0065185,0.00047122,-2,0,172
5.8919,4.8629,-0.0065185,0.00047122,-2,1,172
4.7588,2.0536,-0.0065185,0.00047122,-2,1,172
3.6456,2.9059,-0.0065185,0.00047122,-2,1,172
-3.0905,-3.4171,3.9935,0.00047122,1,1,172
1.172,-3.463,-0.0065185,0.00047122,-2,0,172
-1.1532,-0.89409,-0.0065185,0.00047122,-2,0,172
0.43845,-1.0344,-0.0065185,0.00047122,-2,1,172
-1.6644,-5.0701,-0.0065185,0.00047122,-2,0,172
-3.8641,-3.2019,-0.0065185,0.00047122,-2,0,172
3.0427,3.1779,-0.0065185,0.00047122,-2,1,172
-2.5781,-4.6644,3.9935,0.00047122,1,1,172
1.8945,-4.1696,-0.0065185,0.00047122,-2,0,172
-1.452,-1.5886,-0.0065185,0.00047122,-2,1,172
-4.0836,0.47439,-0.0065185,0.00047122,-2,0,172
-0.69553,-0.68211,-0.0065185,0.00047122,-2,0,172
-2.4405,-0.87658,-0.0065185,0.00047122,-2,0,172
-2.0738,2.7896,-0.0065185,4.0005,-1,0,172
-1.762,-1.7486,3.9935,0.00047122,1,0,172
-2.8829,2.5305,-0.0065185,0.00047122,-2,1,172
-4.6955,-4.6821,-0.0065185,0.00047122,-2,1,172
2.4495,1.1904,-0.0065185,0.00047122,-2,0,172
-0.22378,-2.0604,-0.0065185,0.00047122,-2,1,172
-3.0395,-3.0261,-0.0065185,0.00047122,-2,0,172
-2.5829,2.249,3.9935,0.00047122,1,1,172
3.7588,-0.38211,-0.0065185,0.00047122,-2,1,172
-3.1867,-1.4421,2.9935,0.00047122,1,0,172
1.837,2.9739,-0.0065185,0.00047122,-2,1,172
0.40447,-0.81461,-0.0065185,0.00047122,-2,1,172
-0.33553,-0.25847,2.9935,0.00047122,1,0,172
0.46097,-0.96609,-0.0065185,0.00047122,-2,0,172
-4.6955,0.40591,-0.0065185,0.00047122,-2,0,172
-5.4405,-4.3745,-0.0065185,0.00047122,-2,0,172
-4.2238,-4.6104,-0.0065185,0.00047122,-2,0,172
6.0485,3.6119,-0.0065185,0.00047122,-2,1,172
-5.1329,-5.3636,3.9935,0.00047122,1,0,172
5.7588,-2.6278,-0.0065185,0.00047122,-2,1,172
-5.6367,-4.8733,-0.0065185,0.00047122,-2,0,172
-5.5405,-5.677,-0.0065185,0.00047122,-2,0,172
-4.4588,-4.4453,-0.0065185,0.00047122,-2,0,172
-1.3893,-1.3759,-0.0065185,0.00047122,-2,1,172
-0.84553,-3.0189,-0.0065185,0.00047122,-2,1,172
-0.71803,-0.70461,-3.0065,0.00047122,1,1,172
2.6186,3.9036,-0.0065185,0.00047122,-2,1,172
1.7045,1.7179,-0.0065185,0.00047122,-2,1,172
1.4495,1.4629,-0.0065185,0.00047122,-2,1,172
-0.22378,-1.5875,-0.0065185,0.00047122,-2,1,172
-0.18954,-1.6338,-3.0065,0.00047122,1,1,172
3.727,3.7404,-0.0065185,0.00047122,-2,1,172
1.6186,-2.3812,-0.0065185,0.00047122,-2,0,172
3.8545,1.1755,-0.0065185,0.00047122,-2,0,172
3.277,1.1841,3.9935,0.00047122,1,0,172
1.6186,1.632,-0.0065185,0.00047122,-2,0,172
3.5265,3.4299,-0.0065185,0.00047122,-2,1,172
-5.5455,-1.5704,-0.0065185,0.00047122,-2,0,172
-5.163,-5.1496,-0.0065185,0.00047122,-2,0,172
3.8468,3.9602,-0.0065185,0.00047122,-2,1,172
-3.5615,-3.2481,-0.0065185,0.00047122,-2,0,172
3.0356,3.049,4.9935,0.00047122,1,1,172
-2.8641,-2.8921,-0.0065185,0.00047122,-2,0,172
-1.3955,-1.3821,-0.0065185,0.00047122,-2,0,172
-1.1855,2.0885,-0.0065185,-0.99953,-1,0,172
-1.539,-3.287,-0.0065185,0.00047122,-2,0,172
1.4045,1.3299,-0.0065185,0.00047122,-2,1,172
-1.1855,1.2159,3.9935,0.00047122,1,0,172
2.461,-0.92561,-0.0065185,0.00047122,-2,1,172
0.092498,-1.6194,-0.0065185,0.00047122,-2,0,172
2.3045,2.3179,-0.0065185,0.00047122,-2,1,172
3.4045,1.5265,-0.0065185,0.00047122,-2,1,172
-2.8855,-2.8721,2.9935,0.00047122,1,0,172
-0.45203,-0.43861,-0.0065185,0.00047122,-2,1,172
2.3045,1.8504,-0.0065185,0.00047122,-2,0,172
-1.5505,-1.5371,-0.0065185,0.00047122,-2,1,172
2.7762,2.4519,-0.0065185,0.00047122,-2,1,172
1.4045,-0.45716,-0.0065185,0.00047122,-2,0,172
0.70447,-1.9847,-0.0065185,0.00047122,-2,1,172
-1.4405,-1.4271,-0.0065185,0.00047122,-2,0,172
-1.2238,0.099235,2.9935,0.00047122,1,0,172
-0.03954,-0.026124,-0.0065185,0.00047122,-2,0,172
-0.10812,-1.6864,-0.0065185,0.00047122,-2,1,172
-3.2412,-3.5884,-0.0065185,0.00047122,-2,0,172
2.7633,2.7767,-4.0065,0.00047122,1,0,172
-2.5405,-2.768,-0.0065185,0.00047122,-2,0,172
2.5412,2.5547,-0.0065185,0.00047122,-2,0,172
2.6107,-1.8209,-0.0065185,0.00047122,-2,1,172
-2.2108,3.3342,3.9935,0.00047122,1,0,172
-5.163,-1.9381,-0.0065185,0.00047122,-2,0,172
-6.8379,-4.0947,-0.0065185,0.00047122,-2,0,172
5.5705,-3.1929,-0.0065185,0.00047122,-2,1,172
3.3356,1.3767,-0.0065185,0.00047122,-2,1,172
-2.127,-2.3271,-0.0065185,0.00047122,-2,0,172
-1.0338,0.40465,-0.0065185,0.00047122,-2,0,172
-2.6955,1.5579,-0.0065185,0.00047122,-2,0,172
2.2995,2.3129,4.9935,0.00047122,1,1,172
-5.2238,-5.4604,-0.0065185,0.00047122,-2,0,172
-6.0395,-6.0261,-0.0065185,0.00047122,-2,0,172
1.8919,3.7953,-0.0065185,0.00047122,-2,1,172
-0.24123,-0.22781,-0.0065185,0.00047122,-2,0,172
0.21332,1.1404,2.9935,0.00047122,1,1,172
-0.27303,-1.5962,-0.0065185,0.00047122,-2,1,172
3.6186,3.632,-0.0065185,0.00047122,-2,1,172
4.5265,1.4166,-0.0065185,0.00047122,-2,1,172
3.8482,3.8616,-2.0065,0.00047122,1,1,172
3.3816,-2.0027,-0.0065185,0.00047122,-2,1,172
1.3251,2.8885,-0.0065185,0.00047122,-2,1,172
1.127,1.2904,-0.0065185,1.0005,-1,1,172
-1.2271,-0.93623,-0.0065185,0.00047122,-2,0,172
2.2013,1.0648,-0.0065185,0.00047122,-2,1,172
-0.16287,-1.8495,-0.0065185,0.00047122,-2,0,172
0.14671,-0.10302,-4.0065,0.00047122,1,1,172
-1.8746,-1.8612,-0.0065185,0.00047122,-2,0,172
-4.6955,-2.9595,-0.0065185,0.00047122,-2,0,172
4.4495,5.0244,-0.0065185,0.00047122,-2,1,172
-4.2238,-4.6201,-0.0065185,0.00047122,-2,0,172
-5.0395,-5.0261,-0.0065185,0.00047122,-2,0,172
1.8919,3.694,-0.0065185,0.00047122,-2,1,172
-3.7498,-1.5864,-0.0065185,0.00047122,-2,0,172
3.1956,3.6579,-3.0065,0.00047122,1,1,172
1.5495,1.9444,-0.0065185,0.00047122,-2,1,172
-1.5323,-1.1946,-0.0065185,0.00047122,-2,0,172
2.3045,2.3179,-0.0065185,0.00047122,-2,1,172
-2.3955,0.6832,-0.0065185,0.00047122,-2,1,172
-2.1455,-1.651,-0.0065185,0.00047122,-2,0,172
-0.54553,-0.43861,-0.0065185,0.00047122,-2,1,172
-0.46303,-0.44961,3.9935,0.00047122,1,1,172
-3.4405,-3.9041,-0.0065185,0.00047122,-2,0,172
5.2327,2.1616,-0.0065185,0.00047122,-2,1,172
5.0485,4.4619,-0.0065185,0.00047122,-2,1,172
-3.8829,-3.3027,-0.0065185,0.00047122,-2,0,172
4.7588,4.7722,-0.0065185,0.00047122,-2,1,172
0.96046,1.6407,-0.0065185,0.00047122,-2,1,173
0.70447,0.71789,-0.0065185,0.00047122,-2,0,173
-0.14553,-0.11522,-0.0065185,0.00047122,-2,1,173
0.28197,0.22673,-0.0065185,0.00047122,-2,0,173
-2.3814,-0.28713,-0.0065185,0.00047122,-2,0,173
2.0325,-0.43211,-0.0065185,-2.9995,-1,1,173
-6.163,-4.5962,-0.0065185,0.00047122,-2,0,173
-3.8379,-2.5041,-0.0065185,0.00047122,-2,0,173
1.5705,1.5839,-0.0065185,0.00047122,-2,1,173
5.3356,5.349,-0.0065185,0.00047122,-2,1,173
5.1359,0.91772,-0.0065185,0.00047122,-2,1,173
-4.9573,-3.6546,-0.0065185,0.00047122,-2,0,173
4.2219,4.2354,-4.0065,0.00047122,1,1,173
-5.6904,3.221,-0.0065185,0.00047122,-2,0,173
-5.5862,-5.1495,-0.0065185,0.00047122,-2,0,173
5.5065,3.7726,-0.0065185,0.00047122,-2,1,173
-3.4223,-4.353,-0.0065185,0.00047122,-2,0,173
-3.3582,-3.0849,-0.0065185,0.00047122,-2,0,173
2.8628,2.4937,-4.0065,0.00047122,1,1,173
4.2665,4.28,-0.0065185,0.00047122,-2,1,173
4.2272,4.081,-0.0065185,0.00047122,-2,1,173
-0.80619,-0.92846,-0.0065185,0.00047122,-2,1,173
0.16541,0.063488,-0.0065185,0.00047122,-2,1,173
-0.13233,1.754,2.9935,0.00047122,1,0,173
-0.11181,-0.015057,-0.0065185,0.00047122,-2,1,173
1.0045,-2.0508,-0.0065185,0.00047122,-2,0,173
-0.99553,-0.98211,-0.0065185,0.00047122,-2,0,173
2.0045,-0.70461,-0.0065185,0.00047122,-2,1,173
-0.99553,-2.3132,-0.0065185,0.00047122,-2,0,173
4.0045,4.0179,-0.0065185,0.00047122,-2,1,173
-3.3955,-2.1721,1.9935,0.00047122,1,0,173
1.0045,-1.6821,-0.0065185,0.00047122,-2,1,173
0.0044729,-0.67696,-0.0065185,0.00047122,-2,1,173
0.0044729,0.017889,-0.0065185,0.00047122,-2,0,173
0.0044729,0.017889,-0.0065185,0.00047122,-2,0,173
-2.9955,-3.5041,-0.0065185,0.00047122,-2,0,173
-3.5455,-0.98211,-0.0065185,0.00047122,-2,0,173
-0.16303,-0.14961,-0.0065185,0.00047122,-2,0,173
-1.8379,-1.8245,-0.0065185,0.00047122,-2,0,173
1.5705,1.5839,-2.0065,0.00047122,1,1,173
-4.3266,1.7179,-0.0065185,0.00047122,-2,0,173
1.1359,3.6993,-0.0065185,0.00047122,-2,0,173
0.0044729,0.017889,-0.0065185,0.00047122,-2,1,173
0.0044729,-1.8245,4.9935,0.00047122,1,1,173
1.0045,-2.6661,-0.0065185,0.00047122,-2,0,173
-1.9955,-2.1632,-0.0065185,0.00047122,-2,0,173
-2.6955,-0.70461,-0.0065185,0.00047122,-2,0,173
-1.5505,2.3129,-0.0065185,0.00047122,-2,1,173
0.23272,0.24614,-0.0065185,0.00047122,-2,1,173
-0.18954,1.7417,-3.0065,0.00047122,1,0,173
3.1171,3.1305,-0.0065185,0.00047122,-2,1,173
6.4045,6.4179,-0.0065185,0.00047122,-2,1,173
6.8945,-2.097,-0.0065185,0.00047122,-2,1,173
3.461,5.8744,-0.0065185,0.00047122,-2,1,173
-4.0836,-0.651,-0.0065185,0.00047122,-2,0,173
0.77929,0.79271,-0.0065185,0.00047122,-2,1,173
0.66307,2.1406,-4.0065,0.00047122,1,1,173
1.2868,1.3002,-0.0065185,0.00047122,-2,1,173
-0.90556,-0.89215,-0.0065185,0.00047122,-2,0,173
0.70447,3.065,-0.0065185,0.00047122,-2,1,173
2.4495,3.1059,-0.0065185,0.00047122,-2,1,173
-2.2238,-2.2104,-0.0065185,0.00047122,-2,0,173
-3.0395,-3.0261,-0.0065185,0.00047122,-2,0,173
-2.5829,-0.34752,3.9935,0.00047122,1,0,173
3.7588,-2.2921,-0.0065185,0.00047122,-2,1,173
-4.6367,-3.4586,-0.0065185,0.00047122,-2,0,173
3.5495,4.2054,-0.0065185,0.00047122,-2,1,173
-1.4588,-3.2015,-0.0065185,0.00047122,-2,0,173
-2.3893,-1.2259,-0.0065185,0.00047122,-2,0,173
-2.0302,-2.0168,2.9935,0.00047122,1,0,173
-1.28,-1.3932,-0.0065185,0.00047122,-2,0,173
-2.2373,-2.2239,-0.0065185,0.00047122,-2,0,173
2.21,-1.5275,-0.0065185,0.00047122,-2,1,173
1.8792,-0.72966,-0.0065185,-0.99953,-1,1,173
-1.589,-1.6417,3.9935,0.00047122,1,0,173
-1.1218,-1.1645,-0.0065185,0.00047122,-2,1,173
-3.1455,-6.8721,-0.0065185,0.00047122,-2,0,173
4.282,2.3832,-0.0065185,0.00047122,-2,1,173
4.3903,3.6538,-0.0065185,0.00047122,-2,1,173
-4.4735,-6.7569,-0.0065185,0.00047122,-2,0,173
3.8108,5.139,-2.0065,0.00047122,1,1,173
3.6273,-2.0593,-0.0065185,0.00047122,-2,1,173
3.6839,4.5079,-0.0065185,0.00047122,-2,1,173
1.732,2.9444,-0.0065185,0.00047122,-2,1,173
-0.22714,2.6763,-0.0065185,0.00047122,-2,1,173
2.8076,0.68726,-0.0065185,0.00047122,-2,1,173
3.8371,2.4005,-0.0065185,0.00047122,-2,1,173
3.2622,3.9015,-4.0065,0.00047122,1,1,173
3.8836,3.897,-0.0065185,0.00047122,-2,1,173
-2.8928,2.5585,-0.0065185,0.00047122,-2,0,173
3.9171,2.8649,-0.0065185,0.00047122,-2,1,173
1.9302,3.3436,-0.0065185,0.00047122,-2,1,173
1.6414,1.9325,4.9935,0.00047122,1,1,173
-3.9419,-4.4145,-0.0065185,0.00047122,-2,0,173
2.9589,3.5729,-0.0065185,0.00047122,-2,1,173
1.9657,2.1497,-0.0065185,0.00047122,-2,1,173
-1.6626,-2.2616,-4.0065,0.00047122,1,0,173
-2.9675,-3.0773,-0.0065185,0.00047122,-2,0,173
-2.9717,-3.063,-0.0065185,0.00047122,-2,0,173
2.9842,2.9977,-0.0065185,0.00047122,-2,1,173
3.9873,2.1644,-0.0065185,0.00047122,-2,1,173
-2.9809,-3.4318,-0.0065185,0.00047122,-2,0,173
-0.0079525,2.5555,-0.0065185,0.00047122,-2,1,173
0.015035,-0.018021,-4.0065,0.00047122,1,0,173
-3.0045,3.4089,-0.0065185,0.00047122,-2,1,173
-2.0032,-1.9897,-0.0065185,0.00047122,-2,0,173
0.70447,2.1633,-0.0065185,0.00047122,-2,1,173
0.55947,0.57289,-0.0065185,0.00047122,-2,0,173
1.2327,1.5839,-0.0065185,0.00047122,-2,1,173
-1.0395,-0.412,3.9935,0.00047122,1,0,173
1.8919,-2.2507,-0.0065185,0.00047122,-2,1,173
0.75877,0.97962,-0.0065185,0.00047122,-2,0,173
2.0045,-0.62327,-0.0065185,0.00047122,-2,1,173
-1.9955,-1.6821,-0.0065185,0.00047122,-2,0,173
1.7045,1.1959,-4.0065,0.00047122,1,1,173
0.0044729,3.4179,-0.0065185,0.00047122,-2,0,173
2.0045,1.6407,-0.0065185,0.00047122,-2,1,173
1.0045,-0.30269,-0.0065185,0.00047122,-2,1,173
1.0045,-0.83211,-0.0065185,0.00047122,-2,0,173
1.0045,1.0179,-0.0065185,0.00047122,-2,1,173
2.1545,2.2954,-0.0065185,0.00047122,-2,1,173
-4.5455,-1.8096,-0.0065185,0.00047122,-2,0,173
3.872,1.5756,4.9935,0.00047122,1,1,173
4.8468,4.147,-0.0065185,0.00047122,-2,1,173
2.5705,0.91512,-0.0065185,0.00047122,-2,1,173
-1.3266,-1.3132,-0.0065185,0.00047122,-2,0,173
1.1359,1.786,4.9935,0.00047122,1,1,173
1.9662,1.9796,-0.0065185,0.00047122,-2,1,173
-3.813,-4.4121,-0.0065185,0.00047122,-2,0,173
2.6993,3.2627,-0.0065185,0.00047122,-2,1,173
-2.2862,-2.2727,-4.0065,0.00047122,1,0,173
4.5065,3.9199,-0.0065185,0.00047122,-2,1,173
-3.4223,-3.8088,-0.0065185,0.00047122,-2,0,173
-2.9082,-4.3448,-0.0065185,-3.9995,-1,0,173
4.3128,2.1652,-0.0065185,0.00047122,-2,1,173
3.2665,3.4007,-0.0065185,0.00047122,-2,1,173
4.2272,2.7906,-0.0065185,0.00047122,-2,1,173
1.1938,1.0055,-0.0065185,0.00047122,-2,1,173
-1.0065,-3.0331,-5.0065,0.00047122,1,0,173
1.8677,1.8811,-0.0065185,0.00047122,-2,0,173
-0.11181,-0.09839,-0.0065185,0.00047122,-2,0,173
-0.89669,-0.9886,-0.0065185,0.00047122,-2,0,173
-3.8455,-3.8321,-0.0065185,0.00047122,-2,0,173
3.277,0.66898,-4.0065,0.00047122,1,1,173
5.6186,5.632,-0.0065185,0.00047122,-2,1,173
4.5265,4.5399,-0.0065185,0.00047122,-2,1,173
-3.4392,3.8368,-0.0065185,0.00047122,-2,0,173
2.9316,2.945,-4.0065,0.00047122,1,1,173
3.3251,3.3385,-0.0065185,0.00047122,-2,1,173
2.277,2.2904,-0.0065185,0.00047122,-2,1,173
0.23609,0.24951,-0.0065185,0.00047122,-2,1,173
-4.1924,-3.3776,-0.0065185,0.00047122,-2,0,173
2.1718,2.1852,-0.0065185,0.00047122,-2,1,173
5.1467,5.1601,-0.0065185,0.00047122,-2,1,173
-4.3664,1.1793,1.9935,0.00047122,1,0,173
3.1072,-1.5793,-0.0065185,0.00047122,-2,1,173
-1.0829,-2.6195,-0.0065185,0.00047122,-2,1,173
2.8545,2.8679,-0.0065185,0.00047122,-2,1,173
-0.69553,1.2117,-0.0065185,0.00047122,-2,0,173
0.55947,-2.9931,-0.0065185,0.00047122,-2,1,173
-1.2955,1.8579,-0.0065185,0.00047122,-2,0,173
-0.54553,-3.6636,-0.0065185,0.00047122,-2,0,173
0.17197,0.48539,-0.0065185,0.00047122,-2,0,173
-0.69553,-0.42711,-0.0065185,0.00047122,-2,0,173
-4.4405,-4.2104,-0.0065185,0.00047122,-2,0,173
-3.2238,-3.0261,-0.0065185,0.00047122,-2,0,173
2.0485,1.1147,-0.0065185,0.00047122,-2,1,173
3.8919,1.7553,-0.0065185,0.00047122,-2,1,173
-3.7498,-3.6233,-0.0065185,0.00047122,-2,0,173
3.1956,2.7304,4.9935,0.00047122,1,1,173
2.5495,4.8129,-0.0065185,0.00047122,-2,1,173
2.4677,2.1116,-0.0065185,0.00047122,-2,1,173
3.3982,3.4116,-0.0065185,0.00047122,-2,1,173
-3.3302,-1.7116,-0.0065185,0.00047122,-2,0,173
5.289,2.8097,-0.0065185,0.00047122,-2,1,173
-6.5615,-4.0556,-0.0065185,0.00047122,-2,0,174
6.3356,2.0715,-0.0065185,0.00047122,-2,0,174
4.2545,4.2679,-0.0065185,0.00047122,-2,1,174
4.0045,4.0179,-0.0065185,0.00047122,-2,1,174
-3.9955,-3.4985,-0.0065185,0.00047122,-2,0,174
3.0045,0.39504,-0.0065185,0.00047122,-2,1,174
5.0045,5.0179,-0.0065185,0.00047122,-2,1,174
4.0045,3.7209,-0.0065185,0.00047122,-2,1,174
2.0045,2.0179,-0.0065185,0.00047122,-2,1,174
5.0045,4.8033,-0.0065185,0.00047122,-2,1,174
1.0045,1.349,-0.0065185,0.00047122,-2,1,174
2.0045,0.86789,-0.0065185,0.00047122,-2,1,174
-1.6955,-1.5503,-3.0065,0.00047122,1,1,174
0.44947,1.4629,-0.0065185,0.00047122,-2,0,174
-2.7673,-2.7539,-0.0065185,0.00047122,-2,1,174
-1.3955,1.1378,-0.0065185,0.00047122,-2,1,174
0.11447,2.4038,-0.0065185,0.00047122,-2,1,174
-0.53903,-0.90511,-0.0065185,0.00047122,-2,0,174
0.46645,2.1242,-4.0065,0.00047122,1,0,174
1.837,7.4179,-0.0065185,0.00047122,-2,0,174
2.4045,2.4179,-0.0065185,0.00047122,-2,0,174
-2.1055,-2.0921,-0.0065185,0.00047122,-2,0,174
-0.53903,-0.52561,-0.0065185,0.00047122,-2,0,174
0.46645,-0.93869,2.9935,0.00047122,1,1,174
2.7793,-0.75729,-0.0065185,0.00047122,-2,0,174
4.5131,4.5265,-0.0065185,0.00047122,-2,1,174
3.5545,3.5679,-0.0065185,0.00047122,-2,1,174
-1.163,0.40376,-0.0065185,0.00047122,-2,0,174
-1.1532,-1.1397,-0.0065185,0.00047122,-2,0,174
0.55447,2.1242,-0.0065185,0.00047122,-2,0,174
0.47197,-0.65627,3.9935,0.00047122,1,0,174
-0.55053,-1.9371,-0.0065185,0.00047122,-2,1,174
0.77622,1.4454,-0.0065185,0.00047122,-2,1,174
4.7045,4.7179,-0.0065185,0.00047122,-2,1,174
3.4495,0.35873,-0.0065185,0.00047122,-2,1,174
2.2327,2.0619,-0.0065185,0.00047122,-2,1,174
4.0485,2.5069,-0.0065185,0.00047122,-2,1,174
4.8919,3.3222,-0.0065185,0.00047122,-2,1,174
2.7588,2.659,-0.0065185,0.00047122,-2,1,174
2.3456,3.549,3.9935,0.00047122,1,0,174
1.4495,2.9376,-0.0065185,0.00047122,-2,1,174
-1.9955,-2.8721,-0.0065185,0.00047122,-2,0,174
-1.9955,-1.9821,-0.0065185,0.00047122,-2,0,174
1.7045,1.4629,4.9935,0.00047122,1,0,174
2.4495,2.2461,-0.0065185,0.00047122,-2,1,174
1.8545,3.8359,-0.0065185,0.00047122,-2,1,174
1.727,1.5904,-0.0065185,0.00047122,-2,1,174
5.6186,5.632,-0.0065185,0.00047122,-2,1,174
4.5265,0.86662,-0.0065185,0.00047122,-2,1,174
3.8482,3.5252,-4.0065,0.00047122,1,0,174
5.8945,3.285,-0.0065185,0.00047122,-2,1,174
-6.5455,2.5873,-0.0065185,0.00047122,-2,0,174
-4.163,-2.2546,-0.0065185,0.00047122,-2,0,174
1.8468,3.1395,-0.0065185,0.00047122,-2,1,174
0.57049,1.5839,-0.0065185,0.00047122,-2,1,174
1.3356,1.349,-0.0065185,0.00047122,-2,1,174
1.1359,0.42684,-4.0065,0.00047122,1,0,174
2.0045,1.4038,-0.0065185,0.00047122,-2,1,174
-1.2955,-2.8793,-0.0065185,0.00047122,-2,0,174
-3.5455,-1.0871,-0.0065185,0.00047122,-2,0,174
6.172,2.9559,-0.0065185,0.00047122,-2,1,174
-4.8379,-5.1569,-0.0065185,0.00047122,-2,0,174
-3.5615,-4.0981,-0.0065185,0.00047122,-2,0,174
-3.0266,-2.9644,1.9935,0.00047122,1,0,174
-6.127,0.58644,-0.0065185,0.00047122,-2,0,174
-3.9573,-5.1938,-0.0065185,0.00047122,-2,0,174
-5.813,-5.7696,-0.0065185,0.00047122,-2,0,174
-4.6904,-4.677,-0.0065185,0.00047122,-2,0,174
-5.5862,-5.5511,-0.0065185,0.00047122,-2,0,174
-4.7476,-2.0502,3.9935,0.00047122,1,0,174
-3.4223,-3.4088,-0.0065185,0.00047122,-2,0,174
-5.3582,2.5585,-0.0065185,0.00047122,-2,0,174
5.3128,4.5649,-0.0065185,0.00047122,-2,1,174
-4.2576,-4.2442,-0.0065185,0.00047122,-2,0,174
-3.6183,-3.8092,3.9935,0.00047122,1,0,174
-0.18487,-0.16451,-0.0065185,0.00047122,-2,0,174
1.1654,-2.7171,-0.0065185,0.00047122,-2,1,174
-5.1323,-0.96389,-0.0065185,0.00047122,-2,0,174
-4.1118,-4.3484,-0.0065185,0.00047122,-2,0,174
-5.0944,-3.4809,-0.0065185,0.00047122,-2,0,174
4.3385,4.3488,-2.0065,0.00047122,1,0,174
-1.608,1.6465,-0.0065185,0.00047122,-2,0,174
2.3045,1.3885,-0.0065185,0.00047122,-2,1,174
1.5595,1.5729,-0.0065185,0.00047122,-2,0,174
-0.54553,-2.916,-0.0065185,0.00047122,-2,0,174
-2.2955,-2.2821,-0.0065185,0.00047122,-2,0,174
-2.5505,-4.0138,-0.0065185,0.00047122,-2,0,174
-2.1673,-1.5751,1.9935,0.00047122,1,1,174
1.1145,2.7619,-0.0065185,0.00047122,-2,0,174
5.4045,5.4179,-0.0065185,0.00047122,-2,1,174
-2.6955,0.22532,-0.0065185,0.00047122,-2,0,174
1.4495,1.4629,-0.0065185,0.00047122,-2,1,174
1.2327,0.045538,-3.0065,0.00047122,1,0,174
3.0045,5.5679,-0.0065185,0.00047122,-2,0,174
2.4545,-2.0101,-0.0065185,0.00047122,-2,1,174
0.83697,5.0222,-0.0065185,0.00047122,-2,1,174
0.7121,0.72551,3.9935,0.00047122,1,1,174
0.57049,-1.8161,-0.0065185,0.00047122,-2,0,174
-2.6644,-2.651,-0.0065185,0.00047122,-2,0,174
1.873,1.1341,-0.0065185,0.00047122,-2,1,174
3.0427,3.0562,-0.0065185,0.00047122,-2,1,174
4.187,5.3024,-0.0065185,0.00047122,-2,1,174
3.5596,2.1021,-2.0065,0.00047122,1,1,174
3.0263,-2.2727,-2.0065,0.00047122,1,0,174
0.93385,5.7179,-0.0065185,0.00047122,-2,1,174
-0.60556,3.4629,-0.0065185,0.00047122,-2,1,174
2.223,-1.0841,-0.0065185,0.00047122,-2,0,174
-0.10978,-0.86952,-0.0065185,0.00047122,-2,0,174
-0.59841,1.9053,-0.0065185,0.00047122,-2,1,174
0.51693,-2.1814,-3.0065,0.00047122,1,1,174
3.282,2.7896,-0.0065185,0.00047122,-2,0,174
5.4045,-2.6128,-0.0065185,0.00047122,-2,0,174
-4.8855,-4.8721,-0.0065185,0.00047122,-2,0,174
-3.6955,-3.6821,-0.0065185,0.00047122,-2,0,174
3.1495,1.1784,4.9935,0.00047122,1,1,174
2.2327,2.0619,-0.0065185,0.00047122,-2,1,174
-1.8895,-4.6386,-4.0065,0.00047122,1,0,174
2.1171,2.1305,-0.0065185,0.00047122,-2,1,174
7.5545,7.5679,-0.0065185,0.00047122,-2,1,174
-6.413,2.4744,-0.0065185,0.00047122,-1,0,174
-3.8379,-1.3613,-0.0065185,0.00047122,-2,0,174
5.5705,3.2839,-0.0065185,0.00047122,-2,1,174
-4.7266,-4.7132,3.9935,0.00047122,1,0,174
-5.127,-5.1136,-0.0065185,0.00047122,-2,0,174
-2.9573,-2.9438,-0.0065185,0.00047122,-2,0,174
1.8219,-1.6211,-0.0065185,0.00047122,-2,1,174
-1.5404,-1.527,3.9935,0.00047122,1,0,174
-3.5862,-3.5727,-0.0065185,0.00047122,-2,1,174
1.4545,3.4769,-0.0065185,0.00047122,-2,1,174
0.83697,5.4744,-0.0065185,0.00047122,-2,1,174
0.7121,1.0655,-2.0065,0.00047122,1,1,174
2.5705,-0.75693,-0.0065185,0.00047122,-2,0,174
4.3356,1.5093,-0.0065185,0.00047122,-2,1,174
-1.5455,-3.6636,-0.0065185,0.00047122,-2,0,174
-1.163,-0.026124,-0.0065185,0.00047122,-2,1,174
-3.1455,-0.97449,-0.0065185,0.00047122,-2,1,174
-2.273,-2.2596,-0.0065185,0.00047122,-2,0,174
-1.5455,-1.5321,-0.0065185,0.00047122,-2,1,174
-1.313,-1.5886,-2.0065,0.00047122,1,0,174
5.8468,1.3407,-0.0065185,0.00047122,-2,1,174
-2.5615,-2.7569,-0.0065185,0.00047122,-2,0,174
-0.32664,-4.1004,-0.0065185,0.00047122,-2,0,174
-0.86408,0.2119,-0.0065185,0.00047122,-2,0,174
0.74274,0.62793,2.9935,0.00047122,1,1,174
5.4495,4.632,-0.0065185,0.00047122,-2,1,174
4.2327,3.5399,-0.0065185,0.00047122,-2,1,174
3.0485,2.9043,-0.0065185,0.00047122,-2,1,174
2.5919,2.6053,4.9935,0.00047122,1,1,174
1.7588,1.3385,-0.0065185,0.00047122,-2,1,174
2.6456,2.2904,-0.0065185,0.00047122,-2,1,174
0.54945,0.56287,-0.0065185,0.00047122,-2,1,174
0.46771,3.0912,3.9935,0.00047122,1,1,174
-2.6018,3.5852,-0.0065185,0.00047122,-2,0,174
1.4545,-2.1974,-0.0065185,0.00047122,-2,0,174
1.237,5.8744,-5.0065,0.00047122,1,1,174
0.11447,-1.0297,-0.0065185,0.00047122,-2,1,174
-1.5455,-6.1446,-0.0065185,0.00047122,-2,1,174
2.1545,0.499,-0.0065185,0.00047122,-2,0,174
2.282,2.2954,-0.0065185,0.00047122,-2,1,174
-6.5455,-4.3681,-0.0065185,0.00047122,-2,0,174
6.172,5.5854,-0.0065185,0.00047122,-2,1,174
-0.8379,-0.54813,-0.0065185,0.00047122,-2,0,174
1.4385,-4.2032,-0.0065185,0.00047122,-2,0,174
2.6734,2.8864,-0.0065185,0.00047122,-2,1,174
-0.39553,-1.0182,-0.0065185,0.00047122,-2,0,174
0.89447,0.35789,-0.0065185,0.00047122,-2,0,174
1.3045,-0.58359,-0.0065185,0.00047122,-2,1,174
1.4545,0.13177,-0.0065185,0.00047122,-2,0,174
0.83697,1.8864,-0.0065185,0.00047122,-2,1,174
-0.70315,-0.68974,3.9935,0.00047122,1,0,174
-2.163,-2.4386,-0.0065185,0.00047122,-2,0,174
-3.8379,-4.0701,-0.0065185,0.00047122,-2,0,174
-4.5615,-4.5481,-0.0065185,0.00047122,-2,0,174
-3.8766,0.59732,0.99348,0.00047122,1,0,174
-3.127,-3.2644,-0.0065185,0.00047122,-2,0,174
4.2545,4.2679,-0.0065185,0.00047122,-2,1,175
1.0045,1.0179,-0.0065185,0.00047122,-2,1,175
-0.99553,-0.919,-0.0065185,0.00047122,-2,1,175
1.0045,1.0179,-0.0065185,0.00047122,-2,1,175
4.0045,1.2216,-0.0065185,0.00047122,-2,1,175
4.0045,4.0566,-0.0065185,0.00047122,-2,0,175
6.4045,6.4179,-0.0065185,0.00047122,-2,1,175
-4.5455,-1.9821,-0.0065185,0.00047122,-2,0,175
5.172,2.1059,-0.0065185,0.00047122,-2,1,175
3.8468,4.4103,-0.0065185,0.00047122,-2,1,175
3.5705,3.2839,-0.0065185,0.00047122,-2,1,175
1.3356,3.049,-0.0065185,0.00047122,-2,1,175
1.1359,0.017889,-4.0065,0.00047122,1,1,175
1.9662,1.0179,-0.0065185,0.00047122,-2,1,175
3.8219,-2.0546,-0.0065185,0.00047122,-2,1,175
-3.6904,-2.9821,-0.0065185,0.00047122,-2,0,175
5.5951,2.776,-0.0065185,0.00047122,-2,1,175
-4.7476,-4.2321,3.9935,0.00047122,1,1,175
1.617,-2.9554,-0.0065185,0.00047122,-2,1,175
2.3045,3.4512,-0.0065185,0.00047122,-2,1,175
2.5595,1.9729,-0.0065185,0.00047122,-2,1,175
-0.22378,-0.21036,-0.0065185,0.00047122,-2,1,175
0.19849,-1.8281,3.9935,0.00047122,1,0,175
4.1171,-3.1928,-0.0065185,0.00047122,-2,1,175
2.2502,3.1788,-0.0065185,0.00047122,-2,1,175
-1.3544,-2.9535,-0.0065185,0.00047122,-2,0,175
3.4595,4.1342,-0.0065185,0.00047122,-2,1,175
1.5412,0.99965,-0.0065185,0.00047122,-2,1,175
-1.6018,-1.2884,-0.0065185,0.00047122,-2,0,175
1.3698,1.7893,4.9935,0.00047122,1,1,175
0.28896,-3.9476,-0.0065185,0.00047122,-2,0,175
4.2463,4.2597,-0.0065185,0.00047122,-2,0,175
-2.2011,0.061743,-0.0065185,0.00047122,-2,1,175
-4.1702,-1.6448,-0.0065185,0.00047122,-2,1,175
-3.144,-2.9504,-0.0065185,0.00047122,-2,1,175
0.87825,-2.9983,-0.0065185,0.00047122,-2,1,175
2.1118,-0.72482,-0.0065185,0.00047122,-2,0,175
-2.0867,-1.9627,-0.0065185,0.00047122,-2,1,175
-1.773,-1.4106,-4.0065,0.00047122,1,1,175
-3.0614,-3.048,-0.0065185,0.00047122,-2,1,175
3.0605,2.9639,-0.0065185,0.00047122,-2,0,175
3.0521,3.0655,-0.0065185,0.00047122,-2,0,175
-2.586,-2.141,-4.0065,0.00047122,1,1,175
-3.0299,-3.0165,-0.0065185,0.00047122,-2,1,175
-3.0248,-3.0113,-0.0065185,0.00047122,-2,1,175
-3.0204,-2.9768,-0.0065185,0.00047122,-2,1,175
-2.0167,-1.9776,-0.0065185,0.00047122,-2,1,175
-4.0135,-4.0001,-0.0065185,0.00047122,-2,1,175
-3.4108,-1.4875,-4.0065,0.00047122,1,0,175
-3.8855,-3.3951,-0.0065185,0.00047122,-2,0,175
-0.53903,-1.8921,-0.0065185,0.00047122,-2,1,175
0.91645,0.56139,-0.0065185,0.00047122,-2,0,175
-0.22071,-1.1946,-0.0065185,0.00047122,-2,0,175
0.70447,-2.2789,-0.0065185,0.00047122,-2,1,175
-1.4405,-0.57711,-0.0065185,0.00047122,-2,0,175
1.2327,-0.35926,-4.0065,0.00047122,1,1,175
-0.95151,-2.3027,-0.0065185,0.00047122,-2,1,175
-1.1081,-1.0947,-0.0065185,0.00047122,-2,1,175
-1.2412,-1.2278,-0.0065185,0.00047122,-2,1,175
-2.3544,-2.267,-0.0065185,0.00047122,-2,1,175
-2.4505,-1.9871,-0.0065185,0.00047122,-2,1,175
-1.5323,-2.1244,-0.0065185,0.00047122,-2,1,175
-1.3018,-2.2705,-4.0065,0.00047122,1,1,175
1.6698,1.6832,-0.0065185,0.00047122,-2,0,175
3.72,3.7334,-0.0065185,0.00047122,-2,1,175
-3.1537,1.5614,-0.0065185,4.0005,-1,1,175
-2.79,-2.9352,-0.0065185,0.00047122,-2,1,175
-2.8208,0.35789,-0.0065185,0.00047122,-2,1,175
2.406,0.11139,3.9935,0.00047122,1,0,175
0.1307,-1.2941,-0.0065185,0.00047122,-2,1,175
0.11177,-0.015057,-0.0065185,0.00047122,-2,1,175
0.095672,1.5265,-0.0065185,0.00047122,-2,1,175
-0.91801,0.3002,-0.0065185,0.00047122,-2,1,175
-0.77964,-0.002344,3.9935,0.00047122,1,1,175
4.0605,4.0007,-0.0065185,0.00047122,-2,1,175
2.0521,2.8933,-0.0065185,0.00047122,-2,1,175
4.0449,1.7055,-0.0065185,0.00047122,-2,1,175
1.0389,3.4073,-0.0065185,0.00047122,-2,1,175
2.0337,2.5015,-0.0065185,0.00047122,-2,1,175
1.7293,0.73276,2.9935,0.00047122,1,1,175
4.0256,2.5614,-0.0065185,0.00047122,-2,1,175
3.0224,3.3149,-0.0065185,0.00047122,-2,1,175
1.0197,2.9032,-0.0065185,0.00047122,-2,1,175
2.0174,1.0825,-0.0065185,0.00047122,-2,1,175
3.0155,3.2003,-0.0065185,0.00047122,-2,1,175
5.0138,1.46,-0.0065185,0.00047122,-2,1,175
4.2624,4.2654,-3.0065,0.00047122,1,1,175
-1.0023,2.4559,-0.0065185,0.00047122,-2,0,175
3.0102,3.0161,-0.0065185,0.00047122,-2,1,175
-0.00041957,-0.063042,-0.0065185,0.00047122,-2,0,175
-1.9914,0.7008,-0.0065185,0.00047122,-2,1,175
1.7009,1.6594,-4.0065,0.00047122,1,0,175
-1.9925,3.4676,-0.0065185,0.00047122,-2,1,175
-2.993,-2.9399,-0.0065185,0.00047122,-2,1,175
-2.9934,-1.4278,-0.0065185,0.00047122,-2,1,175
-2.5437,-2.5016,-4.0065,0.00047122,1,1,175
-3.994,-3.9562,-0.0065185,0.00047122,-2,1,175
1.0031,2.8858,-0.0065185,0.00047122,-2,0,175
2.0033,1.9991,-0.0065185,0.00047122,-2,0,175
-2.9946,-0.68868,-0.0065185,0.00047122,-2,1,175
3.0037,2.5543,-0.0065185,0.00047122,-2,0,175
-2.9948,-2.9823,-0.0065185,0.00047122,-2,1,175
-2.5449,-2.1398,-4.0065,0.00047122,1,1,175
-1.995,-1.9738,-0.0065185,0.00047122,-2,1,175
3.004,2.9008,-0.0065185,0.00047122,-2,0,175
-2.9952,-2.5261,-0.0065185,0.00047122,-2,1,175
-2.9952,-2.5322,-0.0065185,0.00047122,-2,1,175
1.0047,-2.5278,-0.0065185,0.00047122,-2,1,175
0.8547,0.86782,-4.0065,0.00047122,1,1,175
-1.9957,-1.9852,-0.0065185,0.00047122,-2,0,175
-2.9957,-2.9848,-0.0065185,0.00047122,-2,0,175
-3.9957,-3.9844,-0.0065185,0.00047122,-2,0,175
-1.9956,-1.984,-0.0065185,0.00047122,-2,0,175
1.7046,-1.757,-2.0065,0.00047122,1,1,175
-4.9956,1.7165,-0.0065185,0.00047122,-2,0,175
-4.2456,1.0167,-0.0065185,1.0005,-1,0,175
-4.9956,-4.9831,-0.0065185,0.00047122,-2,0,175
-3.9956,-3.983,-0.0065185,0.00047122,-2,0,175
4.0045,4.0179,-0.0065185,0.00047122,-2,1,175
5.0045,5.0179,-0.0065185,0.00047122,-2,1,175
-4.9956,-4.9826,-0.0065185,0.00047122,-2,0,175
4.2545,1.6208,-3.0065,0.00047122,1,1,175
4.0045,4.0179,-0.0065185,0.00047122,-2,1,175
5.0045,5.0179,-0.0065185,0.00047122,-2,1,175
4.0045,-1.8245,-0.0065185,0.00047122,-2,1,175
3.4045,3.4181,2.9935,0.00047122,1,1,175
-0.99552,-0.98191,-0.0065185,0.00047122,-2,1,175
1.0045,1.0179,-0.0065185,0.00047122,-2,1,175
3.0045,1.8603,-0.0065185,0.00047122,-2,1,175
2.5545,2.5679,-4.0065,0.00047122,1,1,175
4.0045,-3.3821,-0.0065185,0.00047122,-2,1,175
4.0045,4.0179,-0.0065185,0.00047122,-2,1,175
4.0045,2.9079,-0.0065185,0.00047122,-2,1,175
3.4045,0.017952,-0.0065185,0.00047122,-1,1,175
-1.9955,-2.8722,-0.0065185,0.00047122,-2,0,175
-1.9955,-1.9821,-0.0065185,0.00047122,-2,1,175
-0.99553,-0.98215,-0.0065185,0.00047122,-2,0,175
0.85447,1.2462,-4.0065,0.00047122,1,1,175
4.0045,4.0179,-0.0065185,0.00047122,-2,1,175
3.0045,3.0179,-0.0065185,0.00047122,-2,1,175
2.0045,2.0179,-0.0065185,0.00047122,-2,1,175
-2.9955,2.1059,-0.0065185,0.00047122,-2,0,175
2.5545,2.5679,-4.0065,0.00047122,1,1,175
-1.9955,3.4179,-0.0065185,0.00047122,-2,0,175
2.0045,1.7179,-0.0065185,0.00047122,-2,1,175
-0.99553,-1.6821,-0.0065185,0.00047122,-2,0,175
0.85447,0.86789,-4.0065,0.00047122,1,1,175
1.0045,1.0179,-0.0065185,0.00047122,-2,1,175
-0.84553,2.9079,-1.0065,0.00047122,1,0,175
0.0044726,0.017884,-0.0065185,0.00047122,-2,0,175
-2.9955,0.74039,-0.0065185,0.00047122,-2,1,175
0.0044731,-2.5321,-0.0065185,0.00047122,-2,1,175
3.0045,3.0179,-0.0065185,0.00047122,-2,0,175
-2.5455,0.017891,-4.0065,0.00047122,1,1,175
-0.99553,3.4179,-0.0065185,0.00047122,-2,0,175
0.004473,0.017889,-0.0065185,0.00047122,-2,1,175
3.0045,3.0179,-0.0065185,0.00047122,-2,1,175
0.0044728,0.017887,-0.0065185,0.00047122,-2,0,175
-0.99553,-0.98211,-0.0065185,0.00047122,-2,0,175
0.0044729,0.017888,-0.0065185,0.00047122,-2,0,175
1.0045,0.39504,-0.0065185,0.00047122,-2,1,175
1.0045,-0.83211,-0.0065185,0.00047122,-2,0,175
-0.99553,-0.98211,-0.0065185,0.00047122,-2,0,175
2.0045,-0.70461,-0.0065185,0.00047122,-2,1,175
3.0045,3.0179,-0.0065185,0.00047122,-2,1,175
-4.9955,-1.4271,-0.0065185,0.00047122,-2,0,175
5.0045,5.0179,-0.0065185,0.00047122,-2,1,175
2.0045,3.6304,-0.0065185,0.00047122,-2,1,175
-1.6955,-1.6821,3.9935,0.00047122,1,0,175
-0.99553,-0.98211,-0.0065185,0.00047122,-2,1,175
1.0045,-2.8721,-0.0065185,0.00047122,-2,1,175
0.85447,5.0179,-0.0065185,5.0005,-1,1,175
-1.9955,-1.9821,-0.0065185,0.00047122,-2,1,175
1.6186,-0.45651,-0.0065185,0.00047122,-2,0,176
-2.8455,-2.8321,-0.0065185,0.00047122,-2,0,176
6.7045,1.3407,-0.0065185,0.00047122,-2,1,176
3.4495,3.4629,-0.0065185,0.00047122,-2,1,176
-3.2238,-4.8229,-0.0065185,0.00047122,-2,0,176
-3.0395,-3.0261,-0.0065185,0.00047122,-2,0,176
-3.8829,-1.6587,-0.0065185,0.00047122,-2,0,176
-4.7498,-2.729,-0.0065185,0.00047122,-2,0,176
-4.6367,-4.1495,-0.0065185,0.00047122,-2,0,176
-4.5405,-3.0144,-0.0065185,0.00047122,-2,0,176
-4.4588,-3.8453,-0.0065185,0.00047122,-2,0,176
-5.3893,-5.3759,-0.0065185,0.00047122,-2,0,176
-4.5802,-2.9595,3.9935,0.00047122,1,0,176
2.289,2.3024,-0.0065185,0.00047122,-2,1,176
3.2463,3.2597,-0.0065185,0.00047122,-2,1,176
-4.2011,2.2688,-0.0065185,0.00047122,-2,0,176
-2.1702,-3.4277,-0.0065185,0.00047122,-2,0,176
-5.144,-1.8306,-0.0065185,0.00047122,-2,0,176
-4.3718,-4.2651,-3.0065,0.00047122,1,0,176
-5.1028,-5.0101,-0.0065185,0.00047122,-2,0,176
-4.0867,-2.2408,-0.0065185,0.00047122,-2,0,176
4.082,3.4954,-0.0065185,0.00047122,-2,1,176
3.0704,3.0838,-0.0065185,0.00047122,-2,1,176
-2.6015,-2.8867,-5.0065,0.00047122,1,0,176
-3.0431,-2.9945,-0.0065185,0.00047122,-2,0,176
-5.036,-4.9927,-0.0065185,0.00047122,-2,0,176
-4.0299,-4.0165,-0.0065185,0.00047122,-2,0,176
-3.0248,-3.0113,-0.0065185,0.00047122,-2,0,176
-4.0204,-4.007,-0.0065185,0.00047122,-2,0,176
-3.0167,-1.8734,-0.0065185,0.00047122,-2,0,176
-2.5635,-2.5501,-3.0065,0.00047122,1,0,176
4.0197,2.5832,-0.0065185,0.00047122,-2,1,176
-4.0085,-3.3951,-0.0065185,0.00047122,-2,0,176
-3.0066,-3.385,-0.0065185,0.00047122,-2,0,176
-1.0049,-0.98456,-0.0065185,0.00047122,-2,0,176
-1.0035,-2.1517,-0.0065185,0.00047122,-2,0,176
0.011245,0.87466,-0.0065185,0.00047122,-2,1,176
3.9987,4.0164,-0.0065185,0.00047122,-2,1,176
6.4045,6.4179,-0.0065185,0.00047122,-2,1,176
5.4445,0.01373,-3.0065,0.00047122,1,1,176
-0.45203,-0.43861,-0.0065185,0.00047122,-2,0,176
-0.083552,-0.070136,-0.0065185,0.00047122,-2,1,176
-1.6955,-1.8245,-0.0065185,0.00047122,-2,0,176
1.4495,1.4629,4.9935,0.00047122,1,1,176
-1.2238,-5.4604,-0.0065185,0.00047122,-2,0,176
-1.0395,-1.1136,-0.0065185,0.00047122,-2,1,176
-1.9955,-1.9821,-0.0065185,0.00047122,-2,0,176
0.70447,-0.22781,-0.0065185,0.00047122,-2,1,176
-1.5505,-2.341,-0.0065185,0.00047122,-2,0,176
1.3262,-1.2104,-4.0065,0.00047122,1,1,176
1.172,-3.3821,-0.0065185,0.00047122,-2,1,176
-1.1532,-0.83211,-0.0065185,0.00047122,-2,0,176
-0.54553,-0.53211,-0.0065185,0.00047122,-2,0,176
-1.828,0.85427,-0.0065185,0.00047122,-2,0,176
-3.3955,-1.1136,-0.0065185,0.00047122,-2,0,176
-0.10553,-0.092111,-0.0065185,0.00047122,-2,0,176
-0.089027,0.45821,3.9935,0.00047122,1,0,176
-5.163,-3.3027,-0.0065185,0.00047122,-2,0,176
4.8468,4.8603,-0.0065185,0.00047122,-2,1,176
5.5705,5.5839,-0.0065185,0.00047122,-2,1,176
5.3356,5.349,-0.0065185,0.00047122,-2,1,176
-6.127,0.66126,-0.0065185,0.00047122,-2,0,176
5.2162,5.2296,-4.0065,0.00047122,1,1,176
0.82194,0.83536,-0.0065185,0.00047122,-2,1,176
0.69932,0.71274,-0.0065185,0.00047122,-2,1,176
-0.58615,1.8838,-0.0065185,0.00047122,-2,0,176
0.50244,0.94364,-0.0065185,0.00047122,-2,0,176
-0.4188,0.44461,-4.0065,0.00047122,1,1,176
0.64176,0.96424,-0.0065185,0.00047122,-2,1,176
-2.1455,2.5996,-0.0065185,0.00047122,-2,0,176
3.5545,-0.44255,-0.0065185,0.00047122,-2,1,176
-3.163,-1.0549,-0.0065185,0.00047122,-2,0,176
-0.8379,0.82855,-0.0065185,0.00047122,-2,0,176
-0.71155,-2.2706,3.9935,0.00047122,1,0,176
1.6734,1.6868,-0.0065185,0.00047122,-2,0,176
-2.8641,-3.8658,-0.0065185,0.00047122,-2,0,176
5.4045,2.4562,-0.0065185,0.00047122,-2,1,176
5.8945,3.8059,-0.0065185,0.00047122,-2,1,176
-3.452,-3.4386,-0.0065185,0.00047122,-2,0,176
3.0925,4.2734,-0.0065185,0.00047122,-2,1,176
-2.6203,-2.6069,3.9935,0.00047122,1,0,176
3.5131,-1.8735,-0.0065185,0.00047122,-2,1,176
5.2868,2.6444,-0.0065185,0.00047122,-2,1,176
6.0944,4.5079,-0.0065185,0.00047122,-2,1,176
3.9309,3.9444,-0.0065185,0.00047122,-2,1,176
-3.333,-4.3821,-3.0065,0.00047122,1,0,176
5.6738,3.2373,-0.0065185,0.00047122,-2,1,176
-4.5645,-4.8011,-0.0065185,0.00047122,-2,0,176
-4.4791,-4.4657,-0.0065185,0.00047122,-2,0,176
3.8156,3.319,2.9935,0.00047122,1,1,176
2.3539,2.3673,-0.0065185,0.00047122,-2,1,176
1.3015,1.2325,-0.0065185,0.00047122,-2,1,176
-0.24798,-2.0769,-0.0065185,0.00047122,-2,0,176
-0.21011,-0.1967,-0.0065185,0.00047122,-2,0,176
1.1869,0.20029,-0.0065185,0.00047122,-2,0,176
-0.84553,-0.83211,-0.0065185,0.00047122,-2,0,176
0.72697,0.017889,4.9935,0.00047122,1,1,176
3.0045,3.0179,-0.0065185,0.00047122,-2,1,176
3.0045,3.6992,-0.0065185,0.00047122,-2,1,176
4.0045,2.5679,-0.0065185,0.00047122,-2,1,176
-4.9955,-3.3821,-0.0065185,0.00047122,-2,0,176
2.0045,4.2679,-0.0065185,0.00047122,-2,1,176
1.7045,1.7538,-2.0065,0.00047122,1,1,176
3.0045,3.0179,-0.0065185,0.00047122,-2,0,176
-1.9955,-1.4012,-0.0065185,0.00047122,-2,1,176
4.0045,1.7179,-0.0065185,0.00047122,-2,1,176
-1.3955,-1.3821,-0.0065185,0.00047122,-2,1,176
-0.29553,-1.9662,-0.0065185,0.00047122,-2,1,176
-5.4405,-0.3831,-0.0065185,0.00047122,-2,0,176
6.2327,5.0294,-0.0065185,0.00047122,-2,1,176
2.0485,1.0277,-0.0065185,0.00047122,-2,1,176
2.8919,3.3618,-0.0065185,0.00047122,-2,1,176
-2.4498,-2.4364,-5.0065,0.00047122,1,0,176
0.36332,0.37673,-0.0065185,0.00047122,-2,0,176
-2.4505,-2.977,-0.0065185,0.00047122,-2,0,176
0.45447,3.5517,-0.0065185,0.00047122,-2,1,176
0.38697,0.40039,-3.0065,0.00047122,1,1,176
0.17197,0.18539,-0.0065185,0.00047122,-2,0,176
-0.69553,-1.8651,-0.0065185,0.00047122,-2,1,176
-3.1455,-0.57711,-0.0065185,0.00047122,-2,0,176
-2.673,-3.1766,-5.0065,0.00047122,1,1,176
0.6186,-4.2321,-0.0065185,0.00047122,-2,1,176
1.5265,1.1664,-0.0065185,0.00047122,-2,1,176
5.4482,5.1441,-0.0065185,0.00047122,-2,1,176
4.3816,1.4079,-0.0065185,0.00047122,-2,1,176
-2.3161,0.47167,-0.0065185,0.00047122,-2,0,176
-1.268,-1.0596,-0.0065185,0.00047122,-2,0,176
-0.76391,1.5288,-0.0065185,0.00047122,-2,0,176
-0.64865,-0.11631,2.9935,0.00047122,1,1,176
-0.82818,1.5679,-0.0065185,0.00047122,-2,0,176
-3.8455,-1.5806,-0.0065185,0.00047122,-2,0,176
3.277,3.0899,-4.0065,0.00047122,1,1,176
-5.6097,2.8038,-0.0065185,0.00047122,-2,0,176
-4.7675,-4.7541,3.9935,0.00047122,1,0,176
-1.4392,2.9742,-0.0065185,0.00047122,-2,0,176
-1.3727,-1.3593,-0.0065185,0.00047122,-2,0,176
-0.67495,0.97201,-0.0065185,0.00047122,-2,1,176
0.58198,0.67101,1.9935,0.00047122,1,0,176
2.2361,-1.5148,-0.0065185,0.00047122,-2,1,176
-3.1924,-3.179,-0.0065185,0.00047122,-2,0,176
-3.1629,-1.548,-0.0065185,0.00047122,-2,0,176
4.1467,2.6707,-0.0065185,0.00047122,-2,1,176
-4.1164,-3.4695,-0.0065185,0.00047122,-2,0,176
-5.0983,-5.0564,-0.0065185,0.00047122,-2,0,176
-4.3329,-2.9595,-5.0065,0.00047122,1,0,176
2.0787,2.0715,-0.0065185,0.00047122,-2,1,176
-4.0586,-3.6577,-0.0065185,0.00047122,-2,0,176
-3.0492,-3.0209,-0.0065185,0.00047122,-2,0,176
1.0501,2.9408,-0.0065185,0.00047122,-2,1,176
-0.034287,-0.86012,-0.0065185,0.00047122,-2,0,176
0.97153,-0.015057,-0.0065185,0.00047122,-2,1,176
3.8545,3.0179,-0.0065185,0.00047122,-2,1,176
3.727,0.72319,-0.0065185,0.00047122,-2,1,176
0.6186,2.5679,-0.0065185,0.00047122,-2,1,176
2.5265,2.5399,-0.0065185,0.00047122,-2,1,176
4.4482,0.46159,-0.0065185,0.00047122,-2,1,176
5.3816,3.795,-0.0065185,0.00047122,-2,1,176
4.5751,4.5885,-2.0065,0.00047122,1,1,176
5.277,5.2904,-0.0065185,0.00047122,-2,1,176
4.4861,-1.1955,-2.0065,0.00047122,1,1,176
-4.1924,1.7179,-0.0065185,0.00047122,-2,0,176
2.1718,3.5852,-0.0065185,0.00047122,-2,1,176
-1.1378,-1.6821,-0.0065185,0.00047122,-2,0,176
-0.87462,0.98879,-0.0065185,0.00047122,-2,1,176
-2.8928,-0.72934,-0.0065185,0.00047122,-2,0,176
1.2327,1.2461,-0.0065185,0.00047122,-2,1,177
1.0045,1.0179,-0.0065185,0.00047122,-2,1,177
3.0045,2.9642,-0.0065185,0.00047122,-2,0,177
4.5545,2.5679,-0.0065185,0.00047122,-2,0,177
3.172,1.7179,-0.0065185,0.00047122,-2,1,177
-3.8455,-3.8321,-0.0065185,0.00047122,-2,0,177
4.727,5.2461,-0.0065185,0.00047122,-2,0,177
6.4045,6.4179,-0.0065185,0.00047122,-2,1,177
-5.5455,-3.5041,-0.0065185,0.00047122,-2,0,177
-0.16303,1.5742,-0.0065185,0.00047122,-2,0,177
-0.8379,0.64074,-0.0065185,0.00047122,-2,0,177
0.57049,0.58391,-0.0065185,0.00047122,-2,0,177
0.48559,0.881,2.9935,0.00047122,1,0,177
-3.273,-3.2596,-0.0065185,0.00047122,-2,1,177
2.3903,2.6121,-0.0065185,0.00047122,-2,1,177
6.5545,1.3383,-0.0065185,0.00047122,-2,0,177
5.4045,1.5742,-0.0065185,0.00047122,-2,0,177
5.8945,2.6407,-0.0065185,0.00047122,-2,0,177
5.011,4.0404,3.9935,0.00047122,1,1,177
-3.163,-1.0407,-0.0065185,0.00047122,-2,1,177
-4.8455,-3.7505,-0.0065185,0.00047122,-2,1,177
2.727,2.2775,-0.0065185,0.00047122,-2,1,177
2.3186,2.332,4.9935,0.00047122,1,0,177
3.5265,6.0427,-0.0065185,0.00047122,-2,1,177
5.5545,1.9702,-0.0065185,0.00047122,-2,0,177
6.5545,4.395,-0.0065185,0.00047122,-2,0,177
5.172,5.1854,-0.0065185,0.00047122,-2,1,177
-5.5455,-4.5481,-0.0065185,0.00047122,-2,0,177
3.172,1.5806,-0.0065185,0.00047122,-2,1,177
2.6968,2.7103,3.9935,0.00047122,1,1,177
1.4385,2.0562,-0.0065185,0.00047122,-2,1,177
0.45447,-1.201,-0.0065185,0.00047122,-2,0,177
-1.163,3.4744,-0.0065185,0.00047122,-2,1,177
5.8545,5.8679,-0.0065185,0.00047122,-2,0,177
7.2545,7.2679,-0.0065185,0.00047122,-2,1,177
-5.5455,-0.21701,-0.0065185,0.00047122,-2,0,177
5.172,3.899,-0.0065185,0.00047122,-2,0,177
6.5545,4.0278,-0.0065185,0.00047122,-2,0,177
5.572,5.2603,2.9935,0.00047122,1,0,177
1.8468,4.4103,-0.0065185,0.00047122,-2,0,177
3.5705,3.5839,-0.0065185,0.00047122,-2,0,177
4.3356,1.1493,-0.0065185,0.00047122,-2,0,177
3.6859,3.5296,-3.0065,0.00047122,1,1,177
2.172,-2.5321,-0.0065185,0.00047122,-2,1,177
1.8468,2.6777,-0.0065185,0.00047122,-2,0,177
3.0045,3.7127,-0.0065185,0.00047122,-2,1,177
0.55447,0.56789,-0.0065185,0.00047122,-2,1,177
1.172,1.1854,-0.0065185,0.00047122,-2,0,177
-0.9879,1.9993,4.9935,0.00047122,1,1,177
-5.718,-4.9821,-0.0065185,0.00047122,-2,0,177
-4.6097,-3.5946,-0.0065185,0.00047122,-2,0,177
-3.5175,-2.9821,-0.0065185,0.00047122,-2,1,177
0.45447,0.46789,-0.0065185,0.00047122,-2,1,177
-1.828,2.8515,-0.0065185,0.00047122,-2,1,177
6.4045,6.4179,-0.0065185,0.00047122,-2,0,177
5.4445,-1.8206,2.9935,0.00047122,1,1,177
-4.163,-4.5321,-0.0065185,0.00047122,-2,1,177
-3.6955,-3.6821,-0.0065185,0.00047122,-2,0,177
-1.6955,-1.6821,-0.0065185,0.00047122,-2,0,177
-1.4405,-1.4271,-0.0065185,0.00047122,-2,0,177
-1.2238,0.78964,-0.0065185,2.0005,-1,1,177
4.0045,5.7179,-0.0065185,0.00047122,-2,1,177
-3.3955,0.44233,3.9935,0.00047122,1,0,177
-1.9955,-3.2104,-0.0065185,0.00047122,-2,1,177
1.3045,3.5773,-0.0065185,0.00047122,-2,0,177
3.5545,1.5869,-0.0065185,0.00047122,-2,0,177
3.022,-0.72674,3.9935,0.00047122,1,0,177
-0.8379,-5.2245,-0.0065185,0.00047122,-2,0,177
0.72049,3.2573,-2.0065,0.00047122,1,0,177
-0.66441,-0.40761,-0.0065185,0.00047122,-2,1,177
2.3045,2.3179,-0.0065185,0.00047122,-2,1,177
-2.5505,2.6911,-0.0065185,0.00047122,-2,0,177
-2.7673,-2.7539,-0.0065185,0.00047122,-2,1,177
2.3605,2.5307,3.9935,0.00047122,1,0,177
-3.8855,-6.2721,-0.0065185,0.00047122,-2,1,177
-5.452,-5.4386,-0.0065185,0.00047122,-2,0,177
5.5545,4.3427,-0.0065185,0.00047122,-2,0,177
-4.5455,-4.5321,-0.0065185,0.00047122,-2,1,177
3.172,2.7074,-0.0065185,0.00047122,-2,1,177
2.6968,1.9579,-4.0065,0.00047122,1,0,177
-0.42951,-3.005,-0.0065185,0.00047122,-2,0,177
2.6734,4.6079,-0.0065185,0.00047122,-2,1,177
-2.2641,3.6873,-0.0065185,3.0005,-1,0,177
1.0427,4.1059,-0.0065185,0.00047122,-2,0,177
-0.29553,-0.28211,-0.0065185,0.00047122,-2,1,177
-3.2955,-1.6591,-0.0065185,0.00047122,-2,1,177
2.8095,2.8229,-5.0065,0.00047122,1,1,177
-0.76728,2.2679,-0.0065185,0.00047122,-2,0,177
0.048485,2.6304,-0.0065185,0.00047122,-2,1,177
-2.8455,-2.8321,-0.0065185,0.00047122,-2,0,177
2.7045,0.26359,-0.0065185,0.00047122,-2,1,177
-2.2905,-2.2146,-5.0065,0.00047122,1,1,177
3.727,3.7229,-0.0065185,0.00047122,-2,1,177
0.45447,0.46789,-0.0065185,0.00047122,-2,1,177
0.55447,-2.4657,-0.0065185,0.00047122,-2,0,177
0.47197,0.48539,-5.0065,0.00047122,1,0,177
0.44947,-1.2666,-0.0065185,0.00047122,-2,1,177
0.77622,0.78964,-0.0065185,0.00047122,-2,1,177
-1.2955,-2.8472,-0.0065185,0.00047122,-2,0,177
-5.5455,-5.5321,-0.0065185,0.00047122,-2,1,177
0.55447,-1.3589,-0.0065185,0.00047122,-2,0,177
-2.163,-2.1496,-0.0065185,0.00047122,-2,0,177
-1.8379,2.3503,-3.0065,0.00047122,1,0,177
1.0045,1.0179,-0.0065185,0.00047122,-2,0,177
0.85447,0.86789,-0.0065185,0.00047122,-2,0,177
-0.71803,-1.8245,-0.0065185,0.00047122,-2,0,177
-0.60965,0.15806,-5.0065,0.00047122,1,0,177
3.0045,3.0179,-0.0065185,0.00047122,-2,0,177
-2.5455,-3.0496,2.9935,0.00047122,1,1,177
-0.16303,-0.50274,-0.0065185,0.00047122,-2,1,177
2.1621,-0.12449,-0.0065185,0.00047122,-2,0,177
4.4045,1.1994,-0.0065185,0.00047122,-2,1,177
3.8545,-0.63961,-0.0065185,0.00047122,-2,0,177
-3.268,-3.2546,4.9935,0.00047122,1,0,177
4.6186,1.5194,-0.0065185,0.00047122,-2,0,177
-5.3955,-5.3821,-0.0065185,0.00047122,-2,1,177
3.8945,1.659,-0.0065185,0.00047122,-2,0,177
4.461,-0.13564,-0.0065185,0.00047122,-2,1,177
4.7045,-1.7374,-0.0065185,0.00047122,-2,0,177
-5.5455,-3.9771,-0.0065185,0.00047122,-2,1,177
5.172,3.3526,-0.0065185,0.00047122,-2,1,177
4.3968,4.0278,4.9935,0.00047122,1,1,177
4.172,3.8603,-0.0065185,0.00047122,-2,1,177
-4.8379,-4.8245,-0.0065185,0.00047122,-2,1,177
4.5545,5.0885,-0.0065185,0.00047122,-2,1,177
3.872,3.3168,4.9935,0.00047122,1,1,177
6.4495,5.2296,-0.0065185,0.00047122,-2,0,177
7.2545,6.6304,-0.0065185,0.00047122,-2,1,177
3.5545,2.0619,-0.0065185,0.00047122,-2,1,177
3.022,5.256,-2.0065,0.00047122,1,1,177
1.1621,2.2636,-0.0065185,0.00047122,-2,1,177
2.5545,2.5679,-0.0065185,0.00047122,-2,1,177
1.172,1.1854,-0.0065185,0.00047122,-2,0,177
0.15447,0.16789,-0.0065185,0.00047122,-2,0,177
0.28197,0.29539,-0.0065185,0.00047122,-2,1,177
2.1545,0.081061,-0.0065185,0.00047122,-2,1,177
3.5545,1.7127,-0.0065185,0.00047122,-2,0,177
-3.013,-1.5355,-4.0065,0.00047122,1,1,177
2.727,2.7404,-0.0065185,0.00047122,-2,0,177
1.6186,1.632,-0.0065185,0.00047122,-2,0,177
4.5265,2.9964,-0.0065185,0.00047122,-2,0,177
2.4482,2.4616,-0.0065185,0.00047122,-2,0,177
-2.0727,-2.5996,-4.0065,0.00047122,1,0,177
2.4495,2.795,-0.0065185,0.00047122,-2,1,177
0.77622,-2.9201,-0.0065185,0.00047122,-2,1,177
1.3045,3.1969,-0.0065185,0.00047122,-2,0,177
-1.1005,-3.1462,-3.0065,0.00047122,1,1,177
1.7762,3.0899,-0.0065185,0.00047122,-2,0,177
-2.9515,-2.9758,-0.0065185,0.00047122,-2,1,177
3.1171,3.1305,-0.0065185,0.00047122,-2,0,177
1.2502,1.2636,-0.0065185,0.00047122,-2,1,177
5.7045,5.7179,-0.0065185,0.00047122,-2,1,177
-4.4405,-1.6587,-0.0065185,0.00047122,-2,0,177
3.7827,4.3427,-4.0065,0.00047122,1,1,177
-2.0395,2.3739,-0.0065185,0.00047122,-2,0,177
1.8919,2.1502,-0.0065185,0.00047122,-2,1,177
-2.2412,-2.2278,-0.0065185,0.00047122,-2,1,177
-0.63668,-1.3458,-0.0065185,0.00047122,-2,1,177
-0.99553,0.80539,-0.0065185,0.00047122,-2,0,177
1.0045,0.34588,-0.0065185,0.00047122,-2,1,177
-3.9955,-3.9821,-0.0065185,0.00047122,-2,1,177
1.4045,3.0407,-0.0065185,0.00047122,-2,0,177
-1.8855,0.40376,-0.0065185,0.00047122,-2,0,177
-0.14553,-0.99361,-0.0065185,0.00047122,-2,0,177
3.282,3.2954,-0.0065185,0.00047122,-2,1,177
2.3903,2.4038,-0.0065185,0.00047122,-2,0,177
-1.5455,0.40376,-0.0065185,0.00047122,-2,1,177
-1.313,0.25018,2.9935,0.00047122,1,1,177
-3.8379,-3.8245,-0.0065185,0.00047122,-2,1,177
-3.5615,-3.5481,-0.0065185,0.00047122,-2,1,177
4.3356,-0.49337,-0.0065185,0.00047122,-2,1,177
-7.5455,-7.5321,-0.0065185,0.00047122,-2,0,177
0.85447,-1.368,-0.0065185,-1.9995,-1,0,179
4.0045,4.0179,-0.0065185,0.00047122,-2,0,179
-3.3955,-2.9384,-0.0065185,0.00047122,-2,0,179
-2.9955,0.91704,-0.0065185,0.00047122,-2,0,179
2.0045,2.5679,-0.0065185,0.00047122,-2,1,179
-0.99553,-1.6821,-0.0065185,0.00047122,-2,0,179
-0.99553,-0.75049,-0.0065185,0.00047122,-2,0,179
3.0045,0.74039,-0.0065185,0.00047122,-2,1,179
-1.9955,-2.3648,-0.0065185,0.00047122,-2,0,179
2.0045,1.7179,-0.0065185,0.00047122,-2,1,179
-0.99553,-1.5612,-0.0065185,0.00047122,-2,0,179
0.0044729,0.12066,-0.0065185,0.00047122,-2,1,179
0.0044729,0.017889,-3.0065,0.00047122,1,1,179
2.0045,2.632,-0.0065185,0.00047122,-2,1,179
1.3045,0.85039,-0.0065185,0.00047122,-2,0,179
-1.5505,-1.5371,-0.0065185,0.00047122,-2,0,179
-2.5455,-2.5321,-0.0065185,0.00047122,-2,0,179
0.17197,-1.9821,-0.0065185,0.00047122,-2,0,179
-0.1379,-0.12449,4.9935,0.00047122,1,1,179
-5.4405,-5.1938,-0.0065185,0.00047122,-2,0,179
-5.2238,-5.2104,-0.0065185,0.00047122,-2,0,179
-3.0395,-3.0261,-0.0065185,0.00047122,-2,0,179
-0.88294,-3.0292,-0.0065185,0.00047122,-2,1,179
0.75877,2.8602,-5.0065,0.00047122,1,0,179
2.0045,3.7927,-0.0065185,0.00047122,-2,1,179
-1.2955,-1.2821,-0.0065185,0.00047122,-2,0,179
-0.44553,-2.9821,-0.0065185,0.00047122,-2,0,179
0.55447,0.40039,-0.0065185,0.00047122,-2,0,179
-1.2955,4.0788,-0.0065185,0.00047122,-2,1,179
-1.5505,-1.0871,-0.0065185,0.00047122,-2,0,179
1.3262,0.85427,-2.0065,0.00047122,1,1,179
-1.163,-1.1496,-0.0065185,0.00047122,-2,0,179
-0.15315,-0.41609,-0.0065185,0.00047122,-2,0,179
-3.6955,-3.6821,-0.0065185,0.00047122,-2,0,179
-1.4405,-1.4271,-0.0065185,0.00047122,-2,0,179
-3.2238,-3.2104,-0.0065185,0.00047122,-2,1,179
2.3045,2.3179,-0.0065185,0.00047122,-2,1,179
2.5595,2.5729,-0.0065185,0.00047122,-2,1,179
-1.7673,-0.13198,-0.0065185,0.00047122,-2,0,179
-1.5015,-3.1227,3.9935,0.00047122,1,0,179
-1.1081,2.9159,-0.0065185,0.00047122,-2,0,179
-0.24123,-0.22781,-0.0065185,0.00047122,-2,1,179
-4.1455,-3.5371,-0.0065185,0.00047122,-2,0,179
3.532,-1.5187,-2.0065,0.00047122,1,1,179
1.3903,-2.2962,-0.0065185,0.00047122,-2,1,179
-2.4735,-2.0947,-0.0065185,0.00047122,-2,0,179
-2.1018,-2.2278,-0.0065185,-2.9995,-1,0,179
-0.61838,-0.34096,-0.0065185,0.00047122,-2,0,179
-0.67495,-0.43713,-0.0065185,0.00047122,-2,0,179
0.58198,0.63281,2.9935,0.00047122,1,1,179
-2.7639,-2.1384,-0.0065185,0.00047122,-2,0,179
-1.1924,-1.179,-0.0065185,0.00047122,-2,0,179
-5.8455,-2.8146,-0.0065185,0.00047122,-2,0,179
-1.718,-1.7046,-0.0065185,0.00047122,-2,0,179
-5.6097,-3.4161,-0.0065185,0.00047122,-2,0,179
-1.5175,0.349,-0.0065185,0.00047122,-2,0,179
-1.4392,1.0008,-0.0065185,0.00047122,-2,0,179
-5.3727,0.12962,-0.0065185,0.00047122,-2,0,179
3.3251,4.5885,-0.0065185,0.00047122,-2,1,179
-2.268,-1.8373,-0.0065185,0.00047122,-2,0,179
4.2361,1.9495,-0.0065185,0.00047122,-2,1,179
3.6013,4.2148,-0.0065185,4.0005,-1,0,179
-2.8855,-2.9554,-0.0065185,0.00047122,-2,0,179
-2.452,-2.4386,2.9935,0.00047122,1,0,179
-2.9955,-2.9821,-0.0065185,0.00047122,-2,0,179
3.0045,-2.1496,-0.0065185,0.00047122,-2,1,179
0.0044729,0.24064,-0.0065185,0.00047122,-2,0,179
2.0045,-1.9603,-0.0065185,0.00047122,-2,0,179
-0.99553,-0.82117,-0.0065185,0.00047122,-2,0,179
-0.84553,1.5997,-3.0065,0.00047122,1,0,179
-1.9955,-2.4158,-0.0065185,0.00047122,-2,0,179
1.0045,1.7179,-0.0065185,0.00047122,-2,1,179
0.0044729,0.017889,-0.0065185,0.00047122,-2,1,179
1.0045,1.0179,-0.0065185,0.00047122,-2,1,179
-0.84553,-0.53554,-5.0065,0.00047122,1,0,179
3.0045,3.0695,-0.0065185,0.00047122,-2,1,179
-0.44553,-0.43211,-0.0065185,0.00047122,-2,0,179
1.4545,-5.6027,-0.0065185,0.00047122,-2,1,179
3.4045,-2.5921,-0.0065185,0.00047122,-2,1,179
1.8945,1.9079,-0.0065185,0.00047122,-2,0,179
1.611,-2.7179,-3.0065,0.00047122,1,0,179
-1.718,-2.5321,-0.0065185,0.00047122,-2,0,179
0.6186,0.86789,-0.0065185,0.00047122,-2,1,179
2.4825,0.017889,-0.0065185,0.00047122,-2,0,179
-2.5518,-2.5321,-0.0065185,0.00047122,-2,1,179
-2.1684,3.0179,-0.0065185,3.0005,-1,0,179
-1.828,-1.8146,-0.0065185,0.00047122,-2,0,179
-1.5532,-2.4221,3.9935,0.00047122,1,0,179
-1.8855,0.52789,-0.0065185,0.00047122,-2,1,179
-1.1455,2.711,-0.0065185,0.00047122,-2,0,179
0.30447,0.31789,-0.0065185,0.00047122,-2,1,179
-1.2955,1.5756,-0.0065185,0.00047122,-2,0,179
-1.1005,0.41899,1.9935,0.00047122,1,0,179
-4.163,-2.0849,-0.0065185,0.00047122,-2,0,179
-4.8379,-3.0695,-0.0065185,0.00047122,-2,0,179
5.5705,5.5839,-0.0065185,0.00047122,-2,1,179
-4.7266,-0.26921,-5.0065,0.00047122,1,0,179
2.1359,5.3993,-0.0065185,0.00047122,-2,1,179
-1.9573,-1.7938,-0.0065185,0.00047122,-2,0,179
-4.813,-4.0209,-0.0065185,0.00047122,-2,0,179
-5.6904,-0.73756,-0.0065185,0.00047122,-2,0,179
5.5951,5.6085,-0.0065185,0.00047122,-2,1,179
-3.4976,-4.0966,-0.0065185,0.00047122,-2,0,179
2.9812,2.9946,-4.0065,0.00047122,1,1,179
-3.3582,-2.9993,-0.0065185,0.00047122,-2,0,179
-5.3038,2.8933,-0.0065185,0.00047122,-2,0,179
-2.2576,-4.2445,-0.0065185,0.00047122,-2,0,179
-5.2183,-1.6927,-0.0065185,0.00047122,-2,0,179
-3.1849,-3.1715,-0.0065185,0.00047122,-2,0,179
2.7154,3.7913,3.9935,0.00047122,1,1,179
-3.1323,-3.3886,-0.0065185,0.00047122,-2,0,179
-3.1118,-2.9876,-0.0065185,0.00047122,-2,0,179
2.1033,2.2842,-0.0065185,0.00047122,-2,0,179
-0.69553,-1.6861,-0.0065185,0.00047122,-2,1,179
0.59947,0.73391,2.9935,0.00047122,1,0,179
1.7762,1.7896,-0.0065185,0.00047122,-2,1,179
1.9605,1.9739,-0.0065185,0.00047122,-2,1,179
2.1171,2.1305,-0.0065185,0.00047122,-2,1,179
4.2502,4.2636,-0.0065185,0.00047122,-2,1,179
-2.3544,-2.2873,-0.0065185,0.00047122,-2,0,179
1.4595,1.4729,-0.0065185,0.00047122,-2,1,179
1.5412,1.5547,-0.0065185,0.00047122,-2,0,179
1.3107,-1.2263,-3.0065,0.00047122,1,0,179
-1.5505,-1.0871,-0.0065185,0.00047122,-2,0,179
1.2327,-3.1227,-0.0065185,0.00047122,-2,1,179
4.0045,1.0619,-0.0065185,0.00047122,-2,1,179
3.4045,1.5755,4.9935,0.00047122,1,1,179
3.0045,4.2679,-0.0065185,0.00047122,-2,0,179
-1.4455,1.2368,-0.0065185,0.00047122,-2,0,179
-2.828,-0.31149,-0.0065185,0.00047122,-2,0,179
2.4121,1.6579,-4.0065,0.00047122,1,0,179
-0.60803,-2.0286,-0.0065185,0.00047122,-2,1,179
-1.0662,4.9079,-0.0065185,0.00047122,-2,1,179
2.6145,0.46042,-0.0065185,0.00047122,-2,1,179
2.0045,0.17551,-0.0065185,0.00047122,-2,0,179
5.7045,5.7179,-0.0065185,0.00047122,-2,1,179
-5.3955,-1.8735,-0.0065185,0.00047122,-2,1,179
-2.6955,0.3002,-0.0065185,0.00047122,-2,0,179
-2.2905,-1.4271,1.9935,0.00047122,1,0,179
4.727,4.7404,-0.0065185,0.00047122,-2,1,179
3.6186,3.632,-0.0065185,0.00047122,-2,1,179
-1.5175,1.2461,-0.0065185,0.00047122,-2,1,179
-1.8455,-1.8321,-0.0065185,0.00047122,-2,0,179
-1.568,0.055299,1.9935,0.00047122,1,0,179
2.727,-1.3615,-0.0065185,0.00047122,-2,1,179
3.6186,3.2904,-0.0065185,0.00047122,-2,1,179
-4.5175,-1.9491,-0.0065185,0.00047122,-2,0,179
-3.8392,-3.8258,-4.0065,0.00047122,1,0,179
3.3816,3.1852,-0.0065185,0.00047122,-2,1,179
-4.3161,-4.3027,-0.0065185,0.00047122,-2,0,179
-2.268,-2.5595,-0.0065185,0.00047122,-2,0,179
-2.2271,-1.9137,-0.0065185,0.00047122,-2,0,179
1.2013,1.1052,-0.0065185,0.00047122,-2,0,179
-2.8455,-3.4271,-0.0065185,0.00047122,-2,0,179
-2.418,-0.84685,3.9935,0.00047122,1,1,179
-1.6097,1.9729,-0.0065185,0.00047122,-2,1,179
1.3765,4.5399,-0.0065185,4.0005,-1,1,179
-3.718,-3.7046,-0.0065185,0.00047122,-2,0,179
4.6186,6.9079,-0.0065185,0.00047122,-2,1,179
-4.5175,-0.66379,-0.0065185,0.00047122,-2,0,179
5.4482,5.5059,-0.0065185,0.00047122,-2,1,179
-2.3727,-2.3593,-0.0065185,0.00047122,-2,0,179
-3.3161,-3.9152,-0.0065185,0.00047122,-2,1,179
-0.54553,-4.335,-0.0065185,0.00047122,-2,1,179
0.83697,0.40786,-0.0065185,0.00047122,-2,1,179
-0.70315,5.8603,-0.0065185,4.0005,-1,0,179
2.4385,2.1321,-0.0065185,0.00047122,-2,1,179
-0.32664,-0.26921,-0.0065185,0.00047122,-2,0,179
1.1545,1.1679,-0.0065185,0.00047122,-2,0,179
1.3045,1.8598,-0.0065185,0.00047122,-2,0,179
1.1095,-0.78596,1.9935,0.00047122,1,1,179
3.7762,3.7896,-0.0065185,0.00047122,-2,1,179
2.0485,-0.78047,-0.0065185,0.00047122,-2,1,179
-2.8455,2.8122,-0.0065185,0.00047122,-2,1,179
-0.69553,0.3394,-0.0065185,0.00047122,-2,1,179
-3.123,0.29038,-0.0065185,0.00047122,-1,0,180
2.7729,1.6286,-0.0065185,0.00047122,-2,1,180
-4.7987,-4.8148,-0.0065185,0.00047122,-2,0,180
-3.8282,-2.0074,-0.0065185,0.00047122,-2,0,180
-2.8533,-2.8399,-0.0065185,0.00047122,-2,0,180
-3.8746,-2.7693,-0.0065185,0.00047122,-2,0,180
3.9017,3.9151,-0.0065185,0.00047122,-2,1,180
-3.9082,-2.7848,-0.0065185,0.00047122,-2,0,180
-3.9213,-3.319,-0.0065185,0.00047122,-2,0,180
3.9414,3.9548,-0.0065185,0.00047122,-2,1,180
-3.9419,-3.9365,-0.0065185,0.00047122,-2,0,180
3.9589,3.9723,-0.0065185,0.00047122,-2,1,180
-3.3568,-2.0372,-5.0065,0.00047122,1,0,180
-4.9626,-4.2041,-0.0065185,0.00047122,-2,0,180
-0.023531,-0.010115,-0.0065185,0.00047122,-2,0,180
3.0045,3.0179,-0.0065185,0.00047122,-2,1,180
-5.5455,-3.0355,-0.0065185,0.00047122,-2,0,180
-7.163,-7.1496,-0.0065185,0.00047122,-2,0,180
6.0968,4.0278,-4.0065,0.00047122,1,1,180
6.5705,6.5839,-0.0065185,0.00047122,-2,1,180
-5.3266,1.5768,-0.0065185,0.00047122,-2,0,180
2.1359,4.5493,-0.0065185,0.00047122,-2,1,180
-2.9573,-1.7938,-0.0065185,0.00047122,-2,0,180
-2.513,-1.6766,3.9935,0.00047122,1,0,180
1.3096,2.0226,-0.0065185,0.00047122,-2,1,180
1.7045,1.7179,-0.0065185,0.00047122,-2,1,180
3.4495,3.4629,-0.0065185,0.00047122,-2,1,180
-3.2238,-0.78364,-0.0065185,0.00047122,-2,0,180
-5.0395,-5.0261,-0.0065185,0.00047122,-2,0,180
5.8919,6.5265,-0.0065185,0.00047122,-2,1,180
5.0088,2.5284,-4.0065,0.00047122,1,0,180
7.617,5.0619,-0.0065185,0.00047122,-2,1,180
7.4045,4.5629,-0.0065185,0.00047122,-2,1,180
7.8945,7.9079,-0.0065185,0.00047122,-2,1,180
-6.452,1.7122,-0.0065185,0.00047122,-2,0,180
6.0925,6.1059,-0.0065185,0.00047122,-2,1,180
-6.7703,-5.2666,-0.0065185,0.00047122,-2,0,180
6.5131,6.5265,-0.0065185,0.00047122,-2,1,180
-2.2778,-1.1877,-0.0065185,0.00047122,-2,0,180
1.9444,2.8827,-4.0065,0.00047122,1,1,180
2.9309,2.1664,-0.0065185,0.00047122,-2,1,180
-3.783,2.7817,-0.0065185,0.00047122,-2,0,180
-5.6649,-5.0894,-0.0065185,0.00047122,-2,0,180
4.8234,2.7544,4.9935,0.00047122,1,1,180
-5.4791,-4.3096,-0.0065185,0.00047122,-2,0,180
-3.4066,-3.048,-0.0065185,0.00047122,-2,0,180
4.3539,4.3673,-0.0065185,0.00047122,-2,1,180
-3.2925,-3.0297,-0.0065185,0.00047122,-2,0,180
3.2569,2.6684,-0.0065185,0.00047122,-2,1,180
2.7691,2.7825,4.9935,0.00047122,1,1,180
4.1869,4.2003,-0.0065185,0.00047122,-2,1,180
-1.1506,-1.007,-0.0065185,0.00047122,-2,0,180
0.98626,4.1497,-0.0065185,4.0005,-1,1,180
0.11649,2.7399,-0.0065185,0.00047122,-2,0,180
-1.9955,0.23642,-0.0065185,0.00047122,-2,0,180
-4.9955,1.9166,-0.0065185,0.00047122,-2,0,180
-4.2455,-2.6292,-5.0065,0.00047122,1,0,180
4.0045,4.2679,-0.0065185,0.00047122,-2,1,180
-2.9955,-2.224,-0.0065185,0.00047122,-2,0,180
-2.9955,-1.5477,-0.0065185,0.00047122,-2,0,180
-1.9955,-1.1454,-0.0065185,0.00047122,-2,0,180
1.7045,3.0179,-0.0065185,3.0005,-1,1,180
0.0044729,-1.22,-0.0065185,0.00047122,-2,1,180
0.0044729,-1.5481,3.9935,0.00047122,1,1,180
-2.9955,-2.9821,-0.0065185,0.00047122,-2,0,180
2.0045,0.88644,-0.0065185,0.00047122,-2,1,180
1.0045,2.4744,-0.0065185,0.00047122,-2,1,180
0.0044729,-0.79958,-0.0065185,0.00047122,-2,0,180
-0.99553,-0.70461,-0.0065185,0.00047122,-2,1,180
0.85447,0.86789,3.9935,0.00047122,1,1,180
4.727,1.2624,-0.0065185,0.00047122,-2,1,180
5.6186,6.3079,-0.0065185,0.00047122,-2,1,180
-2.5175,-6.6886,-0.0065185,0.00047122,-2,0,180
-1.4392,-3.0701,-0.0065185,0.00047122,-2,0,180
1.2316,1.84,-2.0065,0.00047122,1,0,180
1.282,0.20929,-0.0065185,0.00047122,-2,1,180
1.0903,3.4629,-0.0065185,2.0005,-1,1,180
4.4825,6.2461,-0.0065185,0.00047122,-2,1,180
-4.5518,-2.2544,-0.0065185,0.00047122,-2,0,180
2.6273,5.1553,-0.0065185,0.00047122,-2,1,180
-2.2249,-1.9871,2.9935,0.00047122,1,0,180
-0.72304,3.0311,-0.0065185,0.00047122,-2,0,180
-1.7639,-0.43836,-0.0065185,0.00047122,-2,0,180
-1.4987,0.55465,-0.0065185,1.0005,-1,0,180
-1.8282,-1.1426,-0.0065185,0.00047122,-2,0,180
-1.8533,-2.0168,-0.0065185,0.00047122,-2,0,180
-2.8746,-3.2666,-0.0065185,0.00047122,-2,0,180
2.4517,1.7047,-2.0065,0.00047122,1,1,180
-0.90817,-0.83361,-0.0065185,0.00047122,-2,0,180
-0.92128,-0.85588,-0.0065185,0.00047122,-2,0,180
4.0676,4.1252,-0.0065185,0.00047122,-2,1,180
5.4045,0.93567,-0.0065185,0.00047122,-2,1,180
4.5945,4.6079,3.9935,0.00047122,1,1,180
-3.452,-5.8386,-0.0065185,0.00047122,-2,0,180
-7.0836,-7.0701,-0.0065185,0.00047122,-2,0,180
-3.7703,-3.7569,-0.0065185,0.00047122,-2,0,180
3.2131,2.1406,-4.0065,0.00047122,1,1,180
1.2868,1.3002,-0.0065185,0.00047122,-2,1,180
1.0944,0.35258,-0.0065185,0.00047122,-1,1,180
1.9309,-2.1541,-0.0065185,0.00047122,-2,1,180
3.792,1.1097,-0.0065185,0.00047122,-2,1,180
-3.6649,-3.2015,-0.0065185,0.00047122,-2,0,180
3.5734,3.1926,-0.0065185,0.00047122,-2,1,180
3.0381,2.669,-3.0065,0.00047122,1,0,180
1.172,-2.4059,-0.0065185,0.00047122,-2,0,180
-1.1532,-1.4161,-0.0065185,0.00047122,-2,0,180
1.5705,-1.8245,-0.0065185,0.00047122,-2,0,180
1.3356,0.53521,-0.0065185,0.00047122,-2,0,180
2.1359,1.9796,-0.0065185,0.00047122,-2,0,180
1.8162,0.83536,3.9935,0.00047122,1,1,180
-3.718,-2.4204,-0.0065185,0.00047122,-2,0,180
3.6186,3.0179,-0.0065185,0.00047122,-2,1,180
1.5265,2.1854,-0.0065185,0.00047122,-2,1,180
3.4482,0.86789,-0.0065185,0.00047122,-2,1,180
2.9316,4.3427,-3.0065,0.00047122,1,1,180
0.32505,1.5265,-0.0065185,0.00047122,-2,0,180
0.0044729,0.017889,-0.0065185,0.00047122,-2,1,180
4.0045,1.8603,-0.0065185,0.00047122,-2,0,180
3.0045,3.0179,-0.0065185,0.00047122,-2,1,180
-0.54553,-2.5321,-0.0065185,0.00047122,-2,0,180
0.83697,-0.73861,-0.0065185,0.00047122,-2,1,180
4.5545,3.4629,-0.0065185,0.00047122,-2,1,180
-3.863,0.35566,-5.0065,0.00047122,1,0,180
1.8468,5.3119,-0.0065185,0.00047122,-2,1,180
-1.4295,-1.4161,-0.0065185,0.00047122,-2,0,180
5.5545,-0.73641,-0.0065185,0.00047122,-2,1,180
-4.713,-4.6996,2.9935,0.00047122,1,0,180
-4.8379,0.72551,-0.0065185,0.00047122,-2,0,180
-2.5615,-4.0981,-0.0065185,0.00047122,-2,0,180
-2.3266,-0.98211,-0.0065185,0.00047122,-2,0,180
-1.977,-1.8361,1.9935,0.00047122,1,0,180
2.9662,2.0179,-0.0065185,0.00047122,-2,1,180
-1.813,1.4629,-0.0065185,0.00047122,-2,0,180
-3.6904,-3.677,-0.0065185,0.00047122,-2,0,180
-3.1362,-1.2952,0.99348,0.00047122,1,0,180
2.674,-0.98211,-0.0065185,-0.99953,-1,1,180
-0.42225,0.74039,-0.0065185,0.00047122,-2,0,180
-2.3582,-0.34483,-0.0065185,0.00047122,-2,0,180
-2.0038,-1.6821,-5.0065,0.00047122,1,0,180
3.2665,4.2679,-0.0065185,0.00047122,-2,1,180
-0.21828,-2.5321,-0.0065185,0.00047122,-2,0,180
-1.1849,-0.17145,-0.0065185,0.00047122,-2,0,180
4.1654,4.0179,-0.0065185,0.00047122,-2,1,180
-3.5323,-0.84141,2.9935,0.00047122,1,0,180
-3.1118,2.4516,-0.0065185,0.00047122,-2,0,180
-3.0944,-3.0809,-0.0065185,0.00047122,-2,0,180
-1.0795,-1.0661,-0.0065185,0.00047122,-2,0,180
-0.91694,-1.8959,3.9935,0.00047122,1,0,180
-1.0562,3.3572,-0.0065185,0.00047122,-2,0,180
1.0561,1.0179,-0.0065185,0.00047122,-2,1,180
1.0483,1.0179,-0.0065185,0.00047122,-2,1,180
2.0417,2.0179,-0.0065185,0.00047122,-2,1,180
0.97279,0.9862,-0.0065185,0.00047122,-2,1,180
0.85447,0.86789,-0.0065185,0.00047122,-2,1,180
-0.71803,-0.70461,-4.0065,0.00047122,1,0,180
-0.60965,-0.59624,-0.0065185,0.00047122,-2,0,180
-0.51753,-0.50412,-0.0065185,0.00047122,-2,0,180
1.5608,1.5742,-0.0065185,0.00047122,-2,1,180
-3.6955,-1.879,-0.0065185,0.00047122,-2,0,180
-5.4405,-2.2073,-0.0065185,0.00047122,-2,0,180
5.2327,2.6911,-0.0065185,0.00047122,-2,1,180
5.0485,5.0619,-0.0065185,0.00047122,-2,1,180
-4.8829,-1.7821,-0.0065185,0.00047122,-2,0,180
-4.7498,-2.4556,-0.0065185,0.00047122,-2,0,180
-4.0367,-4.0233,0.99348,0.00047122,1,0,180
-5.5405,-5.5271,-0.0065185,0.00047122,-2,0,180
2.4677,-0.24138,-0.0065185,0.00047122,-2,1,180
-2.3893,-1.4985,-0.0065185,0.00047122,-2,0,180
-3.3302,-2.571,-0.0065185,0.00047122,-2,0,180
-2.83,-1.4948,3.9935,0.00047122,1,0,180
-3.2373,-2.6851,-0.0065185,0.00047122,-2,0,180
-3.2011,3.1603,-0.0065185,0.00047122,-2,0,180
-4.1702,-2.3175,-0.0065185,0.00047122,-2,0,180
-4.144,-3.1997,-0.0065185,0.00047122,-2,1,180
-6.3955,-3.5083,-0.0065185,0.00047122,-2,0,180
-0.1924,-2.729,-0.0065185,0.00047122,-2,0,181
-1.8282,-2.0564,-0.0065185,0.00047122,-2,0,181
1.3045,3.0179,-0.0065185,0.00047122,-2,1,181
0.55447,0.56789,-0.0065185,0.00047122,-2,0,181
1.3045,-1.5793,-0.0065185,0.00047122,-2,1,181
-1.5455,0.97455,-0.0065185,0.00047122,-2,1,181
1.1545,1.298,-0.0065185,0.00047122,-2,1,181
3.7045,3.8603,-0.0065185,0.00047122,-2,1,181
3.4495,3.5839,-0.0065185,0.00047122,-2,1,181
-1.2238,-1.2104,-0.0065185,0.00047122,-2,1,181
2.0045,1.5742,-0.0065185,0.00047122,-2,1,181
-1.6955,-1.6821,-5.0065,0.00047122,1,0,181
0.55947,0.57289,-0.0065185,0.00047122,-2,1,181
1.3045,6.6304,-0.0065185,0.00047122,-2,1,181
0.45447,-1.0871,-0.0065185,0.00047122,-2,1,181
-0.54553,-2.0301,-0.0065185,0.00047122,-2,0,181
-0.82803,-0.6381,-0.0065185,0.00047122,-2,0,181
0.7121,0.72551,2.9935,0.00047122,1,1,181
4.172,4.1854,-0.0065185,0.00047122,-2,1,181
2.8468,4.0278,-0.0065185,0.00047122,-2,1,181
5.5705,5.5839,-0.0065185,0.00047122,-2,1,181
-5.3266,-4.7364,-0.0065185,0.00047122,-2,0,181
4.5359,1.2732,4.9935,0.00047122,1,0,181
-1.8855,-3.2321,-0.0065185,0.00047122,-2,1,181
-1.602,-0.59461,-0.0065185,3.0005,-1,1,181
-2.9075,3.7834,-0.0065185,0.00047122,-2,0,181
-2.2207,-1.3721,-0.0065185,0.00047122,-2,0,181
-2.4869,-1.7636,-0.0065185,0.00047122,-2,0,181
-2.7132,-2.8211,-0.0065185,0.00047122,-2,0,181
-2.3056,-1.7792,-4.0065,0.00047122,1,1,181
-0.88553,-0.87211,-0.0065185,0.00047122,-2,1,181
1.548,-2.2964,-0.0065185,0.00047122,-2,1,181
2.9164,1.3299,-0.0065185,0.00047122,-2,1,181
0.22965,2.4931,-0.0065185,0.00047122,-2,1,181
2.4959,0.20929,-0.0065185,0.00047122,-2,1,181
0.72216,0.73558,-0.0065185,0.00047122,-2,1,181
-2.9056,-2.6998,-0.0065185,0.00047122,-2,0,181
3.078,1.5479,-0.0065185,0.00047122,-2,1,181
-2.608,-2.4556,3.9935,0.00047122,1,1,181
6.8945,0.61789,-0.0065185,0.00047122,-2,1,181
5.4045,1.4489,-0.0065185,0.00047122,-2,1,181
1.8945,-1.4657,-0.0065185,0.00047122,-2,0,181
1.611,1.6244,2.9935,0.00047122,1,0,181
-1.718,-1.7046,-0.0065185,0.00047122,-2,0,181
0.6186,-1.2644,-0.0065185,0.00047122,-2,1,181
3.5265,1.9279,-0.0065185,0.00047122,-2,1,181
-1.4392,1.1402,-0.0065185,0.00047122,-2,0,181
1.6273,-1.2093,-0.0065185,0.00047122,-2,1,181
1.3839,2.3873,2.9935,0.00047122,1,0,181
-0.26802,0.58686,-0.0065185,0.00047122,-2,1,181
1.0045,2.1854,-0.0065185,0.00047122,-2,1,181
1.0045,0.86789,-0.0065185,0.00047122,-2,1,181
-2.9955,0.86789,-0.0065185,0.00047122,-2,0,181
-3.5455,-3.5321,-0.0065185,0.00047122,-2,0,181
7.172,2.4579,-0.0065185,0.00047122,-2,1,181
-6.0879,-6.0745,2.9935,0.00047122,1,0,181
-4.5615,3.0116,-0.0065185,0.00047122,-2,0,181
4.3356,4.349,-0.0065185,0.00047122,-2,1,181
-4.127,-3.2811,-0.0065185,0.00047122,-2,0,181
4.9662,3.5296,-0.0065185,0.00047122,-2,1,181
3.8219,3.8354,-0.0065185,0.00047122,-2,1,181
0.69932,0.71274,-0.0065185,0.00047122,-2,1,181
-0.58615,-2.2713,-5.0065,0.00047122,1,0,181
-0.49756,-0.48414,-0.0065185,0.00047122,-2,0,181
0.57775,0.59116,-0.0065185,0.00047122,-2,1,181
3.8545,3.8679,-0.0065185,0.00047122,-2,1,181
-5.718,-2.3721,-0.0065185,0.00047122,-2,0,181
3.6186,-2.1264,-0.0065185,0.00047122,-2,1,181
3.0765,3.0899,4.9935,0.00047122,1,1,181
-4.4392,-2.3792,-0.0065185,0.00047122,-2,0,181
4.3816,2.2679,-0.0065185,0.00047122,-2,1,181
5.3251,5.3385,-0.0065185,0.00047122,-2,1,181
-3.268,-1.8877,-0.0065185,0.00047122,-2,0,181
2.7861,2.7995,3.9935,0.00047122,1,1,181
5.2013,3.6148,-0.0065185,0.00047122,-2,1,181
4.1718,4.4352,-0.0065185,0.00047122,-2,1,181
4.1467,3.5601,-0.0065185,0.00047122,-2,1,181
5.1254,5.1388,-0.0065185,0.00047122,-2,1,181
2.1072,2.5366,-0.0065185,0.00047122,-2,1,181
-1.7829,-1.3665,-5.0065,0.00047122,1,0,181
-0.92128,4.3421,-0.0065185,0.00047122,-2,0,181
0.15447,0.16789,-0.0065185,0.00047122,-2,1,181
-3.8455,-2.7883,-0.0065185,0.00047122,-2,0,181
-0.27303,2.4632,-0.0065185,0.00047122,-2,0,181
1.1545,2.8505,-0.0065185,0.00047122,-2,1,181
-1.2955,-1.2821,-0.0065185,0.00047122,-2,0,181
-1.1005,-0.15253,-5.0065,0.00047122,1,1,181
0.23272,-0.60496,-0.0065185,0.00047122,-2,0,181
-2.8455,-2.8321,-0.0065185,0.00047122,-2,0,181
-4.718,-5.5481,-0.0065185,0.00047122,-2,0,181
-4.6097,-5.3132,-0.0065185,0.00047122,-2,0,181
3.9265,2.7584,4.9935,0.00047122,1,1,181
-3.4392,-3.9438,-0.0065185,0.00047122,-2,0,181
-5.3727,-3.9718,-0.0065185,0.00047122,-2,0,181
2.3251,4.5885,-0.0065185,0.00047122,-2,1,181
-1.968,-2.2727,-5.0065,0.00047122,1,0,181
-3.2271,-4.7341,-0.0065185,0.00047122,-2,0,181
-3.1924,-3.4088,-0.0065185,0.00047122,-2,0,181
-1.1629,-2.317,-0.0065185,0.00047122,-2,0,181
3.1467,1.0101,-0.0065185,0.00047122,-2,1,181
4.1254,4.1388,-0.0065185,0.00047122,-2,1,181
3.5072,1.1207,-0.0065185,1.0005,-1,1,181
-2.9729,-2.0138,3.9935,0.00047122,1,0,181
-0.069778,-0.14305,-0.0065185,0.00047122,-2,0,181
3.9414,2.7711,-0.0065185,0.00047122,-2,1,181
3.3508,0.41789,-0.0065185,-2.9995,-1,1,181
0.89447,2.8623,-0.0065185,0.00047122,-2,0,181
1.7045,-1.7182,-0.0065185,0.00047122,-2,1,181
-1.4405,-0.015057,3.9935,0.00047122,1,1,181
2.0045,-1.3821,-0.0065185,0.00047122,-2,1,181
1.7045,2.7179,-0.0065185,1.0005,-1,1,181
4.4495,4.4629,-0.0065185,0.00047122,-2,1,181
-5.2238,-1.2104,-0.0065185,0.00047122,-2,0,181
4.4485,4.4619,4.9935,0.00047122,1,1,181
3.8919,3.9053,-0.0065185,0.00047122,-2,1,181
-3.7498,-3.4453,-0.0065185,0.00047122,-2,0,181
-5.6367,-5.3759,-0.0065185,0.00047122,-2,0,181
-2.5405,-3.1371,-0.0065185,0.00047122,-2,0,181
-0.53229,2.1811,-0.0065185,0.00047122,-2,0,181
1.8545,-1.6689,-0.0065185,0.00047122,-2,1,181
1.577,2.7896,-0.0065185,4.0005,-1,1,181
-1.3322,0.3394,-4.0065,0.00047122,1,0,181
-1.4735,3.9399,-0.0065185,0.00047122,-2,0,181
-2.6955,1.9079,-0.0065185,0.00047122,-2,0,181
-1.4405,1.8332,-0.0065185,0.00047122,-2,0,181
-1.2238,-1.2104,1.9935,0.00047122,1,0,181
2.9605,3.4927,-0.0065185,0.00047122,-2,1,181
4.4045,2.4629,-0.0065185,0.00047122,-2,1,181
3.8945,2.1536,-0.0065185,0.00047122,-2,1,181
3.311,1.9119,4.9935,0.00047122,1,1,181
-3.0836,-5.1195,-0.0065185,0.00047122,-2,0,181
2.7793,1.6222,-0.0065185,0.00047122,-2,1,181
3.5131,2.3765,-0.0065185,0.00047122,-2,1,181
3.2868,3.3002,-0.0065185,0.00047122,-2,1,181
4.0944,4.1079,-0.0065185,0.00047122,-2,1,181
-0.069059,1.6399,-0.0065185,0.00047122,-2,0,181
-0.84553,-0.044614,-0.0065185,0.00047122,-2,0,181
0.72697,0.74039,4.9935,0.00047122,1,1,181
0.39035,-3.4778,-0.0065185,0.00047122,-2,1,181
-0.32352,-0.31011,-1.0065,0.00047122,1,0,181
4.727,0.94726,-0.0065185,0.00047122,-2,1,181
5.6186,2.4079,-0.0065185,0.00047122,-2,1,181
4.7765,1.154,-4.0065,0.00047122,1,1,181
1.4482,-0.86786,-0.0065185,0.00047122,-2,1,181
2.3816,2.395,-0.0065185,0.00047122,-2,1,181
2.3251,2.3385,-0.0065185,0.00047122,-2,1,181
-1.968,1.8334,3.9935,0.00047122,1,0,181
-4.2271,-4.2137,-0.0065185,0.00047122,-2,0,181
3.2013,-3.7088,-0.0065185,0.00047122,-2,1,181
-2.1629,-2.6995,-0.0065185,0.00047122,-2,0,181
1.1467,0.41336,-0.0065185,0.00047122,-2,1,181
-1.8746,-2.496,-0.0065185,0.00047122,-2,0,181
-5.6955,-2.7539,-0.0065185,0.00047122,-2,0,181
4.8495,1.3755,-4.0065,0.00047122,1,1,181
0.23272,0.24614,-0.0065185,0.00047122,-2,0,181
4.8545,3.6622,-0.0065185,0.00047122,-2,1,181
4.727,4.7404,-0.0065185,0.00047122,-2,1,181
5.6186,4.9959,-0.0065185,0.00047122,-2,1,181
5.5265,4.7899,-0.0065185,0.00047122,-2,1,181
4.4482,4.4616,-0.0065185,0.00047122,-2,1,181
2.3816,2.395,-0.0065185,0.00047122,-2,1,181
-2.6749,-2.6615,-0.0065185,0.00047122,-2,0,181
-3.5455,-3.5321,-0.0065185,0.00047122,-2,0,181
-1.163,-1.1496,-0.0065185,0.00047122,-2,1,181
-2.8455,-2.7179,-0.0065185,0.00047122,-2,0,181
-2.718,-2.7046,-0.0065185,0.00047122,-2,0,181
4.6186,4.5015,-0.0065185,0.00047122,-2,1,181
2.5265,1.7681,-0.0065185,0.00047122,-2,1,181
2.1482,2.0673,4.9935,0.00047122,1,1,181
3.3816,4.645,-0.0065185,0.00047122,-2,1,181
4.3251,2.8203,-0.0065185,0.00047122,-2,1,181
4.277,4.2325,-0.0065185,0.00047122,-2,1,181
5.2361,3.1395,-0.0065185,0.00047122,-2,1,181
5.2013,5.1729,-0.0065185,0.00047122,-2,1,181
1.3356,1.349,-0.0065185,0.00047122,-2,1,182
-0.12698,-1.8361,-0.0065185,0.00047122,-2,1,182
3.8545,-0.56329,-0.0065185,0.00047122,-2,1,182
4.727,3.4959,-0.0065185,0.00047122,-2,1,182
5.6186,4.5742,-0.0065185,0.00047122,-2,1,182
-0.51753,-2.3465,-0.0065185,0.00047122,-2,1,182
-0.99553,-2.5481,-0.0065185,0.00047122,-2,1,182
-0.99553,-0.98211,-0.0065185,0.00047122,-2,0,182
-1.9955,0.91772,-0.0065185,0.00047122,-2,0,182
3.0045,0.75616,-0.0065185,0.00047122,-2,1,182
-3.9955,-2.5321,-0.0065185,0.00047122,-2,0,182
-4.9955,-4.9821,-0.0065185,0.00047122,-2,0,182
-4.2455,-2.8721,-4.0065,0.00047122,1,0,182
4.0045,3.5159,-0.0065185,0.00047122,-2,1,182
-3.9955,-3.9821,-0.0065185,0.00047122,-2,0,182
4.0045,3.6552,-0.0065185,0.00047122,-2,1,182
-3.9955,-3.9821,-0.0065185,0.00047122,-2,0,182
-0.99553,-0.98211,-0.0065185,0.00047122,-2,0,182
-0.84553,-1.268,3.9935,0.00047122,1,1,182
0.72697,-3.3821,-0.0065185,0.00047122,-2,0,182
0.39035,-1.0721,-0.0065185,0.00047122,-2,1,182
1.4825,-0.058579,-0.0065185,0.00047122,-2,1,182
2.5608,0.93039,-0.0065185,0.00047122,-2,1,182
-2.1684,-4.3069,2.9935,0.00047122,1,0,182
-3.6749,-5.4907,-0.0065185,0.00047122,-2,0,182
1.732,-2.6332,-0.0065185,0.00047122,-2,1,182
-0.22714,1.1079,-0.0065185,0.00047122,-2,0,182
-2.9955,-0.33153,-0.0065185,0.00047122,-2,0,182
4.0045,1.3396,-0.0065185,0.00047122,-2,1,182
-2.9955,-3.3821,-0.0065185,0.00047122,-2,0,182
-2.5455,-2.5321,-5.0065,0.00047122,1,0,182
4.0045,3.2636,-0.0065185,0.00047122,-2,1,182
-3.9955,-2.9535,-0.0065185,0.00047122,-2,0,182
-2.9955,-3.3821,-0.0065185,0.00047122,-2,0,182
-1.9955,-2.0689,-0.0065185,0.00047122,-2,0,182
-3.9955,-3.5884,-0.0065185,0.00047122,-2,0,182
0.0044729,0.35258,-0.0065185,0.00047122,-2,1,182
-2.9955,0.017889,-0.0065185,0.00047122,-2,0,182
-4.5455,-4.5321,-0.0065185,0.00047122,-2,0,182
3.872,3.0728,4.9935,0.00047122,1,1,182
2.8468,2.8603,-0.0065185,0.00047122,-2,1,182
-4.5615,-5.1606,-0.0065185,0.00047122,-2,0,182
-1.3266,-2.5321,-0.0065185,0.00047122,-2,1,182
-1.127,-1.1136,4.9935,0.00047122,1,1,182
3.0045,4.8603,-0.0065185,0.00047122,-2,1,182
1.4545,3.6304,-0.0065185,0.00047122,-2,0,182
1.837,7.0885,-0.0065185,0.00047122,-2,1,182
2.4045,1.9079,-0.0065185,0.00047122,-2,1,182
2.8945,2.9079,-0.0065185,0.00047122,-2,1,182
-2.452,-0.73902,-3.0065,0.00047122,1,0,182
6.0925,6.1059,-0.0065185,0.00047122,-2,1,182
4.7793,3.9602,-0.0065185,0.00047122,-2,1,182
4.5131,4.0765,-0.0065185,0.00047122,-2,1,182
5.2868,3.8502,-0.0065185,0.00047122,-2,1,182
5.0944,4.9444,-0.0065185,0.00047122,-2,1,182
4.9309,3.8344,-0.0065185,0.00047122,-2,1,182
4.192,4.2054,-4.0065,0.00047122,1,1,182
-5.6649,2.8489,-0.0065185,0.00047122,-2,0,182
3.5734,4.7515,-0.0065185,0.00047122,-2,1,182
5.4881,3.0515,-0.0065185,0.00047122,-2,1,182
5.4156,4.6173,-0.0065185,0.00047122,-2,1,182
1.3539,1.3673,-0.0065185,0.00047122,-2,1,182
-0.29253,-3.8471,-0.0065185,0.00047122,-2,0,182
0.25693,0.23247,-2.0065,0.00047122,1,0,182
1.0045,-1.4675,-0.0065185,0.00047122,-2,1,182
-3.1455,0.86789,-0.0065185,0.00047122,-2,0,182
-5.3955,-3.2271,-0.0065185,0.00047122,-2,0,182
4.5945,4.6079,-4.0065,0.00047122,1,1,182
4.461,4.4744,-0.0065185,0.00047122,-2,1,182
-3.7836,0.81986,3.9935,0.00047122,1,0,182
-5.7703,-3.9821,-0.0065185,0.00047122,-2,0,182
-4.5041,-4.4907,-0.0065185,0.00047122,-2,0,182
-4.2778,-2.9821,-0.0065185,0.00047122,-2,0,182
-5.0855,2.1059,-0.0065185,0.00047122,-2,0,182
-4.322,-3.3821,-4.0065,0.00047122,1,0,182
-4.783,-3.3821,-0.0065185,0.00047122,-2,0,182
-5.6649,-3.3821,-0.0065185,0.00047122,-2,0,182
-4.5645,-4.5511,-0.0065185,0.00047122,-2,0,182
-2.4791,-2.4657,-0.0065185,0.00047122,-2,0,182
-1.4066,-1.3932,-0.0065185,0.00047122,-2,0,182
-1.1949,-2.5921,3.9935,0.00047122,1,0,182
3.3015,3.3149,-0.0065185,0.00047122,-2,1,182
-2.248,-1.9821,-0.0065185,0.00047122,-2,0,182
-3.2101,2.2598,-0.0065185,0.00047122,-2,0,182
-5.1779,-2.5321,-0.0065185,0.00047122,-2,0,182
-2.1506,-4.3871,-0.0065185,0.00047122,-2,0,182
-2.1273,-1.6821,-0.0065185,0.00047122,-2,0,182
-1.8075,-1.6821,1.9935,0.00047122,1,0,182
-4.0907,-4.0773,-0.0065185,0.00047122,-2,0,182
-4.0765,1.4629,-0.0065185,0.00047122,-2,0,182
1.0733,1.0867,-0.0065185,0.00047122,-2,1,182
-3.054,-2.9306,-0.0065185,0.00047122,-2,0,182
2.6042,2.6176,-4.0065,0.00047122,1,1,182
-3.0378,3.4179,-0.0065185,0.00047122,-2,0,182
-1.0314,-0.98211,-0.0065185,0.00047122,-2,0,182
1.9739,-2.1496,-0.0065185,0.00047122,-2,1,182
1.6785,1.6919,-4.0065,0.00047122,1,1,182
1.4495,-4.9481,-0.0065185,0.00047122,-2,1,182
-1.7673,1.2461,-0.0065185,0.00047122,-2,0,182
-3.5455,-3.5321,-0.0065185,0.00047122,-2,0,182
-3.163,-3.1496,-0.0065185,0.00047122,-2,0,182
-1.8379,-2.642,-0.0065185,0.00047122,-2,0,182
5.5705,4.0179,-0.0065185,0.00047122,-2,1,182
-4.7266,0.017889,2.9935,0.00047122,1,0,182
-5.127,1.4364,-0.0065185,0.00047122,-2,0,182
3.9662,3.0179,-0.0065185,0.00047122,-2,1,182
-2.1781,-2.9821,-0.0065185,0.00047122,-2,0,182
6.5545,1.873,-0.0065185,0.00047122,-2,1,182
-5.563,-5.5496,-5.0065,0.00047122,1,0,182
0.84685,6.1103,-0.0065185,0.00047122,-2,0,182
-0.71155,3.8679,-0.0065185,3.0005,-1,1,182
0.61309,-1.9869,-4.0065,0.00047122,1,0,182
0.39035,0.40376,-0.0065185,0.00047122,-2,1,182
-2.1455,-0.65358,-0.0065185,0.00047122,-2,0,182
-1.823,2.6261,-5.0065,0.00047122,1,0,182
-2.163,-2.1496,-0.0065185,0.00047122,-2,0,182
2.8468,5.4728,-0.0065185,0.00047122,-2,1,182
-2.5615,0.32597,-0.0065185,0.00047122,-2,0,182
-2.1766,-2.3132,-0.0065185,-0.99953,-1,0,182
-2.127,0.1321,-0.0065185,0.00047122,-2,0,182
1.9662,1.9796,-0.0065185,0.00047122,-2,1,182
-0.813,-1.5221,-0.0065185,0.00047122,-2,1,182
-0.69038,0.53174,-4.0065,0.00047122,1,1,182
-0.99553,3.4179,-0.0065185,0.00047122,-2,0,182
1.0045,0.86789,-0.0065185,0.00047122,-2,1,182
-0.99553,-0.98211,-0.0065185,0.00047122,-2,0,182
-0.84553,0.41981,3.9935,0.00047122,1,0,182
0.28197,2.6954,-0.0065185,0.00047122,-2,1,182
-1.8455,-3.3941,-0.0065185,0.00047122,-2,0,182
-2.718,-4.4386,-0.0065185,0.00047122,-2,0,182
2.3186,1.3545,-4.0065,0.00047122,1,1,182
2.4825,1.6431,-0.0065185,0.00047122,-2,1,182
-0.44553,-0.092111,-0.0065185,0.00047122,-2,0,182
0.55447,0.40039,-0.0065185,0.00047122,-2,1,182
0.83697,-0.44961,-0.0065185,0.00047122,-2,1,182
-6.5455,-6.5321,-0.0065185,0.00047122,-2,0,182
3.172,2.2461,-0.0065185,0.00047122,-2,1,182
0.1621,0.17551,-0.0065185,0.00047122,-2,1,182
-0.12951,-0.7947,-3.0065,0.00047122,1,0,182
-1.5505,4.0129,-0.0065185,0.00047122,-2,0,182
1.5545,1.5679,-0.0065185,0.00047122,-2,1,182
-0.82803,-0.81461,-0.0065185,0.00047122,-2,0,182
-1.5455,-1.5321,-0.0065185,0.00047122,-2,0,182
1.322,3.5165,3.9935,0.00047122,1,1,182
-3.8379,-5.2245,-0.0065185,0.00047122,-2,0,182
-4.5615,-4.5481,-0.0065185,0.00047122,-2,0,182
3.3356,2.0635,-0.0065185,0.00047122,-2,1,182
2.8359,1.2849,2.9935,0.00047122,1,1,182
2.9662,2.6008,-0.0065185,0.00047122,-2,1,182
3.8219,2.5354,-0.0065185,0.00047122,-2,1,182
4.6993,4.0417,-0.0065185,0.00047122,-2,1,182
5.5951,2.2056,-0.0065185,0.00047122,-2,1,182
-4.4976,-4.4841,-0.0065185,0.00047122,-2,0,182
1.4312,1.0325,-0.0065185,0.00047122,-2,1,182
1.2172,3.1009,2.9935,0.00047122,1,1,182
3.3128,2.5785,-0.0065185,0.00047122,-2,1,182
-2.2576,-2.2442,-0.0065185,0.00047122,-2,0,182
5.2272,2.193,-0.0065185,0.00047122,-2,1,182
-2.1849,-4.4215,-0.0065185,0.00047122,-2,0,182
-5.1565,-5.1431,-0.0065185,0.00047122,-2,0,182
4.1413,1.4676,-0.0065185,0.00047122,-2,1,182
2.1208,2.1342,-0.0065185,0.00047122,-2,1,182
2.1033,2.1167,-0.0065185,0.00047122,-2,1,182
5.0885,2.4773,-0.0065185,0.00047122,-2,1,182
-4.0669,-4.0535,-0.0065185,0.00047122,-2,0,182
2.0652,2.02,-0.0065185,0.00047122,-2,1,182
-0.047121,-0.033705,-0.0065185,0.00047122,-2,0,182
0.96062,0.97403,-0.0065185,0.00047122,-2,1,182
-0.14553,-0.13211,-0.0065185,0.00047122,-2,1,182
0.13197,-0.70353,3.9935,0.00047122,1,0,182
1.3903,3.6208,-0.0065185,0.00047122,-2,1,182
-2.6955,-2.3501,-0.0065185,0.00047122,-2,0,182
4.4495,4.4629,-0.0065185,0.00047122,-2,1,182
4.2327,4.2461,-0.0065185,0.00047122,-2,1,182
5.0485,2.4068,-0.0065185,0.00047122,-2,1,182
0.85447,-0.17145,-2.0065,0.00047122,1,0,183
-1.9955,-1.9821,-0.0065185,0.00047122,-2,0,183
-2.9955,-2.0204,-0.0065185,0.00047122,-2,0,183
5.0045,0.42867,-0.0065185,0.00047122,-2,1,183
-4.2455,-3.5373,-0.0065185,0.00047122,1,0,183
-1.9955,-1.3915,-0.0065185,0.00047122,-2,0,183
-3.9955,0.017889,-0.0065185,0.00047122,-2,0,183
-0.99553,-0.98211,-0.0065185,0.00047122,-2,1,183
-3.8455,-2.5094,-0.0065185,0.00047122,-2,1,183
2.727,2.7404,-0.0065185,0.00047122,-2,1,183
1.7045,1.7179,-0.0065185,0.00047122,-2,0,183
1.0045,-1.8245,-0.0065185,0.00047122,-2,1,183
-0.84553,-0.83211,-5.0065,0.00047122,1,0,183
-1.9955,-3.2644,-0.0065185,0.00047122,-2,0,183
-4.6955,-4.6821,-0.0065185,0.00047122,-2,0,183
-3.4405,3.0885,-0.0065185,0.00047122,-2,0,183
-3.2238,0.92792,-0.0065185,0.00047122,-2,0,183
-1.0395,2.2364,-0.0065185,0.00047122,-2,0,183
-0.88294,0.45864,3.9935,0.00047122,1,1,183
3.0045,2.0004,-0.0065185,0.00047122,-2,1,183
-3.5455,-3.5321,-0.0065185,0.00047122,-2,0,183
2.172,0.56287,-0.0065185,0.00047122,-2,1,183
-3.8379,1.6427,-0.0065185,0.00047122,-2,0,183
3.2705,2.1116,-4.0065,0.00047122,1,1,183
-4.3266,-4.3132,-0.0065185,0.00047122,-2,0,183
-3.127,-3.1136,-0.0065185,0.00047122,-2,0,183
-4.9573,2.2326,-0.0065185,0.00047122,-2,0,183
-2.813,-2.1877,-0.0065185,0.00047122,-2,0,183
-3.6904,-3.677,-0.0065185,0.00047122,-2,0,183
1.4138,-3.0292,-0.0065185,0.00047122,-2,1,183
1.2024,1.5917,-3.0065,0.00047122,1,1,183
6.4495,-1.0871,-0.0065185,0.00047122,-2,0,183
8.2545,8.2679,-0.0065185,0.00047122,-2,1,183
4.4045,-3.1068,-0.0065185,0.00047122,-2,1,183
4.8945,0.92793,-0.0065185,0.00047122,-2,1,183
7.461,4.0914,-0.0065185,0.00047122,-2,1,183
3.0925,0.23039,-0.0065185,0.00047122,-2,1,183
-5.7703,0.16526,-0.0065185,0.00047122,-2,0,183
4.5131,2.8489,-0.0065185,0.00047122,-2,1,183
3.8368,3.8502,-3.0065,0.00047122,1,1,183
3.0944,3.1079,-0.0065185,0.00047122,-2,1,183
2.9309,2.9444,-0.0065185,0.00047122,-2,1,183
-1.783,-0.68511,-0.0065185,0.00047122,-2,0,183
1.5238,-1.8006,-4.0065,0.00047122,1,1,183
-1.5645,3.6325,-0.0065185,0.00047122,-2,0,183
0.52085,1.2003,-0.0065185,0.00047122,-2,1,183
-2.1455,-2.1321,-0.0065185,0.00047122,-2,1,183
3.282,0.98143,-0.0065185,0.00047122,-2,1,183
1.4045,1.4179,-0.0065185,0.00047122,-2,0,183
1.1945,-1.4297,2.9935,0.00047122,1,1,183
-0.53903,-0.43211,-0.0065185,0.00047122,-2,0,183
-4.5455,-2.3497,-0.0065185,0.00047122,-2,0,183
5.172,2.0385,-0.0065185,0.00047122,-2,1,183
-4.3879,-2.8046,-3.0065,0.00047122,1,0,183
-3.5615,-2.2137,-0.0065185,0.00047122,-2,0,183
3.3356,2.3823,-0.0065185,0.00047122,-2,1,183
-2.827,-1.8495,-5.0065,0.00047122,1,0,183
2.0427,2.0562,-0.0065185,0.00047122,-2,0,183
-1.1781,3.7513,-0.0065185,0.00047122,-2,0,183
-2.6955,2.0885,-0.0065185,0.00047122,-2,0,183
-1.4405,2.6279,-0.0065185,0.00047122,-2,0,183
1.2327,-2.7027,2.9935,0.00047122,1,1,183
-0.95151,-0.9381,-0.0065185,0.00047122,-2,0,183
0.81706,-0.54673,4.9935,0.00047122,1,1,183
-2.4405,-2.4271,-0.0065185,0.00047122,-2,0,183
0.23272,-2.5481,-0.0065185,0.00047122,-2,1,183
-3.0395,-1.7216,-0.0065185,0.00047122,-2,0,183
-2.8829,-2.8695,-0.0065185,0.00047122,-2,0,183
3.7588,0.50116,-0.0065185,0.00047122,-2,1,183
-3.1867,-1.7146,2.9935,0.00047122,1,0,183
-4.5405,-4.5271,-0.0065185,0.00047122,-2,0,183
-2.4588,-1.3915,-0.0065185,0.00047122,-2,0,183
-4.3893,-4.3759,-0.0065185,0.00047122,-2,0,183
4.3392,-1.9749,-0.0065185,0.00047122,-2,1,183
-3.68,-3.0194,-5.0065,0.00047122,1,0,183
3.2463,3.9596,-0.0065185,0.00047122,-2,1,183
-0.20107,-2.7377,-0.0065185,0.00047122,-2,0,183
-0.17024,0.24064,-0.0065185,0.00047122,-2,0,183
1.856,2.2072,-0.0065185,0.00047122,-2,1,183
-5.6955,-3.9821,-0.0065185,0.00047122,-2,0,183
4.8495,-0.089404,-4.0065,0.00047122,1,1,183
-5.2238,3.4179,-0.0065185,0.00047122,-2,0,183
-5.0395,-3.9821,-0.0065185,0.00047122,-2,0,183
-3.8829,-2.9821,-0.0065185,0.00047122,-2,0,183
-2.7498,-1.9821,-0.0065185,0.00047122,-2,0,183
2.6456,2.1059,-0.0065185,0.00047122,-2,1,183
-3.5405,-1.6821,-0.0065185,0.00047122,-2,0,183
3.0177,2.5679,-4.0065,0.00047122,1,1,183
4.3982,-2.9884,-0.0065185,0.00047122,-2,1,183
-4.3302,-3.9821,-0.0065185,0.00047122,-2,0,183
3.289,2.9079,-0.0065185,0.00047122,-2,1,183
5.2463,5.2597,-0.0065185,0.00047122,-2,1,183
-4.4511,-2.1496,2.9935,0.00047122,1,0,183
1.1792,1.1926,-0.0065185,0.00047122,-2,1,183
3.153,-2.0011,-0.0065185,0.00047122,-2,1,183
-4.1218,-2.5321,-0.0065185,0.00047122,-2,0,183
3.5118,3.5252,-4.0065,0.00047122,1,1,183
2.0957,2.1091,-0.0065185,0.00047122,-2,1,183
2.082,2.0954,-0.0065185,0.00047122,-2,1,183
5.0704,5.0179,-0.0065185,0.00047122,-2,1,183
-4.0515,2.1059,-0.0065185,0.00047122,-2,0,183
-3.0431,-2.9821,-0.0065185,0.00047122,-2,0,183
4.0449,4.0584,-0.0065185,0.00047122,-2,1,183
3.4389,2.5088,4.9935,0.00047122,1,1,183
2.0337,4.2971,-0.0065185,0.00047122,-2,1,183
0.029324,1.7179,-0.0065185,0.00047122,-2,1,183
0.98335,0.017889,-0.0065185,0.00047122,-2,1,183
4.8545,4.0179,-0.0065185,0.00047122,-2,1,183
-3.718,-0.68935,-0.0065185,0.00047122,-2,0,183
-3.1597,-3.1462,2.9935,0.00047122,1,0,183
-3.5175,2.5679,-0.0065185,0.00047122,-2,0,183
2.4482,2.5679,-0.0065185,0.00047122,-2,1,183
-2.3727,-2.3593,-0.0065185,0.00047122,-2,0,183
-3.3161,-1.4271,-0.0065185,0.00047122,-2,0,183
-2.818,-2.8046,3.9935,0.00047122,1,0,183
-2.2271,-2.2137,-0.0065185,0.00047122,-2,0,183
-4.1924,2.711,-0.0065185,0.00047122,-2,0,183
-3.5629,-1.1495,-0.0065185,-0.99953,-1,0,183
0.86223,1.0179,-0.0065185,0.00047122,-2,0,183
-0.11643,0.017889,-0.0065185,0.00047122,-2,0,183
-0.098297,-2.1729,-0.0065185,0.00047122,-2,0,183
0.091827,0.017889,-0.0065185,0.00047122,-2,1,183
-0.069778,0.017889,3.9935,0.00047122,1,0,183
0.94136,3.3548,-0.0065185,0.00047122,-2,1,183
2.1545,-2.8721,-0.0065185,0.00047122,-2,0,183
-2.273,-0.075611,-0.0065185,0.00047122,-2,0,183
-1.9314,-1.918,-3.0065,0.00047122,1,0,183
-0.16303,-0.14961,-0.0065185,0.00047122,-2,0,183
1.1621,-3.7156,-0.0065185,0.00047122,-2,1,183
-6.5455,3.4263,-0.0065185,0.00047122,-2,0,183
5.572,5.5854,4.9935,0.00047122,1,1,183
3.8468,6.1103,-0.0065185,0.00047122,-2,1,183
4.5705,0.58644,-0.0065185,0.00047122,-2,1,183
5.3356,5.349,-0.0065185,0.00047122,-2,1,183
4.1359,2.2004,-0.0065185,0.00047122,-2,1,183
3.9662,3.9796,-0.0065185,0.00047122,-2,1,183
4.8219,4.8354,-0.0065185,0.00047122,-2,1,183
3.6993,2.0439,-0.0065185,0.00047122,-2,1,183
3.1451,2.1412,-3.0065,0.00047122,1,1,183
1.5065,-2.0301,-0.0065185,0.00047122,-2,1,183
2.4312,2.4446,-0.0065185,0.00047122,-2,1,183
2.3672,1.1031,-0.0065185,0.00047122,-2,1,183
0.31278,0.3262,-0.0065185,0.00047122,-2,1,183
-0.25759,-1.2378,1.9935,0.00047122,1,0,183
-2.7728,-2.7594,-0.0065185,0.00047122,-2,0,183
0.45447,0.46789,-0.0065185,0.00047122,-2,0,183
0.83697,1.7896,-0.0065185,0.00047122,-2,1,183
-0.70315,1.9591,3.9935,0.00047122,1,0,183
0.17197,-3.4661,-0.0065185,0.00047122,-2,1,183
-2.1532,-4.0535,-0.0065185,0.00047122,-2,0,183
0.60447,0.13891,-0.0065185,0.00047122,-2,0,183
2.8945,-2.1539,-0.0065185,0.00047122,-2,1,183
-3.452,-1.0261,-0.0065185,0.00047122,-2,0,183
-4.0836,-2.8695,-0.0065185,0.00047122,-2,0,183
3.4793,1.4947,-3.0065,0.00047122,1,1,183
-3.5041,-3.4907,-0.0065185,0.00047122,-2,0,183
2.2868,1.5629,-0.0065185,0.00047122,-2,1,183
-2.0855,0.7703,-0.0065185,0.00047122,-2,0,183
-0.069059,1.2616,-0.0065185,0.00047122,-2,1,183
-0.78302,0.5332,-0.0065185,0.00047122,-2,0,183
0.67385,0.30237,2.9935,0.00047122,1,1,183
-2.4266,-2.7403,-0.0065185,0.00047122,-2,0,183
-1.5455,-1.5321,-0.0065185,0.00047122,-2,0,183
4.172,0.17551,-0.0065185,0.00047122,-2,1,183
0.84685,1.5108,-0.0065185,0.00047122,-2,1,183
-1.4295,-4.3132,-0.0065185,0.00047122,-2,0,183
-6.5455,-1.201,-0.0065185,0.00047122,-2,0,183
-5.163,-5.1496,-0.0065185,0.00047122,-2,0,183
-3.8379,-4.7145,-0.0065185,0.00047122,-2,0,183
3.2705,2.1616,-4.0065,0.00047122,1,1,183
-1.3266,3.0407,-0.0065185,0.00047122,-2,0,183
0.13592,0.33847,-0.0065185,0.00047122,-2,1,183
3.0427,0.5954,-0.0065185,0.00047122,-2,1,183
2.587,-2.2596,-0.0065185,-2.9995,-1,1,183
0.89447,-1.368,-0.0065185,0.00047122,-2,1,183
-1.6367,-1.6233,-0.0065185,0.00047122,-2,0,184
-0.45055,1.6943,-0.0065185,0.00047122,-2,0,184
-0.14553,-0.13211,-0.0065185,0.00047122,-2,1,184
-0.71803,-0.96667,-0.0065185,0.00047122,-2,0,184
-2.6097,0.71274,-0.0065185,0.00047122,-2,0,184
-1.5175,-2.2041,-0.0065185,0.00047122,-2,0,184
-4.4392,-3.4801,-0.0065185,0.00047122,-2,0,184
3.3816,1.1175,-0.0065185,0.00047122,-2,1,184
5.3251,5.3385,-0.0065185,0.00047122,-2,1,184
-2.268,-2.4221,-0.0065185,0.00047122,-2,0,184
-3.2271,-2.72,-0.0065185,0.00047122,-2,0,184
-0.1924,-1.2044,-0.0065185,0.00047122,-2,1,184
-0.16287,-0.14945,-2.0065,0.00047122,1,0,184
1.8622,-2.7261,-0.0065185,0.00047122,-2,1,184
4.7045,1.597,-0.0065185,0.00047122,-2,1,184
3.4495,4.0129,-0.0065185,0.00047122,-2,1,184
4.2327,2.9461,-0.0065185,0.00047122,-2,1,184
-3.5895,-4.4371,-0.0065185,-4.9995,-1,0,184
3.0594,1.7222,4.9935,0.00047122,1,1,184
-0.74983,-3.8384,-0.0065185,0.00047122,-2,0,184
4.6456,-0.3168,-0.0065185,0.00047122,-2,1,184
5.5495,4.7334,-0.0065185,0.00047122,-2,1,184
-4.4588,-2.6303,-0.0065185,0.00047122,-2,0,184
3.7982,3.2123,2.9935,0.00047122,1,1,184
-4.3302,-2.3574,-0.0065185,0.00047122,-2,0,184
3.289,3.2694,-0.0065185,0.00047122,-2,1,184
-2.2373,-2.4059,-0.0065185,0.00047122,-2,0,184
3.21,1.6106,-0.0065185,0.00047122,-2,1,184
-3.1702,-2.4409,-0.0065185,0.00047122,-2,0,184
-3.144,-2.9046,-0.0065185,0.00047122,-2,0,184
2.6807,2.3116,4.9935,0.00047122,1,1,184
2.1118,4.3752,-0.0065185,0.00047122,-2,1,184
-1.0867,-0.9345,-0.0065185,0.00047122,-2,0,184
4.082,1.5404,-0.0065185,0.00047122,-2,1,184
-3.0614,-3.3477,-0.0065185,0.00047122,-2,0,184
4.0605,2.5387,-0.0065185,0.00047122,-2,1,184
5.0521,3.4655,-0.0065185,0.00047122,-2,1,184
5.0449,5.0584,-0.0065185,0.00047122,-2,1,184
4.0389,4.0523,-0.0065185,0.00047122,-2,1,184
3.4337,3.0733,-3.0065,0.00047122,1,0,184
-6.8855,-1.4321,-0.0065185,0.00047122,-2,1,184
5.461,-2.1285,-0.0065185,0.00047122,-2,1,184
-4.5455,-4.5321,-0.0065185,0.00047122,-2,0,184
3.872,1.636,4.9935,0.00047122,1,1,184
3.8468,3.8603,-0.0065185,0.00047122,-2,1,184
3.5705,3.5839,-0.0065185,0.00047122,-2,1,184
6.3356,3.0979,-0.0065185,0.00047122,-2,1,184
2.1359,4.2759,-0.0065185,0.00047122,-2,1,184
2.9662,0.87466,-0.0065185,0.00047122,-2,1,184
2.5219,1.7236,-3.0065,0.00047122,1,1,184
-2.3007,-2.9772,-0.0065185,0.00047122,-2,1,184
-1.5862,1.5948,-0.0065185,0.00047122,-2,0,184
1.5065,1.0214,-0.0065185,0.00047122,-2,1,184
-1.4223,-1.4088,-0.0065185,0.00047122,-2,0,184
2.3672,0.63457,-0.0065185,0.00047122,-2,1,184
0.31278,0.3262,-0.0065185,0.00047122,-2,1,184
-0.25759,-1.6892,-4.0065,0.00047122,1,0,184
3.2272,3.4195,-0.0065185,0.00047122,-2,1,184
0.19381,2.5692,-0.0065185,0.00047122,-2,1,184
0.84353,0.85695,-0.0065185,0.00047122,-2,0,184
-0.70873,5.0189,-0.0065185,5.0005,-1,1,184
1.8882,1.9016,-0.0065185,0.00047122,-2,0,184
3.1033,0.018585,-0.0065185,0.00047122,-2,1,184
2.6385,2.5685,4.9935,0.00047122,1,1,184
-3.0669,-3.0535,-0.0065185,0.00047122,-2,0,184
5.0652,3.6911,-0.0065185,0.00047122,-2,1,184
2.0561,4.2683,-0.0065185,0.00047122,-2,1,184
0.048327,1.7617,-0.0065185,0.00047122,-2,1,184
0.041749,0.055165,-0.0065185,0.00047122,-2,0,184
0.036158,0.018112,1.9935,0.00047122,1,0,184
-0.99553,-0.98211,-0.0065185,0.00047122,-2,0,184
-2.9955,-1.4271,-0.0065185,0.00047122,-2,1,184
-1.9955,-1.9821,-0.0065185,0.00047122,-2,0,184
5.7045,6.1854,-0.0065185,0.00047122,-2,1,184
4.8495,1.8603,-2.0065,0.00047122,1,1,184
5.2327,-0.11609,-0.0065185,0.00047122,-2,1,184
-4.0395,-4.0261,-0.0065185,0.00047122,-2,0,184
2.8919,4.0393,-0.0065185,0.00047122,-2,1,184
-0.24123,-0.02038,-0.0065185,0.00047122,-2,1,184
-2.6367,-2.0683,-0.0065185,0.00047122,-2,0,184
2.2495,2.4127,4.9935,0.00047122,1,1,184
-1.4588,-4.6953,-0.0065185,0.00047122,-2,0,184
-5.3893,-5.3759,-0.0065185,0.00047122,-2,0,184
0.33916,0.44461,-0.0065185,0.00047122,-2,1,184
-1.28,-1.2666,-0.0065185,0.00047122,-2,0,184
4.2463,0.78171,-0.0065185,0.00047122,-2,1,184
4.21,4.28,-0.0065185,0.00047122,-2,1,184
3.5792,3.1306,4.9935,0.00047122,1,0,184
3.8945,3.4744,-0.0065185,0.00047122,-2,1,184
4.8545,4.8679,-0.0065185,0.00047122,-2,1,184
2.727,3.1958,-0.0065185,0.00047122,-2,1,184
3.6186,2.332,-0.0065185,0.00047122,-2,1,184
3.0765,3.0899,4.9935,0.00047122,1,0,184
-0.82803,1.2679,-0.0065185,0.00047122,-2,0,184
-2.1532,1.9163,-0.0065185,0.00047122,-2,0,184
-2.4295,-1.8161,-0.0065185,0.00047122,-2,0,184
-2.0644,-2.051,-5.0065,0.00047122,1,0,184
-2.8641,-3.1007,-0.0065185,0.00047122,-2,0,184
0.9662,1.9036,-0.0065185,0.00047122,-2,0,184
-1.1781,-2.0546,-0.0065185,0.00047122,-2,0,184
1.3096,0.65544,-0.0065185,0.00047122,-2,1,184
1.4138,0.8598,-0.0065185,0.00047122,-2,1,184
2.5024,2.0335,-0.0065185,0.00047122,-2,1,184
-2.1188,-0.18941,3.9935,0.00047122,1,0,184
1.6418,-4.0933,-0.0065185,0.00047122,-2,1,184
-4.6872,-4.6738,-0.0065185,0.00047122,-2,0,184
3.7424,3.504,-0.0065185,0.00047122,-2,1,184
-3.1728,-0.77359,-0.0065185,0.00047122,1,0,184
-0.80619,-0.61086,-0.0065185,0.00047122,-2,0,184
0.69353,-0.29768,-3.0065,0.00047122,1,0,184
1.727,1.0179,-0.0065185,0.00047122,-2,1,184
0.85447,0.86789,-0.0065185,0.00047122,-2,1,184
-3.718,1.9591,-0.0065185,0.00047122,-2,0,184
-3.6097,-2.4481,-0.0065185,0.00047122,-2,0,184
-3.0675,-2.4607,-4.0065,0.00047122,1,0,184
0.56077,0.57418,-0.0065185,0.00047122,-2,1,184
3.8545,0.91948,-0.0065185,0.00047122,-2,1,184
5.727,3.2904,-0.0065185,0.00047122,-2,1,184
1.6186,1.632,-0.0065185,0.00047122,-2,1,184
-1.5175,0.79271,-0.0065185,0.00047122,-2,0,184
1.4482,1.4616,-0.0065185,0.00047122,-2,1,184
-0.37268,1.3002,-0.0065185,0.00047122,-2,0,184
0.32505,2.557,4.9935,0.00047122,1,1,184
-0.72304,-0.70962,-0.0065185,0.00047122,-2,0,184
-2.1455,-2.8071,-0.0065185,0.00047122,-2,0,184
-0.54553,2.6873,-0.0065185,0.00047122,-2,0,184
0.47197,1.5713,4.9935,0.00047122,1,1,184
0.84685,-1.4657,-0.0065185,0.00047122,-2,0,184
-4.8455,-4.8321,-0.0065185,0.00047122,-2,0,184
-4.718,-4.7046,-0.0065185,0.00047122,-2,0,184
-4.0097,0.53521,-5.0065,0.00047122,1,0,184
-3.5175,-4.7541,-0.0065185,0.00047122,-2,0,184
-4.4392,-0.64636,-0.0065185,0.00047122,-2,0,184
-4.3727,-3.7593,-0.0065185,0.00047122,-2,0,184
3.3251,1.6554,-0.0065185,0.00047122,-2,1,184
-1.268,-1.2546,-0.0065185,0.00047122,-2,0,184
3.2361,2.0335,-0.0065185,0.00047122,-2,1,184
3.2013,2.1812,-0.0065185,0.00047122,-2,1,184
-2.7129,-1.0457,3.9935,0.00047122,1,1,184
-4.163,3.2756,-0.0065185,0.00047122,-2,0,184
1.3045,-1.3853,-0.0065185,0.00047122,-2,1,184
0.55447,0.56789,-0.0065185,0.00047122,-2,0,184
0.30447,0.31789,-0.0065185,0.00047122,-2,0,184
0.25947,-1.8136,-3.0065,0.00047122,1,0,184
-1.2238,-1.2104,-0.0065185,0.00047122,-2,0,184
1.0485,2.9397,-0.0065185,0.00047122,-2,0,184
-3.9955,-2.7119,-0.0065185,0.00047122,-2,0,184
-3.3955,-0.73641,2.9935,0.00047122,1,0,184
-1.8855,-1.8721,-0.0065185,0.00047122,-2,0,184
-1.452,1.6404,-0.0065185,0.00047122,-2,1,184
-4.8455,0.26354,-0.0065185,0.00047122,-2,0,184
4.727,4.7404,-0.0065185,0.00047122,-2,1,184
3.6186,3.632,-0.0065185,0.00047122,-2,0,184
-1.4455,3.6058,-0.0065185,0.00047122,-2,0,184
-1.228,-1.2146,-5.0065,0.00047122,1,0,184
3.1621,2.4255,-0.0065185,0.00047122,-2,1,184
-3.4295,-2.6661,-0.0065185,0.00047122,-2,0,184
-2.6644,-2.651,-0.0065185,0.00047122,-2,0,184
-2.8641,-2.8507,-0.0065185,0.00047122,-2,0,184
-1.9573,2.1268,-0.0065185,0.00047122,-2,0,184
-1.1455,-1.8046,-0.0065185,0.00047122,-2,1,184
-3.273,-6.2006,-0.0065185,0.00047122,-2,0,184
0.60447,0.61789,-0.0065185,0.00047122,-2,1,184
2.4045,-0.46011,-0.0065185,0.00047122,-2,1,184
2.8945,0.46159,-0.0065185,0.00047122,-2,1,184
2.461,2.4744,-0.0065185,0.00047122,-2,1,184
-4.0836,-1.3158,-0.0065185,0.00047122,-2,0,184
-5.7703,-5.7569,-0.0065185,0.00047122,-2,0,184
-4.5041,-4.4907,-0.0065185,0.00047122,-2,0,184
3.8368,1.443,-3.0065,0.00047122,1,1,184
-1.0855,1.4779,-0.0065185,0.00047122,-2,0,184
0.078005,0.091421,-0.0065185,0.00047122,-2,1,184
3.8545,3.8679,-0.0065185,0.00047122,-2,1,184
4.727,4.7404,-0.0065185,0.00047122,-2,1,184
-4.6097,-0.50888,-0.0065185,0.00047122,-2,0,184
-0.84553,-0.83211,-0.0065185,0.00047122,-2,1,185
5.0045,5.0179,-0.0065185,0.00047122,-2,1,185
1.0045,0.033517,-0.0065185,0.00047122,-2,1,185
-2.9955,0.10524,-0.0065185,0.00047122,-2,0,185
5.5545,0.65485,-0.0065185,0.00047122,-2,1,185
-4.163,-4.1496,-0.0065185,0.00047122,-2,1,185
-3.6955,-2.096,-0.0065185,0.00047122,-2,0,185
-5.6955,-5.6821,-0.0065185,0.00047122,-2,0,185
4.4495,1.2074,-0.0065185,0.00047122,-2,1,185
5.2327,3.9849,-0.0065185,0.00047122,-2,1,185
-5.0395,-2.1216,-0.0065185,0.00047122,-2,0,185
-3.8829,-4.2695,-0.0065185,0.00047122,-2,1,185
-3.2998,-2.5119,-4.0065,0.00047122,1,0,185
-3.6367,-6.3821,-0.0065185,0.00047122,-2,1,185
-1.5455,-2.5175,-0.0065185,0.00047122,-2,0,185
-3.1455,-0.90693,-0.0065185,0.00047122,-2,1,185
-1.3955,-3.3715,-0.0065185,0.00047122,-2,0,185
3.3045,1.2912,-0.0065185,0.00047122,-2,1,185
-2.8005,-4.2245,3.9935,0.00047122,1,0,185
-1.7673,-2.9756,-0.0065185,0.00047122,-2,0,185
1.0485,0.023402,-0.0065185,0.00047122,-2,0,185
-1.8829,-2.4433,-0.0065185,0.00047122,-2,1,185
4.7588,4.7722,-0.0065185,0.00047122,-2,1,185
-4.0367,-3.3855,-4.0065,0.00047122,1,0,185
-1.1055,4.032,-0.0065185,0.00047122,-2,1,185
-0.45203,0.96139,-0.0065185,0.00047122,-2,0,185
0.092498,-1.5384,-0.0065185,0.00047122,-2,1,185
-0.22071,0.34771,-0.0065185,0.00047122,-2,1,185
0.51307,0.52649,-0.0065185,0.00047122,-2,1,185
1.2868,0.29038,-0.0065185,0.00047122,-2,1,185
-1.0855,0.15618,3.9935,0.00047122,1,0,185
4.9309,-2.4556,-0.0065185,0.00047122,-2,1,185
2.792,2.1852,-0.0065185,0.00047122,-2,1,185
-1.6649,-3.5415,-0.0065185,0.00047122,-2,0,185
1.5734,0.98879,-0.0065185,0.00047122,-2,1,185
-1.4791,-1.3157,-0.0065185,0.00047122,-2,1,185
-1.8455,-1.7046,-0.0065185,0.00047122,-2,0,185
-0.14553,1.5904,-0.0065185,0.00047122,-2,1,185
-0.12303,-0.769,4.9935,0.00047122,1,1,185
-2.3814,-2.9285,-0.0065185,0.00047122,-2,0,185
4.5545,2.0459,-0.0065185,0.00047122,-2,1,185
1.172,1.1854,-0.0065185,0.00047122,-2,0,185
-0.9879,1.1829,4.9935,0.00047122,1,0,185
-2.5615,2.9589,-0.0065185,0.00047122,-2,0,185
1.6734,4.9036,-0.0065185,0.00047122,-2,1,185
-1.5455,-5.6027,-0.0065185,0.00047122,-2,0,185
-2.163,-2.1496,-0.0065185,0.00047122,-2,0,185
-3.8379,-3.8245,-0.0065185,0.00047122,-2,0,185
3.2705,-1.0399,-4.0065,0.00047122,1,0,185
2.4495,0.827,-0.0065185,0.00047122,-2,1,185
1.8545,-2.0221,-0.0065185,0.00047122,-2,0,185
3.8545,1.8296,-0.0065185,0.00047122,-2,1,185
2.5545,0.83536,-0.0065185,0.00047122,-2,1,185
0.17197,0.18539,-0.0065185,0.00047122,-2,1,185
0.1621,0.93586,-0.0065185,0.00047122,-2,0,185
-0.12951,-0.11609,-4.0065,0.00047122,1,0,185
-0.44053,-1.0004,-0.0065185,0.00047122,-2,1,185
-0.14553,-0.13211,-0.0065185,0.00047122,-2,1,185
2.282,2.1661,-0.0065185,0.00047122,-2,0,185
0.6186,-2.27,-0.0065185,0.00047122,-2,0,185
4.0045,-1.6276,-0.0065185,0.00047122,-2,0,185
-3.3955,-3.3821,1.9935,0.00047122,1,1,185
2.8945,-3.2481,-4.0065,0.00047122,1,1,185
0.54797,3.4179,-0.0065185,0.00047122,-2,1,185
0.45447,0.46789,-0.0065185,0.00047122,-2,0,185
0.83697,0.85039,-0.0065185,0.00047122,-2,1,185
-1.4455,-4.8695,-0.0065185,0.00047122,-2,0,185
-0.39553,3.0179,-0.0065185,0.00047122,-2,1,185
-0.33553,-1.0297,4.9935,0.00047122,1,1,185
1.172,1.1854,-0.0065185,0.00047122,-2,1,185
-0.15315,-0.651,-0.0065185,0.00047122,-2,0,185
1.3045,1.3179,-0.0065185,0.00047122,-2,1,185
3.5545,3.959,-0.0065185,0.00047122,-2,1,185
3.022,3.0354,3.9935,0.00047122,1,1,185
0.84685,0.86026,-0.0065185,0.00047122,-2,1,185
-3.5615,-4.4381,-0.0065185,0.00047122,-2,1,185
4.7045,3.1692,-0.0065185,0.00047122,-2,0,185
-4.4405,-4.6201,-0.0065185,0.00047122,-2,0,185
-2.5455,-2.1496,-0.0065185,0.00047122,-2,0,185
2.172,3.2294,4.9935,0.00047122,1,0,185
1.0045,1.9053,-0.0065185,0.00047122,-2,0,185
2.0045,5.6304,-0.0065185,0.00047122,-2,0,185
4.0045,7.0885,-0.0065185,0.00047122,-2,1,185
-5.3955,-2.9438,-0.0065185,0.00047122,-2,0,185
-5.8855,-3.7996,-0.0065185,0.00047122,-2,0,185
7.461,1.1065,-0.0065185,0.00047122,-2,0,185
6.3425,2.4406,-5.0065,0.00047122,1,0,185
5.617,-3.9476,-0.0065185,0.00047122,-2,1,185
-6.6955,0.55976,-0.0065185,0.00047122,-2,0,185
-3.4405,1.0885,-0.0065185,0.00047122,-2,0,185
4.2327,1.0204,-0.0065185,0.00047122,-2,1,185
3.5985,3.6119,4.9935,0.00047122,1,0,185
4.172,2.3821,-0.0065185,0.00047122,-2,1,185
1.7045,3.5603,-0.0065185,0.00047122,-2,0,185
4.0045,-1.3446,-0.0065185,0.00047122,-2,1,185
-3.3955,-0.15514,-4.0065,0.00047122,1,0,185
-0.88553,3.0023,-0.0065185,0.00047122,-2,1,185
-0.29553,-0.28211,-0.0065185,0.00047122,-2,0,185
-1.6955,-1.6821,-0.0065185,0.00047122,-2,1,185
4.0045,4.0179,-0.0065185,0.00047122,-2,1,185
-2.9955,-1.2073,-0.0065185,0.00047122,-2,0,185
0.0044729,1.3002,-0.0065185,0.00047122,-2,0,185
0.0044729,0.017889,4.9935,0.00047122,1,1,185
-0.99553,0.10785,-0.0065185,0.00047122,-2,1,185
0.85447,0.86789,-0.0065185,0.00047122,-2,1,185
-3.9955,-3.9821,-0.0065185,0.00047122,-2,0,185
5.4045,3.4179,-0.0065185,0.00047122,-2,1,185
-2.8855,-4.5721,-0.0065185,0.00047122,-2,1,185
2.461,-0.42286,3.9935,0.00047122,1,0,185
4.0045,-4.6104,-0.0065185,0.00047122,-2,1,185
3.4045,-2.0261,-0.0065185,-0.99953,-1,1,185
-1.9955,-1.9821,-0.0065185,0.00047122,-2,0,185
-2.9955,-1.6843,-0.0065185,0.00047122,-2,0,185
2.5545,1.9267,2.9935,0.00047122,1,1,185
0.0044729,-1.9871,-0.0065185,0.00047122,-2,1,185
2.0045,-0.14961,-0.0065185,0.00047122,-2,1,185
-0.99553,-0.98211,-0.0065185,0.00047122,-2,0,185
3.0045,0.017889,-0.0065185,0.00047122,-2,1,185
4.0045,2.6868,-0.0065185,0.00047122,-2,1,185
-2.9955,-2.1496,-0.0065185,0.00047122,-2,0,185
3.0045,2.5679,-0.0065185,0.00047122,-2,1,185
2.5545,1.7504,-3.0065,0.00047122,1,0,185
3.172,3.1854,-0.0065185,0.00047122,-2,1,185
-0.84553,0.017889,-0.0065185,0.00047122,-2,0,185
-3.273,-1.8245,-0.0065185,0.00047122,-2,0,185
-2.7814,-0.93401,-5.0065,0.00047122,1,0,185
-7.8855,-6.3132,-0.0065185,0.00047122,-2,1,185
-5.2455,-4.5946,-0.0065185,0.00047122,-2,0,185
4.8545,6.1059,-0.0065185,0.00047122,-2,1,185
-4.118,-3.7752,-3.0065,0.00047122,1,0,185
-3.6097,-3.1462,-0.0065185,0.00047122,-2,1,185
-1.5455,-1.1496,-0.0065185,0.00047122,-2,1,185
2.172,2.9502,-0.0065185,0.00047122,-2,1,185
-4.9955,-1.8245,-0.0065185,0.00047122,-2,0,185
-2.9955,-4.2321,-0.0065185,0.00047122,-2,0,185
4.0045,4.6873,-0.0065185,0.00047122,-2,1,185
2.0045,2.5869,-0.0065185,0.00047122,-2,1,185
-1.6955,-2.3081,-5.0065,0.00047122,1,0,185
-3.9955,-4.3932,-0.0065185,0.00047122,-2,1,185
5.4045,5.6304,-0.0065185,0.00047122,-2,1,185
-5.6955,-3.9821,-0.0065185,0.00047122,-2,0,185
-5.4405,-3.8836,-0.0065185,0.00047122,-2,0,185
-4.6238,-3.3821,2.9935,0.00047122,1,0,185
4.0485,4.0619,-0.0065185,0.00047122,-2,1,185
-0.88294,1.298,-0.0065185,0.00047122,-2,0,185
-0.74983,0.017889,-0.0065185,0.00047122,-2,1,185
-0.63668,-0.62327,4.9935,0.00047122,1,1,185
0.0044729,4.2679,-0.0065185,0.00047122,-2,1,185
-2.9955,0.017889,-0.0065185,0.00047122,-2,0,185
-3.9955,-3.9821,-0.0065185,0.00047122,-2,0,185
2.0045,2.1854,-0.0065185,0.00047122,-2,1,185
3.0045,3.0179,-0.0065185,0.00047122,-2,1,185
3.0045,1.4629,-0.0065185,0.00047122,-2,1,185
2.5545,2.5679,-4.0065,0.00047122,1,1,185
-1.9955,3.4179,-0.0065185,0.00047122,-2,0,185
1.0045,1.0179,-0.0065185,0.00047122,-2,1,185
-0.99553,-0.98211,-0.0065185,0.00047122,-2,0,185
-2.9955,-2.9821,-0.0065185,0.00047122,-2,0,185
-1.9955,-1.9821,-0.0065185,0.00047122,-2,0,185
0.0044729,0.017889,-0.0065185,0.00047122,-2,1,185
0.0044729,0.017889,-1.0065,0.00047122,1,0,185
-4.9955,-4.9821,-0.0065185,0.00047122,-2,0,185
3.0045,0.74039,-0.0065185,0.00047122,-2,1,185
-2.5455,-2.5321,-2.0065,0.00047122,1,0,185
3.0045,-1.2884,-0.0065185,0.00047122,-2,1,185
-0.44553,-0.43211,-0.0065185,0.00047122,-2,1,185
-0.82803,-4.2104,-0.0065185,0.00047122,-2,0,185
0.55447,-1.9821,-0.0065185,0.00047122,-2,0,185
-0.46303,-0.58359,2.9935,0.00047122,1,0,185
-0.15315,-3.9771,-0.0065185,0.00047122,-2,1,185
1.4385,3.8854,-0.0065185,0.00047122,-2,0,185
1.3356,-4.3745,-0.0065185,0.00047122,-2,0,185
2.0045,1.0539,-0.0065185,0.00047122,-2,1,185
-1.9955,1.7179,-0.0065185,0.00047122,-2,0,185
-0.97303,0.72016,1.9935,0.00047122,1,1,186
3.6186,3.632,-0.0065185,0.00047122,-2,1,186
-2.5175,-2.4258,-0.0065185,0.00047122,-2,0,186
-5.4392,-1.5875,-0.0065185,0.00047122,-2,0,186
-4.3727,-4.3027,-0.0065185,0.00047122,-2,0,186
3.3251,3.951,-0.0065185,0.00047122,-2,1,186
-3.268,-2.8046,-0.0065185,0.00047122,-2,0,186
-4.2271,-4.2137,-0.0065185,0.00047122,-2,0,186
-1.1924,-2.317,-0.0065185,0.00047122,-2,0,186
-1.1629,-1.1244,-0.0065185,0.00047122,-2,0,186
-2.1378,-0.82552,-0.0065185,0.00047122,-2,0,186
-1.1164,-1.7849,-0.0065185,0.00047122,-2,0,186
0.95724,5.1207,-0.0065185,5.0005,-1,1,186
3.9171,-0.79197,-0.0065185,0.00047122,-2,1,186
3.4045,-0.59624,-0.0065185,0.00047122,-2,1,186
-1.8855,-1.8721,-0.0065185,0.00047122,-2,0,186
0.54797,0.56139,-0.0065185,0.00047122,-2,1,186
-0.4575,-0.39802,-3.0065,0.00047122,1,0,186
0.83697,2.9849,-0.0065185,0.00047122,-2,0,186
0.84685,4.0278,-0.0065185,0.00047122,-2,0,186
3.1545,5.8603,-0.0065185,0.00047122,-2,1,186
0.60447,3.9977,-0.0065185,0.00047122,-2,1,186
-0.50553,-0.49211,1.9935,0.00047122,1,0,186
-0.10553,-2.4601,-0.0065185,0.00047122,-2,1,186
0.46097,-0.98341,-0.0065185,0.00047122,-2,0,186
3.7045,-0.37014,-0.0065185,0.00047122,-2,1,186
-4.4405,-3.1271,-0.0065185,0.00047122,-2,0,186
-2.2238,-1.8695,-0.0065185,0.00047122,-2,0,186
-2.0395,-2.0261,-0.0065185,0.00047122,-2,0,186
-1.7329,2.1305,-0.0065185,3.0005,-1,0,186
1.2502,1.2636,-0.0065185,0.00047122,-2,1,186
-0.69553,2.349,-0.0065185,0.00047122,-2,0,186
0.55947,3.1493,-0.0065185,0.00047122,-2,1,186
-0.29553,-0.28211,-0.0065185,0.00047122,-2,0,186
-1.2955,1.4334,-0.0065185,0.00047122,-2,0,186
2.5545,2.5679,-0.0065185,0.00047122,-2,1,186
-0.82803,-0.81461,-0.0065185,0.00047122,-2,1,186
0.7121,0.48433,3.9935,0.00047122,1,1,186
1.172,2.4179,-0.0065185,0.00047122,-2,1,186
6.8468,-0.84999,-0.0065185,0.00047122,-2,1,186
5.5705,6.7244,-0.0065185,0.00047122,-2,1,186
-4.7266,-5.4701,-4.0065,0.00047122,1,0,186
-5.127,-5.7569,-0.0065185,0.00047122,-2,0,186
3.9662,3.2597,-0.0065185,0.00047122,-2,1,186
-0.813,-1.2644,-0.0065185,0.00047122,-2,0,186
-3.6904,-4.0721,-0.0065185,0.00047122,-2,0,186
4.5951,2.7192,-0.0065185,0.00047122,-2,1,186
-3.8976,-4.1696,-5.0065,0.00047122,1,0,186
4.4312,4.3752,-0.0065185,0.00047122,-2,1,186
4.3672,4.5869,-0.0065185,0.00047122,-2,1,186
-4.3038,-3.3557,-0.0065185,0.00047122,-2,0,186
-3.2576,-3.3932,-0.0065185,0.00047122,-2,0,186
2.2272,2.0739,-0.0065185,0.00047122,-2,1,186
1.8938,2.522,2.9935,0.00047122,1,1,186
1.6104,2.6084,3.9935,0.00047122,1,1,186
2.8677,2.8033,-0.0065185,0.00047122,-2,1,186
0.55447,0.56789,-0.0065185,0.00047122,-2,0,186
-0.29553,2.4992,-0.0065185,0.00047122,-2,1,186
-0.44053,0.27289,-0.0065185,0.00047122,-2,1,186
-0.14553,0.46289,-0.0065185,0.00047122,-2,1,186
0.72697,1.2461,-0.0065185,0.00047122,-2,1,186
-0.60965,-0.58326,-5.0065,0.00047122,1,0,186
0.48247,0.13048,-0.0065185,0.00047122,-2,0,186
1.5608,1.2636,-0.0065185,0.00047122,-2,1,186
-0.29553,-3.4299,-0.0065185,0.00047122,-2,1,186
-0.55053,-4.5921,-0.0065185,0.00047122,-2,0,186
-0.46728,-0.19886,1.9935,0.00047122,1,1,186
4.0485,-0.3831,-0.0065185,0.00047122,-2,1,186
-3.4329,-3.9771,2.9935,0.00047122,1,0,186
4.7588,-1.3039,-0.0065185,0.00047122,-2,1,186
5.6456,5.659,-0.0065185,0.00047122,-2,1,186
-4.7905,-3.7595,-4.0065,0.00047122,1,0,186
2.4677,4.1722,-0.0065185,0.00047122,-2,1,186
-5.3893,-2.3233,-0.0065185,0.00047122,-2,0,186
1.3392,4.8129,-0.0065185,0.00047122,-2,1,186
-0.28001,-1.2953,-0.0065185,0.00047122,-2,0,186
-0.75372,-0.7403,-0.0065185,0.00047122,-2,1,186
-0.63999,0.35258,-4.0065,0.00047122,1,1,186
0.17918,0.30237,-0.0065185,0.00047122,-2,1,186
0.15298,-1.7403,-0.0065185,-1.9995,-1,1,186
-0.12175,2.2688,-0.0065185,0.00047122,1,0,186
1.1118,0.12518,-0.0065185,0.00047122,-2,1,186
1.0957,1.1091,-0.0065185,0.00047122,-2,1,186
-4.073,-0.83084,-0.0065185,0.00047122,-2,0,186
3.4704,3.5252,-3.0065,0.00047122,1,1,186
-2.9395,-2.9261,-0.0065185,0.00047122,-2,1,186
1.9569,2.1079,-0.0065185,0.00047122,-2,0,186
-0.95506,-1.6416,-0.0065185,0.00047122,-2,1,186
1.9701,0.81188,-0.0065185,0.00047122,-2,1,186
-1.6663,-0.67537,3.9935,0.00047122,1,0,186
0.55947,1.9729,-0.0065185,0.00047122,-2,0,186
-1.7673,-2.4601,-0.0065185,0.00047122,-2,0,186
-2.5455,-2.5321,-0.0065185,0.00047122,-2,0,186
2.172,1.298,-4.0065,0.00047122,1,1,186
1.8468,1.0619,-0.0065185,0.00047122,-2,1,186
1.5705,-1.9847,-0.0065185,0.00047122,-2,1,186
1.3356,0.77219,-0.0065185,0.00047122,-2,1,186
1.1359,1.1493,-0.0065185,0.00047122,-2,1,186
0.042742,-0.94384,-0.0065185,0.00047122,-2,1,186
-0.84553,0.48112,-0.0065185,0.00047122,-2,0,186
-0.71803,-0.70461,3.9935,0.00047122,1,0,186
-3.6097,3.4179,-0.0065185,0.00047122,-2,0,186
-3.5175,-3.0541,-0.0065185,0.00047122,-2,0,186
3.4482,3.0179,-0.0065185,0.00047122,-2,1,186
2.3816,2.0179,-0.0065185,0.00047122,-2,1,186
2.3251,2.0179,-0.0065185,0.00047122,-2,1,186
-1.968,-1.8206,3.9935,0.00047122,1,0,186
-1.2271,-0.98211,-0.0065185,0.00047122,-2,0,186
0.8076,2.711,-0.0065185,0.00047122,-2,0,186
2.8371,0.86789,-0.0065185,0.00047122,-2,0,186
-0.85329,-2.5321,-0.0065185,0.00047122,-2,0,186
0.73357,0.74698,-2.0065,0.00047122,1,1,186
3.727,4.8603,-0.0065185,0.00047122,-2,1,186
1.6186,1.632,-0.0065185,0.00047122,-2,1,186
0.52648,0.53989,-0.0065185,0.00047122,-2,1,186
3.4482,-0.58242,-0.0065185,0.00047122,-2,1,186
4.3816,4.395,-0.0065185,0.00047122,-2,1,186
4.3251,3.0029,-0.0065185,0.00047122,-2,1,186
3.277,3.6904,-0.0065185,0.00047122,-2,1,186
2.7861,3.1585,-4.0065,0.00047122,1,1,186
4.2013,-3.1852,-0.0065185,0.00047122,-2,1,186
-5.1629,-5.4088,-0.0065185,0.00047122,-2,0,186
1.1467,3.2706,-0.0065185,0.00047122,-2,1,186
-0.96643,-1.1404,2.9935,0.00047122,1,1,186
0.72697,0.84316,-0.0065185,0.00047122,-2,0,186
-2.6097,-0.59624,-0.0065185,0.00047122,-2,1,186
-0.47352,2.2399,-0.0065185,0.00047122,-2,0,186
-0.40182,-2.3981,3.9935,0.00047122,1,0,186
-0.37268,-0.35926,-0.0065185,0.00047122,-2,1,186
3.3251,3.2285,-0.0065185,0.00047122,-2,1,186
2.827,2.4744,-0.0065185,0.00047122,-1,1,186
2.4036,1.3679,0.99348,0.00047122,1,1,186
1.1621,-2.6745,-0.0065185,0.00047122,-2,1,186
-4.5455,-1.0235,-0.0065185,0.00047122,-2,0,186
-3.863,-5.1496,-0.0065185,-2.9995,-1,0,186
3.2918,0.94088,3.9935,0.00047122,1,1,186
1.4385,1.4519,-0.0065185,0.00047122,-2,1,186
2.5545,-2.495,-0.0065185,0.00047122,-2,1,186
0.17197,2.1854,-0.0065185,0.00047122,-2,1,186
-1.1532,-5.0701,-0.0065185,0.00047122,-2,0,186
-0.97951,-0.96609,-4.0065,0.00047122,1,0,186
-4.163,-4.1496,-0.0065185,0.00047122,-2,0,186
-3.8379,-4.7145,-0.0065185,0.00047122,-2,0,186
-5.5615,-3.2481,-0.0065185,0.00047122,-2,0,186
-4.7266,-4.7132,3.9935,0.00047122,1,0,186
3.1359,-2.741,-0.0065185,0.00047122,-2,1,186
-4.9573,-2.2271,-0.0065185,0.00047122,-2,0,186
-5.813,-5.7996,-0.0065185,0.00047122,-2,0,186
4.6993,3.3016,-0.0065185,0.00047122,-2,1,186
-5.5862,-5.5727,-0.0065185,0.00047122,-2,0,186
-1.4976,-1.4841,-0.0065185,0.00047122,-2,0,186
-1.2723,-2.6804,3.9935,0.00047122,1,0,186
2.6418,3.0552,-0.0065185,0.00047122,-2,1,186
-0.44553,2.3932,-0.0065185,0.00047122,-2,1,186
-0.82803,-0.36461,-0.0065185,0.00047122,-2,0,186
-3.5455,-3.5321,-0.0065185,0.00047122,-2,0,186
2.172,0.41057,-0.0065185,0.00047122,-2,1,186
-0.8379,-0.54813,-0.0065185,0.00047122,-2,0,186
0.43845,0.68677,-0.0065185,0.00047122,-2,1,186
0.30447,-0.351,-0.0065185,0.00047122,-2,0,186
-0.25053,-0.98211,-0.0065185,-0.99953,-1,1,186
-2.2238,-2.2104,-0.0065185,0.00047122,-2,0,186
-5.0395,-5.0261,-0.0065185,0.00047122,-2,0,186
4.8919,-1.0261,-0.0065185,0.00047122,-2,1,186
3.7588,3.4179,-0.0065185,0.00047122,-2,1,186
4.6456,3.209,-0.0065185,0.00047122,-2,1,186
3.9495,3.4179,-4.0065,0.00047122,1,1,186
4.4677,-2.9189,-0.0065185,0.00047122,-2,1,186
0.61072,-3.7759,-0.0065185,0.00047122,-2,0,186
-0.66084,-0.98211,-0.0065185,0.00047122,-2,0,186
-2.8455,-2.8321,-0.0065185,0.00047122,-2,0,186
-3.718,-0.35443,-0.0065185,0.00047122,-2,0,186
-3.1405,-3.1271,3.9935,0.00047122,1,1,187
3.4495,2.3503,-0.0065185,0.00047122,-2,1,187
5.7045,4.7722,-0.0065185,0.00047122,-2,1,187
-2.4405,1.8332,-0.0065185,0.00047122,-2,0,187
2.2327,1.4129,-0.0065185,0.00047122,-2,1,187
2.9605,-1.8761,-0.0065185,0.00047122,-2,1,187
-2.5081,-2.9884,-1.0065,0.00047122,1,0,187
1.1145,1.1279,-0.0065185,0.00047122,-2,1,187
0.40447,0.41789,-0.0065185,0.00047122,-2,1,187
0.11447,3.632,-0.0065185,0.00047122,-2,1,187
-6.5455,-0.075611,-0.0065185,0.00047122,-2,0,187
4.172,3.0973,-0.0065185,0.00047122,-2,1,187
-3.5379,-3.5245,-4.0065,0.00047122,1,0,187
3.5705,1.7863,-0.0065185,0.00047122,-2,1,187
4.3356,4.239,-0.0065185,0.00047122,-2,1,187
-4.127,-3.6636,-0.0065185,0.00047122,-2,0,187
1.9662,0.87565,-0.0065185,0.00047122,-2,1,187
5.8219,3.0029,-0.0065185,0.00047122,-2,1,187
4.9493,4.1651,4.9935,0.00047122,1,1,187
-5.5862,-5.5727,-0.0065185,0.00047122,-2,0,187
5.5065,3.5561,-0.0065185,0.00047122,-2,1,187
3.4312,4.2048,-0.0065185,0.00047122,-2,1,187
-1.3582,-1.3448,-0.0065185,0.00047122,-2,0,187
1.1628,2.1398,3.9935,0.00047122,1,1,187
0.26654,3.3791,-0.0065185,0.00047122,-2,0,187
3.0045,3.0179,-0.0065185,0.00047122,-2,1,187
4.5545,5.0244,-0.0065185,0.00047122,-2,1,187
5.172,3.8854,-0.0065185,0.00047122,-2,1,187
1.8468,1.8603,-0.0065185,0.00047122,-2,1,187
1.5705,0.13417,-0.0065185,0.00047122,-2,1,187
-1.3266,-1.9233,2.9935,0.00047122,1,1,187
2.0045,2.7154,-0.0065185,0.00047122,-2,1,187
2.7045,1.9796,-0.0065185,0.00047122,-2,1,187
2.4495,-1.007,-0.0065185,0.00047122,-2,1,187
1.2327,0.71274,-0.0065185,0.00047122,-2,1,187
-2.0395,-1.7486,-0.0065185,0.00047122,-2,0,187
0.11706,0.13048,-0.0065185,0.00047122,-2,1,187
-0.84553,-0.40539,-0.0065185,0.00047122,-2,0,187
-3.718,0.63201,-0.0065185,0.00047122,-2,0,187
-3.1597,-2.0101,3.9935,0.00047122,1,0,187
-2.5175,3.8616,-0.0065185,0.00047122,-2,0,187
-2.4392,-1.605,-0.0065185,0.00047122,-2,0,187
-0.37268,0.33847,-0.0065185,0.00047122,-2,0,187
-0.3161,-0.93787,1.9935,0.00047122,1,0,187
-2.268,1.9495,-0.0065185,0.00047122,-2,0,187
3.2361,3.2495,-0.0065185,0.00047122,-2,1,187
-2.1924,-1.624,-0.0065185,0.00047122,-2,0,187
-2.1629,-2.1495,-0.0065185,0.00047122,-2,0,187
-2.1378,-1.3062,-0.0065185,0.00047122,-2,1,187
-1.8164,-1.803,2.9935,0.00047122,1,0,187
-4.0983,-4.0849,-0.0065185,0.00047122,-2,0,187
-3.0829,1.298,-0.0065185,0.00047122,-2,0,187
-1.0698,-0.68974,-0.0065185,0.00047122,-2,0,187
-2.0586,-2.0452,-0.0065185,0.00047122,-2,0,187
-2.0492,-2.0358,-0.0065185,0.00047122,-2,0,187
-4.0411,-4.0277,-0.0065185,0.00047122,-2,0,187
3.4432,0.57865,-3.0065,0.00047122,1,1,187
-3.0285,-2.1646,-0.0065185,0.00047122,-2,0,187
-1.0235,-0.28726,-0.0065185,0.00047122,-2,0,187
-2.0193,2.4509,-0.0065185,0.00047122,-2,0,187
4.0247,1.7381,-0.0065185,0.00047122,-2,1,187
4.0217,4.0351,-0.0065185,0.00047122,-2,1,187
-4.0101,-3.6194,-0.0065185,0.00047122,-2,0,187
-3.408,-2.1303,-5.0065,0.00047122,1,0,187
2.015,4.2785,-0.0065185,0.00047122,-2,1,187
4.0135,4.0269,-0.0065185,0.00047122,-2,1,187
4.0121,4.0255,-0.0065185,0.00047122,-2,1,187
-0.0020132,0.17883,-0.0065185,0.00047122,-2,1,187
0.0044729,-1.0316,-0.0065185,0.00047122,-2,1,187
0.0044729,0.017889,-4.0065,0.00047122,1,1,187
-0.99553,3.4179,-0.0065185,0.00047122,-2,0,187
-0.99553,-1.6233,-0.0065185,0.00047122,-2,0,187
3.8545,0.86789,-0.0065185,0.00047122,-2,1,187
4.727,4.7404,-0.0065185,0.00047122,-2,1,187
-4.0097,-1.6276,-4.0065,0.00047122,1,0,187
-4.5175,-3.5384,-0.0065185,0.00047122,-2,0,187
-0.43923,-2.495,-0.0065185,0.00047122,-2,0,187
-1.3727,-0.35926,-0.0065185,0.00047122,-2,0,187
1.6839,1.6973,-0.0065185,0.00047122,-2,1,187
1.7045,-0.47299,-0.0065185,0.00047122,-2,1,187
-1.4405,0.63201,-4.0065,0.00047122,1,0,187
-1.2238,0.53989,-0.0065185,0.00047122,-2,1,187
2.0045,4.9079,-0.0065185,0.00047122,-2,1,187
6.7045,6.7179,-0.0065185,0.00047122,-2,1,187
-5.4405,-1.4271,-0.0065185,0.00047122,-2,0,187
2.2327,4.059,-0.0065185,0.00047122,-2,1,187
-1.0395,-1.8761,-0.0065185,0.00047122,-2,0,187
0.89188,0.9053,3.9935,0.00047122,1,1,187
0.25017,-4.1364,-0.0065185,0.00047122,-2,0,187
1.3633,1.3767,-0.0065185,0.00047122,-2,1,187
-0.29553,-0.28211,-0.0065185,0.00047122,-2,0,187
-0.29553,1.1038,-0.0065185,0.00047122,-2,1,187
0.25947,0.27289,3.9935,0.00047122,1,0,187
-1.7673,-2.8074,-0.0065185,0.00047122,-2,0,187
-3.5455,-3.5321,-0.0065185,0.00047122,-2,0,187
3.172,1.298,-0.0065185,0.00047122,-2,1,187
-2.6879,-2.6745,2.9935,0.00047122,1,1,187
-3.718,-2.4794,-0.0065185,0.00047122,-2,1,187
3.6186,0.40039,-0.0065185,0.00047122,-2,0,187
-0.51753,-0.50412,-0.0065185,0.00047122,-2,0,187
-1.9955,-1.9821,-0.0065185,0.00047122,-2,0,187
1.0045,1.0179,-0.0065185,0.00047122,-2,0,187
0.0044729,-0.41668,-0.0065185,0.00047122,-2,0,187
0.0044729,-1.3132,1.9935,0.00047122,1,0,187
1.0045,-1.6821,-0.0065185,0.00047122,-2,0,187
1.8545,-0.42711,-0.0065185,0.00047122,-2,1,187
-4.8455,-4.7996,-0.0065185,0.00047122,-2,0,187
1.727,1.7404,-0.0065185,0.00047122,-2,1,187
-2.3814,-2.368,-0.0065185,0.00047122,-2,1,187
2.0325,-0.92785,-3.0065,0.00047122,1,0,187
0.56077,-2.9588,-0.0065185,0.00047122,-2,1,187
-0.14553,-0.13211,-0.0065185,0.00047122,-2,1,187
0.13197,2.1808,-2.0065,0.00047122,1,0,187
1.6186,2.332,-0.0065185,0.00047122,-2,1,187
1.3765,1.3899,4.9935,0.00047122,1,1,187
0.56077,2.1493,-0.0065185,0.00047122,-2,0,187
0.38162,0.39504,-0.0065185,0.00047122,-2,0,187
4.0045,0.83536,-0.0065185,0.00047122,-2,1,187
4.0045,4.0179,-0.0065185,0.00047122,-2,1,187
4.0045,4.0179,-0.0065185,0.00047122,-2,1,187
-3.9955,-2.4386,-0.0065185,0.00047122,-2,0,187
-4.9955,-4.9821,-0.0065185,0.00047122,-2,0,187
4.2545,2.9079,4.9935,0.00047122,1,1,187
1.0045,-3.074,-0.0065185,0.00047122,-2,0,187
1.0045,1.0179,-0.0065185,0.00047122,-2,1,187
1.8545,1.5771,-0.0065185,0.00047122,-2,1,187
-1.568,-1.4462,1.9935,0.00047122,1,0,187
2.3903,2.4959,-0.0065185,0.00047122,-2,0,187
2.4825,2.5742,-0.0065185,0.00047122,-2,1,187
0.45447,-0.76666,-0.0065185,0.00047122,-2,0,187
-0.37803,-0.36461,-4.0065,0.00047122,1,0,187
-0.16303,-0.14961,-0.0065185,0.00047122,-2,1,187
-3.6955,2.1536,-0.0065185,0.00047122,-2,0,187
2.4495,3.1629,-0.0065185,0.00047122,-2,1,187
-2.2238,-2.0604,-0.0065185,0.00047122,-2,0,187
-1.0395,-0.44535,-0.0065185,0.00047122,-2,0,187
-1.8829,-1.0984,-0.0065185,0.00047122,-2,0,187
2.7588,2.7722,-0.0065185,0.00047122,-2,1,187
-2.3367,-0.98909,-3.0065,0.00047122,1,0,187
-4.5405,-4.5271,-0.0065185,0.00047122,-2,0,187
5.4677,2.6486,-0.0065185,0.00047122,-2,1,187
-4.3893,-4.1568,-0.0065185,0.00047122,-2,0,187
-3.3302,-3.9293,-0.0065185,0.00047122,-2,0,187
-2.83,-2.6583,-5.0065,0.00047122,1,0,187
0.76266,-4.4739,-0.0065185,0.00047122,-2,1,187
-2.1455,-3.6858,-0.0065185,0.00047122,-2,0,187
0.45447,0.46789,-0.0065185,0.00047122,-2,1,187
0.38697,2.502,-3.0065,0.00047122,1,1,187
-1.828,-0.36461,-0.0065185,0.00047122,-2,0,187
2.4045,1.7417,-0.0065185,0.00047122,-2,1,187
1.1145,-0.97449,-0.0065185,0.00047122,-2,1,187
7.4045,4.7404,-0.0065185,0.00047122,-2,1,187
6.8945,0.81986,-0.0065185,0.00047122,-2,1,187
7.461,3.9399,-0.0065185,0.00047122,-2,1,187
6.3425,6.3559,2.9935,0.00047122,1,1,187
3.7793,2.395,-0.0065185,0.00047122,-2,1,187
2.5131,2.5265,-0.0065185,0.00047122,-2,1,187
-4.2778,-3.1068,-0.0065185,0.00047122,-2,0,187
4.0944,2.7995,-0.0065185,0.00047122,-2,1,187
3.9309,2.7648,-0.0065185,0.00047122,-2,1,187
2.792,2.7352,-0.0065185,0.00047122,-2,1,187
-0.32615,-0.83987,-0.0065185,0.00047122,-2,1,187
-2.4266,-2.4131,-0.0065185,0.00047122,-2,0,187
-1.4455,-5.2104,-0.0065185,0.00047122,-2,1,187
-1.163,1.1493,-0.0065185,0.00047122,-2,1,187
1.8545,-0.97449,-0.0065185,0.00047122,-2,1,187
-2.273,-2.2596,-0.0065185,0.00047122,-2,1,187
-0.3814,0.79404,-0.0065185,0.00047122,-2,0,187
2.1545,2.1679,-0.0065185,0.00047122,-2,0,187
-1.823,-0.94782,3.9935,0.00047122,1,1,187
-2.3814,-3.4258,-0.0065185,0.00047122,-2,0,187
2.0325,2.0459,3.9935,0.00047122,1,1,187
-1.828,-1.8146,-0.0065185,0.00047122,-2,0,187
-1.3955,-1.3821,-0.0065185,0.00047122,-2,1,187
-0.69553,-4.1386,-0.0065185,0.00047122,-2,1,187
0.55447,0.40039,-0.0065185,0.00047122,-2,0,188
0.17197,0.18539,-0.0065185,0.00047122,-2,0,188
-2.1532,-3.9305,-0.0065185,0.00047122,-2,0,188
0.43845,-0.31988,-0.0065185,0.00047122,-2,1,188
-3.6644,-0.351,-0.0065185,0.00047122,-2,0,188
-0.86408,-4.2004,-0.0065185,0.00047122,-2,0,188
-0.7338,-1.9552,-0.0065185,-1.9995,-1,0,188
-1.1781,-0.60964,-0.0065185,0.00047122,-2,0,188
-0.30068,-0.28726,-0.0065185,0.00047122,-2,0,188
0.5951,0.034428,-0.0065185,0.00047122,-2,1,188
-2.9955,0.74411,-0.0065185,0.00047122,-2,0,188
-0.99553,0.061901,-0.0065185,0.00047122,-2,0,188
0.85447,2.1854,3.9935,0.00047122,1,1,188
2.0045,1.2636,-0.0065185,0.00047122,-2,1,188
2.0045,2.0179,-0.0065185,0.00047122,-2,1,188
-4.9955,-1.8936,-0.0065185,0.00047122,-2,0,188
-1.9955,-1.5189,-0.0065185,0.00047122,-2,0,188
-1.9955,-1.5884,-0.0065185,0.00047122,-2,0,188
1.7045,3.0885,4.9935,0.00047122,1,1,188
5.0045,4.7334,-0.0065185,0.00047122,-2,1,188
-3.9955,-3.3528,-0.0065185,0.00047122,-2,1,188
-3.3955,-3.0527,-0.0065185,0.00047122,-2,0,188
-3.9955,-3.9821,-0.0065185,0.00047122,-2,0,188
3.4045,2.4744,3.9935,0.00047122,1,1,188
-4.9955,-3.3821,-0.0065185,0.00047122,-2,0,188
-1.9955,-1.9821,-0.0065185,0.00047122,-2,0,188
1.0045,1.0179,-0.0065185,0.00047122,-2,1,188
-2.9955,3.0885,-0.0065185,0.00047122,-2,0,188
1.5545,1.5679,-0.0065185,0.00047122,-2,1,188
1.837,2.2364,-0.0065185,0.00047122,-2,1,188
-1.5532,-1.5397,1.9935,0.00047122,1,1,188
0.43845,-1.5481,-0.0065185,0.00047122,-2,0,188
0.67336,0.27289,-0.0065185,0.00047122,-2,0,188
-0.86408,-0.85066,-0.0065185,0.00047122,-2,0,188
0.30447,0.31789,-0.0065185,0.00047122,-2,1,188
0.30447,-0.45386,-0.0065185,0.00047122,-2,1,188
0.70447,0.061901,-0.0065185,0.00047122,-2,0,188
0.15447,0.16789,-0.0065185,0.00047122,-2,1,188
1.1545,0.78964,-0.0065185,0.00047122,-2,1,188
-0.97303,-0.95961,3.9935,0.00047122,1,0,188
-2.5505,-1.9371,-0.0065185,0.00047122,-2,0,188
-7.3955,-6.8721,-0.0065185,0.00047122,-2,0,188
-5.8855,-5.4386,-0.0065185,0.00047122,-2,0,188
5.011,2.2326,-4.0065,0.00047122,1,1,188
0.092498,-1.2941,-0.0065185,0.00047122,-2,1,188
-2.7703,-2.4907,-0.0065185,0.00047122,-2,0,188
-2.5041,-2.2644,-0.0065185,0.00047122,-2,0,188
1.2868,1.3002,-0.0065185,0.00047122,-2,1,188
-2.0855,-1.9086,-0.0065185,0.00047122,-2,0,188
1.7809,-0.082024,3.9935,0.00047122,1,1,188
1.792,4.2054,-0.0065185,0.00047122,-2,1,188
-0.6649,-0.55108,-0.0065185,0.00047122,-2,1,188
0.0044729,0.74039,-0.0065185,0.00047122,-2,0,188
0.0044729,0.50151,-4.0065,0.00047122,1,0,188
-2.9955,-2.8601,-0.0065185,0.00047122,-2,0,188
3.0045,3.0179,-0.0065185,0.00047122,-2,1,188
-2.5455,-1.7725,-5.0065,0.00047122,1,0,188
3.0045,3.3385,-0.0065185,0.00047122,-2,1,188
-1.5455,3.6304,-0.0065185,0.00047122,-2,1,188
-1.8455,1.3354,-0.0065185,0.00047122,-2,0,188
-3.718,-2.9821,-0.0065185,0.00047122,-2,0,188
-4.6097,-1.3187,-0.0065185,0.00047122,-2,0,188
-4.5175,-3.9041,-0.0065185,0.00047122,-2,0,188
3.8482,3.4179,4.9935,0.00047122,1,1,188
-4.3727,-4.3593,-0.0065185,0.00047122,-2,0,188
4.3251,4.0179,-0.0065185,0.00047122,-2,1,188
-5.268,-3.3252,-0.0065185,0.00047122,-2,0,188
-3.2271,-2.9821,-0.0065185,0.00047122,-2,0,188
-4.1924,-3.7915,-0.0065185,0.00047122,-2,0,188
-3.5629,-3.3821,-5.0065,0.00047122,1,0,188
-4.1378,-4.1244,-0.0065185,0.00047122,-2,0,188
-2.1164,-3.7155,-0.0065185,0.00047122,-2,0,188
-0.098297,-1.6821,-0.0065185,0.00047122,-2,0,188
0.91712,0.93053,-0.0065185,0.00047122,-2,1,188
0.78022,0.86789,2.9935,0.00047122,1,1,188
2.282,3.0179,-0.0065185,0.00047122,-2,0,188
-0.3814,2.1854,-0.0065185,0.00047122,-2,0,188
0.33247,4.8679,-0.0065185,4.0005,-1,1,188
-1.718,-0.26091,-0.0065185,0.00047122,-2,0,188
1.4686,1.482,4.9935,0.00047122,1,1,188
-1.5175,0.14934,-0.0065185,0.00047122,-2,0,188
2.5608,-4.0383,-0.0065185,0.00047122,-2,0,188
0.62732,3.3854,-0.0065185,0.00047122,-2,1,188
4.8545,6.1854,-0.0065185,0.00047122,-2,1,188
3.727,0.4679,-0.0065185,0.00047122,-2,1,188
3.1686,3.182,0.99348,0.00047122,1,1,188
3.5265,4.349,-0.0065185,0.00047122,-2,1,188
-2.9892,-1.8361,-4.0065,0.00047122,1,0,188
0.62732,0.056157,-0.0065185,0.00047122,-2,0,188
-2.3161,-2.7996,-0.0065185,0.00047122,-2,0,188
-0.26802,-0.67696,-0.0065185,0.00047122,-2,0,188
-1.7639,-1.7505,-0.0065185,0.00047122,-2,0,188
1.5076,1.2159,4.9935,0.00047122,1,1,188
-4.4405,-5.6771,-0.0065185,0.00047122,-2,0,188
-4.2238,-1.2498,-0.0065185,0.00047122,-2,0,188
-3.0395,-1.4421,-0.0065185,0.00047122,-2,0,188
-2.5829,-0.75564,-5.0065,0.00047122,1,0,188
-5.7498,-4.1946,-0.0065185,0.00047122,-2,0,188
-1.6367,-2.9252,-0.0065185,0.00047122,-2,0,188
0.45949,-0.26314,-0.0065185,0.00047122,-2,1,188
-1.1455,-1.1321,-0.0065185,0.00047122,-2,0,188
-2.6955,-2.2962,-0.0065185,0.00047122,-2,0,188
3.4495,2.3526,-0.0065185,0.00047122,-2,1,188
-2.9238,-1.9329,3.9935,0.00047122,1,0,188
-2.0395,-1.2239,-0.0065185,0.00047122,-2,0,188
-1.1081,-2.6666,-0.0065185,0.00047122,-2,0,188
-1.2955,1.7201,-0.0065185,0.00047122,-2,0,188
0.45447,2.3767,-0.0065185,0.00047122,-2,1,188
0.55447,0.56789,-0.0065185,0.00047122,-2,1,188
0.47197,-0.78047,-4.0065,0.00047122,1,0,188
2.4495,-0.25847,-0.0065185,0.00047122,-2,1,188
-1.2238,-2.8721,-0.0065185,0.00047122,-2,0,188
-0.03954,-1.8361,-0.0065185,0.00047122,-2,1,188
-2.1455,-3.5962,-0.0065185,0.00047122,-2,0,188
1.832,1.8454,2.9935,0.00047122,1,1,188
-5.163,-4.4907,-0.0065185,0.00047122,-2,0,188
-5.8379,-3.992,-0.0065185,0.00047122,-2,0,188
-4.5615,-4.5481,-0.0065185,0.00047122,-2,0,188
4.3356,4.239,-0.0065185,0.00047122,-2,1,188
-5.127,-4.7696,-0.0065185,0.00047122,-2,0,188
-4.9573,-4.6515,-0.0065185,0.00047122,-2,0,188
-3.813,-2.3935,-0.0065185,0.00047122,-2,0,188
3.2493,3.2627,-4.0065,0.00047122,1,1,188
-5.5862,2.8273,-0.0065185,0.00047122,-2,0,188
5.5065,4.7699,-0.0065185,0.00047122,-2,1,188
-5.4223,-4.6588,-0.0065185,0.00047122,-2,0,188
4.6172,4.6306,-4.0065,0.00047122,1,1,188
-4.3038,3.1096,-0.0065185,0.00047122,-2,0,188
4.2665,3.68,-0.0065185,0.00047122,-2,1,188
-3.6183,-3.5371,1.9935,0.00047122,1,0,188
5.1938,-1.4928,-0.0065185,0.00047122,-2,1,188
-3.1565,-4.3931,-0.0065185,0.00047122,-2,0,188
-0.13233,-0.077324,-0.0065185,0.00047122,-2,0,188
-0.11181,-2.0984,-0.0065185,-1.9995,-1,0,188
-1.0944,-1.0509,-0.0065185,0.00047122,-2,0,188
-4.0795,-1.6066,-0.0065185,0.00047122,-2,0,188
-4.0669,-3.4535,-0.0065185,0.00047122,-2,0,188
3.4652,3.4786,-4.0065,0.00047122,1,0,188
0.11447,-2.908,-0.0065185,0.00047122,-2,0,188
-0.44553,2.8774,-0.0065185,0.00047122,-2,0,188
1.837,0.40039,-0.0065185,0.00047122,-2,1,188
-1.1532,-3.0042,-0.0065185,0.00047122,-2,0,188
-0.97951,-1.3061,2.9935,0.00047122,1,1,188
1.172,-3.5321,-0.0065185,0.00047122,-2,1,188
-3.1455,-1.2201,-0.0065185,0.00047122,-2,0,188
-3.273,-3.2596,-0.0065185,0.00047122,-2,0,188
2.7903,2.2938,-4.0065,0.00047122,1,0,188
-3.8855,3.4096,-0.0065185,0.00047122,-2,0,188
-3.8455,-2.0772,-0.0065185,0.00047122,-2,0,188
3.727,3.7404,-0.0065185,0.00047122,-2,1,188
-4.6097,-3.9872,-0.0065185,0.00047122,-2,0,188
-5.5175,-2.3465,-0.0065185,0.00047122,-2,0,188
-4.4392,-4.2358,-0.0065185,0.00047122,-2,0,188
-3.7727,-3.3852,2.9935,0.00047122,1,1,188
1.1145,1.1279,-0.0065185,0.00047122,-2,0,188
1.6045,-1.8771,-0.0065185,0.00047122,-2,1,188
1.1145,4.2495,-0.0065185,0.00047122,-2,1,188
-1.539,-3.7915,-0.0065185,0.00047122,-2,0,188
-1.9075,-4.1495,-0.0065185,0.00047122,-2,0,188
2.2297,3.0501,-0.0065185,0.00047122,-2,1,188
-3.4869,-3.4735,-0.0065185,0.00047122,-2,0,188
-1.7132,-2.9749,-0.0065185,0.00047122,-2,0,188
-0.90556,-2.0695,-0.0065185,0.00047122,-2,0,188
-2.0691,-2.0556,-0.0065185,0.00047122,-2,0,188
3.217,1.9234,-0.0065185,0.00047122,-2,1,188
-3.3262,-3.4358,-0.0065185,0.00047122,-2,0,188
-3.4266,-2.8131,-0.0065185,0.00047122,-2,0,188
-0.47915,0.056648,-0.0065185,0.00047122,-2,1,188
0.41555,-2.461,-3.0065,0.00047122,1,1,188
-3.9955,-6.5321,-0.0065185,0.00047122,-2,0,188
-0.39553,-0.38211,-0.0065185,0.00047122,-2,0,188
-3.8855,-3.8721,-0.0065185,0.00047122,-2,0,188
-7.452,-7.4386,-0.0065185,0.00047122,-2,0,188
6.0925,4.0325,-0.0065185,0.00047122,-2,1,188
5.0045,5.9053,-0.0065185,0.00047122,-2,0,189
-7.2455,-4.2321,-0.0065185,0.00047122,-2,1,189
7.617,6.1804,-0.0065185,0.00047122,-2,1,189
-1.3955,-1.3821,-0.0065185,0.00047122,-2,0,189
-0.10553,-1.1397,-0.0065185,0.00047122,-2,0,189
6.5545,-3.3651,-0.0065185,0.00047122,-2,1,189
3.172,0.23039,-0.0065185,0.00047122,-2,1,189
4.8468,2.2385,-0.0065185,0.00047122,-2,1,189
-5.5615,-5.5481,-0.0065185,0.00047122,-2,1,189
5.4045,4.1854,-0.0065185,0.00047122,-2,1,189
0.70447,2.4968,-0.0065185,0.00047122,-2,0,189
-4.8455,-4.8321,-0.0065185,0.00047122,-2,0,189
-4.118,0.52364,-5.0065,0.00047122,1,0,189
-4.6097,-4.5962,-0.0065185,0.00047122,-2,0,189
-4.5175,-2.086,-0.0065185,0.00047122,-2,0,189
-1.4392,-3.8258,-0.0065185,0.00047122,-2,1,189
-0.84553,0.25785,-0.0065185,0.00047122,-2,0,189
1.0045,1.5479,-0.0065185,0.00047122,-2,1,189
-0.84553,-0.044614,1.9935,0.00047122,1,0,189
3.0045,-2.3515,-0.0065185,0.00047122,-2,1,189
-0.99553,-1.9631,-0.0065185,0.00047122,-2,0,189
-1.9955,0.38427,-0.0065185,0.00047122,-2,1,189
2.0045,1.7179,-0.0065185,0.00047122,-2,1,189
1.7045,1.8123,2.9935,0.00047122,1,1,189
0.55947,0.57289,-0.0065185,0.00047122,-2,1,189
-0.46728,-0.6381,1.9935,0.00047122,1,0,189
2.4495,-0.23711,-0.0065185,0.00047122,-2,1,189
-1.2238,0.73391,-0.0065185,0.00047122,-2,0,189
-0.03954,1.349,-0.0065185,0.00047122,-2,1,189
0.15447,0.9053,-0.0065185,0.00047122,-2,1,189
-0.12303,-0.01391,3.9935,0.00047122,1,0,189
-0.27303,-2.741,-0.0065185,0.00047122,-2,1,189
3.6186,3.5629,-0.0065185,0.00047122,-2,1,189
-0.51753,-0.50412,-0.0065185,0.00047122,-2,0,189
-0.55182,-0.58836,-0.0065185,0.00047122,-2,0,189
-1.1455,0.49074,-0.0065185,0.00047122,-2,1,189
-2.273,-2.2596,-0.0065185,0.00047122,-2,0,189
-2.5455,-2.155,-0.0065185,0.00047122,-2,1,189
0.0044729,1.2461,-0.0065185,0.00047122,-2,1,189
0.0044729,0.29038,-5.0065,0.00047122,1,1,189
-3.9955,-3.7505,-0.0065185,0.00047122,-2,0,189
-1.3955,1.2636,-0.0065185,0.00047122,-2,0,189
4.8945,3.7297,-0.0065185,0.00047122,-2,0,189
-4.152,-4.1386,-3.0065,0.00047122,1,1,189
0.55947,-3.9771,-0.0065185,0.00047122,-2,0,189
-5.6955,4.0711,-0.0065185,0.00047122,-2,1,189
-3.4405,-0.13974,-0.0065185,0.00047122,-2,0,189
0.70447,4.1361,-0.0065185,0.00047122,-2,1,189
-2.4405,-0.57711,-0.0065185,0.00047122,-2,0,189
2.0827,2.0961,3.9935,0.00047122,1,1,189
-1.9515,-1.9381,-0.0065185,0.00047122,-2,1,189
0.11706,-3.7595,-0.0065185,0.00047122,-2,1,189
1.1545,0.4502,-0.0065185,0.00047122,-2,1,189
2.3045,-3.7701,-0.0065185,0.00047122,-2,1,189
5.4045,0.24307,-0.0065185,0.00047122,-2,1,189
4.8945,0.50929,-0.0065185,0.00047122,-2,0,189
-4.152,-4.1386,-4.0065,0.00047122,1,1,189
-1.4405,0.58686,-0.0065185,0.00047122,-2,1,189
-2.2238,-2.3885,-0.0065185,0.00047122,-2,0,189
-4.8455,-6.4386,-0.0065185,0.00047122,-2,0,189
-4.718,-6.0701,-0.0065185,0.00047122,-2,0,189
-1.6097,-1.3505,-0.0065185,0.00047122,-2,1,189
1.8545,2.1676,-0.0065185,0.00047122,-2,1,189
-1.568,-1.5546,-5.0065,0.00047122,1,0,189
-4.718,-4.7046,-0.0065185,0.00047122,-2,0,189
-4.6097,-4.9086,-0.0065185,0.00047122,-2,0,189
2.5265,3.876,-0.0065185,0.00047122,-2,1,189
3.4482,3.6873,-0.0065185,0.00047122,-2,1,189
-5.3727,-1.9961,-0.0065185,0.00047122,-2,0,189
-4.5661,-4.5527,3.9935,0.00047122,1,1,189
-3.608,-3.5946,-0.0065185,0.00047122,-2,0,189
-2.9955,2.9079,-0.0065185,0.00047122,-2,0,189
-4.9955,-2.5321,-0.0065185,0.00047122,-2,0,189
-3.9955,-3.9821,-0.0065185,0.00047122,-2,0,189
-3.3955,-3.8092,-3.0065,0.00047122,1,0,189
-2.9955,-3.1645,-0.0065185,0.00047122,-2,0,189
3.0045,2.3404,-0.0065185,0.00047122,-2,1,189
-0.99553,-2.6639,-0.0065185,0.00047122,-2,0,189
0.0044729,-0.83211,-0.0065185,0.00047122,-2,0,189
0.0044729,0.1131,-0.0065185,0.00047122,-2,1,189
0.0044729,0.017889,3.9935,0.00047122,1,1,189
-0.99553,2.4179,-0.0065185,0.00047122,-2,0,189
-0.84553,-0.83211,3.9935,0.00047122,1,1,189
0.0044729,3.4179,-0.0065185,0.00047122,-2,1,189
0.0044729,0.017889,-0.0065185,0.00047122,-2,0,189
1.0045,-2.4027,-0.0065185,0.00047122,-2,1,189
1.0045,1.0484,-0.0065185,0.00047122,-2,1,189
-0.84553,-0.70461,1.9935,0.00047122,1,1,189
1.727,-1.6601,-0.0065185,0.00047122,-2,1,189
-3.8455,-1.3541,-0.0065185,0.00047122,-2,0,189
-2.718,-2.7046,-0.0065185,0.00047122,-2,0,189
2.6186,2.1989,-0.0065185,0.00047122,-2,1,189
-2.2175,-2.2041,-5.0065,0.00047122,1,0,189
4.4482,4.2777,-0.0065185,0.00047122,-2,1,189
2.3816,2.0262,-0.0065185,0.00047122,-2,1,189
4.3251,4.025,-0.0065185,0.00047122,-2,1,189
-3.668,-2.7111,-5.0065,0.00047122,1,0,189
4.2361,4.273,-0.0065185,0.00047122,-2,1,189
-4.1924,-4.179,-0.0065185,0.00047122,-2,0,189
3.1718,3.0216,-0.0065185,0.00047122,-2,1,189
-4.1378,-4.1244,-0.0065185,0.00047122,-2,0,189
-4.1164,-4.103,-0.0065185,0.00047122,-2,0,189
-3.0983,-3.0849,-0.0065185,0.00047122,-2,0,189
-2.6329,-1.5781,-4.0065,0.00047122,1,0,189
-3.0698,-2.9837,-0.0065185,0.00047122,-2,0,189
-1.0586,-1.0452,-0.0065185,0.00047122,-2,0,189
3.0581,2.4756,-0.0065185,0.00047122,-2,1,189
-4.0411,-2.5777,-0.0065185,0.00047122,-2,0,189
3.0432,3.4187,-0.0065185,0.00047122,-2,1,189
-2.5785,-2.5328,-5.0065,0.00047122,1,0,189
0.97647,-4.2601,-0.0065185,0.00047122,-2,0,189
-2.9717,-2.9816,-0.0065185,0.00047122,-2,1,189
3.9842,0.73994,-0.0065185,0.00047122,-2,1,189
7.4045,4.632,-0.0065185,0.00047122,-2,1,189
6.2945,-3.4601,-0.0065185,-3.9995,-1,1,189
3.461,0.44917,-0.0065185,0.00047122,-2,1,189
-4.0836,-2.9201,-0.0065185,0.00047122,-2,0,189
3.7793,2.3385,-0.0065185,0.00047122,-2,1,189
3.5131,1.7354,-0.0065185,0.00047122,-2,1,189
-2.9778,-2.9644,1.9935,0.00047122,1,0,189
1.0944,-0.59215,-0.0065185,0.00047122,-2,1,189
0.93094,0.18523,-0.0065185,0.00047122,-2,1,189
0.79197,0.16013,-3.0065,0.00047122,1,0,189
-3.9955,0.68726,-0.0065185,0.00047122,-2,0,189
0.0044729,-5.5496,-0.0065185,0.00047122,-2,0,189
-2.9955,-4.8245,-0.0065185,0.00047122,-2,0,189
-2.5455,0.017889,3.9935,0.00047122,1,0,189
-3.9955,2.0868,-0.0065185,0.00047122,-2,0,189
4.0045,4.5493,-0.0065185,0.00047122,-2,1,189
-3.9955,-4.3438,-0.0065185,0.00047122,-2,0,189
-3.3955,-3.3821,3.9935,0.00047122,1,0,189
3.0045,3.7127,-0.0065185,0.00047122,-2,1,189
5.0045,5.6085,-0.0065185,0.00047122,-2,1,189
4.2545,-1.4801,-0.0065185,-1.9995,-1,1,189
-3.608,1.0179,-0.0065185,1.0005,-1,0,189
1.0045,1.0179,-0.0065185,0.00047122,-2,1,189
0.15447,-0.5238,-0.0065185,0.00047122,-2,0,189
-1.273,-0.10961,-0.0065185,0.00047122,-2,0,189
-1.0814,0.38535,-5.0065,0.00047122,1,1,189
0.48247,5.7129,-0.0065185,0.00047122,-2,1,189
1.8545,2.2461,-0.0065185,0.00047122,-2,1,189
-1.718,-0.35675,-0.0065185,0.00047122,-2,0,189
3.6186,1.7553,-0.0065185,0.00047122,-2,1,189
-3.0675,-3.2864,-5.0065,0.00047122,1,0,189
4.4482,4.909,-0.0065185,0.00047122,-2,1,189
-5.3727,-3.9271,-0.0065185,0.00047122,-2,0,189
3.3251,4.7311,-0.0065185,0.00047122,-2,1,189
-2.818,-2.9259,3.9935,0.00047122,1,0,189
4.2361,-3.0474,-0.0065185,0.00047122,-2,1,189
-2.1924,-3.6666,-0.0065185,0.00047122,-2,0,189
-4.1629,-4.2239,-0.0065185,0.00047122,-2,0,189
3.5467,1.6684,-4.0065,0.00047122,1,1,189
-2.1164,-2.103,-0.0065185,0.00047122,-2,0,189
3.1072,3.1664,-0.0065185,0.00047122,-2,1,189
-2.6329,2.3482,2.9935,0.00047122,1,0,189
-0.92128,-2.4248,-0.0065185,0.00047122,-2,1,189
-2.0586,-2.0452,-0.0065185,0.00047122,-2,0,189
-0.049173,0.68674,-0.0065185,0.00047122,-2,1,189
2.0045,2.632,-0.0065185,0.00047122,-2,1,189
3.0045,0.48389,-0.0065185,0.00047122,-2,1,189
-4.9955,-4.9821,-0.0065185,0.00047122,-2,0,189
1.0045,1.395,-0.0065185,0.00047122,-2,1,189
-0.99553,-0.98211,-0.0065185,0.00047122,-2,0,189
4.0045,1.5839,-0.0065185,0.00047122,-2,1,189
4.0045,4.2495,-0.0065185,0.00047122,-2,1,189
-4.9955,-2.8721,-0.0065185,0.00047122,-2,0,189
2.0045,4.4352,-0.0065185,0.00047122,-2,1,189
4.0045,4.0179,-0.0065185,0.00047122,-2,1,189
2.0045,2.1388,-0.0065185,0.00047122,-2,1,189
1.7045,1.3489,-2.0065,0.00047122,1,1,189
0.33559,1.7179,-0.0065185,0.00047122,-2,0,190
-0.84553,2.5943,-0.0065185,0.00047122,-2,1,190
1.0045,-0.22134,-0.0065185,0.00047122,-2,1,190
2.1545,2.1679,-0.0065185,0.00047122,-2,1,190
3.5545,3.5679,-0.0065185,0.00047122,-2,0,190
-4.1455,-0.42582,-0.0065185,0.00047122,-2,1,190
-4.2455,0.74039,-0.0065185,0.00047122,-2,1,190
1.617,3.6304,-0.0065185,0.00047122,-2,0,190
0.93385,4.0179,-0.0065185,0.00047122,-2,1,190
2.3944,5.0179,-0.0065185,0.00047122,-2,1,190
1.7859,1.2461,-0.0065185,0.00047122,-2,1,190
0.11873,0.13214,-0.0065185,0.00047122,-2,1,190
0.10159,-3.585,-0.0065185,-1.9995,-1,1,190
-1.358,2.4744,-0.0065185,0.00047122,-2,0,190
-1.9955,-0.91205,-0.0065185,0.00047122,-2,1,190
2.0045,1.7179,-0.0065185,0.00047122,-2,1,190
3.7045,3.7179,-0.0065185,0.00047122,-2,1,190
3.1495,2.5284,4.9935,0.00047122,1,1,190
2.2327,5.3119,-0.0065185,0.00047122,-2,1,190
1.9605,-1.8761,-0.0065185,0.00047122,-2,1,190
-0.54553,1.4947,-0.0065185,0.00047122,-2,1,190
0.70447,-0.34096,-0.0065185,0.00047122,-2,0,190
0.59947,-0.37949,-4.0065,0.00047122,1,0,190
-1.273,-1.2596,-0.0065185,0.00047122,-2,1,190
2.3903,-3.4862,-0.0065185,0.00047122,-2,1,190
-1.4455,-6.4386,-0.0065185,0.00047122,-2,0,190
-3.3955,-3.3821,-0.0065185,0.00047122,-2,0,190
-1.8855,-1.8721,-0.0065185,0.00047122,-2,1,190
-3.1455,0.88906,-0.0065185,0.00047122,-2,0,190
-2.673,-2.6596,3.9935,0.00047122,1,1,190
-1.3814,0.12998,-0.0065185,0.00047122,-2,0,190
-1.6955,2.4812,-0.0065185,0.00047122,-2,0,190
-1.4405,-0.34483,-0.0065185,0.00047122,-2,0,190
0.77622,1.7096,-0.0065185,0.00047122,-2,1,190
-1.2955,-1.2821,-0.0065185,0.00047122,-2,0,190
0.55447,-1.0947,-0.0065185,0.00047122,-2,1,190
-1.163,-0.73641,-0.0065185,0.00047122,-2,1,190
-3.1455,-1.8245,-0.0065185,0.00047122,-2,0,190
2.682,2.6954,-2.0065,0.00047122,1,1,190
-0.10553,-0.092111,-0.0065185,0.00047122,-2,0,190
0.55447,0.33144,-0.0065185,0.00047122,-2,1,190
0.83697,-0.44961,-0.0065185,0.00047122,-2,1,190
-0.70315,-1.4881,-3.0065,0.00047122,1,0,190
2.172,3.7961,-0.0065185,0.00047122,-2,1,190
-2.8379,-1.0261,-0.0065185,0.00047122,-2,0,190
-0.42951,1.7553,-0.0065185,0.00047122,-2,1,190
-0.32664,0.96359,-0.0065185,0.00047122,-2,1,190
-0.14553,0.46289,-0.0065185,0.00047122,-2,1,190
-0.12303,-0.22134,4.9935,0.00047122,1,1,190
1.6186,2.0619,-0.0065185,0.00047122,-2,1,190
-2.5175,-4.1166,-0.0065185,0.00047122,-2,0,190
1.4482,1.7722,-0.0065185,0.00047122,-2,1,190
0.62732,0.64074,-0.0065185,0.00047122,-2,1,190
1.1545,1.7911,-0.0065185,0.00047122,-2,0,190
-2.718,-2.7046,-0.0065185,0.00047122,-2,0,190
-2.3097,2.3503,-5.0065,0.00047122,1,1,190
3.5595,-4.7541,-0.0065185,0.00047122,-2,0,190
0.25447,0.26789,-0.0065185,0.00047122,-2,0,190
-1.383,-1.3696,-0.0065185,0.00047122,-2,0,190
-0.066152,-0.41583,-0.0065185,0.00047122,-2,1,190
1.6145,0.07792,-0.0065185,0.00047122,-2,0,190
4.223,1.3864,-0.0065185,0.00047122,-2,0,190
3.5902,3.6036,3.9935,0.00047122,1,1,190
4.4495,6.4179,-0.0065185,0.00047122,-2,1,190
-4.2238,-2.7299,-0.0065185,0.00047122,-2,0,190
-6.0395,-7.4386,-0.0065185,0.00047122,-2,0,190
4.8919,4.9053,-0.0065185,0.00047122,-2,1,190
-3.7498,-4.7569,-0.0065185,0.00047122,-2,0,190
3.1956,2.2251,3.9935,0.00047122,1,1,190
-3.5405,-4.6644,-0.0065185,0.00047122,-2,0,190
1.4677,1.4811,-0.0065185,0.00047122,-2,1,190
1.3982,3.1119,-0.0065185,0.00047122,-2,1,190
0.33916,1.2026,-0.0065185,0.00047122,-2,0,190
-0.28001,-1.374,-3.0065,0.00047122,1,1,190
-2.9955,3.182,-0.0065185,0.00047122,-2,0,190
-3.9955,-2.5321,-0.0065185,0.00047122,-2,0,190
4.0045,3.5742,-0.0065185,0.00047122,-2,1,190
2.0045,1.6407,-0.0065185,0.00047122,-2,1,190
-1.9955,-2.4386,-0.0065185,0.00047122,-2,0,190
1.7045,1.4454,3.9935,0.00047122,1,1,190
-1.9955,-1.9821,-0.0065185,0.00047122,-2,0,190
0.0044729,-2.6752,-0.0065185,0.00047122,-2,0,190
0.0044729,1.1852,-0.0065185,1.0005,-1,1,190
2.0045,0.86789,-0.0065185,0.00047122,-2,1,190
-0.99553,2.4404,-0.0065185,0.00047122,-2,1,190
-0.99553,-0.83211,-0.0065185,0.00047122,-2,0,190
-0.84553,-0.31011,2.9935,0.00047122,1,0,190
2.282,2.2954,-0.0065185,0.00047122,-2,0,190
0.39035,0.40376,-0.0065185,0.00047122,-2,1,190
-1.8455,-2.8245,-0.0065185,0.00047122,-2,0,190
0.28197,-0.54813,-0.0065185,0.00047122,-2,1,190
-0.2314,-0.21799,3.9935,0.00047122,1,0,190
2.282,2.2954,-0.0065185,0.00047122,-2,1,190
1.4545,1.1279,-0.0065185,0.00047122,-2,1,190
-0.39553,-1.2146,-0.0065185,0.00047122,-2,0,190
-0.33553,2.4005,3.9935,0.00047122,1,0,190
0.46097,0.47439,-0.0065185,0.00047122,-2,1,190
1.9164,3.897,-0.0065185,0.00047122,-2,1,190
0.40447,0.41789,-0.0065185,0.00047122,-2,0,190
0.45447,0.46789,-0.0065185,0.00047122,-2,1,190
1.4545,-1.2498,-0.0065185,0.00047122,-2,0,190
0.17197,-1.2146,-0.0065185,0.00047122,-2,1,190
-0.1379,-0.12449,-5.0065,0.00047122,1,0,190
-1.4295,-1.8921,-0.0065185,0.00047122,-2,0,190
-0.54553,5.6304,-0.0065185,0.00047122,-2,1,190
0.30447,1.0539,-0.0065185,0.00047122,-2,1,190
1.3045,1.3179,-0.0065185,0.00047122,-2,1,190
-1.4455,-2.7539,-0.0065185,0.00047122,-2,0,190
-1.228,-1.2146,-5.0065,0.00047122,1,0,190
-5.8855,-7.1221,-0.0065185,0.00047122,-2,0,190
-3.452,-3.4386,-0.0065185,0.00047122,-2,0,190
3.0925,3.0029,-0.0065185,0.00047122,-2,1,190
-0.22071,-1.2873,-0.0065185,0.00047122,-2,1,190
0.19587,-2.2132,3.9935,0.00047122,1,0,190
0.72216,1.5159,-0.0065185,0.00047122,-2,1,190
1.3045,0.12789,-0.0065185,0.00047122,-2,1,190
-1.4455,-1.4321,-0.0065185,0.00047122,-2,0,190
-0.39553,-0.38211,-0.0065185,0.00047122,-2,0,190
1.1145,1.1279,-0.0065185,0.00047122,-2,0,190
-1.539,-3.0947,-0.0065185,0.00047122,-2,1,190
0.092498,-1.2278,-0.0065185,0.00047122,-2,0,190
-0.070348,-0.056933,-4.0065,0.00047122,1,1,190
-1.4405,-0.33153,-0.0065185,0.00047122,-2,0,190
-5.2238,1.6796,-0.0065185,0.00047122,-2,0,190
-5.0395,-5.0261,-0.0065185,0.00047122,-2,0,190
4.2919,3.7953,-3.0065,0.00047122,1,1,190
-4.7498,-4.1645,-0.0065185,0.00047122,-2,0,190
0.64563,0.65904,-0.0065185,0.00047122,-2,1,190
0.54945,-3.4371,-0.0065185,-3.9995,-1,0,190
-0.45876,1.4719,-4.0065,0.00047122,1,0,190
-4.3893,2.8127,-0.0065185,0.00047122,-2,1,190
-2.3955,-6.2721,-0.0065185,0.00047122,-2,1,190
-0.88553,2.9559,-0.0065185,0.00047122,-2,1,190
-3.452,-0.73861,-0.0065185,0.00047122,-2,1,190
1.0925,-2.4907,-0.0065185,0.00047122,-2,0,190
3.2297,3.2431,-0.0065185,0.00047122,-2,1,190
-1.4869,-4.0721,-0.0065185,0.00047122,-2,0,190
1.2722,-1.7864,-4.0065,0.00047122,1,0,190
0.83697,2.6304,-0.0065185,0.00047122,-2,1,190
0.84685,-1.3593,-0.0065185,0.00047122,-2,0,190
2.5705,-2.4702,-0.0065185,0.00047122,-2,0,190
-0.32664,1.2559,-0.0065185,0.00047122,-2,1,190
0.28592,-1.0637,1.9935,0.00047122,1,0,190
2.0427,-0.17351,-0.0065185,0.00047122,-2,1,190
-4.1781,-2.6995,-0.0065185,0.00047122,-2,0,190
-0.30068,-2.0721,-0.0065185,0.00047122,-2,0,190
-0.2549,-3.7155,1.9935,0.00047122,1,0,190
-0.4935,-1.0849,-0.0065185,0.00047122,-2,0,190
0.57775,1.6873,-0.0065185,0.00047122,-2,1,190
-0.35824,0.58686,-0.0065185,0.00047122,-2,1,190
-2.3038,-1.4985,-0.0065185,0.00047122,-2,0,190
0.70447,0.85165,-0.0065185,0.00047122,-2,0,190
1.1545,1.1679,-0.0065185,0.00047122,-2,1,190
0.98197,1.2074,-4.0065,0.00047122,1,1,190
-1.4405,2.3739,-0.0065185,0.00047122,-2,0,190
-1.2238,-0.86952,-0.0065185,0.00047122,-2,1,190
-1.9955,1.0619,-0.0065185,0.00047122,-2,1,190
-1.6955,-1.6821,-0.0065185,0.00047122,-2,0,190
-0.99553,-0.98211,-0.0065185,0.00047122,-2,0,190
-0.99553,-0.98211,-0.0065185,0.00047122,-2,0,190
2.0045,2.0179,-0.0065185,0.00047122,-2,1,190
0.0044729,0.48112,-0.0065185,0.00047122,-2,0,190
2.0045,0.017889,-0.0065185,0.00047122,-2,1,190
5.0045,5.0179,-0.0065185,0.00047122,-2,1,190
-3.9955,-1.4271,-0.0065185,0.00047122,-2,0,190
-3.9955,-3.3821,-0.0065185,0.00047122,-2,0,190
-3.9955,-3.9821,-0.0065185,0.00047122,-2,0,190
3.4045,-0.98211,-0.0065185,-0.99953,-1,0,190
-2.8855,0.86789,-4.0065,0.00047122,1,0,190
1.0045,4.4179,-0.0065185,0.00047122,-2,1,190
-0.99553,1.9079,-0.0065185,0.00047122,-2,0,190
-0.84553,-0.83211,-0.0065185,0.00047122,-2,0,190
-2.273,0.74039,-0.0065185,0.00047122,-2,0,190
-3.5455,-1.0721,-0.0065185,0.00047122,-2,0,190
-2.2778,-0.16464,-0.0065185,0.00047122,-2,0,191
-1.9056,-1.8921,-0.0065185,0.00047122,-2,0,191
5.5545,3.1585,-0.0065185,0.00047122,-2,1,191
7.172,1.0019,-0.0065185,0.00047122,-2,1,191
5.8468,2.9368,-0.0065185,0.00047122,-2,1,191
4.5705,1.8864,-0.0065185,0.00047122,-2,1,191
4.3356,4.349,-0.0065185,0.00047122,-2,1,191
5.1359,1.6569,-0.0065185,0.00047122,-2,1,191
5.9662,4.3796,-0.0065185,0.00047122,-2,1,191
3.8219,3.8354,-0.0065185,0.00047122,-2,1,191
4.6993,3.5159,-0.0065185,0.00047122,-2,1,191
4.5951,2.6618,-0.0065185,0.00047122,-2,1,191
3.9065,3.0552,-3.0065,0.00047122,1,0,191
3.8945,3.3346,-0.0065185,0.00047122,-2,1,191
4.8545,4.8679,-0.0065185,0.00047122,-2,1,191
5.727,5.3262,-0.0065185,0.00047122,-2,1,191
4.6186,-0.93401,-0.0065185,0.00047122,-2,1,191
5.5265,3.6406,-0.0065185,0.00047122,-2,1,191
-4.6892,-4.4215,3.9935,0.00047122,1,0,191
5.3816,5.395,-0.0065185,0.00047122,-2,1,191
-4.3161,-4.1189,-0.0065185,0.00047122,-2,0,191
2.277,2.2904,-0.0065185,0.00047122,-2,1,191
-2.2271,-2.0809,-0.0065185,0.00047122,-2,0,191
1.9013,-1.6729,-4.0065,0.00047122,1,0,191
-1.5505,-4.4907,-0.0065185,0.00047122,-2,0,191
1.2327,-1.2644,-0.0065185,0.00047122,-2,0,191
-1.0395,2.4744,-0.0065185,0.00047122,-2,1,191
-0.10812,-1.9674,-0.0065185,0.00047122,-2,1,191
-4.1455,-4.1321,-0.0065185,0.00047122,-2,0,191
1.282,-0.57723,-0.0065185,0.00047122,-2,1,191
-1.0814,-1.068,-5.0065,0.00047122,1,0,191
1.4825,4.3215,-0.0065185,0.00047122,-2,1,191
-2.4392,-2.4258,-0.0065185,0.00047122,-2,1,191
-4.3727,-3.9434,-0.0065185,0.00047122,-2,0,191
-4.3955,0.24614,-0.0065185,0.00047122,-2,0,191
2.8945,-0.75363,-0.0065185,0.00047122,-2,1,191
3.461,0.13048,-0.0065185,0.00047122,-2,1,191
-4.0836,0.77219,-0.0065185,0.00047122,-2,0,191
-2.7703,-3.4569,-0.0065185,0.00047122,-2,0,191
-2.3541,-0.28713,-4.0065,0.00047122,1,0,191
-1.7132,2.9547,-0.0065185,0.00047122,-2,1,191
1.9145,2.9616,-0.0065185,0.00047122,-2,1,191
2.5545,1.2589,-0.0065185,0.00047122,-2,1,191
-2.163,-2.1496,3.9935,0.00047122,1,0,191
-2.8379,-2.8245,-0.0065185,0.00047122,-2,0,191
1.5705,1.349,-0.0065185,0.00047122,-2,1,191
1.3356,-1.3072,-0.0065185,0.00047122,-2,1,191
2.873,-1.1136,-0.0065185,0.00047122,-2,0,191
0.9662,0.83536,-0.0065185,0.00047122,-2,0,191
0.82194,-2.0546,-4.0065,0.00047122,1,0,191
2.0045,2.0179,-0.0065185,0.00047122,-2,1,191
5.0045,5.0179,-0.0065185,0.00047122,-2,1,191
5.0045,5.0179,-0.0065185,0.00047122,-2,1,191
-2.9955,-4.4907,-0.0065185,0.00047122,-2,0,191
3.0045,3.0179,-0.0065185,0.00047122,-2,1,191
-1.9955,-3.0721,-0.0065185,0.00047122,-2,0,191
-1.6955,-2.1909,1.9935,0.00047122,1,0,191
4.0045,-1.6821,-0.0065185,0.00047122,-2,1,191
-0.99553,-1.6515,-0.0065185,0.00047122,-2,0,191
0.0044729,-2.8721,-0.0065185,0.00047122,-2,0,191
-1.9955,-1.9821,-0.0065185,0.00047122,-2,0,191
-0.99553,-1.3932,-0.0065185,0.00047122,-2,0,191
-1.9955,-0.33153,-0.0065185,0.00047122,-2,0,191
-1.6955,-1.6821,-5.0065,0.00047122,1,0,191
3.0045,3.0179,-0.0065185,0.00047122,-2,0,191
2.0045,-3.8092,-0.0065185,0.00047122,-2,1,191
0.70447,-4.0527,-0.0065185,0.00047122,-2,0,191
-0.84553,1.4629,-0.0065185,0.00047122,-2,0,191
-2.273,0.017889,-0.0065185,0.00047122,-2,0,191
1.9403,-0.59624,-4.0065,0.00047122,1,0,191
1.4825,-1.2146,-0.0065185,0.00047122,-2,0,191
2.5608,1.2742,-0.0065185,0.00047122,-2,0,191
1.6273,1.6407,-0.0065185,0.00047122,-2,1,191
-2.2955,-2.2821,-0.0065185,0.00047122,-2,1,191
1.9595,0.34771,-4.0065,0.00047122,1,0,191
-0.76728,4.6461,-0.0065185,0.00047122,-2,1,191
-0.95151,-0.351,-0.0065185,0.00047122,-2,0,191
0.30447,0.31789,-0.0065185,0.00047122,-2,1,191
-0.29553,0.48964,-0.0065185,0.00047122,-2,1,191
-0.55053,-0.53711,-0.0065185,0.00047122,-2,1,191
-0.46728,-0.88213,-2.0065,0.00047122,1,0,191
-0.55053,-0.28211,-0.0065185,0.00047122,-2,0,191
1.3045,1.3179,-0.0065185,0.00047122,-2,1,191
0.55447,0.56789,-0.0065185,0.00047122,-2,1,191
-5.163,-0.095256,-0.0065185,0.00047122,-2,0,191
-0.15315,4.4103,-0.0065185,0.00047122,-2,0,191
-1.2955,-1.2821,-0.0065185,0.00047122,-2,0,191
-1.1005,-2.2877,3.9935,0.00047122,1,1,191
-1.7673,-4.5481,-0.0065185,0.00047122,-2,0,191
-0.54553,1.0655,-0.0065185,0.00047122,-2,0,191
0.83697,-0.44961,-0.0065185,0.00047122,-2,1,191
3.5545,2.4629,-0.0065185,0.00047122,-2,1,191
3.022,1.0539,-2.0065,0.00047122,1,1,191
-5.8379,-5.0261,-0.0065185,0.00047122,-2,0,191
-5.5615,-4.8695,-0.0065185,0.00047122,-2,0,191
5.3356,-0.45606,-0.0065185,0.00047122,-2,1,191
4.5359,4.5493,-4.0065,0.00047122,1,1,191
-4.9573,-4.5271,-0.0065185,0.00047122,-2,0,191
-1.813,-1.4453,-0.0065185,0.00047122,-2,0,191
0.69932,-1.7438,-0.0065185,0.00047122,-2,1,191
2.5951,2.3526,-0.0065185,0.00047122,-2,1,191
2.5065,0.51992,-0.0065185,0.00047122,-2,1,191
3.4312,1.9597,-0.0065185,0.00047122,-2,1,191
-2.9082,-2.7377,1.9935,0.00047122,1,0,191
-1.3038,-1.1568,-0.0065185,0.00047122,-2,0,191
2.2665,-1.2786,-0.0065185,0.00047122,-2,1,191
-4.2183,-1.8083,-0.0065185,0.00047122,-2,0,191
2.1938,2.2072,-0.0065185,0.00047122,-2,1,191
4.1654,4.1788,-0.0065185,0.00047122,-2,1,191
3.5413,2.5519,3.9935,0.00047122,1,1,191
2.1208,2.0838,-0.0065185,0.00047122,-2,1,191
-0.094364,-2.9281,-0.0065185,0.00047122,-2,0,191
3.0885,0.065495,-0.0065185,0.00047122,-2,1,191
4.0759,4.0893,-0.0065185,0.00047122,-2,1,191
3.4652,2.2461,2.9935,0.00047122,1,1,191
4.0561,2.6195,-0.0065185,0.00047122,-2,1,191
3.4483,3.4617,0.99348,0.00047122,1,1,191
4.0417,0.88901,-0.0065185,0.00047122,-2,1,191
-4.0272,-3.4001,-0.0065185,0.00047122,-2,0,191
3.0314,3.4332,-0.0065185,0.00047122,-2,1,191
3.0274,3.0309,-0.0065185,0.00047122,-2,1,191
1.0239,1.0373,-0.0065185,0.00047122,-2,1,191
-0.86207,-1.8339,2.9935,0.00047122,1,0,191
-3.0096,-2.9901,-0.0065185,0.00047122,-2,0,191
3.0164,3.0298,-0.0065185,0.00047122,-2,1,191
0.99432,1.0121,-0.0065185,0.00047122,-2,0,191
-0.83689,-1.5395,-4.0065,0.00047122,1,0,191
1.282,-1.3091,-0.0065185,0.00047122,-2,1,191
-0.29553,-1.1721,-0.0065185,0.00047122,-2,1,191
-1.4405,0.014884,-0.0065185,0.00047122,-2,0,191
1.2327,-1.4246,2.9935,0.00047122,1,1,191
-1.9515,3.6119,-0.0065185,0.00047122,-2,1,191
0.89188,-1.6447,-0.0065185,0.00047122,-2,1,191
2.7588,2.7722,-0.0065185,0.00047122,-2,1,191
-2.6367,0.016556,-0.0065185,0.00047122,-2,0,191
-1.5405,-0.98324,-0.0065185,0.00047122,-2,0,191
-3.4588,-2.9831,-0.0065185,0.00047122,-2,0,191
2.3982,1.247,-0.0065185,0.00047122,-2,1,191
2.0392,2.0526,4.9935,0.00047122,1,1,191
-4.28,-3.9827,-0.0065185,0.00047122,-2,0,191
-5.2373,-4.9826,-0.0065185,0.00047122,-2,0,191
3.21,3.2234,-0.0065185,0.00047122,-2,1,191
2.1792,2.1926,-0.0065185,0.00047122,-2,1,191
1.853,2.2367,4.9935,0.00047122,1,1,191
-1.8693,-1.8559,-0.0065185,0.00047122,-2,1,191
-0.88823,-0.87482,-0.0065185,0.00047122,-2,1,191
-2.9043,-2.9819,-0.0065185,0.00047122,-2,0,191
-2.468,-2.4546,-5.0065,0.00047122,1,0,191
-4.163,0.23642,-0.0065185,0.00047122,-2,0,191
4.8468,1.7446,-0.0065185,0.00047122,-2,1,191
-4.5615,-0.92923,-0.0065185,0.00047122,-2,0,191
-4.3266,-3.8632,-0.0065185,0.00047122,-2,0,191
-5.127,-3.6636,-0.0065185,0.00047122,-2,0,191
3.9662,2.4335,-0.0065185,0.00047122,-2,1,191
-3.363,-1.6954,2.9935,0.00047122,1,0,191
1.6993,-3.2433,-0.0065185,0.00047122,-2,1,191
0.5951,-0.58664,-0.0065185,0.00047122,-2,1,191
0.5065,-0.49596,-0.0065185,0.00047122,-2,1,191
1.5777,-1.023,-0.0065185,0.00047122,-2,1,191
-1.2955,-1.2821,-0.0065185,0.00047122,-2,0,191
-0.44553,-3.2977,-0.0065185,0.00047122,-2,1,191
-0.16303,-0.14961,-0.0065185,0.00047122,-2,1,191
-0.1379,1.6973,-0.0065185,2.0005,-1,1,191
4.4495,-0.060804,-0.0065185,0.00047122,-2,1,191
1.2327,-0.21373,-0.0065185,0.00047122,-2,1,191
1.0485,3.2294,-0.0065185,0.00047122,-2,1,191
-1.1081,-0.14945,-0.0065185,0.00047122,-2,0,191
-0.69553,1.0179,-0.0065185,0.00047122,-2,1,191
3.8545,-0.57711,-0.0065185,0.00047122,-2,1,191
-3.268,-3.0771,-5.0065,0.00047122,1,0,191
1.6186,1.632,-0.0065185,0.00047122,-2,1,191
-1.5175,-1.3759,-0.0065185,0.00047122,-2,0,191
0.44818,3.4232,-0.0065185,0.00047122,-2,0,191
3.0045,5.6279,-0.0065185,0.00047122,-2,1,191
2.5545,0.33847,-0.0065185,0.00047122,-2,1,191
5.6186,5.0179,-0.0065185,0.00047122,-2,0,192
4.2545,4.2679,-0.0065185,0.00047122,-2,0,192
6.617,6.6304,-0.0065185,0.00047122,-2,1,192
4.5545,4.5679,-0.0065185,0.00047122,-2,1,192
-4.163,-3.9244,-0.0065185,0.00047122,-2,0,192
-0.15315,3.5603,-0.0065185,0.00047122,-2,1,192
-1.4295,-1.4161,-0.0065185,0.00047122,-2,0,192
-4.5455,-4.5321,-0.0065185,0.00047122,-2,0,192
2.172,2.018,-0.0065185,0.00047122,-2,0,192
0.0044729,0.017889,-0.0065185,0.00047122,-2,1,192
1.0045,1.0179,-0.0065185,0.00047122,-2,1,192
-0.84553,0.91512,-0.0065185,1.0005,-1,0,192
-0.71803,0.57169,2.9935,0.00047122,1,0,192
2.0045,-2.5321,-0.0065185,0.00047122,-2,1,192
-3.9955,-4.0452,-0.0065185,0.00047122,-2,0,192
-3.3955,-1.4808,3.9935,0.00047122,1,0,192
-2.9955,-2.9821,-0.0065185,0.00047122,-2,0,192
-2.9955,-3.0209,-0.0065185,0.00047122,-2,0,192
-2.5455,2.4414,3.9935,0.00047122,1,0,192
-2.9955,-3.0101,-0.0065185,0.00047122,-2,0,192
1.0045,1.0179,-0.0065185,0.00047122,-2,1,192
-0.99553,2.4744,-0.0065185,0.00047122,-2,0,192
1.0045,0.86789,-0.0065185,0.00047122,-2,0,192
-0.84553,-0.71923,-3.0065,0.00047122,1,1,192
-4.273,3.182,-0.0065185,0.00047122,-2,0,192
-4.3814,-4.4601,-0.0065185,0.00047122,-2,0,192
-4.4735,-4.5384,-0.0065185,0.00047122,-2,0,192
2.5608,2.6448,-0.0065185,0.00047122,-2,0,192
-2.4455,2.3073,-0.0065185,0.00047122,-2,0,192
-0.82803,-2.0646,-0.0065185,0.00047122,-2,0,192
-0.70315,-0.64636,1.9935,0.00047122,1,0,192
-3.4295,3.3208,-0.0065185,0.00047122,-2,0,192
2.6734,2.9368,-0.0065185,0.00047122,-2,1,192
-2.8641,-2.824,-0.0065185,0.00047122,-2,0,192
4.0427,4.0562,-0.0065185,0.00047122,-2,0,192
0.75447,-3.3954,-0.0065185,0.00047122,-2,1,192
-0.60803,-0.59461,-0.0065185,0.00047122,-2,0,192
-0.44553,1.8556,-0.0065185,0.00047122,-2,0,192
-1.828,-0.91149,-0.0065185,0.00047122,-2,0,192
1.5621,-0.42464,-4.0065,0.00047122,1,1,192
-2.4295,5.6364,-0.0065185,0.00047122,-2,1,192
-1.3955,-2.051,-0.0065185,0.00047122,-2,0,192
1.7045,4.1744,-0.0065185,0.00047122,-2,1,192
1.4495,0.97962,2.9935,0.00047122,1,1,192
-0.99553,4.3427,-0.0065185,0.00047122,-2,0,192
1.1545,-0.83211,-0.0065185,0.00047122,-2,1,192
-1.2955,-2.9821,-0.0065185,0.00047122,-2,0,192
2.5545,-1.5481,-0.0065185,0.00047122,-2,1,192
-1.163,2.5773,-0.0065185,0.00047122,-2,1,192
-0.9879,-0.97449,-4.0065,0.00047122,1,1,192
-0.27303,-2.4947,-0.0065185,0.00047122,-2,0,192
-0.84553,-2.8721,-0.0065185,0.00047122,-2,0,192
0.28197,0.29539,-0.0065185,0.00047122,-2,1,192
-0.2314,1.6622,-0.0065185,0.00047122,1,0,192
0.20497,0.39504,-1.0065,0.00047122,1,0,192
0.44818,0.86789,-0.0065185,0.00047122,-2,1,192
-0.37268,0.53989,3.9935,0.00047122,1,1,192
1.0045,-2.768,-0.0065185,0.00047122,-2,1,192
-3.8455,-0.45496,-0.0065185,0.00047122,-2,0,192
-0.71803,-0.70461,-0.0065185,0.00047122,-2,0,192
1.3903,-2.7637,-0.0065185,0.00047122,-2,1,192
-1.2955,-1.2821,-0.0065185,0.00047122,-2,0,192
-0.44553,1.8564,-0.0065185,0.00047122,-2,1,192
0.38697,0.40039,3.9935,0.00047122,1,0,192
-1.1532,-3.1852,-0.0065185,0.00047122,-2,0,192
6.5545,1.3419,-0.0065185,0.00047122,-2,1,192
5.572,0.47439,-0.0065185,-1.9995,-1,1,192
5.8468,6.1059,-0.0065185,0.00047122,-2,1,192
6.5705,6.7927,-0.0065185,0.00047122,-2,1,192
-5.5766,-3.5787,-5.0065,0.00047122,1,0,192
-6.127,-6.2644,-0.0065185,0.00047122,-2,0,192
-2.9573,-3.0721,-0.0065185,0.00047122,-2,1,192
0.70447,3.906,-0.0065185,0.00047122,-2,0,192
1.5595,-0.57711,-0.0065185,0.00047122,-2,1,192
-1.3173,-1.3039,2.9935,0.00047122,1,0,192
-2.9515,-2.9381,-0.0065185,0.00047122,-2,0,192
-0.10812,3.7883,-0.0065185,0.00047122,-2,1,192
-3.1455,-2.5788,-0.0065185,0.00047122,-2,0,192
-1.273,-3.5481,-0.0065185,0.00047122,-2,0,192
1.3903,1.4038,-0.0065185,0.00047122,-2,0,192
-1.1735,-2.8136,-3.0065,0.00047122,1,1,192
2.4495,3.1059,-0.0065185,0.00047122,-2,1,192
-5.8455,-2.0604,-0.0065185,0.00047122,-2,0,192
-4.718,-4.7046,-0.0065185,0.00047122,-2,0,192
4.6186,5.5839,-0.0065185,0.00047122,-2,1,192
-4.5175,-4.5041,-0.0065185,0.00047122,-2,0,192
4.4482,5.1493,-0.0065185,0.00047122,-2,1,192
3.7816,3.1981,-3.0065,0.00047122,1,0,192
-2.1055,-7.5321,-0.0065185,0.00047122,-2,0,192
-2.539,1.8933,-0.0065185,0.00047122,-2,0,192
1.0925,-2.8697,-0.0065185,0.00047122,-2,1,192
1.1545,-1.5946,-0.0065185,0.00047122,-2,1,192
0.98197,-4.3839,-4.0065,0.00047122,1,1,192
3.3903,-3.9962,-0.0065185,0.00047122,-2,1,192
3.4825,1.7994,-0.0065185,0.00047122,-2,1,192
2.5608,2.5742,-0.0065185,0.00047122,-2,0,192
2.1773,0.965,2.9935,0.00047122,1,0,192
6.172,6.1059,-0.0065185,0.00047122,-2,1,192
7.4045,7.4179,-0.0065185,0.00047122,-2,1,192
6.8945,6.9079,-0.0065185,0.00047122,-2,1,192
-5.452,-4.5481,-0.0065185,0.00047122,-2,0,192
-6.0836,-5.3132,-0.0065185,0.00047122,-2,0,192
4.7793,2.7544,-0.0065185,0.00047122,-2,1,192
4.0631,4.0765,4.9935,0.00047122,1,1,192
-0.71322,5.5502,-0.0065185,0.00047122,-2,0,192
-0.69553,4.3252,-0.0065185,0.00047122,-2,0,192
-0.44053,-0.57711,-0.0065185,0.00047122,-2,1,192
-0.14553,3.4779,-0.0065185,0.00047122,-2,1,192
-2.273,-2.2596,-0.0065185,0.00047122,-2,0,192
-1.9314,-0.18261,-4.0065,0.00047122,1,0,192
-0.82803,4.032,-0.0065185,0.00047122,-2,0,192
-1.5455,3.9079,-0.0065185,0.00047122,-2,0,192
2.172,-4.0046,-0.0065185,0.00047122,-2,1,192
-0.8379,2.1059,-0.0065185,0.00047122,-2,1,192
0.72049,0.73391,3.9935,0.00047122,1,0,192
1.727,-3.3821,-0.0065185,0.00047122,-2,1,192
2.6186,2.0179,-0.0065185,0.00047122,-2,1,192
-0.51753,-0.70461,-0.0065185,0.00047122,-2,1,192
2.0045,1.4038,-0.0065185,0.00047122,-2,1,192
3.0045,2.4959,-0.0065185,0.00047122,-2,1,192
1.0045,-0.30269,-0.0065185,0.00047122,-2,1,192
-0.99553,-1.3593,-0.0065185,0.00047122,-2,0,192
0.85447,-0.70461,-4.0065,0.00047122,1,1,192
-0.71803,-0.70461,-0.0065185,0.00047122,-2,0,192
0.39035,3.4299,-0.0065185,0.00047122,-2,1,192
4.8545,6.4744,-0.0065185,0.00047122,-2,1,192
4.127,0.29668,3.9935,0.00047122,1,1,192
2.6186,2.632,-0.0065185,0.00047122,-2,1,192
2.5265,2.5399,-0.0065185,0.00047122,-2,1,192
2.4482,2.4616,-0.0065185,0.00047122,-2,1,192
2.0816,3.1959,-2.0065,0.00047122,1,1,192
1.3251,-1.3615,-0.0065185,0.00047122,-2,1,192
-2.268,-1.1046,-0.0065185,0.00047122,-2,0,192
-0.76391,-0.31274,-0.0065185,0.00047122,-2,1,192
0.20135,1.6598,-0.0065185,0.00047122,-2,1,192
-2.8282,-2.8148,-0.0065185,0.00047122,-2,0,192
-1.5455,0.42897,-0.0065185,0.00047122,-2,1,192
2.1545,2.1679,-0.0065185,0.00047122,-2,1,192
-1.823,-1.5275,1.9935,0.00047122,1,0,192
-6.163,-6.1496,-0.0065185,0.00047122,-2,0,192
-5.8379,0.13177,-0.0065185,0.00047122,-2,0,192
-6.5615,-6.1136,-0.0065185,0.00047122,-2,0,192
-4.3266,-4.2032,-0.0065185,0.00047122,-2,1,192
-3.677,-3.3496,-4.0065,0.00047122,1,1,192
-4.163,-5.4701,-0.0065185,0.00047122,-2,0,192
-1.6955,-1.6821,-0.0065185,0.00047122,-2,1,192
-2.9955,4.0404,-0.0065185,0.00047122,-2,0,192
2.5545,2.5679,2.9935,0.00047122,1,1,192
-4.9955,-1.4007,-0.0065185,0.00047122,-2,0,192
3.0045,3.3062,-0.0065185,0.00047122,-2,1,192
-3.9955,-1.7146,-0.0065185,0.00047122,-2,0,192
3.0045,3.4179,-0.0065185,0.00047122,-2,0,192
1.5545,1.5679,-0.0065185,0.00047122,-2,0,192
-0.82803,-0.52561,-0.0065185,0.00047122,-2,0,192
-0.70315,1.6792,-5.0065,0.00047122,1,0,192
-0.56155,-0.54813,-0.0065185,0.00047122,-2,0,192
-4.8455,-2.086,-0.0065185,0.00047122,-2,0,192
4.4045,4.1404,-0.0065185,0.00047122,-2,1,192
-4.8855,-0.89215,-0.0065185,0.00047122,-2,0,192
3.461,3.4744,-0.0065185,0.00047122,-2,0,192
-4.8455,-4.5962,-0.0065185,0.00047122,-2,0,192
7.4045,4.1404,-0.0065185,0.00047122,-2,1,192
5.8945,5.9079,-0.0065185,0.00047122,-2,1,192
-3.452,-5.3286,-0.0065185,0.00047122,-2,1,192
1.8545,1.8679,-0.0065185,0.00047122,-2,0,192
-2.718,-4.0701,-0.0065185,0.00047122,-2,0,192
-3.6955,-0.29923,-0.0065185,0.00047122,-2,0,192
2.4495,2.4629,-0.0065185,0.00047122,-2,1,192
-2.2238,-1.2125,-0.0065185,0.00047122,-2,0,192
-1.8895,-0.64971,3.9935,0.00047122,1,1,192
-3.718,-3.7046,-0.0065185,0.00047122,-2,0,192
4.5545,2.7722,-0.0065185,0.00047122,-2,1,192
-5.163,1.8332,-0.0065185,0.00047122,-2,0,192
-5.8379,-5.8245,-0.0065185,0.00047122,-2,0,192
5.5705,2.6486,-0.0065185,0.00047122,-2,1,192
6.5705,1.7179,-0.0065185,0.00047122,-2,1,193
-3.3266,-5.5632,-0.0065185,0.00047122,-2,1,193
-5.6955,-5.6821,-0.0065185,0.00047122,-2,0,193
-6.3955,-6.3821,-0.0065185,0.00047122,-2,0,193
-4.8855,-4.8721,-0.0065185,0.00047122,-2,0,193
-3.452,-4.6571,-0.0065185,0.00047122,-2,0,193
-3.0836,-2.9201,-0.0065185,0.00047122,-2,1,193
-4.8455,-0.83211,-0.0065185,0.00047122,-2,0,193
3.4045,0.63201,-0.0065185,0.00047122,-2,1,193
-1.1055,-3.9821,-0.0065185,0.00047122,-2,0,193
5.4045,-2.4386,-0.0065185,0.00047122,-2,1,193
-6.8855,-4.5721,-0.0065185,0.00047122,-2,0,193
5.861,5.8744,-4.0065,0.00047122,1,0,193
-3.8855,2.4179,-0.0065185,0.00047122,-2,0,193
5.8545,3.3244,-0.0065185,0.00047122,-2,1,193
-5.718,-4.9546,-0.0065185,0.00047122,-2,0,193
4.6186,4.0179,-0.0065185,0.00047122,-2,1,193
3.5265,3.0179,-0.0065185,0.00047122,-2,1,193
2.9982,3.0885,-4.0065,0.00047122,1,1,193
2.3816,2.395,-0.0065185,0.00047122,-2,1,193
3.3251,3.0179,-0.0065185,0.00047122,-2,1,193
-4.268,2.2019,-0.0065185,0.00047122,-2,0,193
5.2361,5.0179,-0.0065185,0.00047122,-2,1,193
4.4513,3.1048,-3.0065,0.00047122,1,1,193
-4.1629,2.4005,-0.0065185,0.00047122,-2,0,193
4.1467,3.5601,-0.0065185,0.00047122,-2,1,193
1.1254,3.4179,-0.0065185,0.00047122,-2,1,193
4.1072,0.97066,-0.0065185,0.00047122,-2,1,193
-5.0829,-3.4695,-0.0065185,0.00047122,-2,0,193
4.0787,4.0179,-0.0065185,0.00047122,-2,1,193
3.4676,3.6304,4.9935,0.00047122,1,1,193
3.0581,4.2679,-0.0065185,0.00047122,-2,1,193
2.0501,2.5679,-0.0065185,0.00047122,-2,1,193
-0.034287,-1.7209,-0.0065185,0.00047122,-2,0,193
0.037419,0.017889,-0.0065185,0.00047122,-2,0,193
-1.9955,-0.010115,-0.0065185,0.00047122,-2,0,193
-1.2955,-1.2821,-0.0065185,0.00047122,-2,0,193
-0.44553,2.5477,-0.0065185,0.00047122,-2,0,193
0.55447,0.56789,-0.0065185,0.00047122,-2,1,193
0.47197,0.032507,-4.0065,0.00047122,1,1,193
-2.8379,3.4055,-0.0065185,0.00047122,-2,0,193
2.5705,0.87845,-0.0065185,0.00047122,-2,1,193
-6.3266,-0.84109,-0.0065185,0.00047122,-2,0,193
5.3859,4.2755,-3.0065,0.00047122,1,1,193
3.9662,3.0244,-0.0065185,0.00047122,-2,1,193
3.8219,3.0234,-0.0065185,0.00047122,-2,1,193
-0.30068,-0.97743,-0.0065185,0.00047122,-2,0,193
-4.8455,-0.24149,-0.0065185,0.00047122,-2,0,193
-0.71803,-4.1046,-0.0065185,0.00047122,-2,0,193
-0.60965,-1.1136,-5.0065,0.00047122,1,0,193
-0.47352,5.2296,-0.0065185,0.00047122,-2,0,193
-3.1455,-3.1321,-0.0065185,0.00047122,-2,0,193
-3.3955,-0.35926,-0.0065185,0.00047122,-2,0,193
-2.8855,-2.8721,-0.0065185,0.00047122,-2,0,193
-1.452,-2.4731,-0.0065185,0.00047122,-2,1,193
3.8545,3.8679,-0.0065185,0.00047122,-2,1,193
-3.268,3.3956,3.9935,0.00047122,1,1,193
6.172,-0.87658,-0.0065185,0.00047122,-2,1,193
-6.3955,-6.3821,-0.0065185,0.00047122,-2,0,193
5.8945,3.4616,-0.0065185,0.00047122,-2,1,193
-2.452,-2.4386,-0.0065185,0.00047122,-2,0,193
-2.0836,-2.0701,-0.0065185,0.00047122,-2,0,193
3.7793,-1.2182,-0.0065185,0.00047122,-2,1,193
-3.2041,-3.1907,3.9935,0.00047122,1,0,193
5.2868,4.2148,-0.0065185,0.00047122,-2,1,193
-3.0855,-3.0721,-0.0065185,0.00047122,-2,0,193
-1.922,-1.9086,-0.0065185,0.00047122,-2,0,193
1.792,-1.2826,-0.0065185,0.00047122,-2,0,193
3.8545,0.97066,-0.0065185,0.00047122,-2,1,193
3.277,-1.4034,-2.0065,0.00047122,1,1,193
6.172,6.1854,-0.0065185,0.00047122,-2,1,193
6.8468,-1.364,-0.0065185,0.00047122,-2,1,193
1.5705,5.8339,-0.0065185,0.00047122,-2,1,193
-4.3266,-1.3132,-0.0065185,0.00047122,-2,0,193
3.6859,2.6066,-2.0065,0.00047122,1,0,193
-4.163,0.75616,-0.0065185,0.00047122,-2,0,193
2.7045,2.6777,-0.0065185,0.00047122,-2,1,193
0.44947,0.46289,-0.0065185,0.00047122,-2,1,193
3.2327,2.6085,-0.0065185,0.00047122,-2,1,193
3.0485,2.5199,-0.0065185,0.00047122,-2,1,193
2.5919,1.4273,4.9935,0.00047122,1,0,193
5.4495,8.2679,-0.0065185,0.00047122,-2,1,193
3.4045,0.3262,-0.0065185,0.00047122,-2,1,193
2.8945,0.27995,-0.0065185,0.00047122,-2,1,193
0.46097,-1.7594,-0.0065185,0.00047122,-2,0,193
-0.69553,0.40591,-0.0065185,0.00047122,-2,1,193
-0.84553,-1.029,-0.0065185,0.00047122,-2,0,193
0.72697,0.74039,-4.0065,0.00047122,1,0,193
-0.99553,-2.0998,-0.0065185,0.00047122,-2,0,193
0.0044729,-0.83211,-0.0065185,0.00047122,-2,0,193
0.0044729,0.017889,-0.0065185,0.00047122,-2,0,193
-1.9955,-2.0701,-0.0065185,0.00047122,-2,0,193
-1.6955,-1.6821,1.9935,0.00047122,1,1,193
0.55947,0.20929,-0.0065185,0.00047122,-2,1,193
2.7762,5.4629,-0.0065185,0.00047122,-2,1,193
-1.9515,-1.9381,-0.0065185,0.00047122,-2,0,193
1.6671,2.2902,4.9935,0.00047122,1,0,193
0.17197,0.3076,-0.0065185,0.00047122,-2,0,193
1.8468,0.9053,-0.0065185,0.00047122,-2,1,193
-0.99553,1.6435,-0.0065185,0.00047122,-2,1,193
3.0045,1.7896,-0.0065185,0.00047122,-2,1,193
1.0045,-0.70461,-0.0065185,0.00047122,-2,1,193
-1.9955,-0.83211,-0.0065185,0.00047122,-2,0,193
1.7045,0.96359,2.9935,0.00047122,1,1,193
-2.9955,-2.5321,-0.0065185,0.00047122,-2,0,193
-4.9955,-4.9821,-0.0065185,0.00047122,-2,0,193
0.0044729,0.017889,-0.0065185,0.00047122,-2,0,193
3.0045,3.0179,-0.0065185,0.00047122,-2,0,193
-2.5455,-1.3168,-0.0065185,-0.99953,-1,1,193
-2.163,1.0645,-2.0065,0.00047122,1,1,193
3.0045,1.7179,-0.0065185,0.00047122,-2,0,193
-2.9955,-3.1877,-0.0065185,0.00047122,-2,0,193
-5.5455,-2.1496,-0.0065185,0.00047122,-2,0,193
-2.163,-4.6996,-0.0065185,0.00047122,-2,0,193
1.8468,1.8603,4.9935,0.00047122,1,0,193
-1.9955,-1.3132,-0.0065185,0.00047122,-2,0,193
-0.69553,-4.7261,-0.0065185,0.00047122,-2,0,193
0.44947,0.61289,-0.0065185,0.00047122,-2,0,193
-2.1455,-2.1321,-0.0065185,0.00047122,-2,1,193
-3.273,-3.2596,-0.0065185,0.00047122,-2,0,193
4.4045,2.8959,-0.0065185,0.00047122,-2,1,193
-4.8855,-3.7221,-0.0065185,0.00047122,-2,0,193
-4.152,-2.1088,-3.0065,0.00047122,1,0,193
-7.0836,-5.3448,-0.0065185,0.00047122,-2,0,193
-5.7703,-3.9244,-0.0065185,0.00047122,-2,0,193
-5.5041,-4.2442,-0.0065185,0.00047122,-2,0,193
-4.6778,-3.0949,-4.0065,0.00047122,1,1,193
6.8945,3.5644,-0.0065185,0.00047122,-2,1,193
8.4045,5.9444,-0.0065185,0.00047122,-2,1,193
-7.8855,-7.8721,-0.0065185,0.00047122,-2,0,193
-6.702,-2.7395,1.9935,0.00047122,1,0,193
6.0925,-1.1131,-0.0065185,0.00047122,-2,1,193
-6.7703,-5.1569,-0.0065185,0.00047122,-2,0,193
-3.5041,-3.4907,-0.0065185,0.00047122,-2,0,193
-3.2778,-2.3315,-0.0065185,0.00047122,-2,0,193
-4.0855,-4.1427,-0.0065185,0.00047122,-2,0,193
-4.922,-3.4586,-0.0065185,0.00047122,-2,0,193
-4.783,-4.1967,-0.0065185,0.00047122,-2,0,193
-4.0649,-3.5415,3.9935,0.00047122,1,0,193
5.5734,5.1729,-0.0065185,0.00047122,-2,1,193
2.4881,2.1497,-0.0065185,0.00047122,-2,1,193
0.59339,0.60681,-0.0065185,0.00047122,-2,0,193
-0.34494,2.0107,-0.0065185,0.00047122,-2,0,193
0.30148,0.09882,-4.0065,0.00047122,1,1,193
-1.7431,-1.9133,-0.0065185,0.00047122,-2,0,193
2.7045,1.5033,-0.0065185,0.00047122,-2,1,193
2.5595,-2.2771,-0.0065185,0.00047122,-2,0,193
-2.1673,-1.2941,-4.0065,0.00047122,1,0,193
-2.8855,-1.8281,-0.0065185,0.00047122,-2,0,193
-6.452,-6.4386,-0.0065185,0.00047122,-2,0,193
5.0925,5.4744,-0.0065185,0.00047122,-2,1,193
-2.7703,-2.0701,-0.0065185,0.00047122,-2,0,193
-6.5041,-2.3407,-0.0065185,0.00047122,-2,0,193
-3.2778,-5.5144,-0.0065185,0.00047122,-2,0,193
-2.7855,-2.7721,2.9935,0.00047122,1,1,193
-3.4405,-3.4271,-0.0065185,0.00047122,-2,0,193
-2.9238,0.48539,1.9935,0.00047122,1,0,193
-4.4405,-4.4271,-0.0065185,0.00047122,-2,0,193
-5.2238,0.23464,-0.0065185,0.00047122,-2,0,193
4.0485,3.5869,-0.0065185,0.00047122,-2,1,193
3.8919,3.5015,-0.0065185,0.00047122,-2,1,193
-2.7498,-2.8497,-0.0065185,0.00047122,-2,0,193
0.36332,0.66847,-0.0065185,0.00047122,-2,0,193
2.4595,-1.9721,-0.0065185,0.00047122,-2,1,193
1.5545,1.5679,-0.0065185,0.00047122,-2,1,193
5.172,1.9739,-0.0065185,0.00047122,-2,1,193
-3.8379,1.0877,-0.0065185,0.00047122,-2,0,193
3.5705,0.96359,-0.0065185,0.00047122,-2,1,193
2.3356,3.049,-0.0065185,0.00047122,-2,1,193
1.9859,0.32291,4.9935,0.00047122,1,1,193
0.9662,-0.44535,-0.0065185,0.00047122,-2,1,193
-0.813,-3.2009,-0.0065185,0.00047122,-2,0,193
3.6993,3.7127,-0.0065185,0.00047122,-2,1,193
2.5951,2.6085,-0.0065185,0.00047122,-2,1,193
-3.4976,-2.7403,-0.0065185,0.00047122,-2,0,193
0.0044729,2.5679,-0.0065185,0.00047122,-2,1,194
5.0045,0.017889,-0.0065185,0.00047122,-2,1,194
-3.9955,-3.9821,-0.0065185,0.00047122,-2,0,194
3.0045,3.6304,-0.0065185,0.00047122,-2,1,194
4.0045,2.5679,-0.0065185,0.00047122,-2,1,194
-3.3955,-1.9821,-0.0065185,-1.9995,-1,0,194
-4.9955,-4.9821,-0.0065185,0.00047122,-2,0,194
-3.9955,-3.9821,-0.0065185,0.00047122,-2,0,194
-4.9955,-4.9821,-0.0065185,0.00047122,-2,0,194
5.0045,5.0179,-0.0065185,0.00047122,-2,1,194
3.0045,3.0179,-0.0065185,0.00047122,-2,1,194
-2.9955,-2.9821,-0.0065185,0.00047122,-2,0,194
2.5545,1.1079,4.9935,0.00047122,1,1,194
5.0045,5.0179,-0.0065185,0.00047122,-2,1,194
-4.9955,-3.5946,-0.0065185,0.00047122,-2,0,194
0.0044729,0.017889,-0.0065185,0.00047122,-2,1,194
-2.9955,0.63039,-0.0065185,0.00047122,-2,0,194
4.0045,4.0179,-0.0065185,0.00047122,-2,1,194
-3.3955,2.6279,-3.0065,0.00047122,1,0,194
-3.9955,-3.9821,-0.0065185,0.00047122,-2,0,194
-2.9955,-0.26386,-0.0065185,0.00047122,-2,0,194
-1.9955,-2.5321,-0.0065185,0.00047122,-2,0,194
2.0045,1.7179,-0.0065185,0.00047122,-2,1,194
-1.6955,-0.52403,-5.0065,0.00047122,1,0,194
-2.9955,-1.9977,-0.0065185,0.00047122,-2,0,194
-4.9955,-2.7579,-0.0065185,0.00047122,-2,1,194
-3.2455,-4.2321,-0.0065185,0.00047122,-2,1,194
-5.608,-5.5946,-0.0065185,0.00047122,-2,0,194
5.7045,3.9364,-0.0065185,0.00047122,-2,1,194
-5.4405,-2.768,-0.0065185,0.00047122,-2,0,194
4.6327,4.6461,4.9935,0.00047122,1,1,194
-5.0395,-5.2761,-0.0065185,0.00047122,-2,0,194
-2.8829,-1.605,-0.0065185,0.00047122,-2,0,194
-5.7498,-2.5515,-0.0065185,0.00047122,-2,0,194
4.8956,2.659,-0.0065185,2.0005,-1,1,194
-1.5405,-4.1396,-0.0065185,0.00047122,-2,0,194
-0.45876,-0.63524,-0.0065185,0.00047122,-2,1,194
5.0045,5.0179,-0.0065185,0.00047122,-2,1,194
3.0045,2.4038,-0.0065185,0.00047122,-2,1,194
-2.5455,0.82438,-5.0065,0.00047122,1,0,194
-0.99553,3.8242,-0.0065185,0.00047122,-2,0,194
1.1545,5.6304,-0.0065185,0.00047122,-2,1,194
-1.2955,-0.70461,-0.0065185,0.00047122,-2,1,194
-1.1005,-2.5321,4.9935,0.00047122,1,1,194
1.2327,1.2461,-0.0065185,0.00047122,-2,1,194
-4.0395,-4.6386,-0.0065185,0.00047122,-2,0,194
-3.8829,-3.8695,-0.0065185,0.00047122,-2,0,194
3.3088,2.9397,-0.0065185,0.00047122,1,1,194
5.6456,5.659,-0.0065185,0.00047122,-2,1,194
4.7995,0.017889,-2.0065,0.00047122,1,0,194
-0.38303,-5.6821,-0.0065185,0.00047122,-2,0,194
-0.9249,-5.4271,-0.0065185,0.00047122,-2,0,194
3.6145,1.0179,-0.0065185,0.00047122,-2,0,194
3.223,-0.026124,-0.0065185,0.00047122,-2,1,194
3.8545,3.2597,-0.0065185,0.00047122,-2,1,194
-1.718,-0.18765,-0.0065185,0.00047122,-2,0,194
1.4686,1.0426,-4.0065,0.00047122,1,0,194
2.727,1.2624,-0.0065185,0.00047122,-2,0,194
-4.6097,1.2079,-0.0065185,0.00047122,-2,0,194
3.4045,3.9399,-0.0065185,0.00047122,-2,1,194
-3.8855,-1.2104,-0.0065185,0.00047122,-2,0,194
-4.452,-3.0261,-0.0065185,0.00047122,-2,0,194
6.0925,1.6278,-0.0065185,0.00047122,-2,1,194
5.1793,5.1927,4.9935,0.00047122,1,1,194
-5.5041,-4.6233,-0.0065185,0.00047122,-2,0,194
-6.2778,-5.5271,-0.0065185,0.00047122,-2,0,194
-5.0855,-4.4453,-0.0065185,0.00047122,-2,0,194
3.9309,3.9444,-0.0065185,0.00047122,-2,0,194
1.5545,2.5711,-0.0065185,0.00047122,-2,1,194
1.322,1.3354,4.9935,0.00047122,1,1,194
4.282,4.2954,-0.0065185,0.00047122,-2,1,194
2.3903,3.8359,-0.0065185,0.00047122,-2,0,194
3.5545,2.0459,-0.0065185,0.00047122,-2,1,194
5.8545,4.5742,-0.0065185,0.00047122,-2,1,194
4.977,1.8593,3.9935,0.00047122,1,1,194
-2.6097,-3.9962,-0.0065185,0.00047122,-2,0,194
5.5265,2.2399,-0.0065185,0.00047122,-2,1,194
3.4482,3.4616,-0.0065185,0.00047122,-2,1,194
2.3816,1.821,-0.0065185,0.00047122,-2,1,194
5.3251,5.3385,-0.0065185,0.00047122,-2,1,194
-4.518,-2.8646,-4.0065,0.00047122,1,0,194
3.2361,3.6495,-0.0065185,0.00047122,-2,1,194
1.2013,0.91512,-0.0065185,0.00047122,-2,0,194
-2.1455,-0.81461,-0.0065185,0.00047122,-2,0,194
-3.273,-2.1397,-0.0065185,0.00047122,-2,0,194
1.3903,-1.669,-0.0065185,0.00047122,-2,1,194
1.4825,0.68677,-0.0065185,0.00047122,-2,1,194
-1.2518,-0.29566,3.9935,0.00047122,1,0,194
-0.61838,3.795,-0.0065185,0.00047122,-2,0,194
-4.3161,-4.7996,-0.0065185,0.00047122,-2,0,194
-1.3955,-1.3821,-0.0065185,0.00047122,-2,0,194
-1.1055,-4.5962,-0.0065185,0.00047122,-2,0,194
0.94797,0.96139,2.9935,0.00047122,1,1,194
-6.8855,-2.3648,-0.0065185,0.00047122,-2,0,194
-4.452,-4.4386,-0.0065185,0.00047122,-2,0,194
-6.0836,-6.0701,-0.0065185,0.00047122,-2,0,194
5.1793,4.2492,-4.0065,0.00047122,1,1,194
-6.5041,3.5052,-0.0065185,0.00047122,-2,0,194
-5.2778,-5.2644,-0.0065185,0.00047122,-2,0,194
3.0944,4.7204,-0.0065185,0.00047122,-2,1,194
5.9309,5.9444,-0.0065185,0.00047122,-2,1,194
-3.783,-1.3815,-0.0065185,0.00047122,-2,1,194
3.5545,3.2373,-0.0065185,0.00047122,-2,1,194
-3.013,-1.5951,2.9935,0.00047122,1,1,194
-0.8379,1.8454,-0.0065185,0.00047122,-2,1,194
1.4385,0.11359,-0.0065185,0.00047122,-2,1,194
-1.6644,-4.8245,-0.0065185,0.00047122,-2,0,194
3.873,4.4729,-0.0065185,0.00047122,-2,1,194
-2.0338,-4.3132,-0.0065185,0.00047122,-2,0,194
1.737,2.7154,4.9935,0.00047122,1,1,194
3.3096,3.6832,-0.0065185,0.00047122,-2,1,194
-2.4049,-4.4121,-0.0065185,0.00047122,-2,0,194
3.5024,3.7761,-0.0065185,0.00047122,-2,1,194
-3.5688,-4.5727,-0.0065185,0.00047122,-2,0,194
3.0418,2.3623,-4.0065,0.00047122,1,1,194
1.6962,2.4446,-0.0065185,0.00047122,-2,1,194
3.7424,-2.9983,-0.0065185,0.00047122,-2,1,194
1.7817,1.9106,-0.0065185,0.00047122,-2,1,194
3.8151,2.8167,-0.0065185,0.00047122,-2,1,194
0.84353,1.2406,-0.0065185,0.00047122,-2,0,194
1.8545,0.802,-0.0065185,0.00047122,-2,1,194
1.8545,1.8679,-0.0065185,0.00047122,-2,1,194
-1.568,-2.7926,3.9935,0.00047122,1,0,194
-0.3814,-3.4226,-0.0065185,0.00047122,-2,0,194
1.1545,-2.3501,-0.0065185,0.00047122,-2,1,194
0.70447,0.99539,-0.0065185,0.00047122,-2,0,194
0.59947,-0.45496,3.9935,0.00047122,1,1,194
-0.76728,2.8959,-0.0065185,0.00047122,-2,1,194
-1.9515,1.2079,-0.0065185,0.00047122,-2,0,194
-1.6581,-5.4271,-0.0065185,-3.9995,-1,0,194
1.4177,1.9885,4.9935,0.00047122,1,1,194
-1.8379,-1.0261,-0.0065185,0.00047122,-2,0,194
-2.5615,-5.1606,-0.0065185,0.00047122,-2,0,194
-2.3266,-1.7364,-0.0065185,0.00047122,-2,0,194
-6.127,-5.6233,-0.0065185,0.00047122,-2,0,194
3.9662,1.5937,-0.0065185,0.00047122,-2,1,194
-4.813,-2.9953,-0.0065185,0.00047122,-2,0,194
-5.6904,-5.677,-0.0065185,0.00047122,-2,0,194
4.8451,3.4985,2.9935,0.00047122,1,1,194
-2.4976,-2.8166,-0.0065185,0.00047122,-2,0,194
-3.4223,-1.9239,-0.0065185,0.00047122,-2,0,194
-4.3582,-2.8948,-0.0065185,0.00047122,-2,0,194
-2.3038,-2.2904,-0.0065185,0.00047122,-2,1,194
-1.9576,-3.0206,4.9935,0.00047122,1,0,194
-4.2183,2.8229,-0.0065185,0.00047122,-2,0,194
-2.1849,-3.4894,-0.0065185,0.00047122,-2,0,194
-2.1565,1.3885,-0.0065185,0.00047122,-2,0,194
1.8413,-0.89214,3.9935,0.00047122,1,1,194
-1.1118,-1.1636,-0.0065185,0.00047122,-2,0,194
-3.0944,-3.0381,-0.0065185,0.00047122,-2,0,194
-4.0795,-0.75222,-0.0065185,0.00047122,-2,0,194
-3.0669,-2.0197,-0.0065185,0.00047122,-2,0,194
2.0652,1.4098,-0.0065185,0.00047122,-2,1,194
-2.0471,-1.7113,-0.0065185,0.00047122,-2,0,194
-1.7394,-1.707,3.9935,0.00047122,1,0,194
0.041749,-0.69332,-0.0065185,0.00047122,-2,1,194
-1.0272,3.5124,-0.0065185,0.00047122,-2,0,194
-5.0225,-4.4683,-0.0065185,0.00047122,-2,0,194
-3.0184,-2.5453,-0.0065185,0.00047122,-2,0,194
-3.015,-2.6109,-0.0065185,0.00047122,-2,0,194
-2.0121,-1.6665,-0.0065185,0.00047122,-2,0,194
-1.0096,-0.99008,-0.0065185,0.00047122,-2,0,194
-1.0075,-0.98888,-0.0065185,0.00047122,-2,0,194
-0.85568,-0.30844,-3.0065,0.00047122,1,0,194
2.0131,1.8532,-0.0065185,0.00047122,-2,1,194
-2.0029,-2.0096,-0.0065185,0.00047122,-2,1,194
-2.2955,-2.2821,-0.0065185,0.00047122,-2,0,194
0.44947,0.46289,-0.0065185,0.00047122,-2,0,194
0.38272,1.2461,-0.0065185,0.00047122,-1,1,194
-0.31704,-1.1157,2.9935,0.00047122,1,0,194
2.6186,2.016,-0.0065185,0.00047122,-2,1,194
-1.6955,-2.1496,-0.0065185,0.00047122,-2,0,194
-2.4405,-2.8245,-0.0065185,0.00047122,-2,0,194
-0.76728,1.2461,-0.0065185,0.00047122,-2,0,194
-2.2955,0.38677,-0.0065185,0.00047122,-2,0,194
-4.2455,-3.0527,2.9935,0.00047122,1,0,195
1.0045,-2.9259,-0.0065185,0.00047122,-2,1,195
-1.9955,-0.83211,-0.0065185,0.00047122,-2,0,195
1.0045,1.3024,-0.0065185,0.00047122,-2,1,195
0.85447,0.86789,-0.0065185,0.00047122,-2,1,195
-0.27303,-0.25961,-0.0065185,0.00047122,-2,1,195
-4.6097,-2.9381,-0.0065185,0.00047122,-2,0,195
2.5265,2.5399,-0.0065185,0.00047122,-2,1,195
2.4482,0.46159,-0.0065185,0.00047122,-2,1,195
1.3816,0.37673,-0.0065185,0.00047122,-2,1,195
1.3251,0.47291,-0.0065185,0.00047122,-2,1,195
1.277,1.2904,-0.0065185,0.00047122,-2,1,195
1.0861,1.2935,-4.0065,0.00047122,1,0,195
-3.718,-0.53484,-0.0065185,0.00047122,-2,1,195
2.6186,-0.87211,-0.0065185,0.00047122,-2,1,195
4.7045,2.8265,-0.0065185,0.00047122,-2,1,195
5.4495,5.8603,-0.0065185,0.00047122,-2,1,195
4.2327,3.7514,-0.0065185,0.00047122,-2,1,195
3.5985,3.899,-4.0065,0.00047122,1,1,195
-1.8829,-1.8695,-0.0065185,0.00047122,-2,0,195
4.7588,4.9796,-0.0065185,0.00047122,-2,1,195
3.6456,-1.7975,-0.0065185,0.00047122,-2,1,195
-2.5405,-3.0771,-0.0065185,0.00047122,-2,0,195
2.1677,2.1811,3.9935,0.00047122,1,1,195
4.3982,4.4116,-0.0065185,0.00047122,-2,1,195
-1.3302,-3.2068,-0.0065185,0.00047122,-2,0,195
0.28896,0.38061,-0.0065185,0.00047122,-2,0,195
0.0044729,0.74039,-0.0065185,0.00047122,-2,0,195
2.0045,2.0179,-0.0065185,0.00047122,-2,0,195
-2.9955,-0.15682,-0.0065185,0.00047122,-2,0,195
2.5545,0.6101,4.9935,0.00047122,1,1,195
-1.163,-4.3583,-0.0065185,0.00047122,-2,0,195
-2.8379,-1.0894,-0.0065185,0.00047122,-2,0,195
3.5705,-0.61341,-0.0065185,0.00047122,-2,1,195
6.3356,3.049,-0.0065185,0.00047122,-2,1,195
5.1359,5.1493,-0.0065185,0.00047122,-2,1,195
3.9662,4.5921,-0.0065185,0.00047122,-2,1,195
1.8219,1.0655,-0.0065185,0.00047122,-2,1,195
1.6993,2.8802,-0.0065185,0.00047122,-2,1,195
1.4451,1.4585,-4.0065,0.00047122,1,1,195
-0.4935,-0.48008,-0.0065185,0.00047122,-2,1,195
0.57775,2.883,-0.0065185,0.00047122,-2,1,195
2.8545,4.4744,-0.0065185,0.00047122,-2,1,195
-2.418,-1.7618,-4.0065,0.00047122,1,0,195
-2.6097,-2.5962,-0.0065185,0.00047122,-2,0,195
-2.2175,-0.49071,-0.0065185,1.0005,-1,0,195
-4.4392,-2.8823,-0.0065185,0.00047122,-2,0,195
-5.3727,-4.4721,-0.0065185,0.00047122,-2,0,195
3.3251,5.1944,-0.0065185,0.00047122,-2,1,195
-2.818,-2.8046,1.9935,0.00047122,1,0,195
1.2361,-1.0127,-0.0065185,0.00047122,-2,1,195
-1.7987,-1.4131,-0.0065185,0.00047122,-2,1,195
2.8371,-0.87195,-0.0065185,0.00047122,-2,1,195
0.55447,0.56789,-0.0065185,0.00047122,-2,1,195
-0.16303,-1.8002,-0.0065185,0.00047122,-2,0,195
-1.1532,0.16026,-0.0065185,0.00047122,-2,0,195
-0.97951,-1.8043,3.9935,0.00047122,1,0,195
-2.163,-1.2104,-0.0065185,0.00047122,-2,0,195
1.8468,-1.0297,-0.0065185,0.00047122,-2,1,195
-0.42951,-0.41609,-0.0065185,0.00047122,-2,1,195
0.67336,-0.73641,-0.0065185,0.00047122,-2,1,195
-0.29553,-1.9821,-0.0065185,0.00047122,-2,1,195
-1.5505,-0.94384,-0.0065185,0.00047122,-2,0,195
1.3262,-0.39289,4.9935,0.00047122,1,1,195
-2.163,-6.3996,-0.0065185,0.00047122,-2,0,195
0.1621,-1.8245,-0.0065185,0.00047122,-2,0,195
2.4385,2.4519,-0.0065185,0.00047122,-2,0,195
0.67336,0.13177,-0.0065185,0.00047122,-2,1,195
3.7045,3.2461,-0.0065185,0.00047122,-2,1,195
-3.1405,-1.1188,-5.0065,0.00047122,1,0,195
5.2327,4.9053,-0.0065185,0.00047122,-2,1,195
5.0485,4.6744,-0.0065185,0.00047122,-2,1,195
3.8919,4.059,-0.0065185,0.00047122,-2,1,195
1.7588,1.5629,-0.0065185,0.00047122,-2,1,195
1.4956,2.6486,-3.0065,0.00047122,1,1,195
-2.4505,-2.1384,-0.0065185,0.00047122,-2,0,195
0.45447,-2.0689,-0.0065185,0.00047122,-2,0,195
-0.82803,-1.1397,-0.0065185,0.00047122,-2,0,195
0.55447,0.34301,-0.0065185,0.00047122,-2,0,195
2.7045,-0.44961,-0.0065185,0.00047122,-2,0,195
-2.2905,-2.1632,3.9935,0.00047122,1,1,195
2.282,4.5839,-0.0065185,0.00047122,-2,1,195
-1.9314,-4.2032,-2.0065,0.00047122,1,0,195
3.4825,1.1959,-0.0065185,0.00047122,-2,1,195
0.56077,0.57418,-0.0065185,0.00047122,-2,1,195
-2.3727,2.5307,-0.0065185,0.00047122,-2,1,195
-1.3161,-0.98726,-0.0065185,0.00047122,-2,1,195
-1.118,-1.1046,4.9935,0.00047122,1,1,195
4.7729,4.7863,-0.0065185,0.00047122,-2,1,195
-2.7987,-3.4088,-0.0065185,0.00047122,-2,0,195
4.8371,4.8505,-0.0065185,0.00047122,-2,1,195
2.8622,2.4857,-0.0065185,0.00047122,-2,1,195
-2.4246,-2.7942,2.9935,0.00047122,1,0,195
-2.8928,-3.2049,-0.0065185,0.00047122,-2,0,195
2.9171,-1.9603,-0.0065185,0.00047122,-2,1,195
2.4802,2.4936,-4.0065,0.00047122,1,1,195
2.1089,-3.4452,-3.0065,0.00047122,1,1,195
0.95083,-2.5858,-0.0065185,0.00047122,-2,1,195
-2.0411,0.96673,-0.0065185,0.00047122,-2,1,195
-3.0343,-3.0209,-0.0065185,0.00047122,-2,1,195
1.9715,-1.4601,-0.0065185,0.00047122,-2,1,195
-4.9675,-5.0428,-0.0065185,0.00047122,-2,0,195
-2.9717,-3.0337,-0.0065185,0.00047122,-2,0,195
2.5342,1.29,-4.0065,0.00047122,1,1,195
1.0217,3.3806,-0.0065185,0.00047122,-2,0,195
2.9899,-0.84673,-0.0065185,0.00047122,-2,1,195
-3.9831,-2.559,-0.0065185,0.00047122,-2,0,195
4.9939,3.4408,-0.0065185,0.00047122,-2,1,195
-1.9865,-4.2516,-0.0065185,0.00047122,-2,0,195
1.6968,1.7344,-4.0065,0.00047122,1,1,195
2.998,-3.3886,-0.0065185,0.00047122,-2,1,195
-1.99,-1.9941,-0.0065185,0.00047122,-2,0,195
2.9998,3.0132,-0.0065185,0.00047122,-2,1,195
3.0005,3.0139,-0.0065185,0.00047122,-2,1,195
2.5511,1.5805,-4.0065,0.00047122,1,1,195
3.0016,3.0241,-0.0065185,0.00047122,-2,1,195
0.0069192,2.9026,-0.0065185,0.00047122,-2,0,195
0.0023936,0.015809,-0.0065185,0.00047122,-2,0,195
-0.99553,-0.98211,-0.0065185,0.00047122,-2,0,195
-2.9955,-2.9821,-0.0065185,0.00047122,-2,0,195
-3.9955,-3.9821,-0.0065185,0.00047122,-2,0,195
-0.99553,-0.98211,-0.0065185,0.00047122,-2,0,195
0.85447,0.015889,-4.0065,0.00047122,1,1,195
-0.99553,3.4179,-0.0065185,0.00047122,-2,0,195
-3.9955,-0.83211,-0.0065185,0.00047122,-2,0,195
-1.9955,-1.9821,-0.0065185,0.00047122,-2,0,195
-1.6955,-2.8721,-5.0065,0.00047122,1,0,195
3.0045,4.2679,-0.0065185,0.00047122,-2,1,195
-1.9955,-2.5321,-0.0065185,0.00047122,-2,0,195
-1.9955,-1.6821,-0.0065185,0.00047122,-2,0,195
-1.6955,-1.6821,-5.0065,0.00047122,1,0,195
-4.9955,-4.2321,-0.0065185,0.00047122,-2,0,195
-0.99553,-0.98211,-0.0065185,0.00047122,-2,0,195
3.0045,3.0179,-0.0065185,0.00047122,-2,1,195
3.0045,3.0179,-0.0065185,0.00047122,-2,1,195
-1.9955,-2.5921,-0.0065185,0.00047122,-2,0,195
4.0045,1.7179,-0.0065185,0.00047122,-2,1,195
0.0044729,-3.3821,-0.0065185,0.00047122,-2,0,195
0.0044729,0.017889,-3.0065,0.00047122,1,0,195
-2.9955,-2.5321,-0.0065185,0.00047122,-2,0,195
2.0045,2.5679,-0.0065185,0.00047122,-2,1,195
-2.9955,-1.6821,-0.0065185,0.00047122,-2,0,195
-3.9955,-3.9821,-0.0065185,0.00047122,-2,0,195
3.4045,2.1854,-2.0065,0.00047122,1,1,195
0.0044729,0.017889,-0.0065185,0.00047122,-2,1,195
4.0045,4.0179,-0.0065185,0.00047122,-2,1,195
7.4045,7.4179,-0.0065185,0.00047122,-2,1,195
-6.2855,-2.8721,-5.0065,0.00047122,1,0,195
7.461,5.1553,-0.0065185,0.00047122,-2,1,195
5.0925,5.1059,-0.0065185,0.00047122,-2,1,195
1.7793,0.65904,-0.0065185,0.00047122,-2,1,195
-1.5041,-4.5613,-0.0065185,0.00047122,-2,0,195
2.2868,0.48112,-0.0065185,0.00047122,-2,1,195
3.0944,1.2616,-0.0065185,0.00047122,-2,1,195
2.6309,2.6444,-4.0065,0.00047122,1,0,195
-0.44053,4.4179,-0.0065185,0.00047122,-2,1,195
2.2327,-2.6303,-0.0065185,0.00047122,-2,0,195
-3.0395,1.6244,-0.0065185,0.00047122,-2,0,195
-6.6955,-5.7046,-0.0065185,0.00047122,-2,0,195
4.4495,4.4629,-0.0065185,0.00047122,-2,0,195
-5.5455,-3.0541,-0.0065185,0.00047122,-2,0,195
1.4545,3.5742,-0.0065185,0.00047122,-2,1,195
-2.3955,-1.2146,-0.0065185,0.00047122,-2,1,195
2.1545,2.1679,-0.0065185,0.00047122,-2,0,195
-3.273,-2.4161,-0.0065185,0.00047122,-2,1,195
-0.3814,0.9165,-0.0065185,0.00047122,-2,1,195
0.52648,0.29934,-0.0065185,0.00047122,-2,1,195
-0.55182,0.97962,-0.0065185,0.00047122,-2,0,195
-0.84553,-0.83211,-0.0065185,0.00047122,-2,0,195
-0.71803,0.33847,-3.0065,0.00047122,1,0,195
-0.60965,0.017889,-0.0065185,0.00047122,-2,0,195
0.48247,-2.6716,-0.0065185,0.00047122,-2,0,195
0.56077,0.86789,-0.0065185,0.00047122,-2,0,195
-0.46838,-3.605,-0.0065185,-3.9995,-1,1,195
3.3251,3.3385,-0.0065185,0.00047122,-2,1,195
0.85447,0.86789,-0.0065185,0.00047122,-2,0,196
-1.718,-0.98211,-0.0065185,0.00047122,-2,0,196
-0.14553,-1.8695,-0.0065185,0.00047122,-2,1,196
-2.273,-0.2144,-0.0065185,0.00047122,-2,0,196
-3.5455,1.0757,-0.0065185,0.00047122,-2,1,196
-3.8455,-2.4601,-0.0065185,0.00047122,-2,0,196
0.45447,-3.2546,-0.0065185,0.00047122,-2,0,196
0.83697,0.40039,-0.0065185,0.00047122,-2,1,196
2.5545,1.2368,-0.0065185,0.00047122,-2,1,196
-3.163,-2.8245,-0.0065185,0.00047122,-2,0,196
2.6968,1.5839,2.9935,0.00047122,1,0,196
3.727,3.0179,-0.0065185,0.00047122,-2,1,196
3.1686,3.5165,3.9935,0.00047122,1,1,196
-3.163,-3.1496,-0.0065185,0.00047122,-2,0,196
2.8468,1.9796,-0.0065185,0.00047122,-2,1,196
0.57049,-0.16464,-0.0065185,0.00047122,-2,0,196
2.1545,5.1059,-0.0065185,0.00047122,-2,1,196
-2.5455,-0.39106,-0.0065185,0.00047122,-2,0,196
2.172,2.1854,-2.0065,0.00047122,1,1,196
4.8468,0.16026,-0.0065185,0.00047122,-2,1,196
3.5705,3.5839,-0.0065185,0.00047122,-2,1,196
-1.3266,-0.57273,-0.0065185,0.00047122,-2,1,196
3.0045,3.0179,-0.0065185,0.00047122,-2,1,196
-2.5455,2.5456,2.9935,0.00047122,1,0,196
-3.9955,-3.9821,-0.0065185,0.00047122,-2,0,196
-3.9955,-2.8507,-0.0065185,0.00047122,-2,0,196
3.0045,-1.8245,-0.0065185,0.00047122,-2,1,196
-2.5455,-0.16464,-0.0065185,-0.99953,-1,0,196
-0.99553,-2.1496,-0.0065185,0.00047122,-2,0,196
-1.9955,-1.9821,-0.0065185,0.00047122,-2,0,196
1.7045,0.74039,-2.0065,0.00047122,1,1,196
-1.9955,1.7179,-0.0065185,0.00047122,-2,0,196
-0.99553,1.7179,-0.0065185,0.00047122,-2,0,196
-1.1455,-1.1321,-0.0065185,0.00047122,-2,0,196
1.3045,1.3179,-0.0065185,0.00047122,-2,0,196
-1.5505,2.5069,-0.0065185,0.00047122,-2,0,196
0.45447,3.9053,-0.0065185,0.00047122,-2,0,196
0.17197,0.18539,-0.0065185,0.00047122,-2,1,196
-1.1532,-0.48647,-0.0065185,0.00047122,-2,1,196
-0.97951,-0.96609,-4.0065,0.00047122,1,0,196
-0.82803,2.6486,-0.0065185,0.00047122,-2,0,196
1.5545,-3.2659,-0.0065185,0.00047122,-2,1,196
2.172,2.1854,-0.0065185,0.00047122,-2,1,196
1.8468,1.1378,-4.0065,0.00047122,1,1,196
4.5705,-1.8161,-0.0065185,0.00047122,-2,1,196
-3.3266,-2.3266,-0.0065185,0.00047122,-2,0,196
6.1359,1.5432,-0.0065185,0.00047122,-2,1,196
3.9662,5.2296,-0.0065185,0.00047122,-2,1,196
-3.813,-2.8559,-0.0065185,0.00047122,-2,0,196
3.2493,2.8802,3.9935,0.00047122,1,1,196
-1.5862,-3.2909,-0.0065185,0.00047122,-2,0,196
-0.4935,0.79037,-0.0065185,0.00047122,-2,1,196
-1.5688,-0.40539,-0.0065185,0.00047122,-2,0,196
3.7045,0.7964,-0.0065185,0.00047122,-2,1,196
-1.4405,-1.4271,-0.0065185,0.00047122,-2,0,196
3.2327,2.5399,-0.0065185,0.00047122,-2,1,196
-2.7395,-1.6541,-5.0065,0.00047122,1,0,196
3.8919,4.645,-0.0065185,0.00047122,-2,1,196
-1.7498,-1.7364,-0.0065185,0.00047122,-2,0,196
-3.6367,-2.4221,-0.0065185,0.00047122,-2,0,196
-3.5405,-3.2137,-0.0065185,0.00047122,-2,0,196
-4.4588,-4.179,-0.0065185,0.00047122,-2,0,196
-3.7893,-5.3759,-0.0065185,-4.9995,-1,0,196
-3.2202,-1.8828,-5.0065,0.00047122,1,0,196
-4.28,-4.353,-0.0065185,0.00047122,-2,0,196
-0.23734,-3.6239,-0.0065185,0.00047122,-2,0,196
-0.78999,-0.89476,-0.0065185,0.00047122,-2,1,196
-0.82082,-0.90786,-0.0065185,0.00047122,-2,1,196
-0.14403,-0.13061,-0.0065185,0.00047122,-2,0,196
-0.12175,-0.035758,-4.0065,0.00047122,1,0,196
-0.88823,3.4635,-0.0065185,0.00047122,-2,0,196
-3.1455,-2.9633,-0.0065185,0.00047122,-2,0,196
-7.3955,-2.6596,-0.0065185,0.00047122,-2,0,196
-6.8855,-6.8721,-0.0065185,0.00047122,-2,0,196
-5.852,-2.9281,3.9935,0.00047122,1,1,196
-4.8855,-4.4386,-0.0065185,0.00047122,-2,1,196
0.46097,3.8807,-0.0065185,0.00047122,-2,0,196
-2.0836,-0.056933,-0.0065185,0.00047122,-2,1,196
-3.7703,-3.4907,-0.0065185,0.00047122,-2,0,196
-1.6955,-1.6821,-0.0065185,0.00047122,-2,0,196
-1.4405,1.5265,3.9935,0.00047122,1,0,196
-5.2238,2.1896,-0.0065185,0.00047122,-2,0,196
4.0485,3.0179,-0.0065185,0.00047122,-2,0,196
-4.5455,-4.8721,-0.0065185,0.00047122,-2,0,196
3.7045,3.8854,-0.0065185,0.00047122,-2,1,196
5.4495,5.4629,-0.0065185,0.00047122,-2,1,196
-2.2238,-1.5271,-0.0065185,0.00047122,-2,0,196
-1.8895,-1.6736,3.9935,0.00047122,1,1,196
1.727,-2.4947,-0.0065185,0.00047122,-2,0,196
1.3903,1.1305,-0.0065185,0.00047122,-2,1,196
-4.4735,-7.4386,-0.0065185,0.00047122,-2,0,196
-2.5518,-5.0701,-0.0065185,0.00047122,-2,0,196
2.1773,1.2707,-4.0065,0.00047122,1,1,196
1.3251,1.9093,-0.0065185,0.00047122,-2,0,196
-1.268,-1.3759,-0.0065185,0.00047122,-2,1,196
1.7729,1.6832,-0.0065185,0.00047122,-2,1,196
1.5076,-0.88072,-3.0065,0.00047122,1,1,196
-3.8282,1.7804,-0.0065185,0.00047122,-2,0,196
2.8622,2.8123,-0.0065185,0.00047122,-2,1,196
-0.87462,-1.5511,-0.0065185,0.00047122,-2,0,196
1.9017,2.3259,-0.0065185,0.00047122,-2,1,196
1.9171,2.429,-0.0065185,0.00047122,-2,0,196
-0.29553,1.6106,-0.0065185,0.00047122,-2,0,196
-0.25053,-0.23711,-3.0065,0.00047122,1,1,196
1.4495,0.41888,-0.0065185,0.00047122,-2,1,196
-1.9955,-1.2622,-0.0065185,0.00047122,-2,0,196
-1.9955,-1.2278,-0.0065185,0.00047122,-2,0,196
-3.9955,-1.4271,-0.0065185,0.00047122,-2,0,196
-2.9955,-3.3821,-0.0065185,0.00047122,-2,0,196
2.5545,2.1047,4.9935,0.00047122,1,1,196
0.0044729,-3.8384,-0.0065185,0.00047122,-2,0,196
-0.99553,-0.3168,-0.0065185,0.00047122,-2,0,196
-3.8455,-2.9821,-0.0065185,0.00047122,-2,0,196
4.727,0.74039,-0.0065185,0.00047122,-2,1,196
4.0186,4.032,2.9935,0.00047122,1,1,196
2.5265,2.5399,-0.0065185,0.00047122,-2,1,196
-2.4392,-1.9821,-0.0065185,0.00047122,-2,0,196
-4.3727,-3.9821,-0.0065185,0.00047122,-2,0,196
4.3251,1.5839,-0.0065185,0.00047122,-2,1,196
-4.268,-3.3821,-0.0065185,0.00047122,-2,0,196
4.2361,3.6495,-0.0065185,0.00047122,-2,1,196
-4.1924,-3.3821,-0.0065185,0.00047122,-2,0,196
3.5718,3.4179,-3.0065,0.00047122,1,1,196
4.1467,4.0179,-0.0065185,0.00047122,-2,1,196
-4.1164,2.1854,-0.0065185,0.00047122,-2,0,196
3.1072,3.1207,-0.0065185,0.00047122,-2,1,196
2.6418,2.9079,4.9935,0.00047122,1,1,196
4.0787,4.3421,-0.0065185,0.00047122,-2,1,196
3.0676,3.081,-0.0065185,0.00047122,-2,1,196
4.0581,2.9615,-0.0065185,0.00047122,-2,1,196
3.4501,3.4635,-3.0065,0.00047122,1,1,196
3.0432,-2.5321,-0.0065185,0.00047122,-2,1,196
-4.0285,-2.5321,-0.0065185,0.00047122,-2,0,196
2.0325,3.4459,-0.0065185,0.00047122,-2,1,196
3.0283,1.7417,-0.0065185,0.00047122,-2,1,196
-2.9753,2.5679,-0.0065185,0.00047122,-2,0,196
0.45447,2.2026,-0.0065185,0.00047122,-2,1,196
1.5545,-2.135,-0.0065185,0.00047122,-2,1,196
1.322,1.3354,4.9935,0.00047122,1,1,196
6.8468,4.2785,-0.0065185,0.00047122,-2,1,196
5.5705,4.0269,-0.0065185,0.00047122,-2,1,196
5.3356,4.9615,-0.0065185,0.00047122,-2,1,196
4.1359,3.0244,-0.0065185,0.00047122,-2,1,196
3.5162,2.9134,4.9935,0.00047122,1,1,196
-1.813,-1.7996,-0.0065185,0.00047122,-2,0,196
0.69932,4.3252,-0.0065185,0.00047122,-2,1,196
0.5951,0.021275,-0.0065185,0.00047122,-2,1,196
0.5065,0.51992,-2.0065,0.00047122,1,0,196
3.0045,-1.6797,-0.0065185,0.00047122,-2,1,196
-1.4455,2.5679,-0.0065185,0.00047122,-2,0,196
2.4045,2.4179,-0.0065185,0.00047122,-2,0,196
-2.1455,0.019391,-0.0065185,0.00047122,-2,1,196
1.282,1.8454,-0.0065185,0.00047122,-2,1,196
-3.6955,-2.1485,-0.0065185,0.00047122,-2,0,196
-3.1405,-3.1271,-3.0065,0.00047122,1,0,196
4.2327,4.5839,-0.0065185,0.00047122,-2,1,196
-5.0395,-3.1936,-0.0065185,0.00047122,-2,0,196
-2.8829,-3.1136,-0.0065185,0.00047122,-2,0,196
-1.7498,-1.9438,-0.0065185,0.00047122,-2,0,196
-1.6367,-1.7996,-0.0065185,0.00047122,-2,0,196
1.4595,-2.6151,-0.0065185,0.00047122,-2,1,196
-0.29553,-3.7569,-0.0065185,0.00047122,-2,0,196
-4.6955,0.96086,-0.0065185,0.00047122,-2,0,196
-5.4405,-4.4088,-0.0065185,0.00047122,-2,0,196
-3.2238,-3.3779,-0.0065185,0.00047122,-2,0,196
3.0485,2.3262,-0.0065185,0.00047122,-2,1,196
-3.8829,-1.6892,-0.0065185,0.00047122,-2,0,196
2.2502,2.2636,-0.0065185,0.00047122,-2,1,196
3.5545,3.5679,-0.0065185,0.00047122,-2,1,196
3.022,2.0244,4.9935,0.00047122,1,1,196
1.8468,2.7019,-0.0065185,0.00047122,-2,1,196
1.5705,1.5839,-0.0065185,0.00047122,-2,1,196
3.3356,1.349,-0.0065185,0.00047122,-2,1,196
3.1359,1.0562,-0.0065185,0.00047122,-2,1,196
5.9662,2.4246,-0.0065185,0.00047122,-2,1,196
3.8545,-1.0947,-0.0065185,0.00047122,-2,0,197
-5.5455,-0.20258,-0.0065185,0.00047122,-2,0,197
2.5545,2.5679,-0.0065185,0.00047122,-2,1,197
6.172,6.1854,-0.0065185,0.00047122,-2,1,197
3.8468,2.0276,-0.0065185,0.00047122,-2,1,197
-0.56155,-2.0593,-0.0065185,0.00047122,-2,1,197
-1.8455,2.794,-0.0065185,0.00047122,-2,0,197
-1.568,2.2461,-0.0065185,1.0005,-1,0,197
5.6186,-0.30362,-0.0065185,0.00047122,-2,1,197
-4.5175,-4.5041,-0.0065185,0.00047122,-2,0,197
-3.8392,-2.8403,-3.0065,0.00047122,1,0,197
-0.37268,-2.9093,-0.0065185,0.00047122,-2,0,197
-0.3161,0.56287,2.9935,0.00047122,1,0,197
-3.268,-3.2546,-0.0065185,0.00047122,-2,0,197
-4.2271,-3.5884,-0.0065185,0.00047122,-2,0,197
-5.1924,-5.179,-0.0065185,0.00047122,-2,0,197
3.1718,-1.8326,-0.0065185,0.00047122,-2,1,197
4.1467,3.7761,-0.0065185,0.00047122,-2,1,197
-3.5164,-1.9441,1.9935,0.00047122,1,0,197
4.1072,-1.8568,-0.0065185,0.00047122,-2,1,197
3.0918,2.8694,-0.0065185,0.00047122,-2,1,197
-2.6198,2.9436,-0.0065185,3.0005,-1,0,197
-3.0586,-3.0452,-0.0065185,0.00047122,-2,0,197
-2.5992,-1.9789,1.9935,0.00047122,1,0,197
-2.0411,-2.0277,-0.0065185,0.00047122,-2,0,197
-2.0343,1.4241,-0.0065185,0.00047122,-2,0,197
4.0374,3.9619,-0.0065185,0.00047122,-2,1,197
4.0325,3.9703,-0.0065185,0.00047122,-2,1,197
3.0283,2.9774,-0.0065185,0.00047122,-2,1,197
-3.0158,-0.99173,-0.0065185,0.00047122,-2,0,197
-2.5627,-2.5493,3.9935,0.00047122,1,0,197
-0.010145,0.0032706,-0.0065185,0.00047122,-2,1,197
1.0045,3.9079,-0.0065185,0.00047122,-2,1,197
2.0045,-6.60E-05,-0.0065185,0.00047122,-2,1,197
1.3045,1.3179,-0.0065185,0.00047122,-2,1,197
1.4545,-2.5451,-0.0065185,0.00047122,-2,0,197
1.172,-1.2146,-0.0065185,0.00047122,-2,1,197
0.99685,-0.6998,-0.0065185,-1.9995,-1,1,197
0.57049,0.58391,-0.0065185,0.00047122,-2,0,197
0.48559,0.094357,3.9935,0.00047122,1,0,197
-3.718,2.6954,-0.0065185,0.00047122,-2,0,197
-4.6097,-2.9758,-0.0065185,0.00047122,-2,0,197
3.5265,3.795,-0.0065185,0.00047122,-2,1,197
-2.9892,-2.8527,-4.0065,0.00047122,1,0,197
-0.37268,-0.35926,-0.0065185,0.00047122,-2,0,197
1.6839,-3.1927,-0.0065185,0.00047122,-2,1,197
6.7045,2.5614,-0.0065185,0.00047122,-2,1,197
5.6995,5.4629,-0.0065185,4.0005,-1,1,197
4.2327,1.2431,-0.0065185,0.00047122,-2,1,197
-3.5895,1.6474,-4.0065,0.00047122,1,1,197
2.172,3.4179,-0.0065185,0.00047122,-2,1,197
-1.9955,0.10524,-0.0065185,0.00047122,-2,0,197
4.0045,1.7179,-0.0065185,0.00047122,-2,1,197
3.0045,3.5629,-0.0065185,0.00047122,-2,1,197
4.0045,4.4811,-0.0065185,0.00047122,-2,1,197
4.0045,2.8681,-0.0065185,0.00047122,-2,1,197
3.4045,3.7526,-2.0065,0.00047122,1,1,197
-0.99553,-0.69763,-0.0065185,0.00047122,-2,0,197
5.8545,1.4629,-0.0065185,0.00047122,-2,1,197
-4.718,-5.4604,-0.0065185,0.00047122,-2,0,197
-3.6097,-4.0261,-0.0065185,0.00047122,-2,0,197
-3.5175,-3.3941,-0.0065185,0.00047122,-2,0,197
0.56077,0.57418,-0.0065185,0.00047122,-2,1,197
-0.46838,-0.19096,3.9935,0.00047122,1,0,197
2.727,0.17551,-0.0065185,0.00047122,-2,1,197
1.6186,-2.258,-0.0065185,0.00047122,-2,1,197
3.5265,-0.46323,-0.0065185,0.00047122,-2,1,197
4.4482,2.8864,-0.0065185,0.00047122,-2,1,197
1.3816,1.2237,-0.0065185,0.00047122,-2,1,197
-1.1661,-1.1527,-3.0065,0.00047122,1,0,197
0.27696,2.8404,-0.0065185,0.00047122,-2,1,197
-0.76391,-1.5727,-0.0065185,0.00047122,-2,0,197
0.15447,1.0179,-0.0065185,0.00047122,-2,0,197
0.28197,1.0179,-0.0065185,0.00047122,-2,1,197
0.24035,0.25376,4.9935,0.00047122,1,0,197
-3.4735,-4.353,-0.0065185,0.00047122,-2,0,197
2.4045,2.9742,-0.0065185,0.00047122,-2,0,197
2.1545,-0.27191,-0.0065185,0.00047122,-2,1,197
2.5545,0.09214,-0.0065185,0.00047122,-2,1,197
1.172,-0.919,-0.0065185,0.00047122,-2,0,197
0.99685,1.3383,-5.0065,0.00047122,1,0,197
-2.273,4.7116,-0.0065185,0.00047122,-2,0,197
-1.4455,-4.2087,-0.0065185,0.00047122,-2,0,197
-2.3955,1.6634,-0.0065185,0.00047122,-2,1,197
2.0445,2.0579,-2.0065,0.00047122,1,0,197
0.72697,1.5839,-0.0065185,0.00047122,-2,1,197
-1.6097,-1.5962,-0.0065185,0.00047122,-2,0,197
1.3765,1.7681,4.9935,0.00047122,1,0,197
2.727,3.0619,-0.0065185,0.00047122,-2,1,197
2.3045,-5.2946,-0.0065185,0.00047122,-2,1,197
-0.39553,3.7834,-0.0065185,0.00047122,-2,1,197
0.45447,0.46789,-0.0065185,0.00047122,-2,1,197
-0.37803,-1.9366,-5.0065,0.00047122,1,0,197
-0.16303,-6.3201,-0.0065185,0.00047122,-2,0,197
0.1621,0.24307,-0.0065185,0.00047122,-2,1,197
2.3045,-0.11609,-0.0065185,0.00047122,-2,1,197
-1.9505,-2.1539,1.9935,0.00047122,1,0,197
-1.8855,-1.1721,-0.0065185,0.00047122,-2,0,197
1.461,-0.02038,-0.0065185,0.00047122,-2,0,197
1.1545,1.1679,-0.0065185,0.00047122,-2,1,197
-0.69553,-1.068,-0.0065185,0.00047122,-2,1,197
-1.1455,-1.4601,-0.0065185,0.00047122,-2,0,197
-1.2955,0.99539,-0.0065185,0.00047122,-2,1,197
1.1095,1.4779,1.9935,0.00047122,1,1,197
3.172,2.7179,-0.0065185,0.00047122,-2,1,197
0.84685,0.46289,-0.0065185,0.00047122,-2,1,197
1.5705,1.5839,-0.0065185,0.00047122,-2,1,197
1.3356,1.0619,-0.0065185,0.00047122,-2,1,197
1.1359,0.9053,-0.0065185,0.00047122,-2,0,197
0.9662,0.43464,3.9935,0.00047122,1,0,197
5.0045,-2.9189,-0.0065185,0.00047122,-2,1,197
-1.9955,-4.2321,-0.0065185,0.00047122,-2,0,197
-0.99553,-1.3168,-0.0065185,0.00047122,-2,0,197
3.0045,1.7474,-0.0065185,0.00047122,-2,1,197
-2.5455,-2.7739,3.9935,0.00047122,1,0,197
-2.9955,3.4179,-0.0065185,0.00047122,-2,0,197
-0.99553,-2.7068,-0.0065185,0.00047122,-2,0,197
-4.9955,-5.1306,-0.0065185,0.00047122,-2,0,197
4.0045,0.86662,-0.0065185,0.00047122,-2,1,197
-0.99553,-3.3821,-0.0065185,0.00047122,-2,0,197
0.0044729,-0.07331,-0.0065185,0.00047122,-2,1,197
3.0045,-0.70461,-0.0065185,0.00047122,-2,1,197
2.5545,2.5679,-4.0065,0.00047122,1,1,197
-1.9955,-1.4601,-0.0065185,0.00047122,-2,0,197
5.0045,-2.8721,-0.0065185,0.00047122,-2,1,197
-3.9955,-3.855,-0.0065185,0.00047122,-2,0,197
3.4045,3.4179,-3.0065,0.00047122,1,1,197
0.0044729,2.8404,-0.0065185,0.00047122,-2,1,197
1.0045,0.017889,-0.0065185,0.00047122,-2,1,197
1.1545,1.0103,-0.0065185,0.00047122,-2,1,197
-0.97303,-1.6821,-5.0065,0.00047122,1,0,197
1.5595,-5.6771,-0.0065185,0.00047122,-2,0,197
1.7762,1.4364,-0.0065185,0.00047122,-2,1,197
1.5545,1.5239,-0.0065185,0.00047122,-2,1,197
-1.828,1.0103,-0.0065185,0.00047122,-2,0,197
-1.3955,1.2954,-0.0065185,0.00047122,-2,1,197
0.70447,-1.1721,-0.0065185,0.00047122,-2,1,197
0.44947,0.349,-0.0065185,0.00047122,-2,1,197
-0.37378,-0.39106,-5.0065,0.00047122,1,0,197
-3.0395,-2.9438,-0.0065185,0.00047122,-2,0,197
1.8919,4.4479,-0.0065185,0.00047122,-2,0,197
3.1545,3.1679,-0.0065185,0.00047122,-2,1,197
-1.273,0.62792,-0.0065185,0.00047122,-2,0,197
-1.0814,1.177,1.9935,0.00047122,1,1,197
-4.4405,3.6036,-0.0065185,0.00047122,-2,0,197
-2.5455,-2.1384,-0.0065185,0.00047122,-2,0,197
-4.163,-4.1496,-0.0065185,0.00047122,-2,0,197
3.5468,1.8603,2.9935,0.00047122,1,1,197
0.43845,-4.0981,-0.0065185,0.00047122,-2,0,197
0.33559,-0.351,-0.0065185,0.00047122,-2,0,197
0.85447,0.86789,-0.0065185,0.00047122,-2,1,197
-0.71803,-1.2104,-0.0065185,0.00047122,-2,0,197
-0.3814,1.5757,-0.0065185,0.00047122,-2,1,197
0.52648,-0.31011,-0.0065185,0.00047122,-2,1,197
0.44818,0.77219,-4.0065,0.00047122,1,1,197
1.3816,1.395,-0.0065185,0.00047122,-2,1,197
1.3251,-2.5515,-0.0065185,0.00047122,-2,1,197
2.277,2.2904,-0.0065185,0.00047122,-2,1,197
4.2361,4.2495,-0.0065185,0.00047122,-2,1,197
4.2013,0.9667,-0.0065185,0.00047122,-2,1,197
2.1718,3.5852,-0.0065185,0.00047122,-2,1,197
1.1467,1.1601,-0.0065185,0.00047122,-2,0,197
-0.14553,1.6684,-0.0065185,0.00047122,-2,0,197
-3.273,-2.7539,-0.0065185,0.00047122,-2,0,197
-2.7814,-0.9381,-0.0065185,-1.9995,-1,0,197
-0.47352,-0.07423,-0.0065185,0.00047122,-2,1,197
4.1545,-0.077812,-0.0065185,0.00047122,-2,1,197
-4.273,-3.5096,-0.0065185,0.00047122,-2,0,197
3.3903,3.6407,-0.0065185,0.00047122,-2,1,197
2.8825,3.1084,3.9935,0.00047122,1,1,197
3.5608,3.5742,-0.0065185,0.00047122,-2,1,197
4.6273,2.6763,-0.0065185,0.00047122,-2,1,197
-2.6749,-2.6615,-0.0065185,0.00047122,-2,0,197
-2.723,-2.7096,-0.0065185,0.00047122,-2,0,197
2.7729,2.8756,-0.0065185,0.00047122,-2,1,197
-2.3955,-3.579,-0.0065185,0.00047122,-2,0,198
-0.14553,-1.1495,-0.0065185,0.00047122,-2,0,198
3.727,2.8756,-0.0065185,0.00047122,-2,1,198
4.5545,-0.52607,-0.0065185,0.00047122,-2,1,198
-6.163,-0.69774,-0.0065185,0.00047122,-2,0,198
4.8468,4.8603,-0.0065185,0.00047122,-2,1,198
4.5705,4.4739,-0.0065185,0.00047122,-2,0,198
-0.44553,-0.43211,-0.0065185,0.00047122,-2,1,198
0.45447,0.46789,-0.0065185,0.00047122,-2,1,198
-0.82803,-2.5453,-0.0065185,0.00047122,-2,0,198
-3.8379,-3.8245,-0.0065185,0.00047122,-2,0,198
-4.6955,0.98463,-0.0065185,0.00047122,-2,0,198
-3.9905,-3.9771,-4.0065,0.00047122,1,0,198
4.2327,4.6461,-0.0065185,0.00047122,-2,1,198
-5.0395,-3.5761,-0.0065185,0.00047122,-2,0,198
5.8919,4.3053,-0.0065185,0.00047122,-2,1,198
-0.74983,0.58686,-0.0065185,0.00047122,-2,0,198
-2.3544,-2.341,-0.0065185,0.00047122,-2,0,198
2.0095,2.979,4.9935,0.00047122,1,1,198
3.172,3.1854,-0.0065185,0.00047122,-2,1,198
-2.8379,-5.437,-0.0065185,0.00047122,-2,1,198
4.8545,4.8679,-0.0065185,0.00047122,-2,1,198
-4.118,-5.9921,-5.0065,0.00047122,1,1,198
-3.6097,-5.2006,-0.0065185,0.00047122,-2,0,198
-5.5455,-5.5321,-0.0065185,0.00047122,-2,1,198
4.722,0.088514,-0.0065185,-2.9995,-1,0,198
-4.163,-4.1496,-0.0065185,0.00047122,-2,0,198
3.7045,1.3067,-0.0065185,0.00047122,-2,1,198
3.4495,3.3486,-0.0065185,0.00047122,-2,0,198
2.9327,1.1069,-5.0065,0.00047122,1,1,198
-4.0395,2.8229,-0.0065185,0.00047122,-2,1,198
0.55447,0.87488,-0.0065185,0.00047122,-2,0,198
0.47197,4.0619,-0.0065185,3.0005,-1,1,198
-2.4405,4.4103,-0.0065185,0.00047122,-2,0,198
-1.1455,2.0961,-0.0065185,0.00047122,-2,1,198
2.282,0.99539,-0.0065185,0.00047122,-2,1,198
0.55447,-0.53711,-0.0065185,0.00047122,-2,1,198
3.172,2.2079,-0.0065185,0.00047122,-2,1,198
-2.6879,-2.6745,-5.0065,0.00047122,1,0,198
-4.5615,-4.5481,-0.0065185,0.00047122,-2,0,198
-1.3266,-1.3132,-0.0065185,0.00047122,-2,0,198
1.1359,0.65904,-0.0065185,0.00047122,-2,0,198
0.9662,3.5897,2.9935,0.00047122,1,1,198
3.8219,3.8354,-0.0065185,0.00047122,-2,0,198
-0.44553,4.7354,-0.0065185,0.00047122,-2,1,198
-0.54553,-0.53211,-0.0065185,0.00047122,-2,0,198
-2.2955,-2.2821,-0.0065185,0.00047122,-2,0,198
-1.5505,1.349,-0.0065185,0.00047122,-2,0,198
-1.3173,-1.3039,2.9935,0.00047122,1,0,198
-0.95151,3.6119,-0.0065185,0.00047122,-2,0,198
-1.1081,-1.9821,-0.0065185,0.00047122,-2,0,198
-4.2412,-4.9821,-0.0065185,0.00047122,-2,0,198
3.3633,1.2461,-0.0065185,0.00047122,-2,0,198
0.60447,-2.8371,-0.0065185,0.00047122,-2,1,198
-0.10553,-2.4947,-0.0065185,0.00047122,-2,0,198
0.097973,1.8136,-4.0065,0.00047122,1,1,198
1.9164,1.9299,-0.0065185,0.00047122,-2,1,198
-0.77035,-0.75693,-0.0065185,0.00047122,-2,0,198
-1.1455,0.40465,-0.0065185,0.00047122,-2,1,198
-2.6955,-1.3759,-0.0065185,0.00047122,-2,1,198
4.4495,2.1274,-0.0065185,0.00047122,-2,0,198
-3.2238,-3.7604,-0.0065185,0.00047122,-2,0,198
2.7485,1.9597,-4.0065,0.00047122,1,0,198
-1.8829,-2.03,-0.0065185,0.00047122,-2,1,198
1.7588,1.0426,-0.0065185,0.00047122,-2,0,198
-0.35437,-0.83361,-0.0065185,0.00047122,-2,0,198
0.45949,3.1059,-0.0065185,0.00047122,-2,0,198
4.1545,-0.72482,-0.0065185,0.00047122,-2,1,198
-3.523,-4.7541,-4.0065,0.00047122,1,0,198
2.3903,2.8038,-0.0065185,0.00047122,-2,0,198
2.5545,2.9079,-0.0065185,0.00047122,-2,0,198
-5.163,-2.4702,-0.0065185,0.00047122,-2,1,198
5.8468,4.6559,-0.0065185,0.00047122,-2,0,198
-4.9615,-5.1569,-3.0065,0.00047122,1,0,198
7.8945,7.5679,-0.0065185,0.00047122,-2,1,198
-6.452,-3.2811,-0.0065185,0.00047122,-2,0,198
-5.4836,-5.4701,-1.0065,0.00047122,1,0,198
-2.7703,-2.7569,-0.0065185,0.00047122,-2,0,198
-3.5041,-2.2132,-0.0065185,0.00047122,-2,0,198
-2.9778,-2.9644,-3.0065,0.00047122,1,1,198
-2.4405,-3.4938,-0.0065185,0.00047122,-2,0,198
4.8545,2.0636,-0.0065185,0.00047122,-2,1,198
-3.718,-4.1046,-0.0065185,0.00047122,-2,0,198
-4.6097,-4.5727,-0.0065185,0.00047122,-2,0,198
-3.5175,-3.5041,-0.0065185,0.00047122,-2,0,198
-4.4392,-2.2682,-0.0065185,0.00047122,-2,0,198
-3.7727,-3.7593,-3.0065,0.00047122,1,0,198
1.3251,2.8762,-0.0065185,0.00047122,-2,1,198
3.277,3.28,-0.0065185,0.00047122,-2,1,198
-3.2271,-0.93623,-0.0065185,0.00047122,-2,0,198
-4.1924,-4.179,-0.0065185,0.00047122,-2,0,198
3.5718,2.3463,4.9935,0.00047122,1,1,198
3.8622,-4.3689,-0.0065185,0.00047122,-2,0,198
0.88357,0.90161,-0.0065185,0.00047122,-2,1,198
-0.14553,0.76512,-0.0065185,0.00047122,-2,0,198
-0.12303,2.387,-5.0065,0.00047122,1,0,198
0.72697,0.74039,-0.0065185,0.00047122,-2,1,198
2.3903,-4.2087,-0.0065185,0.00047122,-2,1,198
4.5545,-3.1064,-0.0065185,0.00047122,-2,1,198
5.172,-0.89214,-0.0065185,0.00047122,-2,1,198
3.8468,-0.20064,-0.0065185,0.00047122,-2,1,198
3.2705,3.7514,-4.0065,0.00047122,1,0,198
-0.44053,4.4179,-0.0065185,0.00047122,-2,1,198
-1.7673,-4.2346,-0.0065185,0.00047122,-2,1,198
4.5545,4.5679,-0.0065185,0.00047122,-2,1,198
2.3045,0.16497,-0.0065185,0.00047122,-2,0,198
1.5595,1.5729,-0.0065185,0.00047122,-2,1,198
1.3262,3.3854,-2.0065,0.00047122,1,0,198
-1.9515,-0.73861,-0.0065185,0.00047122,-2,0,198
1.5545,3.1585,-0.0065185,0.00047122,-2,0,198
-2.8455,-1.4801,-0.0065185,0.00047122,-2,0,198
-4.718,1.9532,-0.0065185,0.00047122,-2,1,198
-4.0097,-3.9962,3.9935,0.00047122,1,1,198
-2.8855,4.5079,-0.0065185,0.00047122,-2,1,198
-3.452,-3.4386,-0.0065185,0.00047122,-2,0,198
2.8545,-0.76961,-0.0065185,0.00047122,-2,1,198
-0.71803,-1.6821,-0.0065185,0.00047122,-2,0,198
-0.60965,0.017889,-0.0065185,0.00047122,-2,1,198
1.0045,1.0179,-0.0065185,0.00047122,-2,1,198
-1.8455,-1.4258,-0.0065185,0.00047122,-2,0,198
-1.568,-0.70461,1.9935,0.00047122,1,0,198
1.6186,-1.068,-0.0065185,0.00047122,-2,1,198
2.5265,2.5399,-0.0065185,0.00047122,-2,1,198
-1.4392,-1.1483,-0.0065185,0.00047122,-2,0,198
1.2316,1.245,4.9935,0.00047122,1,1,198
-1.3161,-1.1495,-0.0065185,0.00047122,-2,0,198
-3.268,-3.7369,-0.0065185,0.00047122,-2,0,198
-3.2271,-3.103,-0.0065185,0.00047122,-2,0,198
2.7513,2.3823,4.9935,0.00047122,1,1,198
-2.1629,-2.0695,-0.0065185,0.00047122,-2,0,198
-4.1378,-4.0564,-0.0065185,0.00047122,-2,0,198
-2.1164,-2.0452,-0.0065185,0.00047122,-2,0,198
-1.7983,-2.6949,-4.0065,0.00047122,1,0,198
2.9171,2.9305,-0.0065185,0.00047122,-2,1,198
1.5545,-2.9109,-0.0065185,0.00047122,-2,1,198
-2.163,3.3244,-0.0065185,0.00047122,-2,1,198
1.8468,1.8603,-5.0065,0.00047122,1,0,198
-2.9955,4.882,-0.0065185,0.00047122,-2,1,198
3.0045,3.0179,-0.0065185,0.00047122,-2,1,198
2.5545,2.5679,-0.0065185,0.00047122,-2,1,198
0.17197,1.4831,-0.0065185,0.00047122,-2,0,198
-0.1379,-1.5039,3.9935,0.00047122,1,0,198
0.57049,-4.3821,-0.0065185,0.00047122,-2,1,198
0.67336,0.68677,-0.0065185,0.00047122,-2,1,198
1.3045,1.9739,-0.0065185,0.00047122,-2,1,198
-1.1005,-1.0871,1.9935,0.00047122,1,1,198
4.2327,4.2461,-0.0065185,0.00047122,-2,1,198
-6.0395,-2.5347,-0.0065185,0.00047122,-2,0,198
-4.8829,-5.4604,-0.0065185,0.00047122,-2,0,198
-5.7498,-4.4261,-0.0065185,0.00047122,-2,0,198
-2.6367,-2.6233,-0.0065185,0.00047122,-2,0,198
0.54945,4.1754,-0.0065185,0.00047122,-2,1,198
-0.45876,-0.62327,-5.0065,0.00047122,1,0,198
-1.3893,-1.3759,-0.0065185,0.00047122,-2,0,198
2.3392,3.9651,-0.0065185,0.00047122,-2,0,198
-1.2955,0.088514,-0.0065185,0.00047122,-2,0,198
-1.5505,-0.37208,-0.0065185,0.00047122,-2,0,198
3.7762,3.7896,-0.0065185,0.00047122,-2,1,198
-2.0395,-2.1097,-0.0065185,0.00047122,-2,0,198
4.8545,4.8679,-0.0065185,0.00047122,-2,1,198
2.727,2.7404,-0.0065185,0.00047122,-2,1,198
-2.6097,-1.2374,-0.0065185,0.00047122,-2,0,198
-1.5175,-1.8083,-0.0065185,0.00047122,-2,0,198
-1.4392,-0.9394,-0.0065185,0.00047122,-2,0,198
-5.3727,-5.3593,-0.0065185,0.00047122,-2,0,198
3.3251,1.061,-0.0065185,0.00047122,-2,1,198
4.277,4.2904,-0.0065185,0.00047122,-2,1,198
-3.6271,-2.3812,-5.0065,0.00047122,1,0,198
3.2013,4.4648,-0.0065185,0.00047122,-2,1,198
-1.1629,-2.5726,-0.0065185,0.00047122,-2,0,198
2.8622,2.8756,-0.0065185,0.00047122,-2,1,198
-3.5455,-0.25961,-0.0065185,0.00047122,-2,0,198
-3.163,-0.36799,-0.0065185,0.00047122,-2,0,198
0.32505,1.1493,-0.0065185,0.00047122,-1,1,199
-3.268,0.21476,-0.0065185,0.00047122,-2,0,199
-4.2271,-3.8148,-0.0065185,0.00047122,-2,0,199
-5.1924,-4.8399,-0.0065185,0.00047122,-2,0,199
0.17182,1.8603,-0.0065185,0.00047122,-2,0,199
3.0045,3.0179,-0.0065185,0.00047122,-2,1,199
-3.5455,-0.89476,-0.0065185,0.00047122,-2,0,199
-1.163,1.0921,-0.0065185,0.00047122,-2,1,199
-3.1455,-3.1321,-0.0065185,0.00047122,-2,0,199
-4.3955,-4.3821,-0.0065185,0.00047122,-2,0,199
-3.7355,-2.8721,-0.0065185,0.00047122,-1,0,199
2.461,3.065,-0.0065185,0.00047122,-2,1,199
2.0925,0.97962,-3.0065,0.00047122,1,1,199
0.77929,-0.75729,-0.0065185,0.00047122,-2,1,199
-1.4869,-1.4735,-0.0065185,0.00047122,-2,0,199
-2.5455,-2.5321,-0.0065185,0.00047122,-2,0,199
-0.16303,-0.14961,-0.0065185,0.00047122,-2,0,199
-1.1532,-2.4601,-0.0065185,0.00047122,-2,0,199
0.98845,-1.1854,-3.0065,0.00047122,1,1,199
1.172,-0.6738,-0.0065185,0.00047122,-2,1,199
-1.1532,-1.8875,-0.0065185,0.00047122,-2,0,199
0.45447,-0.96609,-0.0065185,0.00047122,-2,0,199
-1.163,0.40039,-0.0065185,0.00047122,-2,0,199
-0.9879,-0.97449,-5.0065,0.00047122,1,1,199
0.72697,-4.2321,-0.0065185,0.00047122,-2,1,199
0.39035,0.3655,-0.0065185,0.00047122,-2,0,199
-1.4735,-5.0527,-0.0065185,0.00047122,-2,0,199
-6.6955,-6.6821,-0.0065185,0.00047122,-2,0,199
5.6995,1.0857,4.9935,0.00047122,1,1,199
-2.2238,-5.4604,-0.0065185,0.00047122,-2,0,199
1.8985,1.9119,4.9935,0.00047122,1,1,199
-1.8829,-1.3593,-0.0065185,0.00047122,-2,0,199
-3.7498,-3.3027,-0.0065185,0.00047122,-2,0,199
-3.1867,-3.6939,2.9935,0.00047122,1,0,199
-5.5405,-5.2137,-0.0065185,0.00047122,-2,0,199
-5.4588,-5.179,-0.0065185,0.00047122,-2,0,199
-4.3893,-4.1495,-0.0065185,0.00047122,-2,0,199
-3.3302,1.4417,-0.0065185,0.00047122,-2,0,199
5.289,5.3024,-0.0065185,0.00047122,-2,1,199
-4.4873,-5.0849,-0.0065185,-4.9995,-1,0,199
-4.2011,-4.0695,-0.0065185,0.00047122,-2,0,199
-2.1702,-2.0564,-0.0065185,0.00047122,-2,0,199
-1.844,-1.4617,-5.0065,0.00047122,1,0,199
3.1307,4.3941,-0.0065185,0.00047122,-2,1,199
-2.1028,-2.0277,-0.0065185,0.00047122,-2,0,199
-2.0867,-2.0209,-0.0065185,0.00047122,-2,0,199
-3.073,-1.902,-0.0065185,0.00047122,-2,0,199
3.0704,2.6338,-0.0065185,0.00047122,-2,1,199
-2.6015,-2.5881,-4.0065,0.00047122,1,1,199
-0.82803,0.41789,-0.0065185,0.00047122,-2,0,199
2.1621,-2.8893,-0.0065185,0.00047122,-2,1,199
1.4385,1.8519,-0.0065185,0.00047122,-2,1,199
0.67336,0.47986,-0.0065185,0.00047122,-2,1,199
-1.127,-1.7569,-0.0065185,0.00047122,-2,1,199
1.9662,0.081487,-0.0065185,0.00047122,-2,1,199
-1.663,0.42867,3.9935,0.00047122,1,0,199
-0.27303,-4.4261,-0.0065185,0.00047122,-2,0,199
3.1545,1.1279,-0.0065185,0.00047122,-2,1,199
-2.3955,-2.6596,-0.0065185,0.00047122,-2,0,199
2.8945,2.0579,-0.0065185,0.00047122,-2,1,199
-4.452,-0.35926,-0.0065185,0.00047122,-2,0,199
-5.0836,-2.0027,-0.0065185,0.00047122,-2,0,199
-4.3203,-2.8046,-4.0065,0.00047122,1,0,199
3.5131,4.9265,-0.0065185,0.00047122,-2,1,199
-2.9778,-2.179,-0.0065185,-1.9995,-1,0,199
1.0944,1.1079,-0.0065185,0.00047122,-2,1,199
-2.922,-2.1368,-0.0065185,0.00047122,-2,0,199
1.217,-1.803,-0.0065185,0.00047122,-2,1,199
-1.0262,2.1323,3.9935,0.00047122,1,1,199
-1.4266,-1.4131,-0.0065185,0.00047122,-2,1,199
2.5209,-1.6439,-0.0065185,0.00047122,-2,0,199
-3.5844,-2.121,-0.0065185,0.00047122,-2,1,199
0.65506,-1.0701,-0.0065185,0.00047122,-2,1,199
0.55747,2.6109,-2.0065,0.00047122,1,1,199
-0.27303,0.77439,-0.0065185,0.00047122,-2,1,199
-1.3814,0.10591,-0.0065185,0.00047122,-2,0,199
0.30447,1.2954,-0.0065185,0.00047122,-2,0,199
-1.4405,-1.4271,-0.0065185,0.00047122,-2,1,199
-1.9955,-0.50412,-0.0065185,0.00047122,-2,0,199
1.7045,0.14102,2.9935,0.00047122,1,1,199
-2.4405,-2.9093,-0.0065185,0.00047122,-2,0,199
-4.2238,-3.3027,-0.0065185,0.00047122,-2,0,199
3.0485,1.0129,-0.0065185,0.00047122,-2,1,199
0.89188,0.24951,-0.0065185,0.00047122,-2,1,199
-2.7498,-2.7364,-0.0065185,0.00047122,-2,0,199
-3.6367,-1.3777,-0.0065185,0.00047122,-2,1,199
-3.0905,-1.5711,-3.0065,0.00047122,1,0,199
2.5412,2.5547,-0.0065185,0.00047122,-2,1,199
2.5545,2.5679,-0.0065185,0.00047122,-2,1,199
2.172,2.1854,-0.0065185,0.00047122,-2,0,199
0.0044729,2.915,-0.0065185,0.00047122,-2,1,199
0.0044729,-1.3132,2.9935,0.00047122,1,1,199
-2.9955,-5.5321,-0.0065185,0.00047122,-2,0,199
-4.9955,-7.1496,-0.0065185,0.00047122,-2,0,199
-2.9955,-4.8245,-0.0065185,0.00047122,-2,0,199
2.5545,1.5839,-2.0065,0.00047122,1,0,199
-2.163,1.7179,-0.0065185,0.00047122,-2,1,199
1.8468,-1.4271,-0.0065185,0.00047122,-2,0,199
-0.42951,0.017889,-0.0065185,0.00047122,-2,0,199
-0.66441,-1.9821,-0.0065185,0.00047122,-2,0,199
0.57302,3.9053,-0.0065185,3.0005,-1,1,199
-3.0338,-3.9821,-0.0065185,0.00047122,-2,0,199
-2.5781,-1.6673,-5.0065,0.00047122,1,1,199
-0.88553,1.1305,-0.0065185,0.00047122,-2,1,199
-3.452,-1.7364,-0.0065185,0.00047122,-2,0,199
-3.8455,-3.0527,-0.0065185,0.00047122,-2,0,199
-2.718,-2.5321,-0.0065185,0.00047122,-2,0,199
1.6186,2.332,-0.0065185,0.00047122,-2,1,199
-1.3675,-1.3541,3.9935,0.00047122,1,1,199
2.282,2.2954,-0.0065185,0.00047122,-2,1,199
-2.3814,-5.8721,-0.0065185,0.00047122,-2,0,199
1.4825,2.4744,-0.0065185,0.00047122,-2,1,199
2.5608,2.5742,-0.0065185,0.00047122,-2,1,199
-2.1684,-3.2019,3.9935,0.00047122,1,1,199
-2.163,-1.2104,-0.0065185,0.00047122,-2,1,199
4.8468,0.12789,-0.0065185,0.00047122,-2,1,199
2.5545,0.67368,-0.0065185,0.00047122,-2,1,199
-2.163,-2.1496,-0.0065185,0.00047122,-2,1,199
-3.9955,-3.9821,-0.0065185,0.00047122,-2,0,199
4.4045,0.87565,-0.0065185,0.00047122,-2,1,199
-2.8855,-2.8721,-0.0065185,0.00047122,-2,0,199
2.461,2.4744,4.9935,0.00047122,1,1,199
-0.9075,-3.0695,-0.0065185,0.00047122,-2,0,199
-5.5455,-0.75729,-0.0065185,0.00047122,-2,0,199
-5.163,0.53851,-0.0065185,0.00047122,-2,0,199
-4.3879,-4.3745,-5.0065,0.00047122,1,1,199
0.17197,-0.033138,-0.0065185,0.00047122,-2,0,199
-1.8379,-0.12449,-0.0065185,0.00047122,-2,0,199
-4.9955,-1.6077,-0.0065185,0.00047122,-2,0,199
4.2545,4.2679,4.9935,0.00047122,1,1,199
-4.9955,-3.9381,-0.0065185,0.00047122,-2,0,199
5.0045,5.0179,-0.0065185,0.00047122,-2,1,199
-3.9955,-3.2278,-0.0065185,0.00047122,-2,0,199
4.0045,4.0179,-0.0065185,0.00047122,-2,1,199
-3.9955,-3.4371,-0.0065185,0.00047122,-2,1,199
-3.3955,-1.8679,-0.0065185,0.00047122,-2,1,199
-3.8855,-2.585,-0.0065185,0.00047122,-2,0,199
3.311,2.4744,-4.0065,0.00047122,1,0,199
-1.0836,2.6954,-0.0065185,0.00047122,-2,1,199
2.2297,3.7579,-0.0065185,0.00047122,-2,1,199
1.4959,5.4744,-0.0065185,0.00047122,-2,1,199
-1.2632,2.3002,-0.0065185,1.0005,-1,0,199
1.082,4.2492,-4.0065,0.00047122,1,0,199
3.8468,1.1794,-0.0065185,0.00047122,-2,0,199
4.5705,-1.1721,-0.0065185,0.00047122,-2,1,199
5.5545,4.0765,-0.0065185,0.00047122,-2,1,199
-4.713,-4.6996,3.9935,0.00047122,1,0,199
2.8468,-2.3381,-0.0065185,0.00047122,-2,1,199
-4.5615,-2.3981,-0.0065185,0.00047122,-2,0,199
-5.3266,-5.3132,-0.0065185,0.00047122,-2,0,199
-6.127,-6.1136,-0.0065185,0.00047122,-2,0,199
-5.9573,-5.9438,-0.0065185,0.00047122,-2,0,199
3.8219,2.0471,-0.0065185,0.00047122,-2,1,199
3.2493,2.9616,-4.0065,0.00047122,1,0,199
3.172,-2.3821,-0.0065185,0.00047122,-2,1,199
2.8545,2.7103,-0.0065185,0.00047122,-2,1,199
4.727,2.4404,-0.0065185,0.00047122,-2,1,199
2.6186,4.032,-0.0065185,0.00047122,-2,1,199
1.5265,2.0262,-0.0065185,0.00047122,-2,1,199
0.44818,0.27995,-0.0065185,0.00047122,-2,1,199
0.38162,1.1175,-0.0065185,0.00047122,-2,1,199
0.32505,0.33847,-0.0065185,0.00047122,-2,0,199
-2.9955,-2.9821,-0.0065185,0.00047122,-2,0,199
-2.5455,3.0179,-0.0065185,3.0005,-1,0,199
2.0045,-0.09839,-0.0065185,0.00047122,-2,1,199
1.7045,-3.9821,-0.0065185,-3.9995,-1,0,199
-1.4405,-1.4271,-0.0065185,0.00047122,-2,1,199
3.2327,-0.87211,-0.0065185,0.00047122,-2,1,199
-2.7395,-2.7261,3.9935,0.00047122,1,0,199
-4.4405,-2.9821,-0.0065185,0.00047122,-2,0,199
-6.2238,2.9079,-0.0065185,0.00047122,-2,0,199
-2.0395,-4.2321,-0.0065185,0.00047122,-2,0,199
-1.8829,-1.8695,-0.0065185,0.00047122,-2,0,199
0.75877,1.4947,-0.0065185,0.00047122,-2,1,199
-4.4735,-3.3821,-0.0065185,0.00047122,-2,0,200
1.5608,4.2679,-0.0065185,0.00047122,-2,1,200
-2.3727,-2.3593,-0.0065185,0.00047122,-2,0,200
-2.0161,-4.6821,-0.0065185,-2.9995,-1,0,200
-1.5505,-1.2104,-0.0065185,0.00047122,-2,1,200
0.77622,0.78964,-0.0065185,0.00047122,-2,1,200
-0.29553,0.18539,-0.0065185,0.00047122,-2,1,200
4.4495,2.6146,-0.0065185,0.00047122,-2,1,200
-5.2238,-5.2104,-0.0065185,0.00047122,-2,0,200
5.0485,5.349,-0.0065185,0.00047122,-2,1,200
3.8919,2.7477,-0.0065185,0.00047122,-2,1,200
3.7588,3.7722,-0.0065185,0.00047122,-2,1,200
3.1956,3.0029,-3.0065,0.00047122,1,0,200
-6.163,-2.3695,-0.0065185,0.00047122,-2,0,200
4.4045,1.2504,-0.0065185,0.00047122,-2,1,200
4.8945,2.4116,-0.0065185,0.00047122,-2,1,200
-5.452,-1.0393,-0.0065185,0.00047122,-2,0,200
-5.0836,-3.2666,-0.0065185,0.00047122,-2,0,200
4.3293,2.4272,-4.0065,0.00047122,1,1,200
-0.48693,-0.47351,-0.0065185,0.00047122,-2,1,200
2.2868,-1.5898,-0.0065185,0.00047122,-2,0,200
4.1545,2.3259,-0.0065185,0.00047122,-2,1,200
4.282,7.1059,-0.0065185,0.00047122,-2,1,200
-3.6314,-2.9805,3.9935,0.00047122,1,0,200
-3.4735,3.9399,-0.0065185,0.00047122,-2,0,200
2.5608,4.3002,-0.0065185,0.00047122,-2,1,200
0.38162,0.39504,-0.0065185,0.00047122,-2,0,200
-0.67495,-0.66153,-0.0065185,0.00047122,-2,1,200
-4.8455,-2.8576,-0.0065185,0.00047122,-2,1,200
-1.718,-2.7569,-0.0065185,0.00047122,-2,0,200
1.4686,1.482,4.9935,0.00047122,1,1,200
3.282,-6.6886,-0.0065185,0.00047122,-2,1,200
7.4045,7.4179,-0.0065185,0.00047122,-2,1,200
7.8945,7.9079,-0.0065185,0.00047122,-2,1,200
5.461,-3.0358,-0.0065185,0.00047122,-2,1,200
5.0925,0.34936,-0.0065185,0.00047122,-2,1,200
-6.7703,-4.3069,-0.0065185,0.00047122,-2,0,200
-4.5041,-4.4907,-0.0065185,0.00047122,-2,0,200
3.8368,0.65544,-0.0065185,2.0005,-1,1,200
3.2619,4.1785,3.9935,0.00047122,1,1,200
4.9309,4.9444,-0.0065185,0.00047122,-2,1,200
3.792,2.0712,-0.0065185,0.00047122,-2,1,200
2.6738,1.3067,-0.0065185,0.00047122,-2,1,200
2.2734,2.7544,4.9935,0.00047122,1,1,200
4.4881,3.754,-0.0065185,0.00047122,-2,1,200
-4.4066,-4.3932,-0.0065185,0.00047122,-2,0,200
-2.3449,-2.3315,-0.0065185,0.00047122,-2,0,200
-4.2925,-4.2791,-0.0065185,0.00047122,-2,0,200
3.2569,1.8377,-0.0065185,0.00047122,-2,1,200
2.7691,2.3399,3.9935,0.00047122,1,0,200
2.172,3.6003,-0.0065185,0.00047122,-2,1,200
1.0045,1.0179,-0.0065185,0.00047122,-2,1,200
-0.99553,-1.6799,-0.0065185,0.00047122,-2,1,200
-1.1455,0.86789,-0.0065185,0.00047122,-2,1,200
-1.6955,1.1493,-0.0065185,0.00047122,-2,0,200
0.0044729,0.50116,-0.0065185,0.00047122,-2,1,200
0.0044729,0.83536,-4.0065,0.00047122,1,0,200
1.0045,1.7127,-0.0065185,0.00047122,-2,1,200
-4.8455,-1.0921,-0.0065185,0.00047122,-2,0,200
2.727,-2.4386,-0.0065185,0.00047122,-2,1,200
3.6186,0.92986,-0.0065185,0.00047122,-2,1,200
-3.5175,0.34771,-0.0065185,0.00047122,-2,0,200
-2.4392,-0.47351,-0.0065185,0.00047122,-2,0,200
2.0816,0.90308,-2.0065,0.00047122,1,1,200
-2.6749,-2.6615,-0.0065185,0.00047122,-2,1,200
-2.723,-3.9086,-0.0065185,0.00047122,-2,0,200
7.5545,6.2461,-0.0065185,0.00047122,-2,1,200
-6.163,-1.9527,-0.0065185,0.00047122,-2,0,200
5.8468,4.3053,-0.0065185,0.00047122,-2,1,200
-4.9615,-4.9481,-5.0065,0.00047122,1,0,200
4.3356,4.909,-0.0065185,0.00047122,-2,1,200
-4.127,-3.6636,-0.0065185,0.00047122,-2,0,200
-3.5073,-1.4453,-0.0065185,-0.99953,-1,0,200
-5.813,-5.3759,-0.0065185,0.00047122,-2,0,200
-4.9404,-2.5193,-5.0065,0.00047122,1,0,200
-2.5862,-4.5166,-0.0065185,0.00047122,-2,0,200
-3.4976,-2.1841,-0.0065185,0.00047122,-2,0,200
-2.4223,-2.7377,-0.0065185,0.00047122,-2,0,200
-4.3582,-4.1568,-0.0065185,0.00047122,-2,0,200
-3.7038,-1.7354,-5.0065,0.00047122,1,0,200
1.2665,1.1441,-0.0065185,0.00047122,-2,1,200
-0.21828,-3.7019,-0.0065185,0.00047122,-2,0,200
0.81513,0.92669,-0.0065185,0.00047122,-2,1,200
0.85447,0.86789,-0.0065185,0.00047122,-2,1,200
1.282,2.0179,-0.0065185,0.00047122,-2,0,200
-1.3814,-0.09839,-0.0065185,0.00047122,-2,0,200
1.1825,6.7179,-0.0065185,5.0005,-1,0,200
5.4482,-4.3161,-0.0065185,0.00047122,-2,1,200
4.3816,0.40539,-0.0065185,0.00047122,-2,1,200
-3.7161,-0.52399,2.9935,0.00047122,1,1,200
4.8945,-0.53211,-0.0065185,0.00047122,-2,0,200
-6.452,-6.5921,-0.0065185,0.00047122,-2,1,200
-5.4836,-6.2006,-0.0065185,-3.9995,-1,0,200
4.6693,1.8519,-4.0065,0.00047122,1,0,200
-1.4869,-4.3132,-0.0065185,0.00047122,-2,0,200
1.7222,5.9079,-0.0065185,0.00047122,-2,1,200
-1.9056,-2.3358,-0.0065185,0.00047122,-2,0,200
-1.0691,-4.0701,-0.0065185,0.00047122,-2,0,200
1.217,3.9602,-0.0065185,0.00047122,-2,1,200
1.3351,3.5265,-0.0065185,0.00047122,-2,1,200
-1.1266,-2.7094,-5.0065,0.00047122,1,0,200
0.52085,5.3579,-0.0065185,0.00047122,-2,1,200
-2.5844,-3.3448,-0.0065185,0.00047122,-2,0,200
-1.6461,-2.2904,-0.0065185,0.00047122,-2,0,200
-0.69852,-1.2442,-0.0065185,0.00047122,-2,0,200
-2.248,-1.4131,-0.0065185,0.00047122,-2,1,200
1.9191,-0.90944,-5.0065,0.00047122,1,0,200
2.1869,1.6068,-0.0065185,0.00047122,-2,1,200
5.7045,-3.7314,-0.0065185,0.00047122,-2,0,200
7.4045,1.3466,-0.0065185,0.00047122,-2,0,200
-5.8855,-6.2721,-0.0065185,0.00047122,-2,1,200
5.011,2.4839,-5.0065,0.00047122,1,0,200
4.26,-4.3035,-3.0065,0.00047122,1,0,200
0.77929,-1.0428,-0.0065185,0.00047122,-2,0,200
0.51307,-0.64101,-0.0065185,0.00047122,-2,0,200
0.28678,0.3002,-0.0065185,0.00047122,-2,0,200
-1.9056,-0.74189,-0.0065185,0.00047122,-2,1,200
0.45447,-1.6056,-0.0065185,0.00047122,-2,1,200
0.38697,2.0459,4.9935,0.00047122,1,1,200
1.1621,2.5742,-0.0065185,0.00047122,-2,1,200
2.4385,2.4519,-0.0065185,0.00047122,-2,1,200
-0.66441,-2.7322,-0.0065185,0.00047122,-2,0,200
0.57302,0.58644,-4.0065,0.00047122,1,0,200
0.44947,-4.3821,-0.0065185,0.00047122,-2,0,200
3.2327,1.0493,-0.0065185,0.00047122,-2,1,200
3.7045,1.8505,-0.0065185,0.00047122,-2,1,200
-3.1405,2.2482,2.9935,0.00047122,1,1,200
1.4495,-2.5321,-0.0065185,0.00047122,-2,1,200
4.0045,5.0619,-0.0065185,0.00047122,-2,1,200
1.0045,1.9053,-0.0065185,0.00047122,-2,1,200
2.0045,2.0179,-0.0065185,0.00047122,-2,1,200
3.0045,3.659,-0.0065185,0.00047122,-2,1,200
4.0045,-0.22463,-0.0065185,0.00047122,-2,1,200
1.0045,3.4179,-0.0065185,0.00047122,-2,1,200
0.85447,1.2616,2.9935,0.00047122,1,0,200
1.727,2.5679,-0.0065185,0.00047122,-2,0,200
1.3903,1.4038,-0.0065185,0.00047122,-2,1,200
-0.47352,1.2624,-0.0065185,0.00047122,-2,0,200
-3.5518,0.73391,-0.0065185,0.00047122,-2,0,200
0.38162,1.349,-0.0065185,0.00047122,-2,0,200
-0.3161,-0.30269,-0.0065185,0.00047122,-2,0,200
-2.9955,-1.4769,-0.0065185,0.00047122,-2,0,200
2.5545,2.5679,3.9935,0.00047122,1,0,200
-2.9955,0.71274,-0.0065185,0.00047122,-2,0,200
-5.5455,-5.4221,-0.0065185,0.00047122,-2,1,200
3.5545,3.5679,-0.0065185,0.00047122,-2,1,200
-3.8455,-1.6434,-0.0065185,0.00047122,-2,0,200
-4.718,-4.7046,-0.0065185,0.00047122,-2,0,200
-4.6097,-4.5962,-0.0065185,0.00047122,-2,0,200
-3.9175,-1.5624,3.9935,0.00047122,1,0,200
2.4482,2.4616,-0.0065185,0.00047122,-2,1,200
-5.3727,3.0972,-0.0065185,0.00047122,-2,0,200
-4.3161,-4.0712,-0.0065185,0.00047122,-2,0,200
2.277,2.2904,-0.0065185,0.00047122,-2,1,200
1.7729,-2.7558,-0.0065185,0.00047122,-2,1,200
-1.2955,-5.4386,-0.0065185,0.00047122,-2,0,200
-2.5455,-0.14945,-0.0065185,0.00047122,-2,0,200
-1.163,0.87565,-0.0065185,0.00047122,-2,1,200
-2.1455,-2.1321,-0.0065185,0.00047122,-2,0,200
-0.54553,0.45187,-0.0065185,0.00047122,-2,0,200
1.172,1.4311,-0.0065185,0.00047122,-2,0,200
2.8545,-0.26356,-0.0065185,0.00047122,-2,1,200
-1.718,-2.2271,-0.0065185,0.00047122,-2,0,200
2.6186,2.632,-0.0065185,0.00047122,-2,1,200
2.2265,1.1341,3.9935,0.00047122,1,0,200
1.4495,0.63201,-0.0065185,0.00047122,-2,1,200
3.0045,3.285,-0.0065185,0.00047122,-2,1,200
1.0045,1.3385,-0.0065185,0.00047122,-2,1,200
2.0045,2.4579,-0.0065185,0.00047122,-2,1,200
-3.9955,-1.6821,-0.0065185,0.00047122,-2,0,200
0.11706,-0.65936,-0.0065185,0.00047122,-2,1,201
-0.14553,1.7047,-0.0065185,0.00047122,-2,1,201
1.282,0.14539,-0.0065185,0.00047122,-2,1,201
-1.0814,-0.5299,1.9935,0.00047122,1,0,201
-0.44053,-0.42711,-0.0065185,0.00047122,-2,0,201
-4.2238,-3.5041,-0.0065185,0.00047122,-2,0,201
-5.0395,-5.0261,-0.0065185,0.00047122,-2,1,201
-3.3955,-3.3821,-0.0065185,0.00047122,-2,0,201
1.0045,-0.54894,-0.0065185,0.00047122,-2,1,201
-0.99553,-0.70962,-0.0065185,0.00047122,-2,1,201
0.0044729,-0.70461,-0.0065185,0.00047122,-2,0,201
3.0045,3.0179,-0.0065185,0.00047122,-2,1,201
2.5545,2.4005,4.9935,0.00047122,1,1,201
-7.163,-4.9821,-0.0065185,0.00047122,-2,0,201
4.8468,5.4728,-0.0065185,0.00047122,-2,1,201
1.5705,4.1339,-0.0065185,0.00047122,-2,1,201
3.3356,3.349,-0.0065185,0.00047122,-2,1,201
4.1359,4.1493,-0.0065185,0.00047122,-2,1,201
3.5162,0.017889,3.9935,0.00047122,1,1,201
2.8219,4.2354,-0.0065185,0.00047122,-2,1,201
4.6993,4.7127,-0.0065185,0.00047122,-2,1,201
3.5951,1.4629,-0.0065185,0.00047122,-2,1,201
3.0565,3.0699,-3.0065,0.00047122,1,1,201
-4.4223,-3.9821,-0.0065185,0.00047122,-2,0,201
5.3672,-2.1496,-0.0065185,0.00047122,-2,1,201
4.3128,4.5762,-0.0065185,0.00047122,-2,1,201
-2.2576,-1.9821,-0.0065185,0.00047122,-2,0,201
-3.2183,-2.9821,-0.0065185,0.00047122,-2,0,201
-4.1849,-3.9821,-0.0065185,0.00047122,-2,0,201
3.5654,2.1059,-2.0065,0.00047122,1,0,201
3.8945,2.7927,-0.0065185,0.00047122,-2,1,201
-3.8455,0.61289,-0.0065185,0.00047122,-2,0,201
-3.718,-3.7046,-0.0065185,0.00047122,-2,0,201
-3.6097,-3.5962,-0.0065185,0.00047122,-2,0,201
3.0765,0.089298,-0.0065185,0.00047122,-1,1,201
-5.4392,-5.4258,-0.0065185,0.00047122,-2,0,201
-4.3727,-4.3593,-0.0065185,0.00047122,-2,0,201
5.3251,1.1932,-0.0065185,0.00047122,-2,1,201
4.527,4.3052,3.9935,0.00047122,1,1,201
4.2361,4.0496,-0.0065185,0.00047122,-2,1,201
4.2013,3.1048,-0.0065185,0.00047122,-2,1,201
4.1718,4.1852,-0.0065185,0.00047122,-2,1,201
3.5467,2.9273,4.9935,0.00047122,1,1,201
2.1254,2.0344,-0.0065185,0.00047122,-2,1,201
-1.0983,-1.0849,-0.0065185,0.00047122,-2,0,201
0.091827,0.029839,-0.0065185,0.00047122,-2,1,201
0.078724,2.7022,-0.0065185,0.00047122,-2,1,201
3.0676,0.026523,-0.0065185,0.00047122,-2,1,201
2.6081,2.5752,2.9935,0.00047122,1,1,201
4.0501,4.0241,-0.0065185,0.00047122,-2,1,201
3.0432,3.0566,-0.0065185,0.00047122,-2,1,201
-5.0285,-1.8574,-0.0065185,0.00047122,-2,0,201
-3.0235,-3.0101,-0.0065185,0.00047122,-2,0,201
3.0283,3.6336,-0.0065185,0.00047122,-2,1,201
2.0247,2.0207,-0.0065185,0.00047122,-2,1,201
-1.7127,-2.1668,1.9935,0.00047122,1,0,201
0.98985,1.0033,-0.0065185,0.00047122,-2,0,201
-0.0079525,0.0054633,-0.0065185,0.00047122,-2,0,201
2.015,2.0193,-0.0065185,0.00047122,-2,1,201
-1.0045,-0.99109,-0.0065185,0.00047122,-2,0,201
0.012104,-0.86189,-0.0065185,0.00047122,-2,1,201
2.011,2.0244,-0.0065185,0.00047122,-2,1,201
1.71,0.018643,-3.0065,0.00047122,1,1,201
3.0092,3.0185,-0.0065185,0.00047122,-2,1,201
4.0085,-2.1491,-0.0065185,0.00047122,-2,1,201
2.0079,3.4184,-0.0065185,0.00047122,-2,1,201
1.0074,1.7183,-0.0065185,0.00047122,-2,1,201
0.0069192,0.86822,-0.0065185,0.00047122,-2,1,201
0.0065522,0.018173,4.9935,0.00047122,1,1,201
-2.9938,-2.9819,-0.0065185,0.00047122,-2,1,201
-0.99402,-0.98061,-0.0065185,0.00047122,-2,1,201
4.0032,-3.054,-0.0065185,0.00047122,-2,1,201
-2.3955,-2.3821,-0.0065185,0.00047122,-2,0,201
-2.0355,-2.872,3.9935,0.00047122,1,0,201
-0.53903,-5.2679,-0.0065185,0.00047122,-2,0,201
1.5545,1.5679,-0.0065185,0.00047122,-2,1,201
0.83697,0.56139,-0.0065185,0.00047122,-2,0,201
-0.15315,0.59732,-0.0065185,0.00047122,-2,1,201
1.5705,1.7927,-0.0065185,0.00047122,-2,1,201
-1.3266,-0.045709,-5.0065,0.00047122,1,0,201
0.87302,0.73558,-0.0065185,0.00047122,-2,0,201
3.0427,2.9279,-0.0065185,0.00047122,-2,1,201
-5.3955,1.0885,-0.0065185,0.00047122,-2,0,201
-0.88553,-2.1773,-0.0065185,0.00047122,-2,0,201
0.46097,0.77439,-0.0065185,0.00047122,-2,1,201
0.91645,-0.37014,-0.0065185,0.00047122,-2,0,201
-0.77071,-0.75729,3.9935,0.00047122,1,1,201
-0.48693,-0.47351,-0.0065185,0.00047122,-2,1,201
0.28678,0.3002,-0.0065185,0.00047122,-2,1,201
0.094435,0.10785,-0.0065185,0.00047122,-2,0,201
-0.84553,-0.83211,-0.0065185,0.00047122,-2,0,201
0.72697,-1.0457,-4.0065,0.00047122,1,1,201
0.6186,0.63201,-0.0065185,0.00047122,-2,1,201
-2.4735,-4.1544,-0.0065185,0.00047122,-2,1,201
-3.5518,-2.0884,-0.0065185,0.00047122,-2,1,201
3.0273,3.0407,3.9935,0.00047122,1,0,201
-3.6749,-3.0615,-0.0065185,0.00047122,-2,0,201
3.132,2.4179,-0.0065185,-0.99953,-1,1,201
-4.8855,-3.4411,-0.0065185,0.00047122,-2,0,201
-2.452,-2.0701,-0.0065185,0.00047122,-2,0,201
-6.0836,-3.2019,-0.0065185,0.00047122,-2,0,201
4.7793,4.7927,-0.0065185,0.00047122,-2,1,201
-4.0541,-4.1544,-4.0065,0.00047122,1,0,201
-5.2778,-5.2644,-0.0065185,0.00047122,-2,0,201
-4.0855,-3.7986,-0.0065185,0.00047122,-2,0,201
-4.922,-3.3196,-0.0065185,0.00047122,-2,0,201
-3.783,-3.7696,-0.0065185,0.00047122,-2,0,201
-0.32615,3.5773,-0.0065185,0.00047122,-2,1,201
0.28551,0.38427,3.9935,0.00047122,1,0,201
0.52085,3.0068,-0.0065185,0.00047122,-2,0,201
0.59339,0.45681,-0.0065185,0.00047122,-2,1,201
-2.1455,0.57088,-0.0065185,0.00047122,-2,1,201
-1.273,-1.368,-0.0065185,0.00047122,-2,0,201
-1.0814,-1.068,-3.0065,0.00047122,1,0,201
-0.44053,-0.42711,-0.0065185,0.00047122,-2,0,201
1.7762,-3.3779,-0.0065185,0.00047122,-2,0,201
-1.9515,-1.201,-0.0065185,0.00047122,-2,1,201
-0.88294,1.4364,-0.0065185,0.00047122,-2,0,201
-0.24123,0.97962,-0.0065185,0.00047122,-2,1,201
-0.35437,-0.16464,-0.0065185,0.00047122,-2,1,201
0.45949,0.47291,-0.0065185,0.00047122,-2,0,201
0.39124,0.041391,-5.0065,0.00047122,1,0,201
3.6107,3.6241,-0.0065185,0.00047122,-2,0,201
2.6698,2.6832,-0.0065185,0.00047122,-2,1,201
-7.5455,3.4512,-0.0065185,0.00047122,-2,0,201
6.422,6.4354,3.9935,0.00047122,1,1,201
4.8468,0.79936,-0.0065185,0.00047122,-2,1,201
4.1205,4.5839,-0.0065185,3.0005,-1,1,201
-4.3266,-0.83573,-0.0065185,0.00047122,-2,0,201
3.6859,3.6993,4.9935,0.00047122,1,1,201
3.9662,3.9796,-0.0065185,0.00047122,-2,1,201
3.3719,4.8354,-0.0065185,4.0005,-1,1,201
1.6993,3.7834,-0.0065185,0.00047122,-2,1,201
0.5951,0.60851,-0.0065185,0.00047122,-2,1,201
-1.4935,-1.4801,-0.0065185,0.00047122,-2,1,201
0.4312,0.11817,-0.0065185,0.00047122,-2,1,201
-1.3582,0.45466,-0.0065185,0.00047122,-2,0,201
1.1628,0.49663,-4.0065,0.00047122,1,1,201
-0.73346,-1.2977,-0.0065185,0.00047122,-2,0,201
-2.8455,-2.6494,-0.0065185,0.00047122,-2,0,201
-1.718,-2.4046,-0.0065185,0.00047122,-2,0,201
-3.6097,-3.5962,-0.0065185,0.00047122,-2,0,201
-3.0675,-1.2266,3.9935,0.00047122,1,0,201
-2.4392,-2.4258,-0.0065185,0.00047122,-2,0,201
1.3816,-1.5898,-0.0065185,0.00047122,-2,1,201
-1.3161,-1.3027,-0.0065185,0.00047122,-2,0,201
-1.118,-1.6311,3.9935,0.00047122,1,0,201
2.7729,2.2304,-0.0065185,0.00047122,-2,1,201
0.55447,0.56789,-0.0065185,0.00047122,-2,1,201
0.83697,0.56139,-0.0065185,0.00047122,-2,1,201
-0.54553,-0.68974,-0.0065185,0.00047122,-2,0,201
-2.163,-0.10302,-0.0065185,0.00047122,-2,0,201
-2.8379,1.3601,-0.0065185,0.00047122,-2,0,201
-2.4115,-2.3981,-3.0065,0.00047122,1,0,201
-3.3266,-3.3132,-0.0065185,0.00047122,-2,0,201
-3.127,-3.1136,-0.0065185,0.00047122,-2,0,201
-4.9573,-4.0358,-0.0065185,0.00047122,-2,0,201
4.8219,2.4014,-0.0065185,0.00047122,-2,1,201
-5.6904,-5.0209,-0.0065185,0.00047122,-2,0,201
-3.5862,-2.9051,-0.0065185,0.00047122,-2,0,201
-5.4976,-2.5601,-0.0065185,0.00047122,-2,0,201
-2.4223,-4.6588,-0.0065185,0.00047122,-2,0,201
-2.6328,2.0806,-0.0065185,0.00047122,-2,0,201
2.2462,-1.4443,1.9935,0.00047122,1,0,201
-3.7335,-5.6821,-0.0065185,0.00047122,-2,0,201
2.4045,1.8478,-0.0065185,0.00047122,-2,1,201
0.89447,0.73391,-0.0065185,0.00047122,-2,1,201
1.461,0.77439,-0.0065185,0.00047122,-2,1,201
1.2425,0.29934,-2.0065,0.00047122,1,0,201
-2.273,-1.0344,-0.0065185,0.00047122,-2,1,201
1.3903,1.1229,-0.0065185,0.00047122,-2,1,201
-5.6955,-1.1601,-0.0065185,0.00047122,-2,0,201
6.4495,5.2603,-0.0065185,0.00047122,-2,1,201
5.2327,5.5839,-0.0065185,0.00047122,-2,1,201
2.8751,2.8885,-1.0065,0.00047122,1,1,202
4.277,4.2904,-0.0065185,0.00047122,-2,1,202
4.2361,4.2495,-0.0065185,0.00047122,-2,1,202
4.2013,-0.59624,-0.0065185,0.00047122,-2,1,202
2.1718,3.4179,-0.0065185,0.00047122,-2,1,202
-0.13777,-1.8244,-0.0065185,0.00047122,-2,1,202
-1.9955,0.017889,-0.0065185,0.00047122,-2,0,202
2.0045,0.48964,-0.0065185,0.00047122,-2,1,202
-3.9955,-1.6821,-0.0065185,0.00047122,-2,0,202
5.0045,2.5305,-0.0065185,0.00047122,-2,1,202
4.0045,3.2636,-0.0065185,0.00047122,-2,1,202
-3.3955,-3.5946,1.9935,0.00047122,1,0,202
3.0045,-2.2271,-0.0065185,0.00047122,-2,1,202
-2.5455,-2.5321,1.9935,0.00047122,1,0,202
4.0045,-2.0759,-0.0065185,0.00047122,-2,1,202
-2.9955,-3.0474,-0.0065185,0.00047122,-2,0,202
-0.99553,-0.69763,-0.0065185,0.00047122,-2,0,202
-0.84553,-2.1496,-4.0065,0.00047122,1,0,202
3.0045,-3.1766,-0.0065185,0.00047122,-2,1,202
0.55447,-4.8721,-0.0065185,0.00047122,-2,0,202
2.7045,-0.44961,-0.0065185,0.00047122,-2,1,202
2.4495,2.4629,-0.0065185,0.00047122,-2,1,202
-2.0738,-0.70461,3.9935,0.00047122,1,0,202
1.0485,-2.3381,-0.0065185,0.00047122,-2,0,202
-1.9955,2.9079,-0.0065185,0.00047122,-2,1,202
-1.9955,-1.6821,-0.0065185,0.00047122,-2,0,202
3.7045,-0.62514,-0.0065185,0.00047122,-2,0,202
-4.6955,0.34771,-0.0065185,0.00047122,-2,1,202
-4.4405,-1.4735,-0.0065185,0.00047122,-2,0,202
-3.7738,-3.7604,-5.0065,0.00047122,1,0,202
-2.163,-6.3996,-0.0065185,0.00047122,-2,1,202
-1.9955,-5.5946,-0.0065185,0.00047122,-2,1,202
1.0045,4.4196,-0.0065185,0.00047122,-2,1,202
-2.1455,-1.8507,-0.0065185,0.00047122,-2,1,202
2.282,2.2954,-0.0065185,0.00047122,-2,0,202
1.3903,1.4038,-0.0065185,0.00047122,-2,0,202
-2.5175,-2.5041,-0.0065185,0.00047122,-2,0,202
-2.4392,-0.57273,-0.0065185,0.00047122,-2,0,202
2.0816,2.2199,3.9935,0.00047122,1,1,202
-1.3161,-3.8088,-0.0065185,0.00047122,-2,0,202
-2.268,-1.1046,-0.0065185,0.00047122,-2,0,202
-3.2271,-3.2137,-0.0065185,0.00047122,-2,0,202
-2.7424,-1.624,-4.0065,0.00047122,1,0,202
2.1718,3.6406,-0.0065185,0.00047122,-2,1,202
3.1467,3.2072,-0.0065185,0.00047122,-2,1,202
4.1254,4.1788,-0.0065185,0.00047122,-2,1,202
4.1072,4.1547,-0.0065185,0.00047122,-2,1,202
4.0918,4.1342,-0.0065185,0.00047122,-2,1,202
-3.4698,-0.96836,-5.0065,0.00047122,1,0,202
3.0676,4.3519,-0.0065185,0.00047122,-2,1,202
-0.049173,-0.035758,-0.0065185,0.00047122,-2,1,202
-2.9955,-2.2103,-0.0065185,0.00047122,-2,0,202
1.4545,1.4679,-0.0065185,0.00047122,-2,0,202
0.83697,-2.1496,-0.0065185,0.00047122,-2,1,202
-0.44553,2.5306,-0.0065185,0.00047122,-2,0,202
0.38697,0.049574,-4.0065,0.00047122,1,1,202
0.83697,0.85039,-0.0065185,0.00047122,-2,1,202
1.5545,1.9079,-0.0065185,0.00047122,-2,1,202
0.17197,2.4549,-0.0065185,0.00047122,-2,0,202
-0.69553,1.0013,-0.0065185,0.00047122,-2,1,202
2.1545,1.4519,-0.0065185,0.00047122,-2,1,202
-0.54553,0.78964,-0.0065185,0.00047122,-2,1,202
0.47197,0.48539,-3.0065,0.00047122,1,0,202
-2.5505,-3.4601,-0.0065185,0.00047122,-2,0,202
-2.3955,-2.3821,-0.0065185,0.00047122,-2,0,202
-2.0355,-0.13974,-0.0065185,-1.9995,-1,0,202
-0.45203,2.4713,-0.0065185,0.00047122,-2,1,202
-1.2955,-2.2278,-0.0065185,0.00047122,-2,0,202
-1.1005,-0.31193,2.9935,0.00047122,1,0,202
-4.163,-3.4907,-0.0065185,0.00047122,-2,0,202
-5.8379,-5.2644,-0.0065185,0.00047122,-2,0,202
-1.5615,0.29424,-0.0065185,0.00047122,-2,1,202
-2.9955,-0.90858,-0.0065185,0.00047122,-2,1,202
-2.5455,-1.201,-4.0065,0.00047122,1,1,202
-2.9955,-1.8507,-0.0065185,0.00047122,-2,0,202
-0.54553,-0.53211,-0.0065185,0.00047122,-2,1,202
-0.29553,-1.9821,-0.0065185,0.00047122,-2,1,202
0.55947,0.66091,-0.0065185,0.00047122,-2,1,202
-1.6955,-1.6821,-0.0065185,0.00047122,-2,0,202
-1.4405,-1.4907,-5.0065,0.00047122,1,0,202
-3.2238,-3.2104,-0.0065185,0.00047122,-2,0,202
5.0485,4.7204,-0.0065185,0.00047122,-2,1,202
-4.8829,-4.8695,-0.0065185,0.00047122,-2,0,202
2.7588,2.8054,-0.0065185,0.00047122,-2,1,202
3.6456,3.6873,-0.0065185,0.00047122,-2,1,202
-1.5405,-2.6151,-0.0065185,0.00047122,-2,0,202
1.3177,1.3515,2.9935,0.00047122,1,1,202
1.6107,-2.9432,-0.0065185,0.00047122,-2,0,202
-3.6608,-1.3327,-0.0065185,0.00047122,-2,0,202
-2.3955,-0.42711,-0.0065185,0.00047122,-2,1,202
-2.1455,-2.1321,-0.0065185,0.00047122,-2,1,202
1.832,2.2688,-3.0065,0.00047122,1,0,202
-0.3814,3.182,-0.0065185,0.00047122,-2,0,202
-4.8455,-1.8146,-0.0065185,0.00047122,-2,0,202
4.727,4.7404,-0.0065185,0.00047122,-2,1,202
4.0186,-3.368,-0.0065185,-3.9995,-1,1,202
4.5265,4.5399,-0.0065185,0.00047122,-2,1,202
5.4482,5.4616,-0.0065185,0.00047122,-2,1,202
4.3816,4.395,-0.0065185,0.00047122,-2,1,202
5.3251,-0.85559,-0.0065185,0.00047122,-2,0,202
6.2545,1.9703,-0.0065185,0.00047122,-2,1,202
-5.308,-5.2946,3.9935,0.00047122,1,1,202
4.0751,3.2854,-0.0065185,0.00047122,-2,1,202
1.8545,1.1852,-0.0065185,0.00047122,-2,1,202
1.727,-1.7161,-0.0065185,0.00047122,-2,1,202
0.39035,-1.4462,-0.0065185,0.00047122,-2,0,202
-0.51753,-0.50412,-0.0065185,0.00047122,-2,1,202
0.44818,-0.61726,-5.0065,0.00047122,1,0,202
-1.9955,4.2679,-0.0065185,0.00047122,-2,1,202
1.7045,-3.5041,-0.0065185,-2.9995,-1,0,202
2.0045,1.0192,-0.0065185,0.00047122,-2,1,202
6.7045,6.7179,-0.0065185,0.00047122,-2,1,202
-5.6905,-1.4271,1.9935,0.00047122,1,0,202
-4.2238,-4.2104,-0.0065185,0.00047122,-2,0,202
6.0485,-0.67281,-0.0065185,0.00047122,-2,1,202
-5.8829,-5.1195,-0.0065185,0.00047122,-2,0,202
1.7588,4.8129,-0.0065185,0.00047122,-2,1,202
0.64563,1.3311,-0.0065185,0.00047122,-2,0,202
-0.99553,-0.25961,-0.0065185,0.00047122,-2,0,202
1.0045,1.0179,-0.0065185,0.00047122,-2,0,202
-0.84553,-0.89787,2.9935,0.00047122,1,1,202
-2.9955,-2.0884,-0.0065185,0.00047122,-2,0,202
2.0045,2.1907,-0.0065185,0.00047122,-2,1,202
-4.9955,-1.6821,-0.0065185,0.00047122,-2,0,202
-4.2455,-4.2321,-3.0065,0.00047122,1,0,202
3.0045,2.7863,-0.0065185,0.00047122,-2,1,202
4.0045,3.821,-0.0065185,0.00047122,-2,1,202
-0.99553,-1.6571,-0.0065185,0.00047122,-2,0,202
0.85447,0.72565,4.9935,0.00047122,1,1,202
3.0045,2.897,-0.0065185,0.00047122,-2,1,202
4.0045,3.9151,-0.0065185,0.00047122,-2,1,202
-2.9955,-2.9821,-0.0065185,0.00047122,-2,0,202
-3.9955,-3.9821,-0.0065185,0.00047122,-2,0,202
-1.9955,-1.9821,-0.0065185,0.00047122,-2,0,202
-0.99553,-1.8142,-0.0065185,0.00047122,-2,0,202
-0.99553,-0.93651,-0.0065185,0.00047122,-2,0,202
0.85447,0.70163,4.9935,0.00047122,1,1,202
-2.9955,-4.2321,-0.0065185,0.00047122,-2,0,202
-2.5455,-2.5321,-2.0065,0.00047122,1,0,202
-2.9955,-1.6821,-0.0065185,0.00047122,-2,0,202
-4.9955,-4.9821,-0.0065185,0.00047122,-2,0,202
-4.2455,-2.1496,-4.0065,0.00047122,1,0,202
-2.9955,-2.9821,-0.0065185,0.00047122,-2,0,202
-1.9955,-2.8597,-0.0065185,0.00047122,-2,0,202
-1.9955,-1.9715,-0.0065185,0.00047122,-2,0,202
-1.6955,-1.4271,3.9935,0.00047122,1,1,202
3.4495,1.2385,-0.0065185,0.00047122,-2,0,202
-3.2238,-2.7261,-0.0065185,0.00047122,-2,1,202
-4.0395,-3.8695,-0.0065185,0.00047122,-2,0,202
4.5545,3.4629,-0.0065185,0.00047122,-2,0,202
-1.6955,-3.8496,-0.0065185,0.00047122,-2,0,202
3.0045,1.5265,-0.0065185,0.00047122,-2,0,202
-2.5455,-2.5321,-4.0065,0.00047122,1,1,202
-1.9955,-1.9821,-0.0065185,0.00047122,-2,0,202
-3.6955,-3.6821,-0.0065185,0.00047122,-2,0,202
4.4495,1.5127,-0.0065185,0.00047122,-2,1,202
-5.2238,-3.7604,-0.0065185,0.00047122,-2,0,202
-6.0395,-6.0261,-0.0065185,0.00047122,-2,0,202
4.8919,5.5265,-0.0065185,0.00047122,-2,1,202
4.7588,5.3002,-0.0065185,0.00047122,-2,1,202
4.6456,2.7471,-0.0065185,0.00047122,-2,1,202
2.5495,4.3444,-0.0065185,0.00047122,-2,1,202
-2.4588,-2.4453,-0.0065185,0.00047122,-2,0,202
-0.60178,1.8566,-0.0065185,0.00047122,-2,0,202
2.1545,1.8151,-0.0065185,0.00047122,-2,0,202
-0.71803,3.6119,-0.0065185,0.00047122,-2,1,202
1.0045,-1.5355,-0.0065185,0.00047122,-2,1,202
-0.84553,-0.50412,-5.0065,0.00047122,1,0,202
-5.718,-5.4258,-0.0065185,0.00047122,-2,0,202
-5.6097,-5.5962,-0.0065185,0.00047122,-2,0,202
-3.5175,-3.3027,-0.0065185,0.00047122,-2,0,202
-1.4392,-1.2546,-0.0065185,0.00047122,-2,0,202
-3.3727,-3.2137,-0.0065185,0.00047122,-2,0,202
3.342,-0.98211,-0.0065185,-0.99953,-1,1,203
4.6738,2.5296,-0.0065185,0.00047122,-2,1,203
1.5734,1.5869,-0.0065185,0.00047122,-2,1,203
0.48809,0.017889,-0.0065185,0.00047122,-2,1,203
-0.40661,-2.8497,-0.0065185,0.00047122,-2,0,203
-2.6461,0.36731,-0.0065185,0.00047122,-2,0,203
-0.54553,2.0179,-0.0065185,0.00047122,-2,0,203
1.172,1.1854,-0.0065185,0.00047122,-2,0,203
-0.14553,0.86789,-0.0065185,0.00047122,-2,0,203
0.15447,0.017889,-0.0065185,0.00047122,-2,1,203
1.1545,-0.10961,-0.0065185,0.00047122,-2,1,203
-0.97303,-1.6821,-5.0065,0.00047122,1,0,203
-0.44053,-0.42711,-0.0065185,0.00047122,-2,1,203
1.8545,1.8679,-0.0065185,0.00047122,-2,1,203
1.727,1.7404,-0.0065185,0.00047122,-2,1,203
-1.3814,-4.5921,-0.0065185,0.00047122,-2,0,203
0.70447,-0.70962,-0.0065185,0.00047122,-2,1,203
-0.59053,0.22998,-5.0065,0.00047122,1,0,203
-2.7673,4.4648,-0.0065185,0.00047122,-2,1,203
2.9605,3.2505,-0.0065185,0.00047122,-2,1,203
0.40447,2.5305,-0.0065185,0.00047122,-2,1,203
3.8945,-0.075611,-0.0065185,0.00047122,-2,1,203
3.311,3.3244,4.9935,0.00047122,1,1,203
4.0925,6.0427,-0.0065185,0.00047122,-2,1,203
-2.7703,-2.7569,-0.0065185,0.00047122,-2,0,203
-0.48693,2.9715,-0.0065185,0.00047122,-2,1,203
-0.71322,-0.6998,-0.0065185,0.00047122,-2,0,203
1.3045,-0.75564,-0.0065185,0.00047122,-2,1,203
-2.5455,-1.3039,-0.0065185,0.00047122,-2,0,203
2.172,2.1854,4.9935,0.00047122,1,0,203
2.0045,2.0179,-0.0065185,0.00047122,-2,1,203
1.7045,4.114,-0.0065185,0.00047122,-2,1,203
-1.4405,-1.4271,-0.0065185,0.00047122,-2,0,203
-0.76728,-1.6327,-0.0065185,0.00047122,-2,0,203
0.30447,0.31789,-0.0065185,0.00047122,-2,0,203
-0.44053,1.0179,-0.0065185,0.00047122,-2,1,203
0.85447,-0.36036,-0.0065185,0.00047122,-2,1,203
-2.718,-2.6233,-0.0065185,0.00047122,-2,0,203
2.3186,0.63201,-3.0065,0.00047122,1,1,203
-4.5175,2.1047,-0.0065185,0.00047122,-2,0,203
3.8482,-3.5384,-0.0065185,-3.9995,-1,0,203
0.89447,3.2426,-0.0065185,0.00047122,-2,0,203
0.76097,0.77439,2.9935,0.00047122,1,0,203
-2.9075,-7.4386,-0.0065185,0.00047122,-2,1,203
3.2545,-3.1496,-0.0065185,0.00047122,-2,0,203
-2.758,-3.5946,-0.0065185,0.00047122,-1,1,203
-6.0662,-6.0527,-0.0065185,0.00047122,-2,0,203
-5.1556,-1.5321,-0.0065185,1.0005,-1,0,203
4.3905,1.0539,-4.0065,0.00047122,1,1,203
1.8468,1.8603,-0.0065185,0.00047122,-2,1,203
3.5705,3.5839,-0.0065185,0.00047122,-2,1,203
-4.3266,1.1433,-0.0065185,0.00047122,-2,0,203
3.1359,3.6993,-0.0065185,0.00047122,-2,1,203
1.9662,1.9796,-0.0065185,0.00047122,-2,1,203
-3.813,-2.2446,-0.0065185,0.00047122,-2,0,203
3.2493,3.2627,-4.0065,0.00047122,1,0,203
-0.82803,-0.81461,-0.0065185,0.00047122,-2,0,203
1.1621,3.1225,-0.0065185,0.00047122,-2,1,203
-0.42951,-0.96609,-0.0065185,0.00047122,-2,0,203
-1.6644,-1.651,-0.0065185,0.00047122,-2,0,203
3.873,6.7927,-0.0065185,0.00047122,-2,1,203
-0.95726,0.28441,-0.0065185,0.00047122,-2,1,203
0.82194,0.83536,3.9935,0.00047122,1,0,203
-0.69038,-4.077,-0.0065185,0.00047122,-2,1,203
2.5951,0.60851,-0.0065185,0.00047122,-2,1,203
-5.6955,0.80539,-0.0065185,0.00047122,-2,0,203
-3.4405,-4.8271,-0.0065185,0.00047122,-2,0,203
-3.2238,-3.2104,-0.0065185,0.00047122,-2,0,203
-2.7395,-1.4271,1.9935,0.00047122,1,0,203
1.8919,-1.6821,-0.0065185,0.00047122,-2,1,203
-0.74983,-0.73641,-0.0065185,0.00047122,-2,0,203
-2.6367,-1.3458,-0.0065185,0.00047122,-2,0,203
-2.5405,-2.2271,-0.0065185,0.00047122,-2,0,203
-2.1588,-1.6821,3.9935,0.00047122,1,0,203
0.39822,-3.3821,-0.0065185,0.00047122,-2,1,203
2.3392,2.0179,-0.0065185,0.00047122,-2,1,203
4.289,4.0179,-0.0065185,0.00047122,-2,1,203
-5.2373,-5.2239,-0.0065185,0.00047122,-2,0,203
4.21,4.0179,-0.0065185,0.00047122,-2,1,203
-3.5702,-0.15682,3.9935,0.00047122,1,0,203
-1.847,-3.3821,-0.0065185,0.00047122,-2,0,203
1.7045,1.7179,-0.0065185,0.00047122,-2,1,203
2.4495,1.3556,-0.0065185,0.00047122,-2,1,203
1.2327,2.0961,-0.0065185,0.00047122,-2,1,203
1.0485,1.7927,-0.0065185,0.00047122,-2,1,203
-1.1081,-0.47351,-0.0065185,0.00047122,-2,0,203
-0.94123,-0.92781,3.9935,0.00047122,1,0,203
1.5595,1.5729,-0.0065185,0.00047122,-2,1,203
-1.5455,-2.8721,-0.0065185,0.00047122,-2,1,203
-2.1455,-2.9821,-0.0065185,0.00047122,-2,0,203
3.5545,1.8454,-0.0065185,0.00047122,-2,1,203
3.022,2.4339,-3.0065,0.00047122,1,1,203
4.8468,-0.68974,-0.0065185,0.00047122,-2,1,203
-3.5615,-4.0981,-0.0065185,0.00047122,-2,0,203
5.3356,2.6796,-0.0065185,0.00047122,-2,1,203
4.5359,4.2354,3.9935,0.00047122,1,1,203
4.9662,4.7127,-0.0065185,0.00047122,-2,1,203
0.82194,3.4985,-0.0065185,0.00047122,-2,1,203
1.6993,1.5199,-0.0065185,0.00047122,-2,1,203
-2.5862,-0.57273,-0.0065185,0.00047122,-2,0,203
-0.49756,-0.48414,-0.0065185,0.00047122,-2,0,203
-0.42225,-3.4088,-0.0065185,-2.9995,-1,0,203
0.36719,1.6089,4.9935,0.00047122,1,1,203
-3.6872,-3.6738,-0.0065185,0.00047122,-2,0,203
3.4045,-3.5946,-0.0065185,0.00047122,-2,1,203
-5.8855,-5.8721,-0.0065185,0.00047122,-2,0,203
-4.452,2.7647,-0.0065185,0.00047122,-2,0,203
-3.7836,-1.7636,-0.0065185,-3.9995,-1,0,203
3.2243,-0.42286,4.9935,0.00047122,1,1,203
1.5131,-1.585,-0.0065185,0.00047122,-2,1,203
0.72216,-2.2322,-0.0065185,0.00047122,-2,1,203
0.61451,-4.1427,2.9935,0.00047122,1,1,203
-1.5505,-0.042143,-0.0065185,0.00047122,-2,0,203
-1.3173,-1.3039,-5.0065,0.00047122,1,0,203
-0.16303,-6.3996,-0.0065185,0.00047122,-2,1,203
0.30447,-3.2481,-0.0065185,0.00047122,-2,1,203
-0.69553,-1.7216,-0.0065185,0.00047122,-2,1,203
-2.1455,-5.5921,-0.0065185,0.00047122,-2,0,203
-1.5455,-1.5321,-0.0065185,0.00047122,-2,0,203
1.172,1.5713,-0.0065185,0.00047122,-2,0,203
-1.1455,-1.1321,-0.0065185,0.00047122,-2,0,203
0.98197,1.2742,-4.0065,0.00047122,1,1,203
0.44947,0.46289,-0.0065185,0.00047122,-2,1,203
-5.2238,2.3629,-0.0065185,0.00047122,-2,0,203
-6.0395,-3.8453,-0.0065185,0.00047122,-2,0,203
-5.1329,-5.1195,1.9935,0.00047122,1,1,203
-2.608,-3.9293,-0.0065185,0.00047122,-2,1,203
-2.2162,0.46289,-0.0065185,-0.99953,-1,1,203
2.6145,-1.9329,-0.0065185,0.00047122,-2,0,203
-2.2141,1.0619,-4.0065,0.00047122,1,1,203
0.11873,2.9053,-0.0065185,0.00047122,-2,1,203
-0.59841,-4.475,-0.0065185,0.00047122,-2,1,203
-0.63307,-2.6233,-0.0065185,0.00047122,-2,0,203
-2.1536,-0.4177,-0.0065185,0.00047122,-2,1,203
-1.0112,0.40465,-0.0065185,0.00047122,-2,0,203
-3.1588,-4.3759,-0.0065185,0.00047122,-2,0,203
-0.28432,-1.3168,-0.0065185,0.00047122,-2,0,203
0.24995,1.5306,4.9935,0.00047122,1,1,203
0.49062,1.2597,-0.0065185,0.00047122,-2,1,203
-1.4323,3.1936,-0.0065185,0.00047122,-2,1,203
-1.6243,-2.1568,-0.0065185,0.00047122,-2,0,203
2.6889,-0.55611,-0.0065185,0.00047122,-2,1,203
-2.2773,-2.6583,-4.0065,0.00047122,1,0,203
0.23247,-0.089404,-0.0065185,0.00047122,-2,0,203
2.1983,1.9267,-0.0065185,0.00047122,-2,0,203
-3.1603,2.5519,-0.0065185,0.00047122,-2,0,203
-2.6855,-2.6721,-5.0065,0.00047122,1,0,203
1.172,6.4354,-0.0065185,0.00047122,-2,1,203
3.8468,3.8603,-0.0065185,0.00047122,-2,1,203
1.5705,1.5839,-0.0065185,0.00047122,-2,1,203
-2.3266,1.722,-0.0065185,0.00047122,-2,0,203
2.1359,1.9993,-0.0065185,0.00047122,-2,1,203
-3.9573,-0.044614,-0.0065185,0.00047122,-2,0,203
3.3719,3.3854,4.9935,0.00047122,1,1,203
-1.6904,-3.6631,-0.0065185,0.00047122,-2,0,203
-0.58615,-0.34849,-0.0065185,0.00047122,-2,0,203
-0.4935,-0.48008,-0.0065185,0.00047122,-2,0,203
5.8545,0.36731,-0.0065185,0.00047122,-2,1,203
4.727,4.0179,-0.0065185,0.00047122,-2,1,203
5.6186,3.6304,-0.0065185,0.00047122,-2,1,203
-4.5175,-4.5041,-0.0065185,0.00047122,-2,0,203
-1.5518,3.6304,-0.0065185,0.00047122,-2,0,203
-1.6955,3.4657,-0.0065185,0.00047122,-2,0,203
-1.5505,-1.5371,-0.0065185,0.00047122,-2,0,203
0.45447,0.46789,-0.0065185,0.00047122,-2,1,203
0.55447,0.56789,-0.0065185,0.00047122,-2,1,203
-0.46303,4.6208,-0.0065185,3.0005,-1,1,203
-0.55053,-1.9821,-0.0065185,0.00047122,-2,0,203
-0.46728,0.48539,1.9935,0.00047122,1,0,203
-3.4405,-3.4271,-0.0065185,0.00047122,-2,0,203
-2.2238,-2.2104,-0.0065185,0.00047122,-2,0,203
-4.0395,0.28441,-0.0065185,0.00047122,-2,0,203
4.8919,3.3854,-0.0065185,0.00047122,-2,1,203
3.7588,3.7127,-0.0065185,0.00047122,-2,1,203
0.55447,0.40039,-0.0065185,0.00047122,-2,1,204
4.172,4.1854,-0.0065185,0.00047122,-2,1,204
3.8468,3.8603,-0.0065185,0.00047122,-2,1,204
3.5705,3.5839,-0.0065185,0.00047122,-2,1,204
-2.3266,-0.26921,-0.0065185,0.00047122,-2,0,204
-2.127,-0.87972,-0.0065185,0.00047122,-2,0,204
-3.9573,-0.87258,-0.0065185,0.00047122,-2,0,204
1.187,1.9835,-0.0065185,0.00047122,-2,1,204
1.7045,1.023,-0.0065185,0.00047122,-2,1,204
-0.55053,-1.8245,-0.0065185,0.00047122,-2,0,204
-1.2955,-1.2821,-0.0065185,0.00047122,-2,0,204
-5.5455,-5.5321,-0.0065185,0.00047122,-2,0,204
4.722,0.9053,-4.0065,0.00047122,1,0,204
-5.163,1.5755,-0.0065185,0.00047122,-2,0,204
2.5545,1.5839,-0.0065185,0.00047122,-2,1,204
1.172,1.1854,-0.0065185,0.00047122,-2,1,204
-1.1532,-1.8507,-0.0065185,0.00047122,-2,1,204
-0.56155,-0.94384,-0.0065185,0.00047122,-2,1,204
0.48559,0.499,3.9935,0.00047122,1,0,204
4.727,-3.3821,-0.0065185,0.00047122,-2,1,204
-3.6097,-3.3821,-0.0065185,0.00047122,-2,0,204
-4.5175,-3.9821,-0.0065185,0.00047122,-2,0,204
-4.4392,-3.9821,-0.0065185,0.00047122,-2,0,204
-3.7727,-2.2016,-5.0065,0.00047122,1,0,204
4.3251,4.0179,-0.0065185,0.00047122,-2,1,204
2.277,2.0179,-0.0065185,0.00047122,-2,1,204
-4.2271,-3.0527,-0.0065185,0.00047122,-2,0,204
-4.1924,-3.579,-0.0065185,0.00047122,-2,0,204
-4.1629,-4.1495,-0.0065185,0.00047122,-2,0,204
-4.1378,-4.1244,-0.0065185,0.00047122,-2,0,204
-3.5164,-2.5595,1.9935,0.00047122,1,0,204
2.1072,-1.6821,-0.0065185,0.00047122,-2,1,204
-5.0829,-1.7695,-0.0065185,0.00047122,-2,0,204
-5.0698,-4.9821,-0.0065185,0.00047122,-2,0,204
3.0676,3.6304,-0.0065185,0.00047122,-2,1,204
-3.0492,-2.5858,-0.0065185,0.00047122,-2,0,204
-4.0411,-3.9821,-0.0065185,0.00047122,-2,0,204
-3.0343,-2.9821,-0.0065185,0.00047122,-2,0,204
-1.0285,-0.98211,-0.0065185,0.00047122,-2,0,204
0.88248,1.5839,-3.0065,0.00047122,1,1,204
4.0283,4.0179,-0.0065185,0.00047122,-2,1,204
5.0247,5.0179,-0.0065185,0.00047122,-2,1,204
-5.0127,1.8603,-0.0065185,0.00047122,-2,0,204
4.2691,4.2679,-4.0065,0.00047122,1,1,204
-3.008,3.4055,-0.0065185,0.00047122,-2,0,204
-4.0061,-3.9821,-0.0065185,0.00047122,-2,0,204
-3.4045,-2.1586,-1.0065,0.00047122,1,0,204
-5.0032,-4.9897,-0.0065185,0.00047122,-2,0,204
-3.002,-0.7111,-0.0065185,0.00047122,-2,0,204
2.56,2.5679,-2.0065,0.00047122,1,1,204
-2.0002,1.7179,-0.0065185,0.00047122,-2,0,204
1.0085,1.7179,-0.0065185,0.00047122,-2,1,204
0.0010871,-0.83211,-0.0065185,0.00047122,-2,0,204
-1.9984,-1.985,-0.0065185,0.00047122,-2,0,204
1.0069,0.017889,-0.0065185,0.00047122,-2,1,204
-1.9976,-1.9842,-0.0065185,0.00047122,-2,0,204
-1.6973,-0.70461,-4.0065,0.00047122,1,0,204
3.006,3.4179,-0.0065185,0.00047122,-2,1,204
-0.9968,-2.5321,-0.0065185,0.00047122,-2,0,204
0.0033875,0.016803,-0.0065185,0.00047122,-2,0,204
-1.9946,0.74039,-0.0065185,0.00047122,-2,0,204
2.7045,-0.59702,-0.0065185,0.00047122,-2,1,204
1.4495,1.4629,-0.0065185,0.00047122,-2,1,204
-1.2238,-0.26091,-5.0065,0.00047122,1,0,204
-1.0395,0.39504,-0.0065185,0.00047122,-2,0,204
1.8919,3.3098,-0.0065185,0.00047122,-2,1,204
-0.24123,1.6222,-0.0065185,0.00047122,-2,0,204
-0.84553,0.74039,-0.0065185,0.00047122,-2,1,204
3.0045,3.2148,-0.0065185,0.00047122,-2,1,204
-2.5455,-2.5321,-5.0065,0.00047122,1,0,204
-3.163,-3.1496,-0.0065185,0.00047122,-2,0,204
3.8468,5.4728,-0.0065185,0.00047122,-2,1,204
-1.5615,-0.35926,-0.0065185,0.00047122,-2,0,204
-3.3266,-1.7477,-0.0065185,0.00047122,-2,0,204
-2.827,-1.9546,-5.0065,0.00047122,1,0,204
1.0427,1.7863,-0.0065185,0.00047122,-2,0,204
1.187,1.821,-0.0065185,0.00047122,-2,1,204
0.70447,-3.7476,-0.0065185,0.00047122,-2,1,204
1.5595,1.5729,-0.0065185,0.00047122,-2,1,204
-1.5455,-4.7506,-0.0065185,0.00047122,-2,0,204
1.322,1.3354,3.9935,0.00047122,1,1,204
0.1621,1.4959,-0.0065185,0.00047122,-2,0,204
0.57049,0.58391,-0.0065185,0.00047122,-2,1,204
2.3356,2.349,-0.0065185,0.00047122,-2,1,204
1.1359,1.1493,-0.0065185,0.00047122,-2,1,204
-1.9573,-2.7187,-0.0065185,0.00047122,-2,0,204
1.8219,1.6854,-0.0065185,0.00047122,-2,1,204
-1.5404,-1.527,3.9935,0.00047122,1,1,204
-0.27303,-4.3821,-0.0065185,0.00047122,-2,1,204
-3.8455,-3.8321,-0.0065185,0.00047122,-2,0,204
2.5545,2.447,-0.0065185,0.00047122,-2,0,204
2.0045,-0.42582,-0.0065185,0.00047122,-2,1,204
1.7045,-0.44661,-3.0065,0.00047122,1,1,204
-4.4405,1.1229,-0.0065185,0.00047122,-2,0,204
5.2327,2.2954,-0.0065185,0.00047122,-2,1,204
5.0485,5.0619,-0.0065185,0.00047122,-2,1,204
4.2919,2.711,-2.0065,0.00047122,1,1,204
1.7588,-1.8495,-0.0065185,0.00047122,-2,1,204
-1.6367,-1.4733,-0.0065185,0.00047122,-2,0,204
3.5495,1.4129,-0.0065185,0.00047122,-2,1,204
4.4677,2.4651,-0.0065185,0.00047122,-2,1,204
2.3982,1.9305,-0.0065185,0.00047122,-2,1,204
2.3392,2.8336,-0.0065185,0.00047122,-2,1,204
-1.98,-1.9666,-5.0065,0.00047122,1,0,204
-1.7537,4.5097,-0.0065185,0.00047122,-2,0,204
1.3045,6.6304,-0.0065185,0.00047122,-2,1,204
3.5545,3.5679,-0.0065185,0.00047122,-2,1,204
3.172,0.98494,-0.0065185,0.00047122,-2,1,204
3.8468,1.9899,-0.0065185,0.00047122,-2,1,204
3.2705,-0.89333,-2.0065,0.00047122,1,1,204
-0.32664,-0.31323,-0.0065185,0.00047122,-2,1,204
0.85447,0.86789,-0.0065185,0.00047122,-2,1,204
-0.71803,-1.225,-0.0065185,0.00047122,-2,0,204
-0.60965,-1.0261,-0.0065185,0.00047122,-2,1,204
0.52648,0.53989,3.9935,0.00047122,1,1,204
-1.4392,-0.42582,-0.0065185,0.00047122,-2,0,204
-0.37268,-0.35926,-0.0065185,0.00047122,-2,0,204
-1.3161,-1.3027,-0.0065185,0.00047122,-2,0,204
1.732,-2.6843,-0.0065185,0.00047122,-2,1,204
3.7045,1.4863,-0.0065185,0.00047122,-2,1,204
-1.4405,0.46159,-0.0065185,0.00047122,-2,0,204
-2.2238,-0.60496,-0.0065185,0.00047122,-2,0,204
1.8985,2.2902,-4.0065,0.00047122,1,1,204
2.8919,2.9053,-0.0065185,0.00047122,-2,1,204
5.7588,5.7722,-0.0065185,0.00047122,-2,1,204
4.6456,4.659,-0.0065185,0.00047122,-2,1,204
-3.9405,2.2733,-3.0065,0.00047122,1,0,204
3.4677,2.4256,-0.0065185,0.00047122,-2,1,204
-3.3893,-2.4112,-0.0065185,0.00047122,-2,0,204
5.3392,2.4651,-0.0065185,0.00047122,-2,1,204
-4.53,-4.1448,1.9935,0.00047122,1,0,204
4.2463,4.2597,-0.0065185,0.00047122,-2,1,204
-3.2011,-2.919,-0.0065185,0.00047122,-2,0,204
3.1792,-1.0357,-0.0065185,0.00047122,-2,1,204
1.153,2.7164,-0.0065185,0.00047122,-2,1,204
0.87825,1.0566,-0.0065185,0.00047122,-2,0,204
-0.88823,0.70744,-0.0065185,0.00047122,-2,0,204
-0.84553,0.72321,-0.0065185,0.00047122,-2,1,204
-0.71803,-0.62709,-2.0065,0.00047122,1,0,204
5.6186,0.63201,-0.0065185,0.00047122,-2,1,204
-4.5175,-5.4271,-0.0065185,0.00047122,-2,0,204
2.4482,2.4616,-0.0065185,0.00047122,-2,1,204
-4.3727,-4.0967,-0.0065185,0.00047122,-2,0,204
3.7251,3.7385,-2.0065,0.00047122,1,1,204
5.277,5.2904,-0.0065185,0.00047122,-2,1,204
3.2361,3.2495,-0.0065185,0.00047122,-2,1,204
4.2013,4.2148,-0.0065185,0.00047122,-2,1,204
-3.5629,0.89456,-5.0065,0.00047122,1,0,204
5.1467,4.4101,-0.0065185,0.00047122,-2,1,204
4.1254,4.1388,-0.0065185,0.00047122,-2,1,204
-4.0983,-3.6974,-0.0065185,0.00047122,-2,0,204
-2.0829,-2.2239,-0.0065185,0.00047122,-2,0,204
-1.0698,-3.0777,-0.0065185,0.00047122,-2,0,204
-2.0586,-0.89522,-0.0065185,0.00047122,-2,0,204
1.7581,1.7715,4.9935,0.00047122,1,1,204
-2.0411,-2.1083,-0.0065185,0.00047122,-2,0,204
-2.0343,-2.0894,-0.0065185,0.00047122,-2,0,204
1.0374,1.0508,-0.0065185,0.00047122,-2,1,204
5.0325,5.0459,-0.0065185,0.00047122,-2,1,204
-4.0193,-2.2244,-0.0065185,0.00047122,-2,0,204
3.0247,3.4381,-0.0065185,0.00047122,-2,1,204
-3.0127,-2.5493,-0.0065185,0.00047122,-2,0,204
3.0191,2.5825,-0.0065185,0.00047122,-2,1,204
4.0169,4.0303,-0.0065185,0.00047122,-2,1,204
-2.0061,-2.0113,-0.0065185,0.00047122,-2,0,204
-4.0045,-1.8335,-0.0065185,0.00047122,-2,1,204
3.4121,0.41789,-0.0065185,-2.9995,-1,1,204
1.011,-1.5321,-0.0065185,0.00047122,-2,1,204
-0.0010403,1.0539,-0.0065185,0.00047122,-2,1,204
-0.00021332,-0.95681,-4.0065,0.00047122,1,1,204
4.0045,-4.1996,-0.0065185,0.00047122,-2,1,204
3.4045,-2.677,-0.0065185,-1.9995,-1,0,204
0.11447,1.7179,-0.0065185,0.00047122,-2,1,204
-2.539,-3.9771,-0.0065185,0.00047122,-2,0,204
-1.9075,-5.2104,-0.0065185,0.00047122,-2,0,204
3.8945,5.4579,-0.0065185,0.00047122,-2,0,205
2.8545,0.86789,-0.0065185,0.00047122,-2,1,205
-3.6955,-3.6821,-0.0065185,0.00047122,-2,0,205
6.4495,1.5839,-0.0065185,0.00047122,-2,1,205
5.2327,4.0179,-0.0065185,0.00047122,-2,1,205
4.4485,-2.9381,-0.0065185,-3.9995,-1,1,205
4.8919,4.9053,-0.0065185,0.00047122,-2,1,205
1.7588,1.7722,-0.0065185,0.00047122,-2,1,205
5.6456,2.2364,-0.0065185,0.00047122,-2,1,205
3.5495,3.0179,-0.0065185,0.00047122,-2,1,205
0.46771,3.6304,-0.0065185,0.00047122,-2,1,205
-0.60178,-0.98211,-0.0065185,0.00047122,-2,0,205
0.51979,-0.3168,2.9935,0.00047122,1,1,205
-3.718,-2.5321,-0.0065185,0.00047122,-2,0,205
-0.60965,-3.1462,-0.0065185,0.00047122,-2,1,205
-2.9955,-2.9821,-0.0065185,0.00047122,-2,0,205
0.45447,0.46789,-0.0065185,0.00047122,-2,1,205
-0.37803,1.5839,-5.0065,0.00047122,1,1,205
1.1621,7.2679,-0.0065185,0.00047122,-2,1,205
0.55447,1.8603,-0.0065185,0.00047122,-2,0,205
1.3045,3.0179,-0.0065185,0.00047122,-2,1,205
-1.4455,-1.4321,-0.0065185,0.00047122,-2,0,205
1.237,1.8519,-4.0065,0.00047122,1,1,205
-0.88553,0.52789,-0.0065185,0.00047122,-2,1,205
1.7045,0.83048,-0.0065185,0.00047122,-2,1,205
0.44947,2.4744,-0.0065185,0.00047122,-2,0,205
3.1545,4.0179,-0.0065185,0.00047122,-2,1,205
2.4045,2.6954,-0.0065185,0.00047122,-2,1,205
0.11447,-0.019522,-0.0065185,0.00047122,-2,1,205
-0.089027,1.7519,-5.0065,0.00047122,1,1,205
-1.9075,-1.8941,-0.0065185,0.00047122,-2,1,205
1.2297,6.6304,-0.0065185,0.00047122,-2,1,205
2.5545,2.5679,-0.0065185,0.00047122,-2,1,205
0.83697,-0.8673,-0.0065185,0.00047122,-2,1,205
2.5545,1.1079,-0.0065185,0.00047122,-2,0,205
2.0045,1.2237,-0.0065185,0.00047122,-2,1,205
-3.6955,-1.8245,-0.0065185,0.00047122,-2,0,205
6.4495,3.2839,-0.0065185,0.00047122,-2,1,205
5.4827,5.4961,4.9935,0.00047122,1,1,205
4.0485,5.3119,-0.0065185,0.00047122,-2,1,205
-3.8829,-3.4938,-0.0065185,0.00047122,-2,0,205
3.7588,3.3222,-0.0065185,0.00047122,-2,1,205
-3.1867,-3.227,2.9935,0.00047122,1,1,205
-3.163,-3.1496,-0.0065185,0.00047122,-2,1,205
2.8468,2.3235,-0.0065185,0.00047122,-2,1,205
-2.1455,-0.97449,-0.0065185,0.00047122,-2,0,205
0.45447,-1.2134,-0.0065185,0.00047122,-2,1,205
2.5545,2.5679,-0.0065185,0.00047122,-2,1,205
-2.163,-0.30724,3.9935,0.00047122,1,0,205
1.8468,-1.5397,-0.0065185,0.00047122,-2,1,205
-0.42951,-0.41609,-0.0065185,0.00047122,-2,0,205
-1.2955,-2.9821,-0.0065185,0.00047122,-2,0,205
4.5545,-1.3009,-0.0065185,0.00047122,-2,1,205
3.872,-2.8748,-0.0065185,-2.9995,-1,1,205
-4.8379,-3.2695,-0.0065185,0.00047122,-2,0,205
4.1205,2.6454,-4.0065,0.00047122,1,1,205
2.3356,2.349,-0.0065185,0.00047122,-2,1,205
3.1359,2.0739,-0.0065185,0.00047122,-2,1,205
-4.9573,1.5127,-0.0065185,0.00047122,-2,0,205
2.8219,3.4584,-0.0065185,0.00047122,-2,1,205
-1.6904,-2.377,-0.0065185,0.00047122,-2,0,205
2.5951,0.89713,-0.0065185,0.00047122,-2,1,205
-2.1976,-2.1841,3.9935,0.00047122,1,0,205
5.4312,-2.9554,-0.0065185,0.00047122,-2,1,205
2.3672,2.0358,-0.0065185,0.00047122,-2,1,205
-3.3038,-3.9029,-0.0065185,0.00047122,-2,0,205
-4.2576,-4.2442,-0.0065185,0.00047122,-2,0,205
-3.2183,-3.2049,-0.0065185,0.00047122,-2,0,205
2.7438,2.0496,3.9935,0.00047122,1,1,205
3.1654,3.0259,-0.0065185,0.00047122,-2,1,205
4.1413,4.0247,-0.0065185,0.00047122,-2,1,205
2.1208,2.1342,-0.0065185,0.00047122,-2,1,205
1.8033,2.1108,-0.0065185,0.00047122,1,1,205
1.5335,0.022047,3.9935,0.00047122,1,1,205
0.075883,0.021424,-0.0065185,0.00047122,-2,1,205
-2.9348,-2.9214,-0.0065185,0.00047122,-2,0,205
-2.5455,-2.5321,-0.0065185,0.00047122,-2,0,205
5.172,0.92986,-0.0065185,0.00047122,-2,1,205
-1.8379,1.7946,-0.0065185,0.00047122,-2,0,205
-1.5615,-1.5481,-3.0065,0.00047122,1,0,205
2.6734,-1.2498,-0.0065185,0.00047122,-2,1,205
-3.3955,-3.3821,-0.0065185,0.00047122,-2,0,205
5.8945,1.9462,-0.0065185,0.00047122,-2,1,205
-4.452,-4.9886,-0.0065185,0.00047122,-2,0,205
2.0925,-1.3132,-0.0065185,0.00047122,-2,0,205
-3.9955,-2.5371,-0.0065185,0.00047122,-2,0,205
3.4045,-1.4907,3.9935,0.00047122,1,1,205
3.0045,3.0179,-0.0065185,0.00047122,-2,1,205
2.0045,2.0179,-0.0065185,0.00047122,-2,1,205
-1.9955,-1.6843,-0.0065185,0.00047122,-2,0,205
2.0045,1.7179,-0.0065185,0.00047122,-2,1,205
-1.6955,-1.6821,3.9935,0.00047122,1,0,205
-4.9955,-4.9821,-0.0065185,0.00047122,-2,0,205
3.0045,-2.8721,-0.0065185,0.00047122,-2,1,205
3.0045,3.0179,-0.0065185,0.00047122,-2,0,205
-2.5455,-2.2476,-3.0065,0.00047122,1,0,205
-3.9955,-4.3745,-0.0065185,0.00047122,-2,0,205
-4.9955,-4.7766,-0.0065185,0.00047122,-2,0,205
-1.9955,-1.8074,-0.0065185,0.00047122,-2,0,205
-0.99553,-2.5481,-0.0065185,0.00047122,-2,0,205
4.0045,3.437,-0.0065185,0.00047122,-2,1,205
-3.9955,-3.2748,-0.0065185,0.00047122,-2,0,205
3.4045,4.3796,2.9935,0.00047122,1,1,205
4.0045,4.8354,-0.0065185,0.00047122,-2,1,205
-2.9955,-2.0837,-0.0065185,0.00047122,-2,0,205
-3.9955,-2.4761,-0.0065185,0.00047122,-2,0,205
-3.9955,-3.9345,-0.0065185,0.00047122,-2,0,205
4.0045,4.4446,-0.0065185,0.00047122,-2,1,205
-3.3955,-2.4042,2.9935,0.00047122,1,1,205
2.8945,-2.2238,-0.0065185,0.00047122,-2,0,205
-3.452,2.1854,-0.0065185,0.00047122,-2,0,205
-4.8455,-2.3407,-0.0065185,0.00047122,-2,0,205
-2.718,-3.3821,-0.0065185,0.00047122,-2,0,205
-2.3097,-2.2962,-5.0065,0.00047122,1,0,205
-1.5175,-4.2321,-0.0065185,0.00047122,-2,0,205
-0.43923,-1.2758,-0.0065185,0.00047122,-2,0,205
0.38162,0.39504,-0.0065185,0.00047122,-2,1,205
3.3251,3.3385,-0.0065185,0.00047122,-2,1,205
-0.26802,0.017889,-0.0065185,0.00047122,-2,0,205
-0.22714,0.017889,-0.0065185,0.00047122,-2,0,205
0.20135,0.21476,-0.0065185,0.00047122,-2,0,205
-0.16287,0.017889,4.9935,0.00047122,1,1,205
3.0045,3.0179,-0.0065185,0.00047122,-2,1,205
-1.9955,-3.5946,-0.0065185,0.00047122,-2,0,205
-2.9955,1.7179,-0.0065185,0.00047122,-2,0,205
2.5545,2.5679,2.9935,0.00047122,1,1,205
-2.163,1.2461,-0.0065185,0.00047122,-2,0,205
-0.8379,2.0619,-0.0065185,0.00047122,-2,1,205
0.72049,0.73391,-4.0065,0.00047122,1,0,205
-0.60414,1.8519,3.9935,0.00047122,1,1,205
3.6186,3.632,-0.0065185,0.00047122,-2,1,205
3.5265,3.5399,-0.0065185,0.00047122,-2,1,205
3.4482,2.0562,-0.0065185,0.00047122,-2,1,205
2.3816,2.395,-0.0065185,0.00047122,-2,1,205
4.3251,4.3385,-0.0065185,0.00047122,-2,1,205
3.677,3.2904,-0.0065185,3.0005,-1,1,205
-1.7639,-2.4841,-0.0065185,0.00047122,-2,0,205
1.5076,-1.2689,3.9935,0.00047122,1,1,205
6.4495,4.0914,-0.0065185,0.00047122,-2,1,205
-5.4738,-4.1004,-3.0065,0.00047122,1,0,205
-6.0395,-6.0261,-0.0065185,0.00047122,-2,0,205
-5.8829,-4.4131,-0.0065185,0.00047122,-2,0,205
5.0088,1.3766,-3.0065,0.00047122,1,1,205
5.6456,4.6068,-0.0065185,0.00047122,-2,1,205
-4.5405,-4.5271,-0.0065185,0.00047122,-2,0,205
3.4677,2.7209,-0.0065185,0.00047122,-2,1,205
-2.9393,1.8364,1.9935,0.00047122,1,1,205
6.172,2.3179,-0.0065185,0.00047122,-2,0,205
2.8468,-0.42711,-0.0065185,0.00047122,-2,1,205
-5.8455,-5.2239,-0.0065185,0.00047122,-2,0,205
4.727,4.7404,-0.0065185,0.00047122,-2,1,205
-1.6097,0.098615,-0.0065185,0.00047122,-2,0,205
-2.5175,-2.5041,-0.0065185,0.00047122,-2,0,205
2.1482,1.1841,3.9935,0.00047122,1,1,205
-3.3727,-3.0894,-0.0065185,0.00047122,-2,0,205
3.3251,3.3385,-0.0065185,0.00047122,-2,1,205
3.277,3.2904,-0.0065185,0.00047122,-2,1,205
3.2361,3.2495,-0.0065185,0.00047122,-2,1,205
-4.1924,-1.9538,-0.0065185,0.00047122,-2,0,205
-5.1629,-5.0297,-0.0065185,0.00047122,-2,0,205
-2.1378,-2.9126,-0.0065185,0.00047122,-2,0,205
-0.11643,-0.016507,-0.0065185,0.00047122,-2,1,205
4.0045,4.0179,-0.0065185,0.00047122,-2,1,205
2.0045,2.0179,-0.0065185,0.00047122,-2,1,205
-2.9955,0.09214,-0.0065185,0.00047122,-2,0,205
0.0044729,-0.86952,-0.0065185,0.00047122,-2,0,205
-0.99553,1.1854,-0.0065185,0.00047122,-2,0,205
-1.9955,1.8603,-0.0065185,0.00047122,-2,0,205
-1.6955,-0.11609,3.9935,0.00047122,1,1,205
1.5595,-1.4271,-0.0065185,0.00047122,-2,1,205
-1.7673,-5.8721,-0.0065185,0.00047122,-2,0,205
-2.9515,-6.4386,-0.0065185,0.00047122,-2,0,205
1.1171,1.1305,-0.0065185,0.00047122,-2,1,205
-0.74983,0.82961,-0.0065185,0.00047122,-2,1,205
-1.3955,-1.3821,-0.0065185,0.00047122,-2,0,206
-2.8855,-2.8721,-0.0065185,0.00047122,-2,0,206
2.461,3.1692,-0.0065185,0.00047122,-2,0,206
-1.9955,-1.3915,-0.0065185,0.00047122,-2,0,206
-1.9955,-1.4801,-0.0065185,0.00047122,-2,1,206
-2.2955,-0.52709,-0.0065185,0.00047122,-2,1,206
-1.3955,1.4629,-0.0065185,0.00047122,-2,0,206
-3.6955,1.6796,-0.0065185,0.00047122,-2,1,206
3.4495,3.4629,-0.0065185,0.00047122,-2,0,206
1.2327,2.3503,-0.0065185,0.00047122,-2,1,206
0.0044729,1.0619,-0.0065185,0.00047122,-2,0,206
-3.9955,-3.0947,-0.0065185,0.00047122,-2,0,206
-3.3955,0.9053,3.9935,0.00047122,1,0,206
-0.99553,-0.98211,-0.0065185,0.00047122,-2,0,206
-2.9955,-2.4371,-0.0065185,0.00047122,-2,1,206
-4.5455,0.47439,-0.0065185,0.00047122,-2,0,206
-6.6955,-6.6821,-0.0065185,0.00047122,-2,0,206
-5.4405,-1.8245,-0.0065185,0.00047122,-2,1,206
-4.6238,-4.6104,-3.0065,0.00047122,1,1,206
5.8945,5.4579,-0.0065185,0.00047122,-2,0,206
-3.452,-2.1136,-0.0065185,0.00047122,-2,1,206
5.0925,5.1059,-0.0065185,0.00047122,-2,0,206
-3.7703,-2.642,-0.0065185,0.00047122,-2,1,206
-3.2041,-2.377,4.9935,0.00047122,1,0,206
-5.4405,0.26789,-0.0065185,0.00047122,-2,0,206
-5.2238,-5.2104,-0.0065185,0.00047122,-2,0,206
-4.0395,-4.0261,-0.0065185,0.00047122,-2,1,206
-4.5455,1.8404,-0.0065185,0.00047122,-2,1,206
-6.163,-3.8496,-0.0065185,0.00047122,-2,0,206
5.4045,2.0319,-0.0065185,0.00047122,-2,0,206
-4.5855,-3.3557,4.9935,0.00047122,1,1,206
-1.4405,-0.39319,-0.0065185,0.00047122,-2,0,206
-2.9955,-2.9821,-0.0065185,0.00047122,-2,0,206
2.0045,-1.0527,-0.0065185,0.00047122,-2,1,206
0.0044729,-0.86952,-0.0065185,0.00047122,-2,1,206
3.0045,3.0179,-0.0065185,0.00047122,-2,1,206
5.0045,1.2625,-0.0065185,0.00047122,-2,1,206
-3.9955,-3.9821,-0.0065185,0.00047122,-2,0,206
3.0045,3.6304,-0.0065185,0.00047122,-2,0,206
2.5545,2.1741,-5.0065,0.00047122,1,1,206
-4.9955,-0.73211,-0.0065185,0.00047122,-2,0,206
4.0045,3.7334,-0.0065185,0.00047122,-2,1,206
-4.9955,-1.9115,-0.0065185,0.00047122,-2,0,206
4.2545,-0.98926,-2.0065,0.00047122,1,0,206
0.61697,-1.8568,-0.0065185,0.00047122,-2,0,206
-1.9249,-6.4271,-0.0065185,0.00047122,-2,0,206
-2.3855,-6.2104,-0.0065185,0.00047122,-2,0,206
-0.777,-2.1454,-0.0065185,0.00047122,-2,0,206
-0.88127,2.4713,-0.0065185,0.00047122,-2,1,206
0.75736,-0.22758,-5.0065,0.00047122,1,0,206
-0.63307,-1.4683,-0.0065185,0.00047122,-2,0,206
-0.83744,-2.5271,-0.0065185,0.00047122,-2,0,206
-3.0112,-4.4453,-0.0065185,0.00047122,-2,0,206
-2.1588,-3.3759,-0.0065185,0.00047122,-2,0,206
-2.2843,-3.3168,-0.0065185,0.00047122,-2,0,206
3.3999,2.1881,-0.0065185,0.00047122,-2,0,206
-2.8817,-1.3912,3.9935,0.00047122,1,0,206
3.5677,0.61789,-0.0065185,0.00047122,-2,0,206
-2.3955,-3.2421,-0.0065185,0.00047122,-2,0,206
-1.1455,-1.8631,-0.0065185,0.00047122,-2,0,206
-0.27303,-1.0344,-0.0065185,0.00047122,-2,0,206
-1.3814,-1.368,-0.0065185,0.00047122,-2,0,206
-1.5175,0.21838,-0.0065185,0.00047122,-2,1,206
1.2982,1.3116,-4.0065,0.00047122,1,1,206
-2.273,-2.2596,-0.0065185,0.00047122,-2,0,206
0.45447,0.46789,-0.0065185,0.00047122,-2,0,206
-1.828,4.6419,-0.0065185,0.00047122,-2,0,206
0.60447,6.1059,-0.0065185,0.00047122,-2,1,206
1.4045,1.4179,-0.0065185,0.00047122,-2,0,206
-1.1855,1.7413,-4.0065,0.00047122,1,0,206
1.548,-1.2941,-0.0065185,0.00047122,-2,0,206
-1.9075,-0.49211,-0.0065185,0.00047122,-2,0,206
3.4045,2.9223,-0.0065185,0.00047122,-2,0,206
3.0045,2.9201,-0.0065185,0.00047122,-2,0,206
2.5545,2.5783,3.9935,0.00047122,1,0,206
0.0044729,0.017889,-0.0065185,0.00047122,-2,0,206
-1.9955,0.0254,-0.0065185,0.00047122,-2,0,206
-1.6955,0.024274,-0.0065185,0.00047122,-2,0,206
-0.44053,0.66091,-0.0065185,0.00047122,-2,1,206
1.8545,0.8725,-0.0065185,0.00047122,-2,0,206
1.577,1.5304,-5.0065,0.00047122,1,1,206
1.6186,2.0227,-0.0065185,0.00047122,-2,0,206
-1.3675,3.0163,-0.0065185,0.00047122,1,0,206
4.4482,-2.3302,-0.0065185,0.00047122,-2,0,206
-0.59553,3.4179,-0.0065185,0.00047122,-2,1,206
-0.50553,-2.8601,0.99348,0.00047122,1,1,206
0.11447,3.0179,-0.0065185,0.00047122,-2,0,206
-1.4455,0.11139,-0.0065185,0.00047122,-2,0,206
-1.828,-1.2146,-0.0065185,0.00047122,-2,0,206
-1.1532,-2.4601,-0.0065185,0.00047122,-2,0,206
0.98845,2.4642,4.9935,0.00047122,1,1,206
0.67336,1.6407,-0.0065185,0.00047122,-2,0,206
-1.2955,-1.2821,-0.0065185,0.00047122,-2,0,206
-1.4405,-2.091,-0.0065185,0.00047122,-2,0,206
1.2327,1.2461,-2.0065,0.00047122,1,0,206
-1.9515,-1.9381,-0.0065185,0.00047122,-2,0,206
4.1171,2.0535,-0.0065185,0.00047122,-2,0,206
1.2545,1.2679,-0.0065185,0.00047122,-2,0,206
0.39197,-2.9535,-0.0065185,0.00047122,-2,1,206
0.075098,-3.0194,-0.0065185,0.00047122,-2,0,206
1.3944,-0.042143,-0.0065185,0.00047122,-2,0,206
-1.177,-1.8875,4.9935,0.00047122,1,0,206
-1.1098,-2.7594,-0.0065185,0.00047122,-2,0,206
0.40159,-1.5946,-0.0065185,0.00047122,-2,0,206
1.7045,1.7179,-0.0065185,0.00047122,-2,0,206
0.55947,-1.6201,-0.0065185,0.00047122,-2,0,206
-1.2955,-1.0941,-0.0065185,0.00047122,-2,0,206
-1.1005,-1.0871,-5.0065,0.00047122,1,1,206
-4.163,-4.1496,-0.0065185,0.00047122,-2,0,206
-4.6955,-3.5232,-0.0065185,0.00047122,-2,0,206
-4.4405,-2.9214,-0.0065185,0.00047122,-2,0,206
-2.2238,-0.93052,-0.0065185,0.00047122,-2,0,206
-1.8895,-2.8685,-5.0065,0.00047122,1,0,206
1.8919,5.1553,-0.0065185,0.00047122,-2,0,206
-1.5998,-3.5629,0.99348,0.00047122,1,0,206
-0.63668,0.14539,-0.0065185,0.00047122,-2,0,206
0.54945,-0.70461,-0.0065185,0.00047122,-2,1,206
-1.4588,0.63201,-0.0065185,0.00047122,-2,1,206
-1.2393,-0.81557,-4.0065,0.00047122,1,1,206
-2.718,-2.7046,-0.0065185,0.00047122,-2,0,206
-2.6955,-2.6821,-0.0065185,0.00047122,-2,0,206
-2.4405,-1.4271,-0.0065185,0.00047122,-2,0,206
-2.0738,-2.0604,1.9935,0.00047122,1,1,206
-3.718,-1.2821,-0.0065185,0.00047122,-2,0,206
-3.1597,-3.1462,-1.0065,0.00047122,1,0,206
4.172,3.3002,-0.0065185,0.00047122,-2,1,206
-3.5379,-2.547,3.9935,0.00047122,1,1,206
0.55947,5.4179,-0.0065185,0.00047122,-2,1,206
3.7762,-1.2916,-0.0065185,0.00047122,-2,0,206
6.2545,1.3485,-0.0065185,0.00047122,-2,1,206
4.7045,4.7179,-0.0065185,0.00047122,-2,0,206
-5.5455,-4.3069,-0.0065185,0.00047122,-2,0,206
-4.5455,-3.4907,-0.0065185,0.00047122,-2,0,206
2.172,2.1854,-0.0065185,0.00047122,-2,0,206
1.8468,2.9936,-5.0065,0.00047122,1,0,206
2.0045,-2.6292,-0.0065185,0.00047122,-2,1,206
-2.6955,-1.6821,-0.0065185,0.00047122,-2,1,206
-2.8455,-1.9821,-0.0065185,0.00047122,-2,0,206
-0.69553,-0.68211,-0.0065185,0.00047122,-2,0,206
0.59947,2.077,4.9935,0.00047122,1,0,206
0.28197,2.3821,-0.0065185,0.00047122,-2,1,206
-1.1455,1.3116,-0.0065185,0.00047122,-2,0,206
-0.69553,1.395,-0.0065185,0.00047122,-2,0,206
-6.4405,-4.6615,-0.0065185,0.00047122,-2,0,206
-5.2238,-3.7096,-0.0065185,0.00047122,-2,0,206
-6.0395,-0.58721,-0.0065185,0.00047122,-2,1,206
3.2545,5.1553,-0.0065185,0.00047122,-2,1,206
-1.1455,-1.1321,-0.0065185,0.00047122,-2,0,206
-3.273,-1.1371,-0.0065185,0.00047122,-2,0,206
-2.7814,-2.768,1.9935,0.00047122,1,1,206
-1.8855,-1.8721,-0.0065185,0.00047122,-2,1,206
-5.452,1.0691,-0.0065185,0.00047122,-2,1,206
-2.0836,-1.3039,-0.0065185,0.00047122,-2,0,206
4.0045,4.0179,-0.0065185,0.00047122,-2,0,206
1.0045,1.5265,-0.0065185,0.00047122,-2,0,206
-2.8455,-2.8304,-0.0065185,0.00047122,-2,0,206
-3.6955,-3.3132,-0.0065185,0.00047122,-2,0,206
4.4495,4.4629,-0.0065185,0.00047122,-2,0,206
-4.5455,-1.4658,-0.0065185,0.00047122,-2,1,206
-3.163,-1.4258,-0.0065185,0.00047122,-2,1,206
4.8468,3.3053,-0.0065185,0.00047122,-2,0,206
-2.5615,-1.3027,-0.0065185,0.00047122,-2,0,206
-2.8455,-2.8321,-0.0065185,0.00047122,-2,0,206
5.727,1.8718,-0.0065185,0.00047122,-2,0,206
-4.8597,-2.5099,4.9935,0.00047122,1,0,206
-4.5175,-5.3132,-0.0065185,0.00047122,-2,0,206
-3.4392,0.55976,-0.0065185,0.00047122,-2,0,206
-2.3727,1.0885,-0.0065185,0.00047122,-2,0,206
-2.3161,0.62792,-0.0065185,0.00047122,-2,0,206
-4.268,-2.5193,-0.0065185,0.00047122,-2,0,206
-0.11643,-0.10302,-0.0065185,0.00047122,-2,0,207
-2.0983,-2.0849,-0.0065185,0.00047122,-2,0,207
1.0918,-0.50888,-0.0065185,0.00047122,-2,1,207
1.0787,1.0921,-0.0065185,0.00047122,-2,1,207
-5.0586,-0.76772,-0.0065185,0.00047122,-2,0,207
2.0581,4.3215,-0.0065185,0.00047122,-2,1,207
-1.9499,-1.9365,-0.0065185,0.00047122,-2,0,207
4.7045,-1.3795,-0.0065185,0.00047122,-2,1,207
4.4495,4.4629,-0.0065185,0.00047122,-2,1,207
3.2327,1.1414,-0.0065185,0.00047122,-2,1,207
-5.0395,-5.0261,-0.0065185,0.00047122,-2,0,207
-5.8829,-5.8695,-0.0065185,0.00047122,-2,0,207
5.0088,2.0004,-3.0065,0.00047122,1,1,207
5.6456,-3.0771,-0.0065185,0.00047122,-2,1,207
-3.5405,-3.5271,-0.0065185,0.00047122,-2,0,207
-1.4588,-1.4453,-0.0065185,0.00047122,-2,0,207
-2.3893,-2.3759,-0.0065185,0.00047122,-2,0,207
3.3392,2.9626,-0.0065185,0.00047122,-2,1,207
-2.83,-2.8166,1.9935,0.00047122,1,0,207
3.2463,2.8123,-0.0065185,0.00047122,-2,1,207
1.21,0.84318,-0.0065185,0.00047122,-2,1,207
1.1792,0.86939,-0.0065185,0.00047122,-2,1,207
-1.144,-1.1306,-0.0065185,0.00047122,-2,0,207
0.9807,-0.97681,4.9935,0.00047122,1,1,207
2.1118,4.1767,-0.0065185,0.00047122,-2,1,207
-1.0867,-1.0733,-0.0065185,0.00047122,-2,0,207
-1.073,-1.0596,-0.0065185,0.00047122,-2,0,207
-4.0614,-4.048,-0.0065185,0.00047122,-2,0,207
2.0605,1.9703,-0.0065185,0.00047122,-2,1,207
1.0521,0.95291,-0.0065185,0.00047122,-2,1,207
0.89494,0.83349,4.9935,0.00047122,1,1,207
1.0389,4.2387,-0.0065185,0.00047122,-2,1,207
-1.9663,0.84304,-0.0065185,0.00047122,-2,0,207
0.30447,-1.6573,-0.0065185,0.00047122,-2,0,207
0.44947,-1.5962,-0.0065185,0.00047122,-2,0,207
-0.84553,-0.83211,-0.0065185,0.00047122,-2,0,207
1.282,1.2954,-0.0065185,0.00047122,-2,1,207
-2.6955,-1.8695,-0.0065185,0.00047122,-2,0,207
-4.4405,-3.7364,-0.0065185,0.00047122,-2,0,207
-3.7738,0.13103,3.9935,0.00047122,1,0,207
-4.0395,2.8729,-0.0065185,0.00047122,-2,0,207
-1.8829,-3.4195,-0.0065185,0.00047122,-2,0,207
-2.7498,-1.2259,-0.0065185,0.00047122,-2,0,207
-2.3367,-2.3233,-5.0065,0.00047122,1,0,207
4.5495,4.8129,-0.0065185,0.00047122,-2,1,207
-3.4588,-3.2239,-0.0065185,0.00047122,-2,0,207
-3.3893,-3.1877,-0.0065185,0.00047122,-2,0,207
-0.33021,-2.7733,-0.0065185,0.00047122,-2,0,207
-0.28001,-0.26659,-0.0065185,0.00047122,-2,0,207
0.24628,0.2597,3.9935,0.00047122,1,1,207
0.79893,-3.4894,-0.0065185,0.00047122,-2,1,207
-3.1455,-3.1321,-0.0065185,0.00047122,-2,1,207
-2.273,-2.5871,-0.0065185,0.00047122,-2,0,207
-1.5455,0.89166,-0.0065185,0.00047122,-2,1,207
0.15447,0.49588,-0.0065185,0.00047122,-2,0,207
-1.273,-1.3808,-0.0065185,0.00047122,-2,0,207
-1.0814,-0.93401,1.9935,0.00047122,1,0,207
2.5595,0.38677,-0.0065185,0.00047122,-2,1,207
1.4045,1.4179,-0.0065185,0.00047122,-2,1,207
0.11447,-0.16635,-0.0065185,0.00047122,-2,0,207
1.461,-0.075611,-0.0065185,0.00047122,-2,0,207
1.1545,1.1679,-0.0065185,0.00047122,-2,0,207
1.282,0.17551,-0.0065185,0.00047122,-2,1,207
-1.0814,-0.0091404,1.9935,0.00047122,1,0,207
2.4495,-0.23711,-0.0065185,0.00047122,-2,1,207
-0.76728,2.0961,-0.0065185,0.00047122,-2,0,207
-3.6955,-1.2884,-0.0065185,0.00047122,-2,0,207
2.4495,0.40376,-0.0065185,0.00047122,-2,1,207
3.2327,1.4959,-0.0065185,0.00047122,-2,1,207
-2.7395,-0.76666,3.9935,0.00047122,1,0,207
0.11706,2.5305,-0.0065185,0.00047122,-2,0,207
3.2502,1.1885,-0.0065185,0.00047122,-2,1,207
-6.3955,-6.3821,-0.0065185,0.00047122,-2,0,207
7.8945,2.3629,-0.0065185,0.00047122,-2,1,207
6.711,4.7899,4.9935,0.00047122,1,1,207
-5.0836,-5.0701,-0.0065185,0.00047122,-2,0,207
4.7793,5.4052,-0.0065185,0.00047122,-2,1,207
3.5131,3.5265,-0.0065185,0.00047122,-2,1,207
1.2868,0.29038,-0.0065185,0.00047122,-2,1,207
-0.90556,2.0919,-0.0065185,0.00047122,-2,0,207
0.77801,-2.4746,2.9935,0.00047122,1,1,207
-1.4405,-1.4271,-0.0065185,0.00047122,-2,0,207
0.23272,-2.1136,-0.0065185,0.00047122,-2,1,207
2.9605,2.9739,-0.0065185,0.00047122,-2,1,207
-6.3955,-4.1996,-0.0065185,0.00047122,-2,0,207
7.8945,1.2368,-0.0065185,0.00047122,-2,1,207
-5.452,-6.6886,-0.0065185,0.00047122,-2,0,207
4.6425,1.6062,4.9935,0.00047122,1,1,207
6.7793,3.4504,-0.0065185,0.00047122,-2,1,207
5.5131,3.573,-0.0065185,0.00047122,-2,1,207
3.2868,3.3002,-0.0065185,0.00047122,-2,1,207
5.0944,3.5159,-0.0065185,0.00047122,-2,1,207
-4.322,-3.3651,-4.0065,0.00047122,1,0,207
4.792,4.2054,-0.0065185,0.00047122,-2,1,207
2.6738,3.1096,-0.0065185,0.00047122,-2,1,207
0.57344,2.2869,-0.0065185,0.00047122,-2,1,207
-0.47915,-0.46573,3.9935,0.00047122,1,0,207
-0.58445,-1.1715,-0.0065185,0.00047122,-2,1,207
1.6551,1.6685,-0.0065185,0.00047122,-2,1,207
-2.2955,-2.2821,-0.0065185,0.00047122,-2,0,207
0.40447,-2.1864,-0.0065185,0.00047122,-2,1,207
-1.8855,-0.32211,-0.0065185,0.00047122,-2,0,207
2.461,1.6244,-0.0065185,0.00047122,-2,1,207
-2.0836,-2.0701,-3.0065,0.00047122,1,0,207
3.7793,2.5072,-0.0065185,0.00047122,-2,1,207
2.5131,1.6663,-0.0065185,0.00047122,-2,1,207
2.2868,0.82403,-0.0065185,0.00047122,-2,1,207
5.0944,3.9806,-0.0065185,0.00047122,-2,1,207
2.9309,1.9862,-0.0065185,0.00047122,-2,1,207
-2.483,-1.3837,-5.0065,0.00047122,1,0,207
-2.3262,-3.005,-0.0065185,0.00047122,-2,1,207
2.4355,2.4489,-0.0065185,0.00047122,-2,1,207
7.5545,7.5679,-0.0065185,0.00047122,-2,1,207
-3.163,1.6279,-0.0065185,0.00047122,-2,0,207
-2.6879,-1.8364,-5.0065,0.00047122,1,0,207
-4.5615,-4.5481,-0.0065185,0.00047122,-2,0,207
-0.32664,-0.31323,-0.0065185,0.00047122,-2,0,207
-0.12698,-1.6903,-0.0065185,0.00047122,-2,1,207
-1.1455,-0.093843,-0.0065185,0.00047122,-2,0,207
-2.6955,-1.7996,-0.0065185,0.00047122,-2,0,207
-3.4405,-2.677,-0.0065185,0.00047122,-2,0,207
0.23272,2.2114,-0.0065185,0.00047122,-2,1,207
-0.18954,0.36586,-5.0065,0.00047122,1,0,207
1.1171,1.5912,-0.0065185,0.00047122,-2,1,207
1.3045,6.6304,-0.0065185,0.00047122,-2,0,207
-2.5505,-3.6939,-0.0065185,0.00047122,-2,0,207
-2.1673,-2.1539,-4.0065,0.00047122,1,0,207
2.8945,6.3079,-0.0065185,0.00047122,-2,1,207
-1.539,-1.5256,-0.0065185,0.00047122,-2,0,207
0.40447,3.0832,-0.0065185,0.00047122,-2,1,207
0.34447,-2.5321,-4.0065,0.00047122,1,0,207
3.172,-0.27111,-0.0065185,0.00047122,-2,1,207
5.8468,5.8603,-0.0065185,0.00047122,-2,1,207
-3.5615,-2.2706,-0.0065185,0.00047122,-2,0,207
5.3356,3.049,-0.0065185,0.00047122,-2,1,207
-4.127,-4.5136,-0.0065185,0.00047122,-2,0,207
-2.9573,-4.0407,-0.0065185,0.00047122,-2,0,207
-2.813,-2.9644,-0.0065185,0.00047122,-2,0,207
2.3993,2.4127,-4.0065,0.00047122,1,1,207
-3.5862,2.8273,-0.0065185,0.00047122,-2,0,207
3.5065,3.0699,-0.0065185,0.00047122,-2,1,207
-1.4223,-2.9588,-0.0065185,0.00047122,-2,0,207
-2.3582,-1.4011,-0.0065185,0.00047122,-2,0,207
-2.0038,-2.1657,-4.0065,0.00047122,1,0,207
-3.7335,3.68,-0.0065185,0.00047122,-2,1,207
1.7817,1.6685,-0.0065185,0.00047122,-2,1,207
-0.29553,0.90789,-0.0065185,0.00047122,-2,1,207
0.25947,-1.2662,-3.0065,0.00047122,1,0,207
1.2327,2.1059,-0.0065185,0.00047122,-2,1,207
1.0485,3.9602,-0.0065185,0.00047122,-2,1,207
-2.1081,-2.0947,-0.0065185,0.00047122,-2,1,207
-0.74983,-0.73641,-0.0065185,0.00047122,-2,0,207
0.64563,0.65904,-0.0065185,0.00047122,1,1,207
0.54945,0.94436,-0.0065185,0.00047122,-2,1,207
0.46771,0.48112,-3.0065,0.00047122,1,1,207
0.39822,0.41164,-0.0065185,0.00047122,-2,1,207
-1.6608,-1.5806,-0.0065185,0.00047122,-2,0,207
1.3045,1.1755,-0.0065185,0.00047122,-2,1,207
0.55447,1.1229,-0.0065185,0.00047122,-2,1,207
-0.16303,1.5123,-0.0065185,0.00047122,-2,0,207
0.84685,0.86026,-0.0065185,0.00047122,-2,0,207
2.1545,2.1679,-0.0065185,0.00047122,-2,1,207
3.5545,1.3396,-0.0065185,0.00047122,-2,1,207
-3.013,-0.9394,-4.0065,0.00047122,1,0,207
1.8468,3.5091,-0.0065185,0.00047122,-2,1,207
5.5705,1.5839,-0.0065185,0.00047122,-2,1,207
6.3356,6.349,-0.0065185,0.00047122,-2,1,207
6.1359,6.1493,-0.0065185,0.00047122,-2,1,207
0.9662,2.522,-0.0065185,0.00047122,-2,1,207
0.82194,0.83536,-2.0065,0.00047122,1,1,207
5.6993,-1.6477,-0.0065185,0.00047122,-2,1,207
-4.5862,-4.2613,-0.0065185,0.00047122,-2,0,207
5.5065,3.9199,-0.0065185,0.00047122,-2,1,207
4.4312,4.6946,-0.0065185,0.00047122,-2,1,207
-4.3582,-4.0001,-0.0065185,0.00047122,-2,0,207
-2.163,-2.1496,-0.0065185,0.00047122,-2,1,208
2.0045,-0.089404,-0.0065185,0.00047122,-2,1,208
3.0045,3.0179,-0.0065185,0.00047122,-2,1,208
-2.9955,-1.4271,-0.0065185,0.00047122,-2,0,208
-0.99553,-0.98211,-0.0065185,0.00047122,-2,0,208
1.1545,1.1679,-0.0065185,0.00047122,-2,1,208
1.3045,3.0179,-0.0065185,0.00047122,-2,0,208
0.55947,2.0179,-0.0065185,0.00047122,-2,1,208
-0.29553,-0.28211,-0.0065185,0.00047122,-2,1,208
-0.44053,-0.3831,-0.0065185,0.00047122,-2,1,208
-3.8455,-3.8321,-0.0065185,0.00047122,-2,0,208
5.727,1.5897,-0.0065185,0.00047122,-2,1,208
-4.8597,-4.8462,-5.0065,0.00047122,1,0,208
2.5265,2.5629,-0.0065185,0.00047122,-2,1,208
-5.4392,-5.4258,-0.0065185,0.00047122,-2,0,208
3.3816,3.4116,-0.0065185,0.00047122,-2,1,208
-3.3161,-3.3027,-0.0065185,0.00047122,-2,0,208
0.27696,2.5089,-0.0065185,0.00047122,-2,0,208
0.23609,0.2597,1.9935,0.00047122,1,0,208
-0.99553,-1.6821,-0.0065185,0.00047122,-2,0,208
-2.8455,-3.4271,-0.0065185,0.00047122,-2,0,208
2.727,2.7404,-0.0065185,0.00047122,-2,1,208
-4.6097,-5.0261,-0.0065185,0.00047122,-2,0,208
3.9265,1.3766,-2.0065,0.00047122,1,1,208
3.4482,3.4616,-0.0065185,0.00047122,-2,1,208
-3.3727,0.82173,-0.0065185,0.00047122,-2,0,208
1.3251,1.3385,-0.0065185,0.00047122,-2,1,208
-1.118,1.5547,-0.0065185,2.0005,-1,0,208
1.2361,2.0919,-0.0065185,0.00047122,-2,1,208
-2.7987,1.0648,-0.0065185,0.00047122,-2,0,208
2.3871,-0.98909,-2.0065,0.00047122,1,1,208
-0.16303,-0.44961,-0.0065185,0.00047122,-2,1,208
0.30447,-2.2041,-0.0065185,0.00047122,-2,0,208
-0.55053,-0.45386,-0.0065185,0.00047122,-2,1,208
-0.22378,0.48964,-0.0065185,0.00047122,-2,1,208
1.1545,0.055299,-0.0065185,0.00047122,-2,1,208
-1.2955,-1.2821,-0.0065185,0.00047122,-2,0,208
-2.5455,-1.891,-0.0065185,0.00047122,-2,0,208
-2.163,-0.86952,-0.0065185,0.00047122,-2,0,208
1.8468,0.77219,-3.0065,0.00047122,1,1,208
-0.56155,1.0019,-0.0065185,0.00047122,-2,1,208
-0.47664,1.6404,-3.0065,0.00047122,1,0,208
-1.127,-1.8096,-0.0065185,0.00047122,-2,0,208
-0.95726,-0.37586,3.9935,0.00047122,1,1,208
0.0044729,-3.3821,-0.0065185,0.00047122,-2,0,208
0.0044729,-1.5481,-2.0065,0.00047122,1,0,208
0.0044729,-0.73861,-0.0065185,0.00047122,-2,1,208
-2.9955,-4.1136,-0.0065185,0.00047122,-2,0,208
4.0045,5.2461,-0.0065185,0.00047122,-2,1,208
-3.3955,-1.0261,-5.0065,0.00047122,1,0,208
2.0045,1.323,-0.0065185,0.00047122,-2,0,208
4.0045,3.4273,-0.0065185,0.00047122,-2,1,208
5.4045,-1.0527,-0.0065185,0.00047122,-2,1,208
-6.8855,3.1729,-0.0065185,0.00047122,-2,0,208
-6.452,-1.7636,-0.0065185,0.00047122,-2,0,208
2.0925,2.1059,-0.0065185,0.00047122,-2,1,208
1.7793,4.2492,-3.0065,0.00047122,1,0,208
3.0045,0.46789,-0.0065185,0.00047122,-2,1,208
-0.44553,-0.43211,-0.0065185,0.00047122,-2,1,208
0.17197,0.54211,-0.0065185,0.00047122,-2,0,208
-3.6955,0.16026,-0.0065185,0.00047122,-2,0,208
3.4495,3.1629,-0.0065185,0.00047122,-2,1,208
6.2327,6.2461,-0.0065185,0.00047122,-2,1,208
-5.2895,-2.4711,-4.0065,0.00047122,1,0,208
-3.8829,-2.7127,-0.0065185,0.00047122,-2,0,208
3.7588,3.7722,-0.0065185,0.00047122,-2,1,208
-1.6367,-0.49849,-0.0065185,0.00047122,-2,0,208
0.54945,0.56287,-0.0065185,0.00047122,-2,1,208
-1.5323,-1.5189,-0.0065185,0.00047122,-2,0,208
1.3107,2.0149,2.9935,0.00047122,1,1,208
-0.55053,-0.53711,-0.0065185,0.00047122,-2,1,208
-1.7673,-1.7539,-0.0065185,0.00047122,-2,0,208
-1.5455,-1.5321,-0.0065185,0.00047122,-2,0,208
-0.16303,-0.14961,-0.0065185,0.00047122,-2,1,208
0.14685,-3.0132,1.9935,0.00047122,1,0,208
-0.55053,-2.1841,-0.0065185,0.00047122,-2,0,208
-4.6955,-4.4271,-0.0065185,0.00047122,-2,0,208
-2.4405,-2.2104,-0.0065185,0.00047122,-2,0,208
-4.2238,-4.2104,-0.0065185,0.00047122,-2,0,208
-4.0395,-0.11522,-0.0065185,0.00047122,-2,0,208
-3.4329,-3.4195,-4.0065,0.00047122,1,0,208
-2.7498,-2.6233,-0.0065185,0.00047122,-2,0,208
-3.6367,-3.4171,-0.0065185,0.00047122,-2,0,208
0.54945,0.56287,-0.0065185,0.00047122,-2,0,208
4.0045,1.8504,-0.0065185,0.00047122,-2,1,208
3.0045,1.1755,-0.0065185,0.00047122,-2,1,208
2.5545,-1.8326,-1.0065,0.00047122,1,1,208
-2.163,0.86789,1.9935,0.00047122,1,1,208
0.1621,2.7404,-0.0065185,0.00047122,-2,1,208
-0.56155,1.632,-0.0065185,0.00047122,-2,1,208
0.33559,-2.0278,-0.0065185,0.00047122,-2,0,208
-0.86408,-3.0261,-0.0065185,0.00047122,-2,0,208
-0.7338,-1.592,3.9935,0.00047122,1,1,208
-0.44053,4.4179,-0.0065185,0.00047122,-2,1,208
1.2327,0.81239,-0.0065185,0.00047122,-2,0,208
0.96046,4.4744,-0.0065185,0.00047122,-2,1,208
0.81706,2.1059,-3.0065,0.00047122,1,1,208
3.2502,-0.75729,-0.0065185,0.00047122,-2,1,208
-1.3544,-1.7096,-0.0065185,0.00047122,-2,0,208
-2.4505,-2.7505,-0.0065185,0.00047122,-2,0,208
-2.5323,-2.7852,-0.0065185,0.00047122,-2,0,208
0.61072,1.9444,-0.0065185,0.00047122,-2,1,208
0.33916,0.16013,-0.0065185,0.00047122,-2,1,208
-0.28001,0.68726,-4.0065,0.00047122,1,0,208
3.0045,3.0179,-0.0065185,0.00047122,-2,0,208
-3.9955,2.9079,-0.0065185,0.00047122,-2,0,208
2.4045,2.4179,-0.0065185,0.00047122,-2,1,208
0.89447,3.6954,-0.0065185,0.00047122,-2,0,208
1.7045,3.4927,-0.0065185,0.00047122,-2,1,208
-1.4405,0.58686,-3.0065,0.00047122,1,0,208
1.7762,-2.0485,-0.0065185,0.00047122,-2,1,208
-0.44553,-0.43211,-0.0065185,0.00047122,-2,0,208
-1.5455,-4.3745,-0.0065185,0.00047122,-2,0,208
1.837,-1.2996,-0.0065185,0.00047122,-2,1,208
-1.5532,-2.741,3.9935,0.00047122,1,1,208
2.4385,0.61789,-0.0065185,0.00047122,-2,1,208
-1.3955,-2.9189,-0.0065185,0.00047122,-2,0,208
1.8945,1.2079,-0.0065185,0.00047122,-2,0,208
1.1545,0.57289,-0.0065185,0.00047122,-2,1,208
0.70447,0.71789,-0.0065185,0.00047122,-2,1,208
0.55947,-0.81299,-0.0065185,0.00047122,-2,0,208
0.77622,0.78964,-0.0065185,0.00047122,-2,1,208
-0.65151,-1.4852,-3.0065,0.00047122,1,1,208
1.8919,-3.7604,-0.0065185,0.00047122,-2,0,208
0.85447,1.0101,-0.0065185,0.00047122,-2,0,208
-0.27303,-0.25961,-0.0065185,0.00047122,-2,0,208
-0.2314,-0.73641,-5.0065,0.00047122,1,1,208
0.72697,-0.50412,-0.0065185,0.00047122,-2,1,208
-4.9955,-3.1509,-0.0065185,0.00047122,-2,0,208
-2.9955,-4.2321,-0.0065185,0.00047122,-2,0,208
-2.5455,-2.5321,-4.0065,0.00047122,1,0,208
-2.9955,-2.9821,-0.0065185,0.00047122,-2,1,208
-1.5455,-1.5321,-0.0065185,0.00047122,-2,1,208
0.17197,2.2775,-0.0065185,0.00047122,-2,1,208
1.7045,1.7179,-0.0065185,0.00047122,-2,1,208
-3.9955,-0.12435,-0.0065185,0.00047122,-2,0,208
2.0045,2.0179,-0.0065185,0.00047122,-2,1,208
1.7045,1.7179,-0.0065185,0.00047122,-2,1,208
-1.4405,1.5127,3.9935,0.00047122,1,0,208
-0.76728,-2.1539,-0.0065185,0.00047122,-2,0,208
0.70447,4.6827,-0.0065185,0.00047122,-2,1,208
0.44947,1.4744,-0.0065185,0.00047122,-2,0,208
-1.1455,-1.2596,-0.0065185,0.00047122,-2,0,208
0.98197,0.99539,2.9935,0.00047122,1,1,208
2.4495,3.4553,-0.0065185,0.00047122,-2,1,208
-3.2238,-3.2104,-0.0065185,0.00047122,-2,0,208
-0.03954,-0.026124,-0.0065185,0.00047122,-2,0,208
0.041884,1.177,4.9935,0.00047122,1,0,208
1.282,6.2679,-0.0065185,0.00047122,-2,1,208
-1.6955,-0.62327,-0.0065185,0.00047122,-2,0,208
2.4495,1.84,-0.0065185,0.00047122,-2,1,208
4.2327,3.4811,-0.0065185,0.00047122,-2,1,208
-3.5895,-1.0984,2.9935,0.00047122,1,0,208
2.8919,2.9053,-0.0065185,0.00047122,-2,1,208
2.4588,-1.3953,-4.0065,0.00047122,1,0,208
-2.4405,3.1761,-0.0065185,0.00047122,-2,1,208
3.2327,0.45187,-0.0065185,0.00047122,-2,1,208
6.7045,6.7179,-0.0065185,0.00047122,-2,1,208
-3.4405,0.66091,-0.0065185,0.00047122,-2,0,208
4.2327,3.5399,-0.0065185,0.00047122,-2,1,208
5.0485,2.5069,-0.0065185,0.00047122,-2,1,208
5.8919,5.395,-0.0065185,0.00047122,-2,1,208
5.7588,5.7722,-0.0065185,0.00047122,-2,1,208
2.6456,2.2904,-0.0065185,0.00047122,-2,1,208
-4.5405,-2.6151,-0.0065185,0.00047122,-2,0,208
-2.4588,-2.4453,-0.0065185,0.00047122,-2,0,208
-2.3893,-2.3759,-0.0065185,0.00047122,-2,0,208
1.3392,2.8091,-0.0065185,0.00047122,-2,1,208
-2.28,-1.1166,-0.0065185,0.00047122,-2,0,208
1.9463,1.9597,-3.0065,0.00047122,1,1,208
0.79893,2.3623,-0.0065185,0.00047122,-2,1,208
3.8545,5.1854,-0.0065185,0.00047122,-2,1,208
2.727,3.8603,-0.0065185,0.00047122,-2,1,208
3.6186,4.5839,-0.0065185,0.00047122,-2,1,208
-4.5175,-1.2676,-0.0065185,0.00047122,-2,1,208
3.6013,3.5926,-4.0065,0.00047122,1,1,209
1.1718,1.1664,-0.0065185,0.00047122,-2,1,209
-0.13777,2.7817,-0.0065185,0.00047122,-2,0,209
-4.1164,-4.0894,-0.0065185,0.00047122,-2,0,209
4.1072,0.10909,-0.0065185,0.00047122,-2,1,209
-4.0829,-3.4596,-0.0065185,0.00047122,-2,0,209
-4.0698,-3.4564,-0.0065185,0.00047122,-2,0,209
3.0676,3.0739,-0.0065185,0.00047122,-2,1,209
4.0581,4.0655,-0.0065185,0.00047122,-2,1,209
5.0501,5.0584,-0.0065185,0.00047122,-2,1,209
-2.0343,-2.1045,-0.0065185,0.00047122,-2,0,209
-3.0285,-1.7151,-0.0065185,0.00047122,-2,0,209
-2.5735,-2.557,3.9935,0.00047122,1,0,209
-3.0193,3.3941,-0.0065185,0.00047122,-2,0,209
-0.01576,-2.5501,-0.0065185,0.00047122,-2,1,209
-0.99553,-2.1668,-0.0065185,0.00047122,-2,1,209
-0.99553,-0.98211,-0.0065185,0.00047122,-2,0,209
-0.84553,-0.83211,-0.0065185,0.00047122,-2,0,209
-0.71803,-1.9274,3.9935,0.00047122,1,0,209
0.6186,-2.8601,-0.0065185,0.00047122,-2,0,209
0.52648,1.1279,-0.0065185,4.0005,-1,0,209
3.0045,0.56139,-0.0065185,0.00047122,-2,0,209
-1.9955,1.7288,-0.0065185,0.00047122,-2,0,209
-1.6955,-0.30269,3.9935,0.00047122,1,0,209
-0.55053,-1.9371,-0.0065185,0.00047122,-2,0,209
0.30447,-0.87211,-0.0065185,0.00047122,-2,1,209
2.3045,-0.23711,-0.0065185,0.00047122,-2,1,209
3.4045,1.0788,-0.0065185,0.00047122,-2,1,209
3.8945,1.0619,-0.0065185,0.00047122,-2,1,209
-1.452,-1.4386,-0.0065185,0.00047122,-2,1,209
1.2425,1.4947,-5.0065,0.00047122,1,0,209
1.282,2.632,-0.0065185,0.00047122,-2,1,209
2.7045,1.1038,-0.0065185,0.00047122,-2,1,209
-1.5505,-2.2027,-0.0065185,0.00047122,-2,0,209
-3.5455,-1.3039,-0.0065185,0.00047122,-2,0,209
-4.163,-4.1496,-0.0065185,0.00047122,-2,0,209
-2.8379,-0.18261,-0.0065185,0.00047122,-2,0,209
-2.4115,-2.3981,0.99348,0.00047122,1,0,209
0.33559,0.499,-0.0065185,0.00047122,-2,1,209
-0.27698,1.1885,-5.0065,0.00047122,1,1,209
-1.273,-0.22134,-0.0065185,0.00047122,-2,0,209
-2.6955,-2.6821,-0.0065185,0.00047122,-2,0,209
1.4495,3.7834,-0.0065185,0.00047122,-2,0,209
-1.2238,-1.2104,4.9935,0.00047122,1,0,209
-6.0395,-0.73211,-0.0065185,0.00047122,-2,0,209
-4.8829,-0.36961,-0.0065185,0.00047122,-2,0,209
5.7588,-1.4499,-0.0065185,0.00047122,-2,1,209
-4.6367,-1.6221,-0.0065185,0.00047122,-2,0,209
-5.5405,-2.7636,-0.0065185,0.00047122,-2,0,209
4.7177,1.0221,-2.0065,0.00047122,1,1,209
-3.3893,3.3208,-0.0065185,0.00047122,-2,0,209
-4.3302,-2.6197,-0.0065185,0.00047122,-2,0,209
4.289,1.0273,-0.0065185,0.00047122,-2,1,209
-4.2373,-4.2239,-0.0065185,0.00047122,-2,0,209
-2.2011,-3.0777,-0.0065185,0.00047122,-2,0,209
0.82976,1.7291,-0.0065185,0.00047122,-2,1,209
0.70597,0.71939,-4.0065,0.00047122,1,1,209
-3.718,4.6461,-0.0065185,0.00047122,-2,0,209
2.6186,3.182,-0.0065185,0.00047122,-2,1,209
-2.5175,-0.7947,-0.0065185,0.00047122,-2,0,209
2.4482,2.4616,-0.0065185,0.00047122,-2,1,209
2.0816,-0.60496,-0.0065185,-0.99953,-1,1,209
-3.3161,-2.4371,-0.0065185,0.00047122,-2,0,209
2.827,0.59867,-2.0065,0.00047122,1,1,209
-2.2271,2.1116,-0.0065185,0.00047122,-2,0,209
-0.79865,-0.78524,-0.0065185,0.00047122,-2,0,209
-2.1455,1.1524,-0.0065185,0.00047122,-2,0,209
-0.44553,3.7961,-0.0065185,0.00047122,-2,0,209
-2.5455,-2.5321,-0.0065185,0.00047122,-2,0,209
2.172,2.3601,2.9935,0.00047122,1,1,209
2.1621,-1.7778,-0.0065185,0.00047122,-2,1,209
-6.3955,-1.8161,-0.0065185,0.00047122,-2,0,209
2.8945,0.72551,-0.0065185,0.00047122,-2,1,209
2.461,-1.5481,-0.0065185,0.00047122,-2,0,209
2.0925,2.1059,-5.0065,0.00047122,1,0,209
-2.9955,-2.9821,-0.0065185,0.00047122,-2,0,209
5.5545,-0.59461,-0.0065185,0.00047122,-2,1,209
-6.163,-6.1496,-0.0065185,0.00047122,-2,0,209
5.8468,-2.5921,-0.0065185,0.00047122,-2,1,209
-6.5615,-4.9481,-0.0065185,0.00047122,-2,0,209
5.5856,5.599,4.9935,0.00047122,1,1,209
3.1359,2.665,-0.0065185,0.00047122,-2,1,209
2.9662,2.6796,-0.0065185,0.00047122,-2,1,209
-1.1781,0.5598,-0.0065185,0.00047122,-2,0,209
-2.6955,-0.98726,-0.0065185,0.00047122,-2,0,209
-3.4405,-3.4271,-0.0065185,0.00047122,-2,0,209
0.23272,-2.0261,-0.0065185,0.00047122,-2,0,209
-0.18954,-1.6402,-2.0065,0.00047122,1,1,209
3.282,0.99539,-0.0065185,0.00047122,-2,1,209
1.4045,-0.53711,-0.0065185,0.00047122,-2,1,209
-0.88553,-0.87211,-0.0065185,0.00047122,-2,1,209
6.7045,4.6973,-0.0065185,0.00047122,-2,1,209
-5.6905,-0.5397,-3.0065,0.00047122,1,1,209
5.617,-0.96803,-0.0065185,0.00047122,-2,1,209
-6.6955,-6.6821,-0.0065185,0.00047122,-2,0,209
5.4495,3.3053,-0.0065185,0.00047122,-2,1,209
-4.6238,-4.6104,-4.0065,0.00047122,1,0,209
6.0485,4.4619,-0.0065185,0.00047122,-2,1,209
-5.8829,-5.1195,-0.0065185,0.00047122,-2,0,209
-3.7498,-3.7364,-0.0065185,0.00047122,-2,0,209
4.6456,3.9436,-0.0065185,0.00047122,-2,1,209
5.5495,4.9548,-0.0065185,0.00047122,-2,1,209
3.4677,3.0912,-0.0065185,0.00047122,-2,1,209
-2.9393,-2.9259,3.9935,0.00047122,1,0,209
3.3392,2.9791,-0.0065185,0.00047122,-2,1,209
-2.28,-2.2666,-0.0065185,0.00047122,-2,0,209
0.24628,-0.010115,-0.0065185,0.00047122,-2,0,209
1.0045,-0.18765,-0.0065185,0.00047122,-2,1,209
-2.9955,-0.83211,-0.0065185,0.00047122,-2,0,209
2.5545,2.5679,-2.0065,0.00047122,1,1,209
-3.9955,-5.2644,-0.0065185,0.00047122,-2,0,209
3.0045,3.0179,-0.0065185,0.00047122,-2,1,209
0.0044729,0.017889,-0.0065185,0.00047122,-2,0,209
-0.99553,-0.98211,-0.0065185,0.00047122,-2,0,209
0.85447,-0.65148,-4.0065,0.00047122,1,1,209
1.0045,1.7722,-0.0065185,0.00047122,-2,1,209
0.0044729,-2.231,-0.0065185,0.00047122,-2,0,209
1.0045,1.0179,-0.0065185,0.00047122,-2,1,209
-2.1455,-2.9821,-0.0065185,0.00047122,-2,0,209
5.5545,4.7927,-0.0065185,0.00047122,-2,1,209
-6.163,-0.87658,-0.0065185,0.00047122,-2,0,209
-3.8379,-5.2245,-0.0065185,0.00047122,-2,0,209
-3.2615,-3.2481,3.9935,0.00047122,1,1,209
-5.4405,-5.4271,-0.0065185,0.00047122,-2,0,209
6.4045,-2.0846,-0.0065185,0.00047122,-2,1,209
4.8945,2.6873,-0.0065185,0.00047122,-2,1,209
-4.152,-2.7186,1.9935,0.00047122,1,0,209
-4.0836,-2.4657,-0.0065185,0.00047122,-2,0,209
-3.7703,-0.31193,-0.0065185,0.00047122,-2,0,209
0.49587,-2.0315,-0.0065185,0.00047122,-2,1,209
0.42216,-2.7094,-2.0065,0.00047122,1,1,209
0.55947,0.27289,-0.0065185,0.00047122,-2,1,209
-0.29553,-0.53711,-0.0065185,0.00047122,-2,0,209
1.7045,0.27289,-0.0065185,0.00047122,-2,0,209
1.0045,1.0179,-0.0065185,0.00047122,-2,1,209
0.0044729,-0.62327,-0.0065185,0.00047122,-2,1,209
3.0045,-0.86952,-0.0065185,0.00047122,-2,1,209
2.0045,1.5547,-0.0065185,0.00047122,-2,1,209
1.7045,1.7916,4.9935,0.00047122,1,1,209
-2.9955,-2.9821,-0.0065185,0.00047122,-2,0,209
4.0045,3.6304,-0.0065185,0.00047122,-2,1,209
1.0045,0.77608,-0.0065185,0.00047122,-2,1,209
2.0045,2.0179,-0.0065185,0.00047122,-2,1,209
-1.6955,-2.4386,3.9935,0.00047122,1,0,209
0.0044729,0.017889,-0.0065185,0.00047122,-2,1,209
2.0045,-0.87211,-0.0065185,0.00047122,-2,1,209
-2.6955,-1.6821,-0.0065185,0.00047122,-2,0,209
2.2995,2.3129,-4.0065,0.00047122,1,1,209
-0.76728,-3.4596,-0.0065185,0.00047122,-2,0,209
3.7045,1.8639,-0.0065185,0.00047122,-2,1,209
-2.4405,-2.4271,-0.0065185,0.00047122,-2,0,209
-5.2238,-5.2104,-0.0065185,0.00047122,-2,0,209
2.0485,2.7927,-0.0065185,0.00047122,-2,1,209
1.8919,2.5265,-0.0065185,0.00047122,-2,1,209
-1.5998,-2.1518,1.9935,0.00047122,1,0,209
2.6456,-0.59215,-0.0065185,0.00047122,-2,1,209
1.4595,-2.2271,-0.0065185,0.00047122,-2,1,209
-0.69553,-0.89461,-0.0065185,0.00047122,-2,1,209
-3.1455,-3.3127,-0.0065185,0.00047122,-2,0,209
3.4045,-1.7486,-0.0065185,0.00047122,-2,0,209
-2.9955,-2.8721,-0.0065185,0.00047122,-2,0,209
2.5545,2.5679,-0.0065185,0.00047122,-2,1,209
-3.163,-3.0701,-0.0065185,0.00047122,-2,0,209
-2.8379,-2.7569,-0.0065185,0.00047122,-2,0,209
1.5705,1.5839,-0.0065185,0.00047122,-2,0,209
-0.99553,-1.2644,-0.0065185,0.00047122,-2,0,209
2.8545,0.63627,-0.0065185,0.00047122,-2,1,209
4.727,4.9444,-0.0065185,0.00047122,-2,1,209
4.6186,4.632,-0.0065185,0.00047122,-2,1,209
-3.9175,-1.8797,-3.0065,0.00047122,1,0,209
5.4482,3.0116,-0.0065185,0.00047122,-2,1,209
3.3816,3.395,-0.0065185,0.00047122,-2,1,209
2.3251,2.3385,-0.0065185,0.00047122,-2,0,209
0.70447,2.0885,-0.0065185,0.00047122,-2,0,209
0.44947,0.46289,-0.0065185,0.00047122,-2,0,209
4.3903,4.4038,-0.0065185,0.00047122,-2,0,210
-3.2455,-1.0182,-0.0065185,0.00047122,-2,1,210
-3.608,-1.8245,-0.0065185,0.00047122,-2,0,210
-4.9955,-4.9821,-0.0065185,0.00047122,-2,0,210
-3.9955,-3.368,-0.0065185,0.00047122,-2,1,210
-3.3955,-5.3821,-0.0065185,-1.9995,-1,0,210
-3.9955,-3.9821,-0.0065185,0.00047122,-2,1,210
-0.59553,3.0658,-0.0065185,0.00047122,-2,0,210
1.1145,1.1279,-0.0065185,0.00047122,-2,0,210
2.4045,1.7498,-0.0065185,0.00047122,-2,1,210
-0.84553,2.0579,-0.0065185,0.00047122,-2,1,210
1.282,-0.81883,-0.0065185,0.00047122,-2,0,210
1.0903,-4.9821,-0.0065185,-4.9995,-1,1,210
-0.91852,2.8229,-4.0065,0.00047122,1,1,210
1.2327,0.80243,-0.0065185,0.00047122,-2,0,210
1.0485,1.0619,-0.0065185,0.00047122,-2,1,210
-2.9955,2.4744,-0.0065185,0.00047122,-2,0,210
-2.5455,2.1059,1.9935,0.00047122,1,1,210
-2.9955,-2.1496,-0.0065185,0.00047122,-2,0,210
-0.54553,-0.53211,-0.0065185,0.00047122,-2,1,210
1.3045,0.35566,-0.0065185,0.00047122,-2,1,210
-0.44553,-1.651,-0.0065185,0.00047122,-2,0,210
0.38697,-0.92136,4.9935,0.00047122,1,0,210
-2.1532,-6.3996,-0.0065185,0.00047122,-2,0,210
2.4045,0.29424,-0.0065185,0.00047122,-2,0,210
3.1545,2.6868,-0.0065185,0.00047122,-2,0,210
-1.273,-1.2596,-0.0065185,0.00047122,-2,1,210
-0.60965,1.1442,-0.0065185,0.00047122,-2,0,210
0.52648,0.53989,4.9935,0.00047122,1,1,210
-0.43923,-4.6758,-4.0065,0.00047122,1,1,210
3.0045,6.4179,-0.0065185,0.00047122,-2,0,210
-2.9955,-6.0527,-0.0065185,0.00047122,-2,0,210
0.45447,-2.8653,-0.0065185,0.00047122,-2,0,210
-0.82803,-0.81461,-0.0065185,0.00047122,-2,0,210
0.45447,0.46789,-0.0065185,0.00047122,-2,1,210
-0.54553,1.5982,-0.0065185,0.00047122,-2,1,210
-1.2955,-1.4161,-0.0065185,0.00047122,-2,0,210
0.45447,1.1755,-0.0065185,0.00047122,-2,1,210
0.38697,0.40039,3.9935,0.00047122,1,1,210
-0.82803,5.5854,-0.0065185,0.00047122,-2,0,210
-2.5455,-1.6447,-0.0065185,0.00047122,-2,0,210
-5.163,-2.1496,-0.0065185,0.00047122,-2,0,210
-4.3879,-4.3745,3.9935,0.00047122,1,1,210
-0.16303,-0.14961,-0.0065185,0.00047122,-2,1,210
1.1621,4.4165,-0.0065185,0.00047122,-2,0,210
0.45447,0.3016,-0.0065185,0.00047122,-2,1,210
1.172,-1.4421,-0.0065185,0.00047122,-2,0,210
-3.8379,-0.058579,-0.0065185,0.00047122,-2,1,210
3.2705,2.5054,-5.0065,0.00047122,1,0,210
-0.32664,3.5985,-0.0065185,0.00047122,-2,0,210
0.85447,3.6304,-0.0065185,0.00047122,-2,0,210
0.72697,3.0885,-0.0065185,0.00047122,-2,0,210
-2.6097,-1.7747,-0.0065185,0.00047122,-2,1,210
4.5265,3.9364,-0.0065185,0.00047122,-2,1,210
7.4045,5.4629,-0.0065185,0.00047122,-2,1,210
-6.2855,-3.2493,-5.0065,0.00047122,1,0,210
-4.452,-3.0261,-0.0065185,0.00047122,-2,0,210
4.0925,4.5178,-0.0065185,0.00047122,-2,1,210
3.7793,2.7722,-0.0065185,0.00047122,-2,1,210
1.4959,1.5093,-0.0065185,0.00047122,-2,0,210
1.7222,-1.7553,-0.0065185,0.00047122,-2,1,210
-1.4455,1.4779,-0.0065185,0.00047122,-2,0,210
-1.228,-1.796,-4.0065,0.00047122,1,0,210
2.8945,6.3079,-0.0065185,0.00047122,-2,1,210
4.461,4.4744,-0.0065185,0.00047122,-2,1,210
-7.0836,-2.0701,-0.0065185,0.00047122,-2,0,210
5.7793,6.0427,-0.0065185,0.00047122,-2,1,210
-3.5041,-4.8907,-0.0065185,0.00047122,-2,0,210
-2.9778,-2.0315,2.9935,0.00047122,1,0,210
-6.0855,1.4779,-0.0065185,0.00047122,-2,0,210
-4.922,-4.2346,-0.0065185,0.00047122,-2,0,210
4.792,4.4179,-0.0065185,0.00047122,-2,1,210
-3.6649,-4.0515,-0.0065185,0.00047122,-2,0,210
-3.1145,-2.6871,3.9935,0.00047122,1,0,210
-2.4791,3.2861,-0.0065185,0.00047122,-2,0,210
-1.4066,-1.3932,-0.0065185,0.00047122,-2,0,210
-1.6461,1.8123,-0.0065185,0.00047122,-2,1,210
-1.6985,-1.6851,-0.0065185,0.00047122,-2,1,210
2.752,1.3941,-0.0065185,0.00047122,-2,0,210
-2.3309,-2.3175,-4.0065,0.00047122,1,0,210
2.172,2.1357,-0.0065185,0.00047122,-2,0,210
-0.99553,-1.0244,-0.0065185,0.00047122,-2,0,210
-0.99553,2.4744,-0.0065185,0.00047122,-2,0,210
-1.9955,-2.0126,-0.0065185,0.00047122,-2,0,210
-2.9955,-2.9821,-0.0065185,0.00047122,-2,0,210
5.0045,0.63201,-0.0065185,0.00047122,-2,1,210
-4.2455,-4.2321,-4.0065,0.00047122,1,0,210
-0.99553,-0.98211,-0.0065185,0.00047122,-2,0,210
5.0045,2.9079,-0.0065185,0.00047122,-2,1,210
-3.9955,-4.2436,-0.0065185,0.00047122,-2,0,210
-1.9955,-1.9821,-0.0065185,0.00047122,-2,0,210
-1.6955,-2.8804,3.9935,0.00047122,1,1,210
-1.5505,2.4744,-0.0065185,0.00047122,-2,0,210
0.23272,1.1059,-0.0065185,0.00047122,-2,0,210
1.9605,4.6419,-0.0065185,0.00047122,-2,1,210
-1.6581,-1.0235,3.9935,0.00047122,1,1,210
-2.163,-2.1496,-0.0065185,0.00047122,-2,1,210
4.8468,3.3689,-0.0065185,0.00047122,-2,1,210
-3.5455,-3.5321,-0.0065185,0.00047122,-2,0,210
3.172,-0.98017,-0.0065185,0.00047122,-2,0,210
2.6968,0.085442,2.9935,0.00047122,1,0,210
3.727,1.5093,-0.0065185,0.00047122,-2,0,210
3.1686,0.90308,3.9935,0.00047122,1,0,210
2.5265,2.3279,-0.0065185,0.00047122,-2,1,210
2.7045,2.1616,-0.0065185,0.00047122,-2,1,210
-3.4405,-4.4386,-0.0065185,0.00047122,-2,0,210
0.23272,2.8284,-0.0065185,0.00047122,-2,1,210
-1.0395,-0.90693,-0.0065185,0.00047122,-2,0,210
0.89188,1.5265,-4.0065,0.00047122,1,1,210
2.7588,2.7722,-0.0065185,0.00047122,-2,1,210
0.64563,0.65904,-0.0065185,0.00047122,-2,1,210
1.5495,1.5629,-0.0065185,0.00047122,-2,1,210
-0.53229,-1.6069,-0.0065185,0.00047122,-2,1,210
-0.45178,-0.16274,2.9935,0.00047122,1,1,210
3.3392,2.9026,-0.0065185,0.00047122,-2,1,210
-5.28,-5.4657,-0.0065185,0.00047122,-2,0,210
-1.2373,-1.3932,-0.0065185,0.00047122,-2,0,210
-3.2011,-3.3315,-0.0065185,0.00047122,-2,0,210
3.1792,1.8809,-0.0065185,0.00047122,-2,1,210
4.153,4.2703,-0.0065185,0.00047122,-2,1,210
4.1307,4.2325,-0.0065185,0.00047122,-2,1,210
3.5118,1.9676,-4.0065,0.00047122,1,1,210
2.0957,2.1091,-0.0065185,0.00047122,-2,1,210
1.082,1.0954,-0.0065185,0.00047122,-2,1,210
-3.9296,-3.9162,-0.0065185,0.00047122,-2,1,210
-3.3395,-1.9749,-4.0065,0.00047122,1,1,210
2.9569,3.337,-0.0065185,0.00047122,-2,1,210
-3.5455,-2.4916,-0.0065185,0.00047122,-2,0,210
-3.163,-3.4386,-0.0065185,0.00047122,-2,0,210
-2.6879,-2.547,-4.0065,0.00047122,1,0,210
-0.56155,-4.9481,-0.0065185,0.00047122,-2,0,210
-1.3266,-0.46323,-0.0065185,0.00047122,-2,0,210
2.1359,2.3002,-0.0065185,0.00047122,-2,1,210
1.9662,2.1079,-0.0065185,0.00047122,-2,1,210
-2.813,-2.7996,-0.0065185,0.00047122,-2,0,210
-2.6904,-2.677,-0.0065185,0.00047122,-2,0,210
0.5951,0.68726,-0.0065185,0.00047122,-2,1,210
-0.49756,-0.55108,-5.0065,0.00047122,1,0,210
-3.4223,-4.6588,-0.0065185,0.00047122,-2,0,210
-5.3582,-2.8948,-0.0065185,0.00047122,-2,0,210
-4.3038,-4.2904,-0.0065185,0.00047122,-2,0,210
-5.2576,-5.2791,-0.0065185,0.00047122,-2,0,210
-4.4683,-3.2755,-5.0065,0.00047122,1,0,210
-2.1849,-2.1715,-0.0065185,0.00047122,-2,0,210
-0.15647,-0.14305,-0.0065185,0.00047122,-2,0,210
0.86767,-3.2078,-0.0065185,0.00047122,-2,0,210
-0.72925,-0.70033,-3.0065,0.00047122,1,1,210
1.9056,1.9191,-0.0065185,0.00047122,-2,1,210
0.70447,0.71789,-0.0065185,0.00047122,-2,1,210
-1.5505,-1.5371,-0.0065185,0.00047122,-2,0,210
-0.54553,1.5151,-0.0065185,0.00047122,-2,1,210
2.7045,2.349,-0.0065185,0.00047122,-2,0,210
-1.1455,-1.1321,-0.0065185,0.00047122,-2,0,210
-0.97303,-0.31988,3.9935,0.00047122,1,0,210
-2.6097,-2.5962,-0.0065185,0.00047122,-2,0,210
3.7045,1.7764,-0.0065185,0.00047122,-2,1,210
-5.4405,-3.1271,-0.0065185,0.00047122,-2,0,210
5.2327,5.5059,-0.0065185,0.00047122,-2,1,210
5.0485,5.0619,-0.0065185,0.00047122,-2,1,210
-5.8829,-3.7595,-0.0065185,0.00047122,-2,0,210
5.7588,5.5502,-0.0065185,0.00047122,-2,1,210
-2.6367,-4.8733,-0.0065185,0.00047122,-2,0,210
3.5495,3.9444,-0.0065185,0.00047122,-2,1,210
3.4677,1.9261,-0.0065185,0.00047122,-2,1,210
4.3982,4.4116,-0.0065185,0.00047122,-2,1,210
3.3392,3.3526,-0.0065185,0.00047122,-2,1,210
-4.28,-2.109,-0.0065185,0.00047122,-2,0,210
3.2463,3.429,-0.0065185,0.00047122,-2,1,210
2.76,3.2573,4.9935,0.00047122,1,1,210
-4.1702,-4.4068,-0.0065185,0.00047122,-2,0,210
-3.544,-1.1306,-0.0065185,-0.99953,-1,0,210
-0.8693,3.1225,-0.0065185,0.00047122,-2,1,210
-2.8882,-0.64971,-0.0065185,0.00047122,-2,0,210
-5.5455,-5.5321,-0.0065185,0.00047122,-2,0,210
-3.1597,0.61937,-5.0065,0.00047122,1,0,211
0.17197,2.4255,-0.0065185,0.00047122,-2,0,211
-6.6955,-1.3696,-0.0065185,0.00047122,-2,0,211
4.4495,-0.10313,-0.0065185,0.00047122,-2,1,211
2.2327,2.2461,-0.0065185,0.00047122,-2,1,211
2.0485,3.2294,-0.0065185,0.00047122,-2,1,211
2.8919,2.9053,-0.0065185,0.00047122,-2,1,211
-0.24123,-0.8625,-0.0065185,0.00047122,-2,0,211
0.85447,0.86789,-0.0065185,0.00047122,-2,1,211
0.28197,1.0849,-0.0065185,0.00047122,-2,1,211
2.1545,-0.21799,-0.0065185,0.00047122,-2,0,211
-3.273,-1.8096,-0.0065185,0.00047122,-2,0,211
-2.7814,-1.8149,3.9935,0.00047122,1,1,211
1.4825,-0.49211,-0.0065185,0.00047122,-2,1,211
-1.6955,-2.1968,-0.0065185,0.00047122,-2,0,211
0.55947,-1.4271,-0.0065185,0.00047122,-2,0,211
0.23272,0.79271,-0.0065185,0.00047122,-2,1,211
-2.0395,0.41888,-0.0065185,0.00047122,-2,1,211
1.7419,2.1502,-3.0065,0.00047122,1,0,211
2.282,4.0619,-0.0065185,0.00047122,-2,1,211
3.3903,3.0728,-0.0065185,0.00047122,-2,1,211
-3.4735,-2.8601,-0.0065185,0.00047122,-2,0,211
-0.43923,2.9742,-0.0065185,0.00047122,-2,0,211
-0.37268,3.4529,3.9935,0.00047122,1,0,211
3.0045,3.0179,-0.0065185,0.00047122,-2,0,211
4.0045,4.9959,-0.0065185,0.00047122,-2,0,211
2.0045,3.7927,-0.0065185,0.00047122,-2,0,211
0.0044729,1.5265,-0.0065185,0.00047122,-2,1,211
4.0045,4.0179,-0.0065185,0.00047122,-2,1,211
4.0045,2.1059,-0.0065185,0.00047122,-2,1,211
3.4045,5.1927,4.9935,0.00047122,1,1,211
-4.9955,-4.2321,-0.0065185,0.00047122,-2,0,211
-1.9955,-1.9821,-0.0065185,0.00047122,-2,0,211
2.0045,3.1079,-0.0065185,0.00047122,-2,1,211
0.0044729,0.94436,-0.0065185,0.00047122,-2,1,211
1.0045,1.0179,-0.0065185,0.00047122,-2,1,211
-1.8455,-0.16274,-0.0065185,0.00047122,-2,0,211
-1.718,0.90364,-0.0065185,0.00047122,-2,0,211
0.39035,2.6208,-0.0065185,0.00047122,-2,1,211
0.33247,0.34588,-3.0065,0.00047122,1,1,211
-3.718,-2.4601,-0.0065185,0.00047122,-2,0,211
3.6186,-1.5355,-0.0065185,0.00047122,-2,1,211
-3.5175,-2.155,-0.0065185,0.00047122,-2,0,211
2.9982,2.2473,-4.0065,0.00047122,1,0,211
2.172,-3.005,-0.0065185,0.00047122,-2,1,211
4.0045,1.8603,-0.0065185,0.00047122,-2,1,211
4.0045,4.0179,-0.0065185,0.00047122,-2,1,211
-3.9955,-2.8721,-0.0065185,0.00047122,-2,0,211
4.0045,4.2148,-0.0065185,0.00047122,-2,1,211
3.4045,3.0752,4.9935,0.00047122,1,1,211
5.0045,4.4101,-0.0065185,0.00047122,-2,1,211
3.0045,3.1388,-0.0065185,0.00047122,-2,1,211
-1.9955,-1.9821,-0.0065185,0.00047122,-2,0,211
2.0045,2.1052,-0.0065185,0.00047122,-2,1,211
-4.9955,-4.9821,-0.0065185,0.00047122,-2,0,211
3.0045,2.2995,-0.0065185,0.00047122,-2,1,211
2.5545,2.6215,2.9935,0.00047122,1,1,211
3.0045,3.0635,-0.0065185,0.00047122,-2,1,211
-2.5455,-1.9821,-0.0065185,-1.9995,-1,0,211
0.0044729,1.8932,-0.0065185,0.00047122,-2,1,211
-1.9955,0.045893,-0.0065185,0.00047122,-2,1,211
-1.9955,-1.6583,-0.0065185,0.00047122,-2,0,211
-2.6955,-1.4271,-0.0065185,0.00047122,-2,0,211
-2.2905,-2.2771,-5.0065,0.00047122,1,0,211
-5.2238,-5.2761,-0.0065185,0.00047122,-2,0,211
-4.0395,-4.2695,-0.0065185,0.00047122,-2,0,211
-3.8829,-3.8695,-0.0065185,0.00047122,-2,0,211
-2.7498,-2.7908,-0.0065185,0.00047122,-2,0,211
-3.6367,-3.5271,-0.0065185,0.00047122,-2,0,211
-3.0905,-1.9721,1.9935,0.00047122,1,1,211
1.837,2.7896,-0.0065185,0.00047122,-2,1,211
1.1621,1.1282,-0.0065185,0.00047122,-2,1,211
3.4385,4.1305,-0.0065185,0.00047122,-2,1,211
1.6734,2.2636,-0.0065185,0.00047122,-2,1,211
1.423,1.2191,-4.0065,0.00047122,1,0,211
4.172,-1.3821,-0.0065185,0.00047122,-2,1,211
1.3045,-1.9544,-0.0065185,0.00047122,-2,1,211
-1.5455,2.5943,-0.0065185,0.00047122,-2,1,211
-2.1455,-1.2996,-0.0065185,0.00047122,-2,0,211
-1.5455,-0.78047,-0.0065185,0.00047122,-2,1,211
-1.313,-1.2622,4.9935,0.00047122,1,1,211
1.727,5.0222,-0.0065185,0.00047122,-2,1,211
-0.60965,-1.4462,-0.0065185,0.00047122,-2,0,211
-3.5175,-3.5041,-0.0065185,0.00047122,-2,0,211
-4.4392,-4.4258,-0.0065185,0.00047122,-2,0,211
-2.3727,-2.3593,-0.0065185,0.00047122,-2,0,211
1.3251,1.3526,-0.0065185,0.00047122,-2,1,211
1.127,0.29038,-4.0065,0.00047122,1,0,211
-0.27303,-3.1403,-0.0065185,0.00047122,-2,0,211
2.6186,-0.87211,-0.0065185,0.00047122,-2,1,211
2.2265,-0.70461,-3.0065,0.00047122,1,1,211
3.4495,3.4629,-0.0065185,0.00047122,-2,1,211
2.9327,-0.92136,-4.0065,0.00047122,1,1,211
0.048485,-3.8258,-0.0065185,0.00047122,-2,0,211
2.1545,0.055299,-0.0065185,0.00047122,-2,1,211
2.5545,0.77219,-0.0065185,0.00047122,-2,1,211
2.172,-1.429,3.9935,0.00047122,1,1,211
2.8468,2.8603,-0.0065185,0.00047122,-2,1,211
0.43845,-4.4381,-0.0065185,0.00047122,-2,0,211
1.6734,1.6868,-0.0065185,0.00047122,-2,1,211
0.55447,0.56789,-0.0065185,0.00047122,-2,1,211
-0.16303,-1.8651,-0.0065185,0.00047122,-2,1,211
1.3045,1.3179,-0.0065185,0.00047122,-2,0,211
-1.1005,0.57548,3.9935,0.00047122,1,0,211
-4.163,3.5926,-0.0065185,0.00047122,-2,0,211
-0.8379,-2.3233,-0.0065185,0.00047122,-2,1,211
0.85447,3.3244,-0.0065185,0.00047122,-2,1,211
1.727,0.74039,-0.0065185,0.00047122,-2,1,211
2.6186,1.482,-0.0065185,0.00047122,-2,1,211
2.2265,2.2399,4.9935,0.00047122,1,0,211
-3.5505,-0.73211,-0.0065185,0.00047122,-2,0,211
2.7762,-2.9535,-0.0065185,0.00047122,-2,1,211
-1.9515,-0.31149,-0.0065185,0.00047122,-2,1,211
-5.5455,-1.9847,-0.0065185,0.00047122,-2,1,211
4.722,4.7354,-3.0065,0.00047122,1,1,211
-6.163,0.47986,-0.0065185,0.00047122,-2,1,211
6.4045,5.2603,-0.0065185,0.00047122,-2,0,211
-4.8855,-4.0407,-0.0065185,0.00047122,-2,1,211
6.461,4.1744,-0.0065185,0.00047122,-2,1,211
-1.3955,-2.5171,-0.0065185,0.00047122,-2,1,211
-0.69553,-0.68211,-0.0065185,0.00047122,-2,1,211
-3.1455,-3.1321,-0.0065185,0.00047122,-2,1,211
2.682,-2.7395,1.9935,0.00047122,1,0,211
-0.60965,-0.056933,-0.0065185,0.00047122,-2,0,211
0.52648,0.53989,-0.0065185,0.00047122,-2,1,211
5.4482,5.4616,-0.0065185,0.00047122,-2,0,211
-4.6227,-1.0721,3.9935,0.00047122,1,0,211
-1.6749,0.23039,-0.0065185,0.00047122,-2,1,211
-0.26802,4.6079,-0.0065185,0.00047122,-2,1,211
0.0044729,-0.65148,-0.0065185,0.00047122,-2,0,211
0.0044729,0.67717,-5.0065,0.00047122,1,1,211
2.0045,-2.2321,-0.0065185,0.00047122,-2,1,211
-1.9955,3.6304,-0.0065185,0.00047122,-2,1,211
-3.2955,-3.2821,-0.0065185,0.00047122,-2,1,211
-0.74553,4.2679,-0.0065185,0.00047122,-2,0,211
-0.60803,3.5629,-0.0065185,0.00047122,-2,1,211
-0.066152,0.55976,-0.0065185,0.00047122,-2,0,211
-0.44553,0.088514,-0.0065185,0.00047122,-2,1,211
0.38697,0.40039,-3.0065,0.00047122,1,1,211
0.1621,0.17551,-0.0065185,0.00047122,-2,1,211
-0.42951,2.4272,-0.0065185,0.00047122,-2,0,211
-0.32664,0.38677,-0.0065185,0.00047122,-2,1,211
-0.86408,0.73391,-0.0065185,0.00047122,-2,0,211
0.74274,0.75616,-3.0065,0.00047122,1,0,211
2.5595,6.5679,-0.0065185,0.00047122,-2,1,211
-1.7673,-1.7539,-0.0065185,0.00047122,-2,0,211
3.0485,3.0619,-0.0065185,0.00047122,-2,1,211
-2.5829,2.2788,2.9935,0.00047122,1,1,211
-0.74983,1.349,-0.0065185,0.00047122,-2,0,211
-0.99553,-0.98211,-0.0065185,0.00047122,-2,1,211
-0.84553,1.8603,-0.0065185,0.00047122,-2,1,211
-0.71803,1.5839,-0.0065185,0.00047122,-2,1,211
0.6186,-0.55893,-0.0065185,0.00047122,-2,1,211
0.0044729,0.65904,-0.0065185,0.00047122,-2,0,211
0.0044729,-0.42582,-4.0065,0.00047122,1,1,211
-1.9955,-1.9821,-0.0065185,0.00047122,-2,1,211
0.0044729,-3.1927,-0.0065185,0.00047122,-2,1,211
1.0045,0.7454,-0.0065185,0.00047122,-2,1,211
4.0045,-0.21373,-0.0065185,0.00047122,-2,1,211
3.0045,3.221,-0.0065185,0.00047122,-2,1,211
-2.9955,-2.9821,-0.0065185,0.00047122,-2,0,211
4.0045,2.1854,-0.0065185,0.00047122,-2,1,211
-3.9955,-3.3821,-0.0065185,0.00047122,-2,0,211
2.0045,1.9151,-0.0065185,0.00047122,-2,1,211
-0.99553,-0.98211,-0.0065185,0.00047122,-2,0,211
1.0045,1.0179,-0.0065185,0.00047122,-2,1,211
1.1545,-0.89522,-0.0065185,0.00047122,-2,1,211
3.7045,1.9642,-0.0065185,0.00047122,-2,1,211
6.4495,1.4809,-0.0065185,0.00047122,-2,1,211
5.4827,4.2291,-4.0065,0.00047122,1,0,211
2.617,2.6304,-0.0065185,0.00047122,-2,0,211
-1.9249,-1.9847,-0.0065185,0.00047122,-2,0,211
2.3944,2.4079,-0.0065185,0.00047122,-2,0,211
-0.24553,0.40539,-0.0065185,0.00047122,-2,1,211
1.392,1.9473,-0.0065185,0.00047122,-2,1,211
4.0045,4.0179,-0.0065185,0.00047122,-2,1,212
-1.9955,-1.9821,-0.0065185,0.00047122,-2,0,212
1.3045,0.75838,-0.0065185,0.00047122,-2,0,212
2.5595,5.1493,-0.0065185,0.00047122,-2,1,212
2.4045,1.1854,-0.0065185,0.00047122,-2,1,212
5.8945,5.9079,-0.0065185,0.00047122,-2,1,212
-4.452,-1.5512,-0.0065185,0.00047122,-2,0,212
5.0925,3.8059,-0.0065185,0.00047122,-2,1,212
-2.7703,-4.3069,-0.0065185,0.00047122,-2,0,212
1.4959,1.5093,-0.0065185,0.00047122,-2,1,212
0.45447,3.7404,-0.0065185,0.00047122,-2,0,212
-2.163,-1.4548,-0.0065185,0.00047122,-2,0,212
1.8468,1.8603,-4.0065,0.00047122,1,0,212
0.0044729,3.8616,-0.0065185,0.00047122,-2,0,212
-0.99553,0.017889,-0.0065185,0.00047122,-2,0,212
1.8545,0.33847,-0.0065185,0.00047122,-2,1,212
0.28197,-0.83211,-0.0065185,0.00047122,-2,0,212
3.6186,-0.83211,-0.0065185,0.00047122,-2,1,212
-3.0675,-2.5321,2.9935,0.00047122,1,0,212
-2.5518,-2.0884,-0.0065185,0.00047122,-2,0,212
-1.5455,-1.5321,-0.0065185,0.00047122,-2,0,212
-4.163,-1.8245,-0.0065185,0.00047122,-2,0,212
4.8468,4.8603,-0.0065185,0.00047122,-2,0,212
-4.1115,-3.8632,-4.0065,0.00047122,1,1,212
-4.163,-4.6104,-0.0065185,0.00047122,-2,0,212
-5.6955,-5.6821,-0.0065185,0.00047122,-2,0,212
-5.4405,-5.4271,-0.0065185,0.00047122,-2,0,212
-5.2238,-6.0701,-0.0065185,0.00047122,-2,0,212
6.0485,2.9242,-0.0065185,0.00047122,-2,1,212
-5.8829,-5.8695,-0.0065185,0.00047122,-2,0,212
-4.9998,-4.8769,-5.0065,0.00047122,1,0,212
-2.6367,-4.8733,-0.0065185,0.00047122,-2,0,212
-2.5405,-2.2271,-0.0065185,0.00047122,-2,0,212
-1.4588,-2.1453,-0.0065185,0.00047122,-2,0,212
1.3982,1.6873,-0.0065185,0.00047122,-2,1,212
-4.3302,-4.3168,-0.0065185,0.00047122,-2,0,212
-1.28,-0.88072,-0.0065185,0.00047122,-2,0,212
-2.2373,-1.0739,-0.0065185,0.00047122,-2,0,212
-1.79,-1.6327,-0.0065185,0.00047122,-2,0,212
1.5298,-1.6018,4.9935,0.00047122,1,1,212
4.4495,3.0396,-0.0065185,0.00047122,-2,1,212
2.2327,3.7961,-0.0065185,0.00047122,-2,1,212
2.0485,0.13048,-0.0065185,0.00047122,-2,1,212
-1.7329,-1.592,-3.0065,0.00047122,1,0,212
0.25017,0.26359,-0.0065185,0.00047122,-2,1,212
-3.1455,-3.1321,-0.0065185,0.00047122,-2,0,212
7.4045,3.5547,-0.0065185,0.00047122,-2,1,212
7.8945,4.6241,-0.0065185,0.00047122,-2,1,212
6.461,3.6832,-0.0065185,0.00047122,-2,1,212
5.4925,3.2374,-3.0065,0.00047122,1,1,212
-4.7703,0.79307,-0.0065185,0.00047122,-2,0,212
-5.5041,-5.4907,-0.0065185,0.00047122,-2,0,212
4.2868,2.8432,-0.0065185,0.00047122,-2,1,212
3.6444,3.8694,-0.0065185,4.0005,-1,1,212
3.9309,2.8917,-0.0065185,0.00047122,-2,1,212
-4.783,-4.7696,-0.0065185,0.00047122,-2,0,212
4.0738,1.0581,-2.0065,0.00047122,1,1,212
-2.5645,1.1489,-0.0065185,0.00047122,-2,0,212
2.4881,2.2015,-0.0065185,0.00047122,-2,1,212
-0.40661,-2.0932,-0.0065185,0.00047122,-2,0,212
1.6551,1.6685,-0.0065185,0.00047122,-2,1,212
-4.6955,-2.9821,-0.0065185,0.00047122,-2,0,212
-4.4405,-0.016507,-0.0065185,0.00047122,-2,0,212
3.7827,3.7961,-4.0065,0.00047122,1,0,212
-4.163,-2.1496,-0.0065185,0.00047122,-2,0,212
-0.29553,-0.28211,-0.0065185,0.00047122,-2,0,212
-2.2955,1.7179,-0.0065185,0.00047122,-2,0,212
-2.3955,2.1059,-0.0065185,0.00047122,-2,0,212
0.11447,3.0179,-0.0065185,0.00047122,-2,0,212
0.097973,0.74039,2.9935,0.00047122,1,1,212
1.837,1.4918,-0.0065185,0.00047122,-2,0,212
0.84685,1.1854,-0.0065185,0.00047122,-2,0,212
3.8545,0.42418,-0.0065185,0.00047122,-2,1,212
-5.718,-7.4386,-0.0065185,0.00047122,-2,0,212
-4.8597,-4.2376,3.9935,0.00047122,1,0,212
0.48247,0.49588,-0.0065185,0.00047122,-2,1,212
1.8545,-0.64071,-0.0065185,0.00047122,-2,1,212
3.727,5.4744,-0.0065185,0.00047122,-2,1,212
3.6186,1.3545,-0.0065185,0.00047122,-2,1,212
1.5265,4.3427,-0.0065185,0.00047122,-2,1,212
1.2982,1.3116,-4.0065,0.00047122,1,0,212
2.727,2.7404,-0.0065185,0.00047122,-2,0,212
1.6186,-1.7821,-0.0065185,0.00047122,-2,0,212
2.5265,-1.5886,-0.0065185,0.00047122,-2,1,212
0.70447,1.1841,-0.0065185,0.00047122,-2,0,212
-2.8455,-1.605,-0.0065185,0.00047122,-2,0,212
-3.718,-2.6615,-0.0065185,0.00047122,-2,0,212
-3.1597,0.44778,-5.0065,0.00047122,1,0,212
4.5265,3.7863,-0.0065185,0.00047122,-2,1,212
3.4482,2.821,-0.0065185,0.00047122,-2,1,212
-1.3727,-2.8854,-0.0065185,0.00047122,-2,0,212
1.6839,-1.1527,-0.0065185,0.00047122,-2,0,212
1.432,1.4454,-5.0065,0.00047122,1,0,212
-1.2271,-1.2137,-0.0065185,0.00047122,-2,0,212
0.8076,1.1052,-0.0065185,0.00047122,-2,1,212
3.8545,3.8679,-0.0065185,0.00047122,-2,1,212
3.277,-2.7344,4.9935,0.00047122,1,1,212
-3.6097,-2.0136,-0.0065185,0.00047122,-2,0,212
4.5265,4.5399,-0.0065185,0.00047122,-2,1,212
4.4482,0.5825,-0.0065185,0.00047122,-2,1,212
-5.3727,-2.0197,-0.0065185,0.00047122,-2,0,212
-2.3161,-0.82403,-0.0065185,0.00047122,-2,0,212
1.277,2.646,-0.0065185,0.00047122,-2,1,212
-1.0771,0.004605,2.9935,0.00047122,1,0,212
0.8076,1.7291,-0.0065185,0.00047122,-2,1,212
1.1545,-1.9823,-0.0065185,0.00047122,-2,0,212
-0.71803,-0.70461,-0.0065185,0.00047122,-2,1,212
1.0045,-1.5481,-0.0065185,0.00047122,-2,1,212
-0.99553,-2.0604,-0.0065185,0.00047122,-2,0,212
0.85447,0.86789,-3.0065,0.00047122,1,1,212
0.0044729,0.9053,-0.0065185,0.00047122,-2,1,212
3.0045,-2.1496,-0.0065185,0.00047122,-2,1,212
-3.9955,-4.6233,-0.0065185,0.00047122,-2,0,212
4.0045,4.0179,-0.0065185,0.00047122,-2,1,212
-3.3955,-5.4453,-0.0065185,-4.9995,-1,0,212
1.0045,1.9777,-0.0065185,0.00047122,-2,1,212
2.0045,2.3526,-0.0065185,0.00047122,-2,1,212
3.0045,3.0179,-0.0065185,0.00047122,-2,1,212
-0.99553,-0.83805,-0.0065185,0.00047122,-2,0,212
0.0044729,-0.18765,-0.0065185,0.00047122,-2,0,212
0.0044729,0.74039,3.9935,0.00047122,1,1,212
-0.99553,-0.98211,-0.0065185,0.00047122,-2,0,212
-2.8455,-2.8321,-0.0065185,0.00047122,-2,0,212
-4.718,-1.5256,-0.0065185,0.00047122,-2,0,212
-4.0097,-0.50504,-4.0065,0.00047122,1,0,212
-5.5175,-1.6073,-0.0065185,0.00047122,-2,0,212
-5.4392,-3.4735,-0.0065185,0.00047122,-2,0,212
-5.3727,-3.9718,-0.0065185,0.00047122,-2,0,212
-4.5661,-4.5527,2.9935,0.00047122,1,0,212
-3.268,-2.0556,-0.0065185,0.00047122,-2,0,212
5.2361,-2.9371,-0.0065185,0.00047122,-2,0,212
-2.2455,-2.2321,-0.0065185,0.00047122,-2,0,212
-3.6955,-3.2481,-0.0065185,0.00047122,-2,0,212
6.7045,6.7179,-0.0065185,0.00047122,-2,1,212
4.4495,1.342,-0.0065185,0.00047122,-2,1,212
6.2327,3.7961,-0.0065185,0.00047122,-2,1,212
5.2985,5.0854,-4.0065,0.00047122,1,1,212
-5.8829,2.723,-0.0065185,0.00047122,-2,0,212
-0.24123,4.8585,-0.0065185,0.00047122,-2,1,212
-2.3544,-2.341,-0.0065185,0.00047122,-2,0,212
-0.54553,1.2954,-0.0065185,0.00047122,-2,1,212
-0.46303,-0.44961,3.9935,0.00047122,1,1,212
0.55947,-3.6904,-0.0065185,0.00047122,-2,1,212
-2.6955,4.1361,-0.0065185,0.00047122,-2,0,212
-1.4405,-1.4271,-0.0065185,0.00047122,-2,0,212
1.2327,-1.3476,-4.0065,0.00047122,1,0,212
-2.9955,2.3739,-0.0065185,0.00047122,-2,0,212
1.5545,3.0899,-0.0065185,0.00047122,-2,1,212
1.172,1.1854,-0.0065185,0.00047122,-2,1,212
-0.8379,0.37673,-0.0065185,0.00047122,-2,1,212
2.8545,-0.93401,-0.0065185,0.00047122,-2,1,212
3.727,2.4404,-0.0065185,0.00047122,-2,1,212
3.1686,3.0116,2.9935,0.00047122,1,1,212
1.5265,1.395,-0.0065185,0.00047122,-2,1,212
4.4482,2.506,-0.0065185,0.00047122,-2,1,212
4.3816,3.6904,-0.0065185,0.00047122,-2,1,212
-3.7161,-0.30269,-0.0065185,0.00047122,-1,0,212
-2.268,-2.2546,-0.0065185,0.00047122,-2,0,212
-1.7639,2.6417,-0.0065185,0.00047122,-2,0,212
2.3045,2.3179,-0.0065185,0.00047122,-2,1,212
2.4045,5.1927,-0.0065185,0.00047122,-2,0,212
-2.1455,0.72565,-0.0065185,0.00047122,-2,1,212
0.28197,1.8454,-0.0065185,0.00047122,-2,1,212
3.1545,3.1679,-0.0065185,0.00047122,-2,0,212
-3.273,1.6669,-0.0065185,0.00047122,-2,0,212
-4.3955,2.3714,-0.0065185,0.00047122,-2,0,212
-3.7355,-5.8721,-0.0065185,-2.9995,-1,0,212
3.1835,3.1969,4.9935,0.00047122,1,1,212
7.0925,7.1059,-0.0065185,0.00047122,-2,1,212
-3.7703,-1.571,-0.0065185,0.00047122,-2,0,212
5.5131,5.5265,-0.0065185,0.00047122,-2,1,212
4.2868,4.3002,-0.0065185,0.00047122,-2,1,212
-3.0855,-3.2906,-0.0065185,0.00047122,-2,0,212
-2.3814,-0.89409,-0.0065185,0.00047122,-2,0,213
3.5265,4.7927,-0.0065185,0.00047122,-2,1,213
-3.5455,-2.9758,-0.0065185,0.00047122,-2,0,213
-3.163,1.7779,-0.0065185,0.00047122,-2,0,213
0.1621,1.3864,-0.0065185,0.00047122,-2,1,213
0.30447,-0.11609,-0.0065185,0.00047122,-2,0,213
-0.55053,-2.5962,-0.0065185,0.00047122,-2,1,213
-0.76728,-1.9491,-0.0065185,0.00047122,-2,0,213
4.7045,0.67388,-0.0065185,0.00047122,-2,1,213
-2.4405,-3.9771,-0.0065185,0.00047122,-2,0,213
-5.2238,-4.8695,-0.0065185,0.00047122,-2,0,213
-5.0395,-4.7364,-0.0065185,0.00047122,-2,0,213
4.2919,1.5194,-4.0065,0.00047122,1,0,213
3.8945,1.5399,-0.0065185,0.00047122,-2,1,213
-4.8455,2.4447,-0.0065185,0.00047122,-2,0,213
-4.718,-4.3759,-0.0065185,0.00047122,-2,0,213
4.6186,3.522,-0.0065185,0.00047122,-2,1,213
-3.5175,-3.2666,-0.0065185,0.00047122,-2,0,213
-2.9892,-3.3158,-4.0065,0.00047122,1,0,213
-2.3727,-2.3593,-0.0065185,0.00047122,-2,0,213
-4.3161,-4.3027,-0.0065185,0.00047122,-2,0,213
-4.268,-4.1306,-0.0065185,0.00047122,-2,0,213
4.2361,2.3375,-0.0065185,0.00047122,-2,1,213
-3.5924,-3.579,-4.0065,0.00047122,1,0,213
3.1718,3.5852,-0.0065185,0.00047122,-2,1,213
-2.1378,-2.0596,-0.0065185,0.00047122,-2,1,213
3.7045,1.8388,-0.0065185,0.00047122,-2,1,213
-1.6955,-1.6821,-0.0065185,0.00047122,-2,1,213
-1.4405,-2.5481,-0.0065185,-0.99953,-1,1,213
2.0045,0.68677,-0.0065185,0.00047122,-2,1,213
1.7045,-1.1767,-4.0065,0.00047122,1,1,213
-0.99553,-4.3438,-0.0065185,0.00047122,-2,0,213
2.1545,-2.8721,-0.0065185,0.00047122,-2,1,213
-0.44553,1.8454,-0.0065185,0.00047122,-2,0,213
0.55447,0.63201,-0.0065185,0.00047122,-2,0,213
-1.2955,-2.1496,-0.0065185,0.00047122,-2,0,213
-5.5455,-0.37949,-0.0065185,0.00047122,-2,0,213
-6.163,-6.1496,-0.0065185,0.00047122,-2,0,213
6.8468,4.0278,-0.0065185,0.00047122,-2,0,213
-5.8115,-5.3636,-3.0065,0.00047122,1,0,213
-3.3266,-4.5321,-0.0065185,0.00047122,-2,0,213
5.1359,3.5165,-0.0065185,0.00047122,-2,1,213
2.9662,3.8603,-0.0065185,0.00047122,-2,1,213
-2.513,-3.4627,-5.0065,0.00047122,1,0,213
-1.6904,-2.3132,-0.0065185,0.00047122,-2,0,213
0.41385,-0.11356,-0.0065185,0.00047122,-2,1,213
-4.8455,-0.91149,-0.0065185,0.00047122,-2,1,213
-5.3955,-5.3821,-0.0065185,0.00047122,-2,0,213
3.7045,1.4558,-0.0065185,0.00047122,-2,1,213
-3.1405,-3.1271,3.9935,0.00047122,1,0,213
4.2327,-2.9384,-0.0065185,0.00047122,-2,1,213
-5.0395,-3.5761,-0.0065185,0.00047122,-2,0,213
-5.8829,-5.8695,-0.0065185,0.00047122,-2,0,213
5.0088,0.29038,-0.0065185,0.00047122,-1,1,213
2.6456,2.2495,-0.0065185,0.00047122,-2,1,213
3.5495,3.2148,-0.0065185,0.00047122,-2,1,213
3.0177,2.2559,-2.0065,0.00047122,1,1,213
-3.3893,1.3241,-0.0065185,0.00047122,-2,0,213
5.3392,2.9026,-0.0065185,0.00047122,-2,1,213
-3.28,-4.5166,-0.0065185,0.00047122,-2,0,213
3.2463,3.1052,-0.0065185,0.00047122,-2,1,213
1.21,1.0921,-0.0065185,0.00047122,-2,1,213
2.1792,2.081,-0.0065185,0.00047122,-2,1,213
1.853,1.6376,-4.0065,0.00047122,1,1,213
-2.1218,3.2917,-0.0065185,0.00047122,-2,0,213
-0.88823,1.7566,-0.0065185,0.00047122,-2,0,213
-3.8455,1.5541,-0.0065185,0.00047122,-2,0,213
0.28197,-3.2546,-0.0065185,0.00047122,-2,0,213
-0.60965,-0.59624,-0.0065185,0.00047122,-2,0,213
0.52648,-0.18261,2.9935,0.00047122,1,1,213
-1.5518,-1.5384,-0.0065185,0.00047122,-2,0,213
-4.6955,-4.6821,-0.0065185,0.00047122,-2,0,213
2.4495,-0.82449,-0.0065185,0.00047122,-2,1,213
2.2327,-0.54813,-0.0065185,0.00047122,-2,1,213
1.8985,-0.91948,3.9935,0.00047122,1,1,213
3.8919,2.2864,-0.0065185,0.00047122,-2,1,213
-1.7498,-1.7364,-0.0065185,0.00047122,-2,0,213
-0.63668,-0.62327,-0.0065185,0.00047122,-2,0,213
-2.4505,-3.677,-0.0065185,0.00047122,-2,0,213
-2.5455,-2.5321,-0.0065185,0.00047122,-2,0,213
-2.163,1.7428,-5.0065,0.00047122,1,0,213
-5.8379,-6.0745,-0.0065185,0.00047122,-2,0,213
-5.5615,-3.0204,-0.0065185,0.00047122,-2,0,213
-3.3266,-3.3132,-0.0065185,0.00047122,-2,0,213
-1.127,-1.1136,-0.0065185,0.00047122,-2,0,213
-0.95726,-0.94384,-0.0065185,0.00047122,-2,0,213
-1.813,-0.48008,-0.0065185,0.00047122,-2,0,213
1.5493,2.2213,-4.0065,0.00047122,1,1,213
-0.58615,2.8273,-0.0065185,0.00047122,-2,0,213
-0.4935,0.51992,-0.0065185,0.00047122,-2,0,213
1.8545,1.8679,-0.0065185,0.00047122,-2,1,213
2.727,2.7404,-0.0065185,0.00047122,-2,1,213
2.3186,0.20723,-4.0065,0.00047122,1,0,213
-2.4405,2.4179,-0.0065185,0.00047122,-2,0,213
-1.1455,1.0047,-0.0065185,0.00047122,-2,0,213
-1.2955,-1.2821,-0.0065185,0.00047122,-2,1,213
1.1095,0.4373,3.9935,0.00047122,1,1,213
-0.16303,-2.1539,-0.0065185,0.00047122,-2,0,213
0.1621,-0.87211,-0.0065185,0.00047122,-2,1,213
1.3045,1.5729,-0.0065185,0.00047122,-2,1,213
-0.54553,-1.0871,-0.0065185,0.00047122,-2,0,213
-1.828,0.48539,-0.0065185,0.00047122,-2,1,213
2.1621,1.5755,-0.0065185,0.00047122,-2,0,213
-1.8295,-1.8161,-2.0065,0.00047122,1,0,213
-1.8855,-2.7848,-0.0065185,0.00047122,-2,0,213
4.461,0.61289,-0.0065185,0.00047122,-2,1,213
0.092498,-0.75386,-0.0065185,0.00047122,-2,1,213
-0.77035,-3.2019,-0.0065185,0.00047122,-2,0,213
-1.5041,-1.4907,-0.0065185,0.00047122,-2,0,213
-1.2778,-0.54192,1.9935,0.00047122,1,0,213
1.0944,0.65904,-0.0065185,0.00047122,-2,1,213
0.078005,0.091421,-0.0065185,0.00047122,-2,0,213
-1.208,-1.5189,-0.0065185,0.00047122,-2,1,213
-2.3262,-2.5884,-0.0065185,0.00047122,-2,1,213
1.9855,0.57061,-5.0065,0.00047122,1,1,213
-1.163,5.2679,-0.0065185,0.00047122,-2,1,213
3.1545,-0.19096,-0.0065185,0.00047122,-2,1,213
3.4045,0.56287,-0.0065185,0.00047122,-2,1,213
1.1145,1.1279,-0.0065185,0.00047122,-2,1,213
-2.3955,0.76544,-0.0065185,0.00047122,-2,0,213
-2.8855,-2.5374,-0.0065185,0.00047122,-2,1,213
-2.9955,-0.16451,-0.0065185,0.00047122,-2,0,213
-2.5455,-2.2903,1.9935,0.00047122,1,0,213
-4.163,-4.1496,-0.0065185,0.00047122,-2,0,213
-1.8379,-0.094126,-0.0065185,0.00047122,-2,0,213
-0.42951,0.35566,-0.0065185,0.00047122,-2,1,213
0.37336,1.637,3.9935,0.00047122,1,0,213
-1.127,-1.1136,-0.0065185,0.00047122,-2,0,213
1.0427,1.9594,-0.0065185,0.00047122,-2,1,213
-3.6955,-1.6211,-0.0065185,0.00047122,-2,0,213
3.1495,3.8059,-4.0065,0.00047122,1,1,213
5.2327,5.7927,-0.0065185,0.00047122,-2,1,213
-5.0395,1.3993,-0.0065185,0.00047122,-2,0,213
-0.88294,-1.2644,-0.0065185,0.00047122,-2,0,213
-0.24123,-0.22781,-0.0065185,0.00047122,-2,1,213
-0.35437,3.1155,-0.0065185,0.00047122,-2,1,213
1.5495,-0.28713,-0.0065185,0.00047122,-2,1,213
-1.4588,-1.6515,-0.0065185,0.00047122,-2,0,213
-1.2393,1.4489,-0.0065185,2.0005,-1,1,213
-1.273,-1.368,-0.0065185,0.00047122,-2,1,213
-4.6955,-2.6976,-0.0065185,0.00047122,-2,0,213
-4.5455,-4.5321,-0.0065185,0.00047122,-2,0,213
3.872,2.2902,-4.0065,0.00047122,1,1,213
-3.8379,2.5305,-0.0065185,0.00047122,-2,0,213
2.5705,2.4722,-0.0065185,0.00047122,-2,0,213
-1.8455,-2.1632,-0.0065185,0.00047122,-2,0,213
0.15447,-2.3418,-0.0065185,0.00047122,-2,0,213
0.13197,0.14539,3.9935,0.00047122,1,0,213
-3.3814,-2.768,-0.0065185,0.00047122,-2,0,213
0.40447,2.723,-0.0065185,0.00047122,-2,0,213
-4.5455,1.8838,-0.0065185,0.00047122,-2,0,213
3.872,7.1854,-0.0065185,5.0005,-1,0,213
4.4495,7.2679,-0.0065185,0.00047122,-2,1,213
-6.5455,-4.3448,-0.0065185,0.00047122,-2,0,213
-5.563,-3.1936,-5.0065,0.00047122,1,0,213
-6.8379,-6.8245,-0.0065185,0.00047122,-2,0,213
-6.5615,-6.5481,-0.0065185,0.00047122,-2,0,213
-4.3266,-3.2421,-0.0065185,0.00047122,-2,0,213
-5.127,-4.1431,-0.0065185,0.00047122,-2,0,213
-4.9573,-3.1113,-0.0065185,0.00047122,-2,0,213
0.82194,4.2354,-0.0065185,0.00047122,-2,1,213
-0.69038,-0.080948,-0.0065185,0.00047122,-2,0,213
1.5951,1.6085,-0.0065185,0.00047122,-2,1,213
-1.4976,-1.0535,-0.0065185,0.00047122,-2,1,213
-0.14553,1.2946,-0.0065185,0.00047122,-2,0,213
3.282,4.0179,-0.0065185,0.00047122,-2,1,213
2.3903,0.12626,-0.0065185,0.00047122,-2,1,213
1.4825,2.5679,-0.0065185,0.00047122,-2,1,213
0.56077,1.2742,-0.0065185,0.00047122,-2,1,213
0.47732,0.86789,2.9935,0.00047122,1,1,213
-0.67495,-0.66153,-0.0065185,0.00047122,-2,0,213
-1.268,1.9129,-0.0065185,0.00047122,-2,1,213
2.2361,1.0995,-0.0065185,0.00047122,-2,1,213
-0.69553,-1.6821,-0.0065185,0.00047122,-2,0,213
1.5595,1.5729,-0.0065185,0.00047122,-2,0,213
3.0045,3.0179,-0.0065185,0.00047122,-2,1,214
3.0045,-1.8245,-0.0065185,0.00047122,-2,0,214
0.0044729,-2.5321,-0.0065185,0.00047122,-2,1,214
2.0045,2.0179,-0.0065185,0.00047122,-2,1,214
2.7045,2.7179,-0.0065185,0.00047122,-2,0,214
-2.8455,-1.9821,-0.0065185,0.00047122,-2,1,214
3.727,3.7404,-0.0065185,0.00047122,-2,0,214
3.1686,0.017889,-5.0065,0.00047122,1,0,214
0.52648,-3.7101,-0.0065185,0.00047122,-2,0,214
-1.5518,0.46159,-0.0065185,0.00047122,-2,0,214
-1.6184,-1.9821,-0.0065185,0.00047122,-2,0,214
3.6839,1.4629,-0.0065185,0.00047122,-2,1,214
-3.723,-3.7096,-0.0065185,0.00047122,-2,0,214
-3.1639,-2.6405,-3.0065,0.00047122,1,0,214
0.20135,0.21476,-0.0065185,0.00047122,-2,0,214
0.17182,0.017889,-0.0065185,0.00047122,-2,0,214
0.14671,0.017889,-0.0065185,0.00047122,-2,0,214
-1.8746,-1.9821,-0.0065185,0.00047122,-2,0,214
1.6017,1.349,4.9935,0.00047122,1,1,214
0.091827,-4.2321,-0.0065185,0.00047122,-2,0,214
-2.0698,0.017889,-0.0065185,0.00047122,-2,1,214
-1.9324,1.7179,-0.0065185,0.00047122,-2,0,214
-0.94188,-1.6285,-0.0065185,0.00047122,-2,0,214
-1.9499,-1.9365,-0.0065185,0.00047122,-2,0,214
-3.9568,-0.70461,-0.0065185,0.00047122,-2,0,214
3.3715,3.4179,-3.0065,0.00047122,1,1,214
-1.9675,-1.9541,-0.0065185,0.00047122,-2,0,214
2.9807,3.0179,-0.0065185,0.00047122,-2,1,214
-2.9753,1.8805,-0.0065185,0.00047122,-2,0,214
2.0217,2.0179,-0.0065185,0.00047122,-2,0,214
2.0191,2.0325,-0.0065185,0.00047122,-2,0,214
-3.008,1.8603,-0.0065185,0.00047122,-2,1,214
3.015,2.5785,-0.0065185,0.00047122,-2,0,214
1.0135,2.5769,-0.0065185,0.00047122,-2,0,214
0.8621,0.86789,3.9935,0.00047122,1,0,214
1.011,1.0179,-0.0065185,0.00047122,-2,0,214
1.999,-2.8721,-0.0065185,0.00047122,-2,1,214
-0.99084,-1.6821,-0.0065185,0.00047122,-2,0,214
0.85049,0.86789,-3.0065,0.00047122,1,1,214
1.0079,2.5679,-0.0065185,0.00047122,-2,0,214
2.0074,2.0179,-0.0065185,0.00047122,-2,0,214
3.0069,0.74283,-0.0065185,0.00047122,-2,0,214
2.0066,2.5679,-0.0065185,0.00047122,-2,0,214
3.0062,1.7197,-0.0065185,0.00047122,-2,0,214
2.556,2.5679,-4.0065,0.00047122,1,0,214
-1.9968,3.4179,-0.0065185,0.00047122,-2,1,214
2.0056,1.719,-0.0065185,0.00047122,-2,0,214
-0.99645,-1.6821,-0.0065185,0.00047122,-2,1,214
1.0053,1.0187,-0.0065185,0.00047122,-2,0,214
-2.9962,-2.9821,-0.0065185,0.00047122,-2,1,214
2.005,0.63258,-0.0065185,0.00047122,-2,0,214
1.705,1.7184,1.9935,0.00047122,1,0,214
-0.99594,-0.98211,-0.0065185,0.00047122,-2,1,214
-2.9959,-2.9821,-0.0065185,0.00047122,-2,1,214
-0.99582,-0.98211,-0.0065185,0.00047122,-2,1,214
0.85472,-1.9819,-0.0065185,-1.9995,-1,0,214
0.0042592,0.017889,-0.0065185,0.00047122,-2,1,214
3.0043,3.0179,-0.0065185,0.00047122,-2,1,214
-2.5454,0.6592,-4.0065,0.00047122,1,0,214
-1.9954,-1.9821,-0.0065185,0.00047122,-2,0,214
1.0044,2.9079,-0.0065185,0.00047122,-2,1,214
-1.9956,-1.9821,-0.0065185,0.00047122,-2,1,214
3.0046,3.018,-0.0065185,0.00047122,-2,0,214
0.0045414,-0.59624,-0.0065185,0.00047122,-2,0,214
0.0044147,0.017889,4.9935,0.00047122,1,1,214
2.0045,-4.2321,-0.0065185,0.00047122,-2,0,214
1.0045,1.7179,-0.0065185,0.00047122,-2,0,214
-3.9956,-3.9821,-0.0065185,0.00047122,-2,1,214
4.0045,0.74039,-0.0065185,0.00047122,-2,0,214
-3.3956,-3.3821,-4.0065,0.00047122,1,1,214
-1.9955,-1.9821,-0.0065185,0.00047122,-2,1,214
0.0044543,0.017889,-0.0065185,0.00047122,-2,1,214
-1.9955,2.4744,-0.0065185,0.00047122,-2,0,214
4.0045,1.7179,-0.0065185,0.00047122,-2,1,214
-4.9955,-3.3821,-0.0065185,0.00047122,-2,0,214
4.2545,4.2679,-4.0065,0.00047122,1,1,214
-4.9955,3.4179,-0.0065185,0.00047122,-2,0,214
1.0045,4.2679,-0.0065185,0.00047122,-2,1,214
0.85447,2.0179,-0.0065185,2.0005,-1,1,214
-1.9955,-1.9821,-0.0065185,0.00047122,-2,1,214
0.0044686,0.017889,-0.0065185,0.00047122,-2,1,214
0.0044692,0.017889,-0.0065185,0.00047122,-2,1,214
0.004476,-0.42582,-5.0065,0.00047122,1,0,214
-2.9955,-4.2321,-0.0065185,0.00047122,-2,0,214
1.0045,-2.5321,-0.0065185,0.00047122,-2,0,214
4.0045,4.0179,-0.0065185,0.00047122,-2,0,214
-0.99553,-0.98211,-0.0065185,0.00047122,-2,0,214
-0.84553,0.63202,-4.0065,0.00047122,1,0,214
-1.9955,-1.9821,-0.0065185,0.00047122,-2,0,214
3.0045,3.0179,-0.0065185,0.00047122,-2,1,214
-3.9955,-2.4386,-0.0065185,0.00047122,-2,0,214
-3.3955,-3.3821,-4.0065,0.00047122,1,0,214
0.0044723,0.017889,-0.0065185,0.00047122,-2,1,214
0.0044734,-2.8721,-0.0065185,0.00047122,-2,0,214
0.0044734,0.017889,-0.0065185,0.00047122,-2,0,214
-1.9955,-1.9821,-0.0065185,0.00047122,-2,0,214
-4.9955,0.017889,-0.0065185,0.00047122,-2,0,214
-0.99553,-0.98211,-0.0065185,0.00047122,-2,0,214
0.85447,3.6304,-4.0065,0.00047122,1,1,214
-1.9955,3.4179,-0.0065185,0.00047122,-2,0,214
-0.99553,-0.98211,-0.0065185,0.00047122,-2,0,214
-2.9955,-1.4271,-0.0065185,0.00047122,-2,0,214
-2.9955,-2.9821,-0.0065185,0.00047122,-2,0,214
4.0045,4.0179,-0.0065185,0.00047122,-2,1,214
-3.3955,-1.8245,3.9935,0.00047122,1,0,214
-3.9955,-3.9821,-0.0065185,0.00047122,-2,0,214
-1.9955,-1.9821,-0.0065185,0.00047122,-2,0,214
-0.99553,-2.4386,-0.0065185,0.00047122,-2,1,214
-2.9955,0.86789,-0.0065185,0.00047122,-2,0,214
2.5545,2.5679,4.9935,0.00047122,1,1,214
-1.9955,-1.9821,-0.0065185,0.00047122,-2,0,214
1.0045,1.0179,-0.0065185,0.00047122,-2,1,214
-3.9955,-3.9821,-0.0065185,0.00047122,-2,0,214
-2.9955,-2.5921,-0.0065185,0.00047122,-2,0,214
-0.99553,-2.5321,-0.0065185,0.00047122,-2,0,214
-1.9955,-0.83211,-0.0065185,0.00047122,-2,0,214
-0.99553,-0.98211,-0.0065185,0.00047122,-2,0,214
-0.84553,-1.4271,-4.0065,0.00047122,1,0,214
-2.9955,-3.3821,-0.0065185,0.00047122,-2,0,214
-0.99553,-2.5321,-0.0065185,0.00047122,-2,0,214
-3.9955,-3.9821,-0.0065185,0.00047122,-2,0,214
-3.3955,-0.70461,-3.0065,0.00047122,1,0,214
-2.9955,-2.9821,-0.0065185,0.00047122,-2,0,214
-1.9955,-1.9821,-0.0065185,0.00047122,-2,0,214
-4.9955,-4.9821,-0.0065185,0.00047122,-2,0,214
4.2545,1.5839,4.9935,0.00047122,1,1,214
4.0045,4.0179,-0.0065185,0.00047122,-2,1,214
4.0045,4.0179,-0.0065185,0.00047122,-2,1,214
4.0045,4.0179,-0.0065185,0.00047122,-2,1,214
-1.9955,-1.9821,-0.0065185,0.00047122,-2,0,214
-2.9955,-2.2006,-0.0065185,0.00047122,-2,0,214
-2.9955,-2.9821,-0.0065185,0.00047122,-2,0,214
-3.9955,-2.1496,-0.0065185,0.00047122,-2,0,214
-3.3955,-3.3821,3.9935,0.00047122,1,0,214
-1.9955,-1.9821,-0.0065185,0.00047122,-2,0,214
3.0045,-2.8721,-0.0065185,0.00047122,-2,1,214
3.0045,3.0179,-0.0065185,0.00047122,-2,1,214
-2.5455,-2.1496,3.9935,0.00047122,1,0,214
-1.9955,-1.9821,-0.0065185,0.00047122,-2,0,214
-1.9955,-1.9821,-0.0065185,0.00047122,-2,0,214
-4.9955,-4.9821,-0.0065185,0.00047122,-2,0,214
4.2545,-2.0701,-3.0065,0.00047122,1,1,214
5.0045,5.0179,-0.0065185,0.00047122,-2,1,214
-3.9955,2.1854,-0.0065185,0.00047122,-2,0,214
2.0045,3.4179,-0.0065185,0.00047122,-2,1,214
4.0045,4.0179,-0.0065185,0.00047122,-2,1,214
5.0045,5.0179,-0.0065185,0.00047122,-2,1,214
5.0045,5.0179,-0.0065185,0.00047122,-2,1,214
-4.2455,-1.0261,-5.0065,0.00047122,1,0,214
2.0045,4.2679,-0.0065185,0.00047122,-2,1,214
-1.9955,-1.9821,-0.0065185,0.00047122,-2,0,214
-4.9955,-1.4271,-0.0065185,0.00047122,-2,1,214
-0.24553,-4.2321,-0.0065185,0.00047122,-2,0,214
-0.59553,2.3739,-0.0065185,0.00047122,-2,0,214
1.1145,0.52789,-0.0065185,0.00047122,-2,1,214
0.54797,0.56139,-0.0065185,0.00047122,-2,1,214
-0.9075,-2.8721,-0.0065185,0.00047122,-2,0,214
-0.77035,0.79307,-0.0065185,0.00047122,-2,1,214
-0.50413,-0.49071,-0.0065185,0.00047122,-2,1,214
0.72216,0.73558,-0.0065185,0.00047122,-2,1,214
-0.085489,-0.072073,-0.0065185,0.00047122,-2,1,214
-0.069059,0.42235,-0.0065185,0.00047122,-2,0,214
-2.783,0.080391,-0.0065185,0.00047122,-2,1,214
2.3738,2.3873,-5.0065,0.00047122,1,0,214
-0.42656,-4.2321,-0.0065185,0.00047122,-2,0,214
1.4881,1.0179,-0.0065185,0.00047122,-2,0,214
2.4156,-0.70461,-0.0065185,0.00047122,-2,0,214
4.3539,1.7179,-0.0065185,0.00047122,-2,0,214
4.3015,4.0179,-0.0065185,0.00047122,-2,0,214
-2.0343,-1.9066,-0.0065185,0.00047122,-2,0,215
-2.0285,-1.7151,-0.0065185,0.00047122,-2,0,215
5.0325,5.0786,-0.0065185,0.00047122,-2,1,215
-5.0193,-1.4787,-0.0065185,0.00047122,-2,0,215
4.0247,4.3117,-0.0065185,0.00047122,-2,1,215
-5.0127,-3.4194,-0.0065185,0.00047122,-2,0,215
3.0191,4.2996,-0.0065185,0.00047122,-2,1,215
-0.0079525,0.0054633,-0.0065185,0.00047122,-2,0,215
-2.0061,-2.1602,-0.0065185,0.00047122,-2,0,215
3.0135,1.7373,-0.0065185,0.00047122,-2,1,215
-1.0032,-2.5397,-0.0065185,0.00047122,-2,0,215
1.011,0.88195,-0.0065185,0.00047122,-2,0,215
-0.85104,-0.83762,2.9935,0.00047122,1,1,215
1.727,-1.918,-0.0065185,0.00047122,-2,1,215
-1.8455,-1.8321,-0.0065185,0.00047122,-2,0,215
-1.718,-1.2266,-0.0065185,0.00047122,-2,0,215
-3.6097,-1.4462,-0.0065185,0.00047122,-2,0,215
-4.5175,-1.201,-0.0065185,0.00047122,-2,0,215
-3.8392,-3.8258,3.9935,0.00047122,1,1,215
-5.8855,0.41789,-0.0065185,0.00047122,-2,0,215
-1.5455,1.8354,-0.0065185,0.00047122,-2,0,215
-3.163,-4.2376,-0.0065185,0.00047122,-2,0,215
2.1621,-0.24149,-0.0065185,0.00047122,-2,1,215
1.8385,1.8519,-2.0065,0.00047122,1,0,215
0.67336,-2.2962,-0.0065185,0.00047122,-2,1,215
-1.6955,-1.6821,-0.0065185,0.00047122,-2,0,215
1.5595,1.5729,-0.0065185,0.00047122,-2,0,215
-0.22378,-0.21036,-0.0065185,0.00047122,-2,1,215
-1.1455,-1.1321,-0.0065185,0.00047122,-2,1,215
3.282,-0.9771,-0.0065185,0.00047122,-2,0,215
-2.7814,-2.768,-4.0065,0.00047122,1,0,215
0.11447,0.12789,-0.0065185,0.00047122,-2,0,215
1.461,2.1117,-0.0065185,0.00047122,-2,1,215
1.0925,1.1059,-0.0065185,0.00047122,-2,1,215
1.7793,1.3834,-0.0065185,0.00047122,-2,0,215
3.0045,-0.87658,-0.0065185,0.00047122,-2,1,215
1.0045,1.5399,-0.0065185,0.00047122,-2,1,215
0.0044729,-2.5933,-0.0065185,0.00047122,-2,0,215
3.0045,0.017889,-0.0065185,0.00047122,-2,1,215
2.5545,2.2473,-3.0065,0.00047122,1,0,215
1.0045,-2.5321,-0.0065185,0.00047122,-2,0,215
1.0045,0.63627,-0.0065185,0.00047122,-2,0,215
1.0045,0.82101,-0.0065185,0.00047122,-2,0,215
-0.84553,-0.53727,-4.0065,0.00047122,1,1,215
0.0044729,0.16013,-0.0065185,0.00047122,-2,0,215
-3.9955,-1.1136,-0.0065185,0.00047122,-2,1,215
0.0044729,-0.92561,-0.0065185,0.00047122,-2,1,215
-1.9955,0.017889,-0.0065185,0.00047122,-2,1,215
2.0045,1.7179,-0.0065185,0.00047122,-2,1,215
-1.6955,-0.17351,3.9935,0.00047122,1,1,215
-0.99553,0.3002,-0.0065185,0.00047122,-2,0,215
0.85447,-1.8281,-0.0065185,0.00047122,-2,1,215
0.28197,-0.70461,-0.0065185,0.00047122,-2,0,215
1.3903,1.4038,-0.0065185,0.00047122,-2,0,215
2.4825,2.3767,-0.0065185,0.00047122,-2,0,215
1.4482,-0.051255,-0.0065185,0.00047122,-2,1,215
-1.2227,-1.2953,3.9935,0.00047122,1,0,215
-4.3161,3.0973,-0.0065185,0.00047122,-2,0,215
4.277,4.3526,-0.0065185,0.00047122,-2,1,215
-5.2271,-5.2137,-0.0065185,0.00047122,-2,0,215
3.2013,3.2597,-0.0065185,0.00047122,-2,1,215
-4.1629,-2.2757,-0.0065185,0.00047122,-2,0,215
4.1467,3.5926,-0.0065185,0.00047122,-2,1,215
-3.5164,-3.503,3.9935,0.00047122,1,1,215
1.1145,-2.9983,-0.0065185,0.00047122,-2,1,215
1.548,6.3079,-0.0065185,0.00047122,-2,1,215
0.91645,1.3299,-0.0065185,0.00047122,-2,1,215
0.22965,0.24307,-0.0065185,0.00047122,-2,1,215
1.4959,1.5093,-0.0065185,0.00047122,-2,1,215
1.2722,3.3689,2.9935,0.00047122,1,1,215
2.9145,1.4779,-0.0065185,0.00047122,-2,1,215
-0.069059,-2.0721,-0.0065185,0.00047122,-2,0,215
0.79197,-0.90858,-0.0065185,0.00047122,-2,0,215
0.3351,0.34852,-0.0065185,0.00047122,-2,1,215
0.28551,1.5369,4.9935,0.00047122,1,1,215
1.5209,3.7843,-0.0065185,0.00047122,-2,1,215
-2.4066,2.2015,-0.0065185,0.00047122,-2,0,215
-1.6955,1.1135,-0.0065185,0.00047122,-2,0,215
0.44947,1.4629,-0.0065185,0.00047122,-2,1,215
1.7762,4.0619,-0.0065185,0.00047122,-2,1,215
-1.5015,-1.4881,-4.0065,0.00047122,1,0,215
2.172,5.5854,-0.0065185,0.00047122,-2,0,215
1.0045,0.53989,-0.0065185,0.00047122,-2,0,215
0.0044729,0.017889,-0.0065185,0.00047122,-2,1,215
-1.9955,-1.9821,-0.0065185,0.00047122,-2,1,215
1.0045,0.40376,-0.0065185,0.00047122,-2,1,215
-1.8455,-0.83211,-0.0065185,0.00047122,-2,0,215
-1.568,0.4502,-3.0065,0.00047122,1,0,215
-2.6097,-0.89215,-0.0065185,0.00047122,-2,0,215
-1.5175,-1.2231,-0.0065185,0.00047122,-2,0,215
-1.4392,-0.044614,-0.0065185,0.00047122,-2,0,215
-4.3727,-1.2093,-0.0065185,0.00047122,-2,0,215
-3.7161,-2.8131,3.9935,0.00047122,1,0,215
3.277,3.2904,-0.0065185,0.00047122,-2,1,215
3.2361,3.2495,-0.0065185,0.00047122,-2,1,215
-5.1924,2.2775,-0.0065185,0.00047122,-2,0,215
4.4218,4.4352,2.9935,0.00047122,1,1,215
5.1467,5.1601,-0.0065185,0.00047122,-2,1,215
-3.1164,-1.935,-0.0065185,0.00047122,-2,0,215
-1.0983,-2.3497,-0.0065185,0.00047122,-2,0,215
-5.0829,-0.91947,-0.0065185,0.00047122,-2,0,215
-5.0698,-5.0564,-0.0065185,0.00047122,-2,0,215
2.0676,3.6935,-0.0065185,0.00047122,-2,1,215
-1.7492,-1.7358,-4.0065,0.00047122,1,0,215
-1.0411,-1.0277,-0.0065185,0.00047122,-2,0,215
0.96571,1.0867,-0.0065185,0.00047122,-2,0,215
1.9715,1.9849,-0.0065185,0.00047122,-2,1,215
0.30447,4.1059,-0.0065185,0.00047122,-2,0,215
2.4495,-1.7147,-0.0065185,0.00047122,-2,1,215
2.0827,2.0961,4.9935,0.00047122,1,1,215
5.0485,2.9856,-0.0065185,0.00047122,-2,1,215
4.2919,4.3053,4.9935,0.00047122,1,1,215
1.7588,3.3414,-0.0065185,0.00047122,-2,1,215
3.6456,1.509,-0.0065185,0.00047122,-2,1,215
3.0995,1.8985,4.9935,0.00047122,1,1,215
4.4677,4.4811,-0.0065185,0.00047122,-2,1,215
4.3982,4.0241,-0.0065185,0.00047122,-2,1,215
1.3392,3.7526,-0.0065185,0.00047122,-2,1,215
-3.28,-0.48269,-0.0065185,0.00047122,-2,0,215
2.2463,2.2597,-0.0065185,0.00047122,-2,1,215
3.21,3.2234,-0.0065185,0.00047122,-2,1,215
-4.1702,-3.7675,-0.0065185,0.00047122,-2,0,215
3.553,1.7324,-4.0065,0.00047122,1,1,215
-3.1218,3.5729,-0.0065185,0.00047122,-2,0,215
-5.1028,-4.8503,-0.0065185,0.00047122,-2,0,215
-3.0867,-2.8701,-0.0065185,0.00047122,-2,0,215
2.632,1.7651,-3.0065,0.00047122,1,1,215
1.0704,-2.4662,-0.0065185,0.00047122,-2,1,215
2.0605,2.0739,-0.0065185,0.00047122,-2,1,215
-4.0431,-3.9236,-0.0065185,0.00047122,-2,0,215
3.4449,0.67248,-4.0065,0.00047122,1,1,215
4.0389,3.9756,-0.0065185,0.00047122,-2,1,215
5.0337,4.982,-0.0065185,0.00047122,-2,1,215
4.0293,3.9874,-0.0065185,0.00047122,-2,1,215
-3.0167,2.1319,-0.0065185,0.00047122,-2,0,215
3.0224,2.5458,-0.0065185,0.00047122,-2,1,215
-4.0108,-2.5134,-0.0065185,0.00047122,-2,0,215
5.0174,3.402,-0.0065185,0.00047122,-2,1,215
4.2655,4.2789,2.9935,0.00047122,1,1,215
0.9951,1.0294,-0.0065185,0.00047122,-2,0,215
1.0124,1.0259,-0.0065185,0.00047122,-2,1,215
-1.0023,-0.97379,-0.0065185,0.00047122,-2,0,215
4.0102,1.5768,-0.0065185,0.00047122,-2,1,215
-3.4004,-3.3761,-5.0065,0.00047122,1,0,215
-3.9997,-3.977,-0.0065185,0.00047122,-2,0,215
5.008,3.626,-0.0065185,0.00047122,-2,1,215
5.0075,4.2709,-0.0065185,0.00047122,-2,1,215
4.257,4.2704,2.9935,0.00047122,1,1,215
4.0066,4.0152,-0.0065185,0.00047122,-2,1,215
3.0063,3.0156,-0.0065185,0.00047122,-2,1,215
2.006,1.8618,-0.0065185,0.00047122,-2,1,215
2.0058,1.7192,-0.0065185,0.00047122,-2,1,215
2.0056,2.019,-0.0065185,0.00047122,-2,1,215
4.0054,4.0189,-0.0065185,0.00047122,-2,1,215
-3.3963,-1.2094,-3.0065,0.00047122,1,0,215
-4.9962,-4.9813,-0.0065185,0.00047122,-2,1,215
5.2545,2.186,-0.0065185,0.00047122,-2,1,215
4.8545,4.0184,-0.0065185,0.00047122,-2,1,215
3.727,3.0889,-0.0065185,0.00047122,-2,1,215
1.6186,1.0183,-0.0065185,0.00047122,-2,1,215
3.5265,2.7074,-0.0065185,0.00047122,-2,1,215
-5.4392,-2.9758,-0.0065185,0.00047122,-2,0,215
-2.3727,-2.3593,-0.0065185,0.00047122,-2,0,215
2.3251,3.951,-0.0065185,0.00047122,-2,1,215
2.732,-1.9546,-0.0065185,0.00047122,-2,1,215
-0.54553,1.463,-0.0065185,0.00047122,-2,0,215
-5.163,-1.7539,-0.0065185,0.00047122,-2,0,215
-0.8379,-0.37949,-0.0065185,0.00047122,-2,0,215
-2.4295,-4.8695,-0.0065185,0.00047122,-2,1,215
2.0734,-0.59073,-3.0065,0.00047122,1,0,215
2.873,4.659,-0.0065185,0.00047122,-2,1,215
6.4045,-3.1113,-0.0065185,0.00047122,-2,1,215
6.8945,2.1755,-0.0065185,0.00047122,-2,1,215
5.461,4.6419,-0.0065185,0.00047122,-2,1,215
1.0925,1.2368,-0.0065185,0.00047122,-2,1,215
2.4926,3.7806,1.9935,0.00047122,1,0,216
3.8468,1.9904,-0.0065185,0.00047122,-2,1,216
-4.6955,-4.6821,-0.0065185,0.00047122,-2,0,216
-4.4405,-4.4271,-0.0065185,0.00047122,-2,0,216
-1.2238,-1.2104,-0.0065185,0.00047122,-2,1,216
-2.9955,-2.9821,-0.0065185,0.00047122,-2,0,216
0.55447,3.8502,-0.0065185,0.00047122,-2,0,216
-0.29553,-0.28211,-0.0065185,0.00047122,-2,0,216
3.7045,2.1052,-0.0065185,0.00047122,-2,1,216
-2.4405,-2.4271,-0.0065185,0.00047122,-2,0,216
-0.76728,-1.919,-0.0065185,0.00047122,-2,0,216
1.3045,1.3179,-0.0065185,0.00047122,-2,1,216
1.1095,1.3889,4.9935,0.00047122,1,1,216
-4.163,-4.9864,-0.0065185,0.00047122,-2,0,216
4.8468,3.5603,-0.0065185,0.00047122,-2,1,216
1.5705,4.1339,-0.0065185,0.00047122,-2,1,216
4.3356,4.349,-0.0065185,0.00047122,-2,1,216
3.1359,1.1493,-0.0065185,0.00047122,-2,1,216
2.6662,2.6796,2.9935,0.00047122,1,1,216
-1.1781,3.3854,-0.0065185,0.00047122,-2,0,216
-4.6955,2.4272,-0.0065185,0.00047122,-2,0,216
4.4495,4.4629,-0.0065185,0.00047122,-2,1,216
-0.22378,2.5839,-0.0065185,0.00047122,-2,1,216
-0.18954,-2.8685,-4.0065,0.00047122,1,1,216
1.282,1.2954,-0.0065185,0.00047122,-2,1,216
-1.2955,-1.2821,-0.0065185,0.00047122,-2,0,216
0.55447,-3.1136,-0.0065185,0.00047122,-2,0,216
0.30447,0.31789,-0.0065185,0.00047122,-2,0,216
-0.55053,-0.37949,-0.0065185,0.00047122,-2,0,216
-1.6955,-1.5481,-0.0065185,0.00047122,-2,0,216
1.4495,0.066696,4.9935,0.00047122,1,1,216
-1.7673,-1.7539,-0.0065185,0.00047122,-2,0,216
-2.5455,-1.5704,-0.0065185,0.00047122,-2,0,216
-3.163,-2.1496,-0.0065185,0.00047122,-2,0,216
-4.8379,-0.37208,-0.0065185,0.00047122,-2,0,216
-3.5615,0.23642,-0.0065185,0.00047122,-2,0,216
-5.3266,-5.3132,-0.0065185,0.00047122,-2,0,216
6.1359,-1.063,-0.0065185,0.00047122,-2,1,216
-5.9573,-5.9438,-0.0065185,0.00047122,-2,0,216
-5.063,-2.4365,1.9935,0.00047122,1,0,216
-4.6904,-4.677,-0.0065185,0.00047122,-2,0,216
-0.58615,-0.57273,-0.0065185,0.00047122,-2,0,216
-1.4976,0.74411,-0.0065185,0.00047122,-2,0,216
-1.2723,-1.2588,-5.0065,0.00047122,1,0,216
-4.3582,-4.3448,-0.0065185,0.00047122,-2,0,216
-1.3038,-0.54534,-0.0065185,0.00047122,-2,0,216
3.2665,2.7173,-0.0065185,0.00047122,-2,1,216
-0.21828,-2.7549,-0.0065185,0.00047122,-2,0,216
0.19381,-0.25034,-0.0065185,0.00047122,-2,1,216
-0.15647,0.24589,-5.0065,0.00047122,1,0,216
1.8677,2.2117,-0.0065185,0.00047122,-2,0,216
2.8882,-3.7109,-0.0065185,0.00047122,-2,1,216
4.5545,4.5679,-0.0065185,0.00047122,-2,1,216
6.172,1.4079,-0.0065185,0.00047122,-2,1,216
-0.8379,2.1353,-0.0065185,0.00047122,-2,0,216
0.57049,-2.7179,-0.0065185,0.00047122,-2,0,216
0.48559,0.6265,-5.0065,0.00047122,1,0,216
-4.718,-4.5962,-0.0065185,0.00047122,-2,0,216
-5.6097,-5.5962,-0.0065185,0.00047122,-2,0,216
-5.5175,-3.4964,-0.0065185,0.00047122,-2,0,216
-3.4392,-4.6758,-0.0065185,0.00047122,-2,0,216
-2.9227,-3.3027,-0.0065185,-2.9995,-1,0,216
-2.3161,-2.4221,-0.0065185,0.00047122,-2,0,216
-1.968,-1.9137,-5.0065,0.00047122,1,0,216
4.2361,4.4995,-0.0065185,0.00047122,-2,1,216
-3.1924,-3.5495,-0.0065185,0.00047122,-2,0,216
2.1718,2.7352,-0.0065185,0.00047122,-2,1,216
-0.13777,-1.803,-0.0065185,0.00047122,-2,1,216
1.0045,0.13879,-0.0065185,0.00047122,-2,1,216
-0.84553,-2.0604,3.9935,0.00047122,1,0,216
-4.718,-4.7046,-0.0065185,0.00047122,-2,0,216
-3.6097,2.2938,-0.0065185,0.00047122,-2,0,216
5.5265,5.081,-0.0065185,0.00047122,-2,1,216
-4.4392,-2.5933,-0.0065185,0.00047122,-2,0,216
3.7816,3.4635,-2.0065,0.00047122,1,1,216
2.6839,1.3973,-0.0065185,0.00047122,-2,1,216
0.55447,0.56789,-0.0065185,0.00047122,-2,0,216
-3.6955,-3.6821,-0.0065185,0.00047122,-2,0,216
2.4495,1.0417,-0.0065185,0.00047122,-2,1,216
-0.22378,-0.32295,-0.0065185,0.00047122,-2,0,216
-0.18954,-0.17612,3.9935,0.00047122,1,1,216
2.282,-0.68999,-0.0065185,0.00047122,-2,0,216
-3.3814,-1.918,-0.0065185,0.00047122,-2,0,216
0.60447,-0.92561,-0.0065185,0.00047122,-2,1,216
0.40447,1.5755,-0.0065185,0.00047122,-2,0,216
-1.5455,0.22669,-0.0065185,0.00047122,-2,0,216
-0.16303,-0.14961,-0.0065185,0.00047122,-2,1,216
-0.1379,0.58644,-3.0065,0.00047122,1,0,216
-2.4295,1.9538,-0.0065185,0.00047122,-2,0,216
2.0734,0.41789,-0.0065185,-2.9995,-1,1,216
3.8945,2.213,-0.0065185,0.00047122,-2,1,216
6.461,3.3244,-0.0065185,0.00047122,-2,1,216
5.4925,3.7385,-2.0065,0.00047122,1,1,216
5.7793,4.2904,-0.0065185,0.00047122,-2,1,216
5.5131,0.081487,-0.0065185,0.00047122,-2,1,216
4.2868,4.3002,-0.0065185,0.00047122,-2,1,216
3.6444,3.0752,-4.0065,0.00047122,1,1,216
4.9309,-2.4556,-0.0065185,0.00047122,-2,1,216
-4.783,-4.103,-0.0065185,0.00047122,-2,0,216
-4.6649,-4.0849,-0.0065185,0.00047122,-2,0,216
4.5734,2.5617,-0.0065185,0.00047122,-2,1,216
3.4881,3.0921,-0.0065185,0.00047122,-2,1,216
1.4156,1.081,-0.0065185,0.00047122,-2,1,216
1.2039,2.8238,4.9935,0.00047122,1,1,216
4.3015,4.3149,-0.0065185,0.00047122,-2,1,216
3.2569,3.6691,-0.0065185,0.00047122,-2,1,216
4.2191,4.0508,-0.0065185,0.00047122,-2,1,216
5.1869,5.2003,-0.0065185,0.00047122,-2,1,216
3.1595,3.0417,-0.0065185,0.00047122,-2,1,216
2.6863,1.7157,4.9935,0.00047122,1,1,216
3.1165,3.1299,-0.0065185,0.00047122,-2,1,216
2.0997,2.1131,-0.0065185,0.00047122,-2,1,216
2.0854,3.1009,-0.0065185,0.00047122,-2,1,216
5.0733,5.0867,-0.0065185,0.00047122,-2,1,216
-4.304,-1.4361,1.9935,0.00047122,1,1,216
7.617,1.2958,-0.0065185,0.00047122,-2,1,216
-8.3955,-8.3821,-0.0065185,0.00047122,-2,0,216
5.8945,-1.1745,-0.0065185,0.00047122,-2,1,216
2.461,0.048412,-0.0065185,0.00047122,-2,1,216
0.91645,-4.2376,-0.0065185,0.00047122,-2,1,216
-2.5455,-2.5321,-0.0065185,0.00047122,-2,0,216
-3.163,-3.1496,-0.0065185,0.00047122,-2,0,216
-2.6879,1.3649,-5.0065,0.00047122,1,0,216
2.4385,-5.7981,-0.0065185,0.00047122,-2,0,216
2.6734,4.3796,-0.0065185,0.00047122,-2,1,216
2.4045,1.9079,-0.0065185,0.00047122,-2,1,216
2.0445,1.9462,4.9935,0.00047122,1,1,216
0.46097,6.3559,-0.0065185,0.00047122,-2,1,216
3.0925,0.40591,-0.0065185,0.00047122,-2,1,216
-0.77035,-2.6069,-0.0065185,0.00047122,-2,0,216
0.66307,0.67649,4.9935,0.00047122,1,1,216
-3.2778,-5.5144,-0.0065185,0.00047122,-2,0,216
6.0944,2.8079,-0.0065185,0.00047122,-2,1,216
4.9309,4.8054,-0.0065185,0.00047122,-2,1,216
3.792,3.8054,-0.0065185,0.00047122,-2,1,216
-0.32615,-0.31274,-0.0065185,0.00047122,-2,0,216
-3.1455,-6.5921,-0.0065185,0.00047122,-2,0,216
-2.3955,-2.3821,-0.0065185,0.00047122,-2,0,216
2.0445,2.2938,3.9935,0.00047122,1,1,216
1.548,-5.8386,-0.0065185,0.00047122,-2,0,216
1.0925,-1.2941,-0.0065185,0.00047122,-2,1,216
-0.77035,-0.90693,-0.0065185,0.00047122,-2,1,216
-2.1455,-2.2596,-0.0065185,0.00047122,-2,0,216
1.832,-0.54957,4.9935,0.00047122,1,1,216
-1.828,-3.8503,-0.0065185,0.00047122,-2,1,216
1.8468,1.8603,-0.0065185,0.00047122,-2,1,216
3.5705,2.1131,-0.0065185,0.00047122,-2,1,216
3.0356,2.7089,4.9935,0.00047122,1,1,216
5.1359,5.3993,-0.0065185,0.00047122,-2,1,216
-5.9573,-4.3438,-0.0065185,0.00047122,-2,0,216
-2.813,-2.7996,-0.0065185,0.00047122,-2,0,216
1.6993,4.3252,-0.0065185,0.00047122,-2,1,216
0.5951,0.60851,-0.0065185,0.00047122,-2,1,216
-2.4976,-1.2066,-0.0065185,0.00047122,-2,0,216
2.1312,2.1446,4.9935,0.00047122,1,1,216
1.3672,1.3806,-0.0065185,0.00047122,-2,1,216
1.6962,-3.9029,-0.0065185,0.00047122,-2,0,216
2.7424,2.7558,-0.0065185,0.00047122,-2,1,216
0.55447,0.56789,-0.0065185,0.00047122,-2,0,216
2.3045,2.3179,-0.0065185,0.00047122,-2,1,216
-1.9505,-1.0163,3.9935,0.00047122,1,1,216
3.2327,2.0262,-0.0065185,0.00047122,-2,1,216
3.0485,4.9079,-0.0065185,0.00047122,-2,1,216
2.8919,-2.0641,-0.0065185,0.00047122,-2,1,216
2.7588,2.023,-0.0065185,0.00047122,-2,1,216
3.6456,3.0222,-0.0065185,0.00047122,-2,1,216
-4.5405,-5.4907,-0.0065185,0.00047122,-2,0,216
3.4677,3.021,-0.0065185,0.00047122,-2,1,216
2.3982,2.0206,-0.0065185,0.00047122,-2,1,216
2.0392,1.6987,4.9935,0.00047122,1,1,216
-3.28,-5.0196,-0.0065185,0.00047122,-2,0,216
-2.2373,-2.6515,-0.0065185,0.00047122,-2,0,216
1.21,2.7544,-0.0065185,0.00047122,-2,1,216
-1.1702,-1.3157,-0.0065185,0.00047122,-2,0,216
-1.847,1.279,-0.0065185,0.00047122,-2,0,216
3.0045,1.0852,-0.0065185,0.00047122,-2,0,217
0.55447,0.56789,-0.0065185,0.00047122,-2,0,217
-1.828,-1.8146,-0.0065185,0.00047122,-2,0,217
-3.1532,-3.1397,-0.0065185,0.00047122,-2,0,217
0.43845,-0.62327,-0.0065185,0.00047122,-2,0,217
-0.69553,1.349,-0.0065185,0.00047122,-2,1,217
-0.44053,1.0179,-0.0065185,0.00047122,-2,0,217
3.1545,3.2954,-0.0065185,0.00047122,-2,1,217
-0.27303,-0.25961,-0.0065185,0.00047122,-2,0,217
3.3903,3.4959,-0.0065185,0.00047122,-2,1,217
1.4825,1.5742,-0.0065185,0.00047122,-2,1,217
-3.5518,-0.24612,-0.0065185,0.00047122,-2,0,217
-3.0184,-3.005,-5.0065,0.00047122,1,0,217
1.3251,1.3385,-0.0065185,0.00047122,-2,1,217
-2.8455,-1.0637,-0.0065185,0.00047122,-2,0,217
1.282,1.2954,-0.0065185,0.00047122,-2,0,217
0.6186,2.077,-0.0065185,0.00047122,-2,0,217
3.0045,-2.2006,-0.0065185,0.00047122,-2,0,217
-2.5455,-2.5321,4.9935,0.00047122,1,0,217
5.172,-1.2321,-0.0065185,0.00047122,-2,0,217
-0.44553,-2.2278,-0.0065185,0.00047122,-2,0,217
-1.828,-3.341,-0.0065185,0.00047122,-2,0,217
0.1621,-3.1556,-0.0065185,0.00047122,-2,1,217
1.4385,1.4519,-0.0065185,0.00047122,-2,1,217
-1.6644,-0.095995,-0.0065185,0.00047122,-2,0,217
-1.8641,-2.1974,-0.0065185,0.00047122,-2,0,217
-3.0338,-1.5704,-0.0065185,0.00047122,-2,0,217
-2.5781,-3.1403,-4.0065,0.00047122,1,0,217
0.30962,0.32304,-0.0065185,0.00047122,-2,1,217
-0.58615,-0.57273,-0.0065185,0.00047122,-2,0,217
1.0045,0.16639,-0.0065185,0.00047122,-2,1,217
0.85447,-1.2201,2.9935,0.00047122,1,1,217
3.0045,2.5679,-0.0065185,0.00047122,-2,1,217
-1.9955,-2.5321,-0.0065185,0.00047122,-2,0,217
0.0044729,1.7179,-0.0065185,0.00047122,-2,1,217
2.0045,0.92793,-0.0065185,0.00047122,-2,1,217
-0.99553,0.017889,-0.0065185,0.00047122,-2,0,217
0.85447,0.86789,-3.0065,0.00047122,1,0,217
-3.718,-0.43211,-0.0065185,0.00047122,-2,1,217
-1.6097,1.1854,-0.0065185,0.00047122,-2,0,217
-1.1455,1.3899,-0.0065185,0.00047122,-2,0,217
0.30447,2.4616,-0.0065185,0.00047122,-2,0,217
-0.44053,1.395,-0.0065185,0.00047122,-2,1,217
4.8545,3.7209,-0.0065185,0.00047122,-2,1,217
4.127,-1.2786,-3.0065,0.00047122,1,1,217
-2.6097,-2.5962,-0.0065185,0.00047122,-2,0,217
2.2265,-1.6276,-4.0065,0.00047122,1,1,217
4.4482,-3.5371,-0.0065185,0.00047122,-2,1,217
3.3816,3.795,-0.0065185,0.00047122,-2,1,217
-4.3161,-2.8527,-0.0065185,0.00047122,-2,0,217
-3.268,-3.2546,-0.0065185,0.00047122,-2,0,217
2.7861,2.827,-3.0065,0.00047122,1,1,217
-2.1924,2.371,-0.0065185,0.00047122,-2,0,217
1.8718,1.8852,1.9935,0.00047122,1,1,217
-4.1378,-1.8244,-0.0065185,0.00047122,-2,0,217
-3.1164,-3.103,-0.0065185,0.00047122,-2,0,217
1.1072,3.0107,-0.0065185,0.00047122,-2,1,217
0.94183,0.83737,2.9935,0.00047122,1,1,217
0.93022,0.94364,-0.0065185,0.00047122,-2,0,217
0.067586,2.2485,-0.0065185,0.00047122,-2,1,217
-1.9419,-1.9285,-0.0065185,0.00047122,-2,0,217
-3.6955,-3.6821,-0.0065185,0.00047122,-2,0,217
-3.1405,-1.4407,1.9935,0.00047122,1,0,217
-3.2238,0.48964,-0.0065185,0.00047122,-2,0,217
-5.0395,-5.0261,-0.0065185,0.00047122,-2,0,217
-4.8829,-1.4271,-0.0065185,0.00047122,-2,0,217
-4.7498,-4.7364,-0.0065185,0.00047122,-2,0,217
4.0456,2.9079,-2.0065,0.00047122,1,1,217
-3.4305,1.7179,3.9935,0.00047122,1,0,217
-0.45876,0.017889,-0.0065185,0.00047122,-2,0,217
3.3982,-2.8721,-0.0065185,0.00047122,-2,1,217
-1.3302,-2.5321,-0.0065185,0.00047122,-2,0,217
-2.28,-1.1166,-0.0065185,0.00047122,-2,0,217
0.24628,0.017889,-0.0065185,0.00047122,-2,1,217
-1.2011,-1.1877,-0.0065185,0.00047122,-2,0,217
-1.0202,-1.3851,3.9935,0.00047122,1,1,217
-4.273,-3.3821,-0.0065185,0.00047122,-2,0,217
1.3903,3.3805,-0.0065185,0.00047122,-2,1,217
1.4825,4.4744,-0.0065185,0.00047122,-2,1,217
0.44818,-3.5151,-0.0065185,0.00047122,-2,0,217
-0.37268,-0.52709,-4.0065,0.00047122,1,1,217
0.6839,2.5265,-0.0065185,0.00047122,-2,1,217
0.27696,1.6256,-0.0065185,0.00047122,-2,0,217
-0.22714,1.1079,-0.0065185,0.00047122,-2,1,217
-0.1924,-0.26659,-4.0065,0.00047122,1,0,217
-4.9955,-8.3821,-0.0065185,0.00047122,-2,0,217
-4.9955,-2.2027,-0.0065185,0.00047122,-2,0,217
3.0045,3.0179,-0.0065185,0.00047122,-2,1,217
3.0045,3.0179,-0.0065185,0.00047122,-2,1,217
-1.9955,-3.0527,-0.0065185,0.00047122,-2,0,217
-2.9955,-4.4907,-0.0065185,0.00047122,-2,0,217
2.5545,1.4629,-4.0065,0.00047122,1,1,217
2.0045,2.0179,-0.0065185,0.00047122,-2,1,217
-1.6955,1.9814,-0.0065185,0.00047122,1,0,217
-0.99553,-1.7696,-0.0065185,0.00047122,-2,0,217
-1.9955,0.017889,-0.0065185,0.00047122,-2,0,217
-4.6955,-2.9821,-0.0065185,0.00047122,-2,0,217
3.9995,-0.46573,4.9935,0.00047122,1,1,217
3.2327,5.4961,-0.0065185,0.00047122,-2,1,217
-6.0395,-4.9821,-0.0065185,0.00047122,-2,0,217
-3.8829,-2.9821,-0.0065185,0.00047122,-2,0,217
-3.7498,-2.9821,-0.0065185,0.00047122,-2,0,217
3.1956,1.7031,4.9935,0.00047122,1,1,217
5.5495,4.8129,-0.0065185,0.00047122,-2,1,217
-5.4588,-4.9821,-0.0065185,0.00047122,-2,0,217
4.3982,3.6304,-0.0065185,0.00047122,-2,1,217
-5.3302,-3.3821,-0.0065185,0.00047122,-2,0,217
-2.28,-1.9821,-0.0065185,0.00047122,-2,0,217
-2.2373,-1.9821,-0.0065185,0.00047122,-2,0,217
-1.2011,-0.98211,-0.0065185,0.00047122,-2,0,217
1.0292,2.8026,4.9935,0.00047122,1,1,217
-0.14403,-4.2321,-0.0065185,0.00047122,-2,0,217
2.1307,0.017889,-0.0065185,0.00047122,-2,1,217
-2.1028,-1.6821,-0.0065185,0.00047122,-2,0,217
1.7957,1.8091,-4.0065,0.00047122,1,1,217
-5.073,3.4179,-0.0065185,0.00047122,-2,0,217
-5.0614,-4.9821,-0.0065185,0.00047122,-2,0,217
0.06048,0.073896,-0.0065185,0.00047122,-2,1,217
0.052079,3.1361,-4.0065,0.00047122,1,0,217
-2.9955,-6.3821,-0.0065185,0.00047122,-2,0,217
-0.99553,2.2364,-0.0065185,0.00047122,-2,0,217
3.0045,5.4744,-0.0065185,0.00047122,-2,1,217
2.0045,4.1059,-0.0065185,0.00047122,-2,1,217
-1.9955,-2.3711,-0.0065185,0.00047122,-2,0,217
-2.9955,-4.4907,-0.0065185,0.00047122,-2,0,217
4.0045,2.7452,-0.0065185,0.00047122,-2,1,217
-3.3955,-4.4721,3.9935,0.00047122,1,0,217
-2.9955,4.1291,-0.0065185,0.00047122,-2,0,217
2.0045,2.6224,-0.0065185,0.00047122,-2,0,217
3.0045,-2.819,-0.0065185,0.00047122,-2,1,217
6.5545,2.1755,-0.0065185,0.00047122,-2,1,217
5.572,-1.1769,-4.0065,0.00047122,1,1,217
4.8468,4.8603,-0.0065185,0.00047122,-2,1,217
5.5705,-4.0036,-0.0065185,0.00047122,-2,1,217
5.3356,4.749,-0.0065185,0.00047122,-2,1,217
-4.527,-4.5136,-3.0065,0.00047122,1,0,217
4.9662,3.5296,-0.0065185,0.00047122,-2,1,217
5.8219,5.8354,-0.0065185,0.00047122,-2,1,217
3.6993,2.5159,-0.0065185,0.00047122,-2,1,217
5.5951,5.6085,-0.0065185,0.00047122,-2,1,217
2.5065,1.6552,-0.0065185,0.00047122,-2,1,217
-3.4223,-2.1837,-0.0065185,0.00047122,-2,0,217
2.9172,2.9306,-3.0065,0.00047122,1,1,217
5.3128,-2.7549,-0.0065185,0.00047122,-2,1,217
5.2665,4.53,-0.0065185,0.00047122,-2,1,217
4.2272,4.2406,-0.0065185,0.00047122,-2,1,217
4.1938,3.8811,-0.0065185,0.00047122,-2,1,217
3.1654,2.9722,-0.0065185,0.00047122,-2,1,217
2.6913,2.4691,1.9935,0.00047122,1,1,217
-2.1118,-1.7984,-0.0065185,0.00047122,-2,0,217
-0.094364,-0.080948,-0.0065185,0.00047122,-2,0,217
0.088484,-0.042809,-0.0065185,0.00047122,-2,1,217
0.93306,0.94648,-0.0065185,0.00047122,-2,1,217
-0.84553,-0.87597,-0.0065185,0.00047122,-2,1,217
-2.9955,-2.9821,-0.0065185,0.00047122,-2,0,217
1.0045,0.7405,-0.0065185,0.00047122,-2,1,217
2.0045,1.991,-0.0065185,0.00047122,-2,1,217
1.7045,0.7175,4.9935,0.00047122,1,1,217
4.0045,4.2484,-0.0065185,0.00047122,-2,1,217
2.0045,2.0179,-0.0065185,0.00047122,-2,1,217
-1.9955,-2.8721,-0.0065185,0.00047122,-2,0,217
-0.99553,-0.98211,-0.0065185,0.00047122,-2,0,217
-2.9955,-2.9821,-0.0065185,0.00047122,-2,0,217
-5.6955,-2.1307,-0.0065185,0.00047122,-2,0,218
-3.4405,-4.8271,-0.0065185,0.00047122,-2,0,218
6.2327,5.6085,-0.0065185,0.00047122,-2,1,218
-5.0395,-1.9291,-0.0065185,0.00047122,-2,0,218
2.8919,3.8446,-0.0065185,0.00047122,-2,0,218
-2.6955,-3.6264,-0.0065185,0.00047122,-2,1,218
1.4495,3.3244,-0.0065185,0.00047122,-2,0,218
4.2327,5.1059,-0.0065185,0.00047122,-2,1,218
4.5545,4.5679,-0.0065185,0.00047122,-2,1,218
-2.163,-0.86952,-0.0065185,0.00047122,-2,1,218
-0.99553,-0.98211,-0.0065185,0.00047122,-2,0,218
1.1545,-1.4733,-0.0065185,0.00047122,-2,0,218
-0.97303,-0.351,-3.0065,0.00047122,1,1,218
0.39035,1.9538,-0.0065185,0.00047122,-2,1,218
4.8545,4.8679,-0.0065185,0.00047122,-2,1,218
4.727,4.7404,-0.0065185,0.00047122,-2,1,218
-5.6097,0.098615,-0.0065185,0.00047122,-2,0,218
4.5265,5.349,-0.0065185,0.00047122,-2,1,218
3.8482,4.0741,-3.0065,0.00047122,1,1,218
2.3816,-1.5704,-0.0065185,0.00047122,-2,0,218
3.7045,2.0385,-0.0065185,0.00047122,-2,0,218
-1.4405,1.8603,-0.0065185,0.00047122,-2,1,218
1.2327,-0.10313,-0.0065185,0.00047122,-2,0,218
-1.0395,1.349,3.9935,0.00047122,1,1,218
3.8919,-4.5136,-0.0065185,0.00047122,-2,1,218
0.55447,-4.8721,-0.0065185,0.00047122,-2,1,218
-1.163,-1.1496,-0.0065185,0.00047122,-2,0,218
-1.1532,2.4052,-0.0065185,0.00047122,-2,1,218
0.43845,1.0019,-0.0065185,0.00047122,-2,1,218
6.7045,7.1854,-0.0065185,0.00047122,-2,1,218
-5.6905,-2.7094,-3.0065,0.00047122,1,0,218
-6.2238,-6.5481,-0.0065185,0.00047122,-2,0,218
4.0485,3.5165,-0.0065185,0.00047122,-2,1,218
-4.8829,-4.8695,-0.0065185,0.00047122,-2,0,218
-3.7498,-2.9039,-0.0065185,0.00047122,-2,0,218
-3.6367,-3.1733,-0.0065185,0.00047122,-2,0,218
-3.5405,-3.227,-0.0065185,0.00047122,-2,0,218
-5.4588,-2.9953,-0.0065185,0.00047122,-2,0,218
-2.3893,-2.3759,-0.0065185,0.00047122,-2,0,218
-2.0302,-4.0213,-5.0065,0.00047122,1,0,218
-4.28,-4.3448,-0.0065185,0.00047122,-2,0,218
-4.2373,-3.8364,-0.0065185,0.00047122,-2,0,218
-4.2011,-3.6442,-0.0065185,0.00047122,-2,0,218
3.5792,3.6406,4.9935,0.00047122,1,1,218
-4.144,-4.4215,-0.0065185,0.00047122,-2,0,218
-3.5218,-3.5083,-2.0065,0.00047122,1,0,218
-2.1028,-1.8189,-0.0065185,0.00047122,-2,0,218
-4.0867,-4.0733,-0.0065185,0.00047122,-2,0,218
-2.073,-2.0809,-0.0065185,0.00047122,-2,0,218
-1.7614,-1.2763,-5.0065,0.00047122,1,0,218
2.9485,-4.3035,-0.0065185,0.00047122,-2,1,218
-4.5455,-4.5321,-0.0065185,0.00047122,-2,0,218
-2.163,-2.1496,-0.0065185,0.00047122,-2,1,218
2.0045,1.9835,-0.0065185,0.00047122,-2,0,218
1.0045,-2.2006,-0.0065185,0.00047122,-2,1,218
-1.1455,-1.8927,-0.0065185,0.00047122,-2,1,218
0.98197,0.99539,3.9935,0.00047122,1,1,218
-0.44053,-2.7896,-0.0065185,0.00047122,-2,0,218
1.2327,0.39614,-0.0065185,0.00047122,-2,1,218
-0.03954,-2.4386,-0.0065185,0.00047122,-2,1,218
4.8545,4.8679,-0.0065185,0.00047122,-2,1,218
3.727,3.7404,-0.0065185,0.00047122,-2,1,218
4.6186,4.632,-0.0065185,0.00047122,-2,1,218
3.9265,-0.52709,2.9935,0.00047122,1,1,218
-4.4392,-4.4258,-0.0065185,0.00047122,-2,0,218
-5.3727,-5.3593,-0.0065185,0.00047122,-2,0,218
4.3251,4.0179,-0.0065185,0.00047122,-2,1,218
4.277,4.0179,-0.0065185,0.00047122,-2,1,218
1.2361,1.5806,-0.0065185,0.00047122,-2,1,218
-1.0424,-1.029,3.9935,0.00047122,1,1,218
-3.273,-7.3821,-0.0065185,0.00047122,-2,0,218
-2.3814,-5.8721,-0.0065185,0.00047122,-2,0,218
-1.4735,0.53989,-0.0065185,0.00047122,-2,0,218
-0.55182,-0.53841,-0.0065185,0.00047122,-2,0,218
-0.46838,-3.2019,1.9935,0.00047122,1,0,218
-3.6749,2.0385,-0.0065185,0.00047122,-2,0,218
-0.72304,-4.6644,-0.0065185,0.00047122,-2,0,218
-4.7639,-6.0721,-0.0065185,0.00047122,-2,0,218
-2.7987,-3.9086,-0.0065185,0.00047122,-2,0,218
0.83713,0.85055,-0.0065185,0.00047122,-2,1,218
-0.70329,-0.36188,1.9935,0.00047122,1,0,218
-3.8746,1.1489,-0.0065185,0.00047122,-2,0,218
-3.8928,-4.4657,-0.0065185,0.00047122,-2,1,218
1.4045,3.3305,-0.0065185,0.00047122,-2,0,218
1.1145,-0.73861,-0.0065185,0.00047122,-2,1,218
-0.93903,-0.92561,3.9935,0.00047122,1,1,218
0.89447,1.1331,-0.0065185,0.00047122,-2,0,218
-0.75203,-0.73861,-4.0065,0.00047122,1,0,218
3.5595,-3.8836,-0.0065185,0.00047122,-2,0,218
7.2545,0.92986,-0.0065185,0.00047122,-2,1,218
6.5545,6.5679,-0.0065185,0.00047122,-2,1,218
3.172,3.1854,-0.0065185,0.00047122,-2,1,218
2.6968,4.4027,4.9935,0.00047122,1,1,218
-2.5615,-2.5481,-0.0065185,0.00047122,-2,0,218
1.3356,4.9615,-0.0065185,0.00047122,-2,1,218
2.1359,2.1493,-0.0065185,0.00047122,-2,1,218
-1.8073,-0.94384,-3.0065,0.00047122,1,0,218
-4.813,-4.7996,-0.0065185,0.00047122,-2,0,218
1.6993,2.8802,-0.0065185,0.00047122,-2,1,218
3.5951,3.6085,-0.0065185,0.00047122,-2,1,218
-2.4976,-1.2066,-0.0065185,0.00047122,-2,0,218
-5.4223,-5.4088,-0.0065185,0.00047122,-2,0,218
3.3672,1.8256,-0.0065185,0.00047122,-2,1,218
-2.8538,-2.8404,-3.0065,0.00047122,1,0,218
5.2665,2.83,-0.0065185,0.00047122,-2,1,218
4.2272,4.2325,-0.0065185,0.00047122,-2,1,218
3.1938,3.8128,-0.0065185,0.00047122,-2,1,218
-1.1565,-1.1431,-0.0065185,0.00047122,-2,1,218
0.15447,0.16789,-0.0065185,0.00047122,-2,1,218
-0.12303,0.8524,3.9935,0.00047122,1,0,218
0.6186,1.5839,-0.0065185,0.00047122,-2,0,218
2.5265,2.5399,-0.0065185,0.00047122,-2,1,218
-2.2955,2.8493,-0.0065185,0.00047122,-2,0,218
-3.3955,-3.3821,-0.0065185,0.00047122,-2,0,218
2.8945,1.1331,-3.0065,0.00047122,1,1,218
-2.452,0.11139,-0.0065185,0.00047122,-2,0,218
0.092498,2.1059,-0.0065185,0.00047122,-2,0,218
-0.29553,2.2199,-0.0065185,0.00047122,-2,1,218
-1.5505,-0.23711,-0.0065185,0.00047122,-2,1,218
1.7762,3.0179,-0.0065185,0.00047122,-2,0,218
-1.9515,-2.1496,-0.0065185,0.00047122,-2,0,218
-0.54553,-1.6447,-0.0065185,0.00047122,-2,0,218
0.47197,0.48539,-2.0065,0.00047122,1,1,218
0.1621,0.38677,-0.0065185,0.00047122,-2,0,218
-1.4295,-0.11609,-0.0065185,0.00047122,-2,1,218
1.6734,2.0562,-0.0065185,0.00047122,-2,1,218
1.423,1.0539,3.9935,0.00047122,1,1,218
5.172,5.5854,-0.0065185,0.00047122,-2,1,218
1.8468,1.8603,-0.0065185,0.00047122,-2,1,218
-2.4295,-2.4161,-0.0065185,0.00047122,-2,0,218
-2.0644,-2.2507,-5.0065,0.00047122,1,0,218
2.8945,2.7019,-0.0065185,0.00047122,-2,1,218
0.46097,-3.3132,-0.0065185,0.00047122,-2,0,218
0.30447,0.31789,-0.0065185,0.00047122,-2,1,218
1.3045,-1.6821,-0.0065185,0.00047122,-2,0,218
1.5595,1.5729,-0.0065185,0.00047122,-2,1,218
-5.5455,-5.1496,-0.0065185,0.00047122,-2,0,218
3.172,0.7703,-0.0065185,0.00047122,-2,1,218
-2.6879,-2.3981,2.9935,0.00047122,1,1,218
1.727,-0.96609,-0.0065185,0.00047122,-2,0,218
-0.60965,-1.4462,-0.0065185,0.00047122,-2,1,218
-0.47352,0.53989,-0.0065185,0.00047122,-2,0,218
1.4482,-0.54813,-0.0065185,0.00047122,-2,1,218
-1.2227,0.36324,1.9935,0.00047122,1,1,218
-0.67495,-2.6821,-0.0065185,0.00047122,-2,0,218
-0.72304,-0.81299,-0.0065185,0.00047122,-2,0,218
-3.7639,-2.0604,-0.0065185,0.00047122,-2,0,218
-3.1987,-3.1852,2.9935,0.00047122,1,0,218
-2.8282,-3.8695,-0.0065185,0.00047122,-2,0,218
3.8622,-2.2919,-0.0065185,0.00047122,-2,1,218
-3.8746,-4.6233,-0.0065185,0.00047122,-2,0,218
-2.8928,-3.4171,-0.0065185,0.00047122,-2,0,218
-0.90817,-2.9953,-0.0065185,0.00047122,-2,0,218
-1.0698,-1.0564,-0.0065185,0.00047122,-2,0,218
0.91759,0.5332,-4.0065,0.00047122,1,0,218
-0.049173,3.4179,-0.0065185,0.00047122,-2,1,218
1.0501,0.77608,-0.0065185,0.00047122,-2,0,218
-4.0343,-1.5256,-0.0065185,0.00047122,-2,0,218
3.4045,3.2432,-0.0065185,0.00047122,-2,1,218
3.8945,-0.30269,-0.0065185,0.00047122,-2,1,218
6.461,3.3244,-0.0065185,0.00047122,-2,1,218
6.0925,3.1863,-0.0065185,0.00047122,-2,1,218
-5.7703,-5.7569,-0.0065185,0.00047122,-2,0,218
4.5131,2.8505,-0.0065185,0.00047122,-2,1,218
1.2868,-0.12435,-0.0065185,0.00047122,-2,0,218
3.0045,3.0179,-0.0065185,0.00047122,-2,0,218
-2.9955,-0.90858,-0.0065185,0.00047122,-2,0,218
-1.4455,2.314,-0.0065185,0.00047122,-2,1,218
0.83697,2.7485,-0.0065185,0.00047122,-2,0,218
-0.70315,-0.68974,-3.0065,0.00047122,1,1,218
0.43845,2.0843,-0.0065185,0.00047122,-2,0,218
1.3356,1.349,-0.0065185,0.00047122,-2,1,218
2.873,3.6685,-0.0065185,0.00047122,-2,0,218
-0.033796,-0.24863,-0.0065185,0.00047122,-2,0,218
3.1545,3.1679,-0.0065185,0.00047122,-2,1,218
-1.9314,-2.368,-0.0065185,-2.9995,-1,0,219
-2.5175,1.4905,-0.0065185,0.00047122,-2,1,219
-2.4392,-2.4258,-0.0065185,0.00047122,-2,0,219
1.3045,-2.1841,-0.0065185,0.00047122,-2,1,219
5.5545,2.5912,-0.0065185,0.00047122,-2,1,219
6.172,6.1854,-0.0065185,0.00047122,-2,1,219
6.8468,6.8603,-0.0065185,0.00047122,-2,1,219
5.5705,-0.99847,-0.0065185,0.00047122,-2,1,219
6.3356,4.7951,-0.0065185,0.00047122,-2,1,219
4.1359,2.8285,-0.0065185,0.00047122,-2,1,219
-0.95726,-0.94384,-0.0065185,0.00047122,-2,1,219
1.0045,3.1059,-0.0065185,0.00047122,-2,1,219
0.85447,-0.09839,-4.0065,0.00047122,1,0,219
3.0045,-0.38211,-0.0065185,0.00047122,-2,0,219
3.0045,-2.258,-0.0065185,0.00047122,-2,1,219
6.5545,2.5679,-0.0065185,0.00047122,-2,1,219
-3.163,-1.4258,-0.0065185,0.00047122,-2,0,219
-3.8379,-2.3593,-0.0065185,0.00047122,-2,0,219
3.2705,4.0404,-4.0065,0.00047122,1,1,219
1.3356,-2.051,-0.0065185,0.00047122,-2,1,219
1.1359,0.24951,-0.0065185,0.00047122,-2,1,219
0.9662,0.97962,-0.0065185,0.00047122,-2,0,219
1.0045,0.18523,-0.0065185,0.00047122,-2,1,219
-0.84553,-0.12435,2.9935,0.00047122,1,0,219
-0.27303,-2.4112,-0.0065185,0.00047122,-2,0,219
2.1545,-0.21799,-0.0065185,0.00047122,-2,1,219
-2.5455,-2.5321,-0.0065185,0.00047122,-2,0,219
0.17197,-1.1044,-0.0065185,0.00047122,-2,1,219
0.1621,-0.12449,-0.0065185,0.00047122,-2,1,219
1.3045,-1.1065,-0.0065185,0.00047122,-2,1,219
1.1095,-1.1546,-2.0065,0.00047122,1,1,219
-0.16303,-0.44961,-0.0065185,0.00047122,-2,0,219
-0.15315,0.16026,-0.0065185,0.00047122,-2,1,219
0.43845,0.15187,-0.0065185,0.00047122,-2,1,219
1.3045,1.3179,-0.0065185,0.00047122,-2,1,219
0.45447,-1.3039,-0.0065185,0.00047122,-2,1,219
0.55447,-0.9381,-0.0065185,0.00047122,-2,0,219
1.3045,1.3179,-0.0065185,0.00047122,-2,0,219
-0.55053,-1.9079,-0.0065185,0.00047122,-2,1,219
-0.46728,-0.31988,4.9935,0.00047122,1,1,219
0.96046,-5.2761,-0.0065185,0.00047122,-2,0,219
-3.1081,-0.7947,-0.0065185,0.00047122,-2,1,219
-2.2412,-3.3434,-0.0065185,0.00047122,-2,0,219
1.9133,2.2667,3.9935,0.00047122,1,1,219
5.172,5.4744,-0.0065185,0.00047122,-2,1,219
-3.8379,-4.9601,-0.0065185,0.00047122,-2,0,219
-4.5615,-4.7569,-0.0065185,0.00047122,-2,0,219
5.3356,2.9715,-0.0065185,0.00047122,-2,1,219
6.1359,6.3002,-0.0065185,0.00047122,-2,1,219
-5.2073,-3.8338,-5.0065,0.00047122,1,0,219
-4.813,-5.0496,-0.0065185,0.00047122,-2,0,219
4.6993,4.8054,-0.0065185,0.00047122,-2,1,219
-0.58615,-3.4627,-0.0065185,0.00047122,-2,0,219
-2.4935,0.58686,-0.0065185,0.00047122,-2,0,219
5.5545,-0.40884,-0.0065185,0.00047122,-2,1,219
-5.163,-2.5321,-0.0065185,0.00047122,-2,0,219
4.3968,4.4103,3.9935,0.00047122,1,1,219
-5.5615,-3.3821,-0.0065185,0.00047122,-2,0,219
5.3356,3.4179,-0.0065185,0.00047122,-2,1,219
4.1359,4.5493,-0.0065185,0.00047122,-2,1,219
2.9662,2.5679,-0.0065185,0.00047122,-2,1,219
-2.813,-1.6821,-0.0065185,0.00047122,-2,0,219
2.6993,2.7127,-0.0065185,0.00047122,-2,1,219
2.2951,1.4629,2.9935,0.00047122,1,1,219
2.5065,2.0179,-0.0065185,0.00047122,-2,1,219
-4.4223,-2.1496,-0.0065185,0.00047122,-2,0,219
4.3672,3.7806,-0.0065185,0.00047122,-2,1,219
2.3128,3.7262,-0.0065185,0.00047122,-2,1,219
0.74241,1.0179,-0.0065185,0.00047122,-2,1,219
-0.62277,-0.60936,1.9935,0.00047122,1,1,219
1.1938,1.4355,-0.0065185,0.00047122,-2,1,219
1.8435,-2.2771,-0.0065185,0.00047122,-2,1,219
-4.6955,-4.6821,-0.0065185,0.00047122,-2,0,219
-5.4405,-5.4271,-0.0065185,0.00047122,-2,0,219
-4.6238,-1.1115,1.9935,0.00047122,1,0,219
2.0485,-2.1258,-0.0065185,0.00047122,-2,1,219
1.8919,0.64074,-0.0065185,0.00047122,-2,1,219
3.7588,2.6973,-0.0065185,0.00047122,-2,1,219
3.6456,2.7454,-0.0065185,0.00047122,-2,1,219
-1.5405,-1.0491,-0.0065185,0.00047122,-2,0,219
1.3177,0.67101,-3.0065,0.00047122,1,0,219
0.72697,0.74039,-0.0065185,0.00047122,-2,0,219
2.3903,-0.93092,-0.0065185,0.00047122,-2,1,219
-3.4735,-2.0101,-0.0065185,0.00047122,-2,0,219
2.5608,2.9742,-0.0065185,0.00047122,-2,1,219
-0.61838,-2.155,-0.0065185,0.00047122,-2,0,219
-0.67495,-0.66153,-0.0065185,0.00047122,-2,0,219
0.58198,0.4679,-3.0065,0.00047122,1,1,219
-3.7639,2.7995,-0.0065185,0.00047122,-2,0,219
3.8076,4.7127,-0.0065185,0.00047122,-2,1,219
3.1718,3.1852,-0.0065185,0.00047122,-2,1,219
0.45447,5.4744,-0.0065185,0.00047122,-2,1,219
-0.37803,-0.36461,2.9935,0.00047122,1,0,219
-3.163,-3.1496,-0.0065185,0.00047122,-2,0,219
3.8468,-0.30724,-0.0065185,0.00047122,-2,1,219
2.5705,1.28,-0.0065185,0.00047122,-2,1,219
-2.1766,-2.7582,1.9935,0.00047122,1,0,219
-1.127,-1.1136,-0.0065185,0.00047122,-2,0,219
1.9662,1.1788,-0.0065185,0.00047122,-2,1,219
0.187,0.20042,-0.0065185,0.00047122,-2,1,219
1.8545,1.8679,-0.0065185,0.00047122,-2,1,219
-1.718,-0.60577,-0.0065185,0.00047122,-2,0,219
-2.6097,-1.5864,-0.0065185,0.00047122,-2,0,219
-2.2175,-2.3233,3.9935,0.00047122,1,0,219
-0.55182,-2.9384,-0.0065185,0.00047122,-2,1,219
0.62732,0.49074,-0.0065185,0.00047122,-2,1,219
-1.1455,-1.2596,-0.0065185,0.00047122,-2,1,219
2.727,0.29733,-0.0065185,0.00047122,-2,1,219
-1.3814,-1.4601,-0.0065185,0.00047122,-2,1,219
1.1825,-1.9491,-4.0065,0.00047122,1,0,219
0.56077,0.57418,-0.0065185,0.00047122,-2,0,219
1.6273,1.6407,-0.0065185,0.00047122,-2,0,219
-2.6749,2.7469,-0.0065185,0.00047122,-2,0,219
6.5545,2.2954,-0.0065185,0.00047122,-2,1,219
-5.563,-5.5496,2.9935,0.00047122,1,0,219
-4.8379,4.0765,-0.0065185,0.00047122,-2,0,219
-5.5615,-4.0981,-0.0065185,0.00047122,-2,0,219
-2.3266,-2.2921,-0.0065185,0.00047122,-2,0,219
-0.12698,1.9444,-0.0065185,0.00047122,-2,0,219
0.042742,1.8054,-0.0065185,0.00047122,-2,0,219
-2.813,0.073137,-0.0065185,0.00047122,-2,0,219
-1.6904,-1.677,-0.0065185,0.00047122,-2,0,219
1.4451,2.0535,-3.0065,0.00047122,1,1,219
-4.4976,-3.571,-0.0065185,0.00047122,-2,0,219
-2.4223,-1.6327,-0.0065185,0.00047122,-2,0,219
-1.3582,1.4975,-0.0065185,0.00047122,-2,0,219
1.1628,1.1762,-4.0065,0.00047122,1,1,219
-0.25759,3.6325,-0.0065185,0.00047122,-2,0,219
0.78172,1.2003,-0.0065185,0.00047122,-2,1,219
-0.14553,-0.98211,-0.0065185,0.00047122,-2,0,219
-0.12303,0.57945,3.9935,0.00047122,1,1,219
1.6186,1.632,-0.0065185,0.00047122,-2,1,219
0.52648,2.2938,-0.0065185,0.00047122,-2,1,219
2.5608,-2.4386,-0.0065185,0.00047122,-2,1,219
4.5545,2.0179,-0.0065185,0.00047122,-2,1,219
-3.163,-3.1496,-0.0065185,0.00047122,-2,0,219
-2.6879,-1.552,0.99348,0.00047122,1,0,219
-2.5615,-0.98211,-0.0065185,0.00047122,-2,0,219
-2.1766,-0.59073,3.9935,0.00047122,1,0,219
-6.127,3.4179,-0.0065185,0.00047122,-2,0,219
5.9662,4.2679,-0.0065185,0.00047122,-2,1,219
-3.813,-4.2321,-0.0065185,0.00047122,-2,0,219
0.30962,-3.227,-0.0065185,0.00047122,-2,0,219
0.26385,0.27727,-5.0065,0.00047122,1,1,219
3.727,-1.2321,-0.0065185,0.00047122,-2,1,219
-4.6097,3.6304,-0.0065185,0.00047122,-2,0,219
3.5265,3.9399,-0.0065185,0.00047122,-2,1,219
-2.9892,0.07792,-4.0065,0.00047122,1,0,219
4.3816,1.1994,-0.0065185,0.00047122,-2,1,219
3.3251,3.3385,-0.0065185,0.00047122,-2,1,219
2.277,0.415,-0.0065185,0.00047122,-2,1,219
5.2361,5.2495,-0.0065185,0.00047122,-2,1,219
5.2013,3.8598,-0.0065185,0.00047122,-2,1,219
4.4218,0.033517,-0.0065185,1.0005,-1,1,219
3.7592,1.6687,-2.0065,0.00047122,1,1,219
1.1254,-2.3933,-0.0065185,0.00047122,-2,1,219
0.10724,0.97066,-0.0065185,0.00047122,-2,1,219
1.0918,-0.49596,-0.0065185,0.00047122,-2,1,219
-1.9213,-1.9079,-0.0065185,0.00047122,-2,0,219
-2.6955,-2.0534,-0.0065185,0.00047122,-2,0,219
2.4495,0.40376,-0.0065185,0.00047122,-2,1,219
-1.2238,-1.9329,-0.0065185,0.00047122,-2,0,219
-1.0395,-1.0261,-0.0065185,0.00047122,-2,0,219
2.8919,1.6407,-0.0065185,0.00047122,-2,1,219
-4.7498,0.33847,-0.0065185,0.00047122,-2,0,219
5.6456,3.1454,-0.0065185,0.00047122,-2,1,219
-3.5405,-4.0005,-0.0065185,0.00047122,-2,0,219
4.4677,2.371,-0.0065185,0.00047122,-2,1,219
-4.3893,-3.2148,-0.0065185,0.00047122,-2,0,219
-3.7302,-3.7168,2.9935,0.00047122,1,0,219
1.289,0.89698,-0.0065185,0.00047122,-2,1,219
-1.2373,2.2882,-0.0065185,0.00047122,-2,0,219
-3.2011,-3.1877,-0.0065185,0.00047122,-2,0,219
-1.1702,-0.87932,-0.0065185,0.00047122,-2,0,219
1.153,0.95478,-0.0065185,0.00047122,-2,1,219
0.56077,0.94037,-0.0065185,0.00047122,-2,1,220
1.8545,0.49588,-0.0065185,0.00047122,-2,1,220
-2.718,-0.38403,-0.0065185,0.00047122,-2,0,220
2.6186,1.3407,-0.0065185,0.00047122,-2,1,220
0.52648,1.3973,-0.0065185,0.00047122,-2,0,220
-2.9955,-1.8708,-0.0065185,0.00047122,-2,0,220
-3.5455,-1.3593,-0.0065185,0.00047122,-2,0,220
5.172,2.1854,-0.0065185,0.00047122,-2,1,220
-4.8379,-2.8046,-0.0065185,0.00047122,-2,1,220
4.5545,4.5679,-0.0065185,0.00047122,-2,1,220
6.7045,6.7179,-0.0065185,0.00047122,-2,1,220
-3.4405,-2.9931,-0.0065185,0.00047122,-2,0,220
2.9327,2.9461,-3.0065,0.00047122,1,0,220
3.4495,-1.7146,-0.0065185,0.00047122,-2,1,220
5.7045,2.9461,-0.0065185,0.00047122,-2,1,220
-4.4405,-4.8271,-0.0065185,0.00047122,-2,0,220
-5.2238,-5.2104,-0.0065185,0.00047122,-2,0,220
4.4485,2.6121,4.9935,0.00047122,1,0,220
1.8945,0.86026,-0.0065185,0.00047122,-2,1,220
-0.14553,-4.3489,-0.0065185,0.00047122,-2,0,220
-2.718,-2.7046,-0.0065185,0.00047122,-2,0,220
3.7045,1.1729,-0.0065185,0.00047122,-2,1,220
-3.1405,-1.068,-5.0065,0.00047122,1,0,220
-3.2238,-3.2104,-0.0065185,0.00047122,-2,0,220
-4.0395,-3.1509,-0.0065185,0.00047122,-2,0,220
3.4419,4.9053,-0.0065185,4.0005,-1,1,220
-2.7498,-1.829,-0.0065185,0.00047122,-2,0,220
-5.6367,-4.7096,-0.0065185,0.00047122,-2,0,220
-3.5405,-1.1955,-0.0065185,0.00047122,-2,0,220
-3.0088,-2.9953,1.9935,0.00047122,1,0,220
-4.3893,-4.3759,-0.0065185,0.00047122,-2,0,220
-3.3302,1.6051,-0.0065185,0.00047122,-2,0,220
-0.28001,-2.8166,-0.0065185,0.00047122,-2,1,220
-1.9955,-2.0468,-0.0065185,0.00047122,-2,0,220
0.30447,0.31789,-0.0065185,0.00047122,-2,0,220
-1.5505,1.4629,-0.0065185,0.00047122,-2,0,220
-0.54553,2.0179,-0.0065185,0.00047122,-2,0,220
-0.16303,2.0179,-0.0065185,0.00047122,-2,0,220
0.14685,1.9059,-3.0065,0.00047122,1,0,220
5.4495,2.5679,-0.0065185,0.00047122,-2,1,220
-5.2238,-5.5496,-0.0065185,0.00047122,-2,0,220
-4.0395,-4.8245,-0.0065185,0.00047122,-2,0,220
3.4419,4.4739,-3.0065,0.00047122,1,1,220
-0.74983,1.2368,-0.0065185,0.00047122,-2,0,220
2.3633,0.035087,-0.0065185,0.00047122,-2,1,220
4.5545,4.5679,-0.0065185,0.00047122,-2,1,220
5.172,3.0179,-0.0065185,0.00047122,-2,1,220
-2.8379,0.71274,-0.0065185,0.00047122,-2,0,220
2.4205,2.4339,-3.0065,0.00047122,1,1,220
-3.3266,2.5679,-0.0065185,0.00047122,-2,0,220
1.1359,1.7179,-0.0065185,0.00047122,-2,0,220
2.0045,2.0179,-0.0065185,0.00047122,-2,1,220
-3.9955,2.0636,-0.0065185,0.00047122,-2,0,220
-2.9955,-2.3381,-0.0065185,0.00047122,-2,0,220
-3.9955,-1.6447,-0.0065185,0.00047122,-2,0,220
3.4045,3.4179,-4.0065,0.00047122,1,1,220
4.0045,4.0179,-0.0065185,0.00047122,-2,1,220
-0.99553,2.9079,-0.0065185,0.00047122,-2,0,220
-0.99553,-0.51888,-0.0065185,0.00047122,-2,0,220
1.0045,0.74039,-0.0065185,0.00047122,-2,1,220
2.0045,2.0179,-0.0065185,0.00047122,-2,1,220
-1.9955,-0.70461,-0.0065185,0.00047122,-2,0,220
1.7045,1.7179,-4.0065,0.00047122,1,1,220
-2.9955,-2.7766,-0.0065185,0.00047122,-2,0,220
0.0044729,0.017889,-0.0065185,0.00047122,-2,0,220
-3.9955,-1.5256,-0.0065185,0.00047122,-2,0,220
-2.3955,0.14412,-0.0065185,0.00047122,-2,0,220
-1.8855,-2.0221,-0.0065185,0.00047122,-2,1,220
-1.602,0.83159,4.9935,0.00047122,1,1,220
3.282,-4.9546,-0.0065185,0.00047122,-2,1,220
-6.3955,-2.8601,-0.0065185,0.00047122,-2,0,220
-5.4355,-5.8721,-0.0065185,-2.9995,-1,0,220
-2.452,-2.4386,-0.0065185,0.00047122,-2,1,220
-2.0836,2.2364,3.9935,0.00047122,1,1,220
-2.9955,3.4179,-0.0065185,0.00047122,-2,0,220
-4.5455,0.90789,-0.0065185,0.00047122,-2,0,220
-6.163,-6.1496,-0.0065185,0.00047122,-2,0,220
-6.8379,-6.8245,-0.0065185,0.00047122,-2,0,220
4.5705,2.4014,-0.0065185,0.00047122,-2,1,220
-3.8766,-3.8632,-5.0065,0.00047122,1,0,220
-5.127,-5.1136,-0.0065185,0.00047122,-2,0,220
-5.9573,-5.9438,-0.0065185,0.00047122,-2,0,220
-5.813,-4.0556,-0.0065185,0.00047122,-2,0,220
4.6993,3.3228,-0.0065185,0.00047122,-2,1,220
-3.5862,-2.7127,-0.0065185,0.00047122,-2,0,220
-2.4976,-1.9631,-0.0065185,0.00047122,-2,0,220
-2.1223,-1.1985,-5.0065,0.00047122,1,0,220
4.3672,4.6306,-0.0065185,0.00047122,-2,1,220
4.3128,4.3262,-0.0065185,0.00047122,-2,1,220
-4.2576,-2.5751,-0.0065185,0.00047122,-2,0,220
-1.2183,-1.2049,-0.0065185,0.00047122,-2,0,220
-1.0349,-2.6575,1.9935,0.00047122,1,0,220
1.1654,1.1788,-0.0065185,0.00047122,-2,1,220
1.1413,1.1547,-0.0065185,0.00047122,-2,1,220
0.88819,1.1497,-0.0065185,0.00047122,-2,1,220
0.75564,0.96306,-4.0065,0.00047122,1,1,220
2.282,2.2954,-0.0065185,0.00047122,-2,1,220
-1.9314,-2.1178,1.9935,0.00047122,1,0,220
-6.163,-0.73861,-0.0065185,0.00047122,-2,0,220
-6.8379,-7.0701,-0.0065185,0.00047122,-2,0,220
4.5705,4.5839,-0.0065185,0.00047122,-2,1,220
6.3356,6.349,-0.0065185,0.00047122,-2,1,220
-5.377,-3.2016,-4.0065,0.00047122,1,0,220
-3.9573,-4.4721,-0.0065185,0.00047122,-2,0,220
-3.363,-3.9086,-0.0065185,-2.9995,-1,0,220
-0.69038,-0.76961,-0.0065185,0.00047122,-2,0,220
-2.4049,-2.3915,-0.0065185,0.00047122,-2,0,220
0.55447,-2.1171,-0.0065185,0.00047122,-2,0,220
-0.46303,-0.44961,4.9935,0.00047122,1,1,220
-0.44053,-5.6771,-0.0065185,0.00047122,-2,1,220
4.8545,0.51847,-0.0065185,0.00047122,-2,1,220
4.727,0.94726,-0.0065185,0.00047122,-2,1,220
3.6186,3.632,-0.0065185,0.00047122,-2,1,220
3.0765,0.25586,4.9935,0.00047122,1,1,220
-0.43923,-0.42582,-0.0065185,0.00047122,-2,1,220
2.0045,5.6304,-0.0065185,0.00047122,-2,1,220
-1.2955,-1.2821,-0.0065185,0.00047122,-2,0,220
0.55447,-1.9821,-0.0065185,0.00047122,-2,1,220
-1.163,-0.96648,-0.0065185,0.00047122,-2,0,220
-0.9879,2.0179,-0.0065185,2.0005,-1,0,220
-0.56155,-0.54813,-0.0065185,0.00047122,-2,0,220
-0.47664,-0.6991,3.9935,0.00047122,1,1,220
-2.273,0.41789,-0.0065185,0.00047122,-2,0,220
1.4545,-2.0884,-0.0065185,0.00047122,-2,0,220
0.83697,0.85039,-0.0065185,0.00047122,-2,0,220
0.7121,2.9079,3.9935,0.00047122,1,0,220
0.57049,-3.3821,-0.0065185,0.00047122,-2,0,220
-0.14553,-0.13211,-0.0065185,0.00047122,-2,0,220
0.15447,1.3429,-0.0065185,0.00047122,-2,0,220
0.13197,-0.093843,3.9935,0.00047122,1,0,220
3.3903,3.4038,-0.0065185,0.00047122,-2,1,220
-5.3955,-4.8721,-0.0065185,0.00047122,-2,0,220
5.8945,5.9079,-0.0065185,0.00047122,-2,1,220
-6.452,-6.0701,-0.0065185,0.00047122,-2,0,220
5.0925,5.1059,-0.0065185,0.00047122,-2,1,220
3.7793,1.43,-0.0065185,0.00047122,-2,1,220
3.5131,3.5265,-0.0065185,0.00047122,-2,1,220
-2.9778,-2.5171,-5.0065,0.00047122,1,0,220
-0.90556,5.1944,-0.0065185,0.00047122,-2,0,220
-0.76906,-0.75564,-3.0065,0.00047122,1,0,220
3.4495,4.0129,-0.0065185,0.00047122,-2,1,220
-6.2238,-2.9104,-0.0065185,0.00047122,-2,0,220
-5.2895,-2.0136,1.9935,0.00047122,1,1,220
6.617,4.5178,-0.0065185,0.00047122,-2,1,220
-2.5455,-2.5321,-0.0065185,0.00047122,-2,0,220
-5.163,-0.92136,-0.0065185,0.00047122,-2,0,220
4.3968,3.1129,4.9935,0.00047122,1,1,220
-1.5615,-1.5481,-0.0065185,0.00047122,-2,0,220
0.33559,-0.58836,-0.0065185,0.00047122,-2,0,220
1.8545,-2.0527,-0.0065185,0.00047122,-2,1,220
2.727,-3.5539,-0.0065185,0.00047122,-2,1,220
5.6186,5.632,-0.0065185,0.00047122,-2,1,220
4.5265,-0.42286,-0.0065185,0.00047122,-2,1,220
3.8482,3.8616,4.9935,0.00047122,1,1,220
-1.6184,-1.605,-0.0065185,0.00047122,-2,0,220
-5.6955,-2.8402,-0.0065185,0.00047122,-2,0,220
4.8495,0.34726,-0.0065185,0.00047122,1,1,220
-5.2238,-1.2104,-0.0065185,0.00047122,-2,0,220
-2.0395,-4.4261,-0.0065185,0.00047122,-2,0,220
-1.1081,-3.8679,-0.0065185,0.00047122,-2,0,220
0.30447,0.31789,-0.0065185,0.00047122,-2,1,220
0.30447,1.3767,-0.0065185,0.00047122,-2,1,220
0.30447,-0.23711,-0.0065185,0.00047122,-2,0,220
1.5595,1.5729,-0.0065185,0.00047122,-2,1,220
-2.5455,-2.9093,-0.0065185,0.00047122,-2,0,220
0.83697,0.85039,-0.0065185,0.00047122,-2,1,220
-2.5455,0.017889,-0.0065185,0.00047122,-2,0,220
-5.163,-2.9821,-0.0065185,0.00047122,-2,0,220
4.3968,1.106,-4.0065,0.00047122,1,1,220
5.5705,-1.8161,-0.0065185,0.00047122,-2,1,220
4.3356,3.4179,-0.0065185,0.00047122,-2,1,220
5.1359,4.0179,-0.0065185,0.00047122,-2,1,220
1.9662,1.0179,-0.0065185,0.00047122,-2,1,220
-4.813,-1.8245,-0.0065185,0.00047122,-2,0,220
1.0045,1.0179,-0.0065185,0.00047122,-2,1,221
-2.1455,-2.1321,-0.0065185,0.00047122,-2,0,221
0.55447,2.1907,-0.0065185,0.00047122,-2,1,221
-1.163,1.4334,-0.0065185,0.00047122,-2,1,221
-2.8455,1.0103,-0.0065185,0.00047122,-2,0,221
3.727,4.2461,-0.0065185,0.00047122,-2,1,221
-1.6097,-1.5962,-0.0065185,0.00047122,-2,0,221
4.5265,1.7681,-0.0065185,0.00047122,-2,1,221
5.4482,5.7722,-0.0065185,0.00047122,-2,1,221
4.3816,3.549,-0.0065185,0.00047122,-2,1,221
3.3251,3.9629,-0.0065185,0.00047122,-2,1,221
-1.268,-2.8046,-0.0065185,0.00047122,-2,0,221
1.0861,1.2616,-3.0065,0.00047122,1,1,221
-2.7987,-2.1974,-0.0065185,0.00047122,-2,0,221
0.55447,2.018,-0.0065185,0.00047122,-2,0,221
-1.2955,-2.0074,-0.0065185,0.00047122,-2,0,221
-0.54553,-1.0871,-0.0065185,0.00047122,-2,0,221
-0.16303,0.15187,-0.0065185,0.00047122,-2,1,221
-0.1379,-0.12449,3.9935,0.00047122,1,1,221
-1.4405,-1.2104,-0.0065185,0.00047122,-2,0,221
-0.22378,-0.026124,-0.0065185,0.00047122,-2,0,221
1.0485,1.0619,-0.0065185,0.00047122,-2,1,221
-0.10812,-0.094701,-0.0065185,0.00047122,-2,0,221
0.10017,0.22673,-4.0065,0.00047122,1,1,221
1.282,2.6954,-0.0065185,0.00047122,-2,1,221
-1.6955,-1.6821,-0.0065185,0.00047122,-2,0,221
3.4495,2.5529,-0.0065185,0.00047122,-2,1,221
-3.2238,-2.9104,-0.0065185,0.00047122,-2,0,221
-3.0395,-3.0261,-0.0065185,0.00047122,-2,0,221
-4.8829,-4.8695,-0.0065185,0.00047122,-2,0,221
4.1588,2.0004,-4.0065,0.00047122,1,1,221
0.64563,-2.2921,-0.0065185,0.00047122,-2,1,221
0.54945,0.94436,-0.0065185,0.00047122,-2,1,221
0.54124,-0.44535,-0.0065185,0.00047122,-2,0,221
-0.38928,-0.37586,-0.0065185,0.00047122,-2,0,221
2.6698,2.6832,-0.0065185,0.00047122,-2,1,221
-3.5455,-0.11261,-0.0065185,0.00047122,-2,0,221
-3.163,-1.3541,-0.0065185,0.00047122,-2,1,221
2.8545,2.5828,-0.0065185,0.00047122,-2,0,221
-2.418,-2.4046,2.9935,0.00047122,1,0,221
-2.4405,-1.9491,-0.0065185,0.00047122,-2,0,221
5.2327,1.8504,-0.0065185,0.00047122,-2,1,221
4.0485,1.1755,-0.0065185,0.00047122,-2,1,221
-3.4329,0.96978,-5.0065,0.00047122,1,0,221
-2.7498,-2.7364,-0.0065185,0.00047122,-2,0,221
-1.3544,2.4989,-0.0065185,0.00047122,-2,1,221
0.45949,1.1729,-0.0065185,0.00047122,-2,1,221
2.8545,2.8679,-0.0065185,0.00047122,-2,1,221
-0.71803,-1.3995,-0.0065185,0.00047122,-2,0,221
0.6186,0.63201,3.9935,0.00047122,1,1,221
1.4825,-3.9041,-0.0065185,0.00047122,-2,0,221
3.5608,3.5742,-0.0065185,0.00047122,-2,1,221
0.40447,0.41789,-0.0065185,0.00047122,-2,0,221
0.45447,0.46789,-0.0065185,0.00047122,-2,0,221
-0.82803,-0.56289,-0.0065185,0.00047122,-2,0,221
-5.5455,-5.5321,-0.0065185,0.00047122,-2,0,221
-4.713,0.82961,3.9935,0.00047122,1,0,221
-3.8379,-2.6233,-0.0065185,0.00047122,-2,0,221
-2.5615,-1.5271,-0.0065185,0.00047122,-2,0,221
-2.3266,-1.4453,-0.0065185,0.00047122,-2,1,221
-0.14553,1.9993,-0.0065185,0.00047122,-2,0,221
-2.718,0.14539,-0.0065185,0.00047122,-2,1,221
4.6186,2.332,-0.0065185,0.00047122,-2,1,221
-3.9175,-2.0998,2.9935,0.00047122,1,1,221
-2.4392,-0.89215,-0.0065185,0.00047122,-2,0,221
-1.6955,-1.0261,-0.0065185,0.00047122,-2,0,221
-2.4405,0.41526,-0.0065185,0.00047122,-2,0,221
-4.2238,-4.2104,-0.0065185,0.00047122,-2,0,221
-5.0395,-5.0261,-0.0065185,0.00047122,-2,0,221
-4.2829,-1.1412,3.9935,0.00047122,1,0,221
-1.2412,-2.9189,-0.0065185,0.00047122,-2,1,221
1.3633,1.3767,-0.0065185,0.00047122,-2,1,221
5.7045,5.4629,-0.0065185,0.00047122,-2,1,221
3.4495,0.96166,-0.0065185,0.00047122,-2,1,221
2.9327,2.7619,4.9935,0.00047122,1,1,221
-6.0395,-5.2761,-0.0065185,0.00047122,-2,0,221
2.8919,2.7722,-0.0065185,0.00047122,-2,1,221
-4.7498,-4.7364,-0.0065185,0.00047122,-2,0,221
4.6456,3.6335,-0.0065185,0.00047122,-2,1,221
-2.5405,-3.9271,-0.0065185,0.00047122,-2,0,221
2.1677,2.1116,3.9935,0.00047122,1,1,221
-0.60178,-0.64742,-0.0065185,0.00047122,-2,0,221
-2.8455,0.90789,-0.0065185,0.00047122,-2,0,221
0.72697,-2.7231,-0.0065185,0.00047122,-2,0,221
1.0045,0.77608,-0.0065185,0.00047122,-2,1,221
-4.8455,-4.5041,-0.0065185,0.00047122,-2,1,221
-3.3955,-0.70461,-0.0065185,0.00047122,-2,0,221
2.8945,3.522,4.9935,0.00047122,1,1,221
2.0045,-4.2321,-0.0065185,0.00047122,-2,1,221
-5.6955,-1.2384,-0.0065185,0.00047122,-2,0,221
-3.4405,-3.4271,-0.0065185,0.00047122,-2,0,221
6.2327,0.29786,-0.0065185,0.00047122,-2,1,221
-5.2895,-5.2761,-5.0065,0.00047122,1,1,221
-5.608,-5.5946,-0.0065185,0.00047122,-2,1,221
6.0751,6.6304,-0.0065185,0.00047122,-2,1,221
-5.5455,-5.1421,-0.0065185,0.00047122,-2,0,221
4.722,4.7354,4.9935,0.00047122,1,1,221
0.84685,-1.9665,-0.0065185,0.00047122,-2,0,221
-0.14553,-5.1606,-0.0065185,0.00047122,-2,0,221
-0.14553,0.6265,-0.0065185,0.00047122,-2,0,221
1.1545,1.4038,-0.0065185,0.00047122,-2,0,221
-0.71803,-0.50412,-0.0065185,0.00047122,-2,1,221
0.0044729,0.63201,-0.0065185,0.00047122,-2,0,221
0.0044729,0.46159,-4.0065,0.00047122,1,1,221
2.0045,2.0179,-0.0065185,0.00047122,-2,1,221
-0.99553,-2.5515,-0.0065185,0.00047122,-2,1,221
0.0044729,0.017889,-0.0065185,0.00047122,-2,1,221
-2.9955,-2.9821,-0.0065185,0.00047122,-2,0,221
-5.5455,-5.5321,-0.0065185,0.00047122,-2,0,221
4.722,-0.33677,-4.0065,0.00047122,1,1,221
0.84685,-3.2399,-0.0065185,0.00047122,-2,1,221
-2.5615,-2.5481,-0.0065185,0.00047122,-2,0,221
-5.3266,-5.3132,-0.0065185,0.00047122,-2,0,221
3.1359,0.53521,-0.0065185,0.00047122,-2,1,221
2.6662,1.7921,-4.0065,0.00047122,1,1,221
-1.1781,-2.5646,-0.0065185,0.00047122,-2,1,221
2.3096,1.023,-0.0065185,0.00047122,-2,0,221
-3.4049,-3.9365,-0.0065185,0.00047122,-2,0,221
6.4045,2.9159,-0.0065185,0.00047122,-2,1,221
-6.8855,-4.3745,-0.0065185,0.00047122,-2,1,221
-6.3955,-4.6061,-0.0065185,0.00047122,-2,0,221
7.5545,4.9959,-0.0065185,0.00047122,-2,1,221
-6.413,-6.3996,-4.0065,0.00047122,1,0,221
4.8468,4.9265,-0.0065185,0.00047122,-2,1,221
-5.5615,-4.0981,-0.0065185,0.00047122,-2,0,221
-4.3266,-4.7132,-0.0065185,0.00047122,-2,0,221
-3.677,-3.4586,-5.0065,0.00047122,1,0,221
-3.9573,-3.9438,-0.0065185,0.00047122,-2,0,221
-3.813,-4.4121,-0.0065185,0.00047122,-2,0,221
-3.6904,-3.677,-0.0065185,0.00047122,-2,0,221
-3.1362,-2.6332,-4.0065,0.00047122,1,0,221
-1.4976,-1.4841,-0.0065185,0.00047122,-2,0,221
1.2812,3.2573,1.9935,0.00047122,1,1,221
-0.35824,-1.9791,-0.0065185,0.00047122,-2,0,221
-3.3038,-3.2346,-0.0065185,0.00047122,-2,0,221
-3.2576,-0.24417,-0.0065185,0.00047122,-2,0,221
-3.2183,-2.7145,-0.0065185,0.00047122,-2,0,221
-3.1849,-3.1715,-0.0065185,0.00047122,-2,0,221
2.7154,2.3172,-2.0065,0.00047122,1,1,221
0.14127,0.1299,-0.0065185,0.00047122,-2,1,221
-0.11181,1.3466,-0.0065185,0.00047122,-2,0,221
0.10331,0.09882,-0.0065185,0.00047122,-2,1,221
-4.0795,-4.0661,-0.0065185,0.00047122,-2,0,221
-3.4669,-0.040584,-5.0065,0.00047122,1,0,221
-5.0562,-4.2928,-0.0065185,0.00047122,-2,0,221
1.0561,1.0601,-0.0065185,0.00047122,-2,0,221
-0.88938,-0.87597,1.9935,0.00047122,1,0,221
-0.7553,-1.3527,-5.0065,0.00047122,1,0,221
0.97279,0.9862,-0.0065185,0.00047122,-2,1,221
-2.1455,-6.5946,-0.0065185,0.00047122,-2,0,221
3.5545,-0.026124,-0.0065185,0.00047122,-2,1,221
2.172,-0.86952,-0.0065185,0.00047122,-2,1,221
-0.8379,-0.82449,-0.0065185,0.00047122,-2,1,221
0.15447,-1.4733,-0.0065185,0.00047122,-2,1,221
-0.12303,-0.45496,3.9935,0.00047122,1,0,221
1.282,2.6954,-0.0065185,0.00047122,-2,1,221
1.3045,-3.2659,-0.0065185,0.00047122,-2,1,221
-1.5455,-1.0871,-0.0065185,0.00047122,-2,0,221
0.83697,3.3024,-0.0065185,0.00047122,-2,1,221
1.5545,-1.102,-0.0065185,0.00047122,-2,1,221
2.172,2.1854,-0.0065185,0.00047122,-2,1,221
1.8468,1.8603,-0.0065185,0.00047122,-2,1,221
3.5705,0.96978,-0.0065185,0.00047122,-2,1,221
2.3356,2.095,-0.0065185,0.00047122,-2,1,221
3.1359,1.9993,-0.0065185,0.00047122,-2,1,221
3.9662,3.9796,-0.0065185,0.00047122,-2,1,221
1.8219,1.6945,-0.0065185,0.00047122,-2,1,221
0.69932,0.21476,-0.0065185,0.00047122,-2,1,221
0.41385,-0.87195,-0.0065185,0.00047122,-2,0,221
-0.3435,-0.33008,4.9935,0.00047122,1,0,221
-4.718,0.26789,-0.0065185,0.00047122,-2,0,221
0.6186,-3.6974,-0.0065185,0.00047122,-2,1,221
-1.4735,-5.0527,-0.0065185,0.00047122,-2,1,221
0.56077,2.6279,-0.0065185,0.00047122,-2,0,221
-0.37268,0.49074,-0.0065185,0.00047122,-2,0,221
-4.3955,-0.46011,-0.0065185,0.00047122,-2,1,222
-3.8455,-1.7539,-0.0065185,0.00047122,-2,0,222
0.55447,0.47439,-0.0065185,0.00047122,-2,1,222
-0.82803,-0.89409,-0.0065185,0.00047122,-2,0,222
0.55447,0.72551,-0.0065185,0.00047122,-2,1,222
0.17197,0.18539,-0.0065185,0.00047122,-2,0,222
0.30447,-2.0593,-0.0065185,0.00047122,-2,1,222
0.70447,0.71789,-0.0065185,0.00047122,-2,0,222
-1.8455,-1.8321,-0.0065185,0.00047122,-2,1,222
4.1545,-1.1011,-0.0065185,0.00047122,-2,1,222
3.282,3.5454,-0.0065185,0.00047122,-2,0,222
0.40447,3.2505,-0.0065185,0.00047122,-2,1,222
0.34447,0.53851,-2.0065,0.00047122,1,1,222
0.83697,-1.803,-0.0065185,0.00047122,-2,0,222
-1.5455,3.3053,-0.0065185,0.00047122,-2,0,222
2.1545,0.61937,-0.0065185,0.00047122,-2,1,222
2.282,1.8454,-0.0065185,0.00047122,-2,1,222
2.3903,2.4038,-0.0065185,0.00047122,-2,0,222
-2.0235,-1.5704,-4.0065,0.00047122,1,1,222
2.172,5.5854,-0.0065185,0.00047122,-2,1,222
0.0044729,0.017889,-0.0065185,0.00047122,-2,0,222
-0.99553,-0.98211,-0.0065185,0.00047122,-2,0,222
-2.9955,3.2374,-0.0065185,0.00047122,-2,1,222
-2.5455,-0.75729,3.9935,0.00047122,1,0,222
-2.163,3.4179,-0.0065185,0.00047122,-2,0,222
1.8468,1.8603,-0.0065185,0.00047122,-2,1,222
2.5705,2.5839,-0.0065185,0.00047122,-2,0,222
1.8545,1.8679,-0.0065185,0.00047122,-2,1,222
1.1545,-0.83211,-0.0065185,0.00047122,-2,0,222
0.98197,2.2954,-0.0065185,3.0005,-1,1,222
0.83535,3.8502,2.9935,0.00047122,1,1,222
1.2327,1.2461,-0.0065185,0.00047122,-2,1,222
1.9605,-3.1936,-0.0065185,0.00047122,-2,1,222
-1.6581,-0.96609,2.9935,0.00047122,1,0,222
-2.163,1.5839,-0.0065185,0.00047122,-2,1,222
-0.99553,-3.1496,-0.0065185,0.00047122,-2,0,222
1.0045,0.29424,-0.0065185,0.00047122,-2,0,222
3.1545,3.1679,-0.0065185,0.00047122,-2,1,222
-3.273,-1.1136,-0.0065185,0.00047122,-2,1,222
-2.7814,0.63201,-4.0065,0.00047122,1,0,222
-4.4735,-6.2721,-0.0065185,0.00047122,-2,1,222
8.2545,2.0307,-0.0065185,0.00047122,-2,1,222
-7.3955,-3.2175,-0.0065185,0.00047122,-2,1,222
-6.2855,-5.9427,3.9935,0.00047122,1,1,222
-0.88553,-0.59214,-0.0065185,0.00047122,-2,0,222
2.3045,-0.41561,-0.0065185,0.00047122,-2,0,222
3.4045,2.1059,-0.0065185,0.00047122,-2,1,222
-2.9955,-1.6439,-0.0065185,0.00047122,-2,0,222
-0.99553,-0.98211,-0.0065185,0.00047122,-2,1,222
-0.84553,-1.2622,-4.0065,0.00047122,1,0,222
0.0044729,3.4179,-0.0065185,0.00047122,-2,0,222
-1.9955,0.65904,-0.0065185,0.00047122,-2,1,222
-2.9955,-2.9821,-0.0065185,0.00047122,-2,0,222
-2.5455,-1.8708,-0.0065185,0.00047122,-2,1,222
-2.9955,-3.3593,-0.0065185,0.00047122,-2,1,222
-1.9955,-2.3027,-0.0065185,0.00047122,-2,1,222
-1.6955,-1.8206,4.9935,0.00047122,1,1,222
-1.9955,-1.9821,-0.0065185,0.00047122,-2,1,222
1.0045,0.82101,-0.0065185,0.00047122,-2,1,222
0.0044729,-3.0527,-0.0065185,0.00047122,-2,0,222
0.0044729,-0.12435,-0.0065185,0.00047122,-2,1,222
2.0045,2.0179,-0.0065185,0.00047122,-2,0,222
0.70447,1.6151,-0.0065185,0.00047122,-2,1,222
0.59947,-0.069465,4.9935,0.00047122,1,0,222
0.77622,0.74039,-0.0065185,0.00047122,-2,1,222
-0.95151,1.9304,-0.0065185,0.00047122,-2,1,222
0.30447,0.57289,-0.0065185,0.00047122,-2,0,222
0.30447,1.4629,-0.0065185,0.00047122,-2,0,222
1.3045,-0.23711,-0.0065185,0.00047122,-2,0,222
1.1095,0.20213,3.9935,0.00047122,1,1,222
2.7762,7.4179,-0.0065185,0.00047122,-2,0,222
5.4045,2.6636,-0.0065185,0.00047122,-2,0,222
-4.8855,-3.5481,-0.0065185,0.00047122,-2,1,222
3.461,2.794,-0.0065185,0.00047122,-2,0,222
-2.9336,-1.9636,-4.0065,0.00047122,1,0,222
3.727,6.4179,-0.0065185,0.00047122,-2,1,222
4.6186,2.1406,-0.0065185,0.00047122,-2,0,222
4.4045,2.3002,-0.0065185,0.00047122,-2,0,222
3.8945,4.9959,-0.0065185,0.00047122,-2,1,222
-3.1455,-2.2073,-0.0065185,0.00047122,-2,1,222
-2.673,1.5279,-4.0065,0.00047122,1,1,222
2.3903,2.8038,-0.0065185,0.00047122,-2,1,222
-0.44553,-0.092111,-0.0065185,0.00047122,-2,0,222
0.45447,0.46789,-0.0065185,0.00047122,-2,0,222
-2.163,-2.1496,-0.0065185,0.00047122,-2,1,222
1.0045,0.68726,-0.0065185,0.00047122,-2,1,222
-1.1455,-0.74426,-0.0065185,0.00047122,-2,1,222
0.98197,0.99539,3.9935,0.00047122,1,1,222
2.4495,2.4629,-0.0065185,0.00047122,-2,0,222
-3.8455,-2.5227,-0.0065185,0.00047122,-2,0,222
-4.5455,-3.1611,-0.0065185,0.00047122,-2,0,222
-1.163,-1.0701,-0.0065185,0.00047122,-2,0,222
-0.9879,-3.2695,2.9935,0.00047122,1,0,222
1.4385,1.0593,-0.0065185,0.00047122,-2,1,222
-6.5455,-0.8185,-0.0065185,0.00047122,-2,1,222
2.4045,1.0539,-0.0065185,0.00047122,-2,1,222
2.0445,2.0579,-3.0065,0.00047122,1,0,222
-3.452,1.5679,-0.0065185,0.00047122,-2,1,222
1.0925,-0.8185,-0.0065185,0.00047122,-2,0,222
2.2297,2.7103,-0.0065185,0.00047122,-2,0,222
2.4045,-0.25961,-0.0065185,0.00047122,-2,1,222
3.1545,3.1679,-0.0065185,0.00047122,-2,1,222
3.282,3.2954,-0.0065185,0.00047122,-2,1,222
-2.7814,-1.456,3.9935,0.00047122,1,0,222
4.5265,4.8054,-0.0065185,0.00047122,-2,1,222
1.4045,3.8616,-0.0065185,0.00047122,-2,0,222
1.7045,-2.8158,-0.0065185,0.00047122,-2,1,222
-1.5505,-3.3027,-0.0065185,0.00047122,-2,1,222
1.7762,0.29038,-0.0065185,0.00047122,-2,0,222
-1.5015,-2.7637,-4.0065,0.00047122,1,0,222
3.172,1.298,-0.0065185,0.00047122,-2,1,222
3.8468,3.7579,-0.0065185,0.00047122,-2,1,222
4.5705,3.2839,-0.0065185,0.00047122,-2,1,222
-4.3266,-3.8632,-0.0065185,0.00047122,-2,1,222
3.6859,3.9602,3.9935,0.00047122,1,0,222
4.172,3.8603,-0.0065185,0.00047122,-2,0,222
4.8468,4.7503,-0.0065185,0.00047122,-2,0,222
5.5705,4.1339,-0.0065185,0.00047122,-2,0,222
4.3356,4.749,-0.0065185,0.00047122,-2,0,222
-5.127,-4.9438,-0.0065185,0.00047122,-2,0,222
7.4045,6.1854,-0.0065185,0.00047122,-2,1,222
-7.8855,-7.8721,-0.0065185,0.00047122,-2,0,222
6.711,2.2788,-3.0065,0.00047122,1,1,222
4.0925,-1.201,-0.0065185,0.00047122,-2,1,222
3.7793,2.8493,-0.0065185,0.00047122,-2,0,222
0.70447,0.46289,-0.0065185,0.00047122,-2,0,222
-0.59053,-2.7094,2.9935,0.00047122,1,1,222
-3.7673,-1.3039,-0.0065185,0.00047122,-2,0,222
2.9605,3.2239,-0.0065185,0.00047122,-2,1,222
-2.1081,-2.6278,-0.0065185,0.00047122,-2,0,222
1.8002,1.8136,-4.0065,0.00047122,1,1,222
-3.3544,4.059,-0.0065185,0.00047122,-2,1,222
-3.3955,2.9079,-0.0065185,0.00047122,-2,0,222
-4.9955,-4.5884,-0.0065185,0.00047122,-2,1,222
-6.2455,-4.2321,-0.0065185,0.00047122,-2,0,222
-4.6955,-3.7701,-0.0065185,0.00047122,-2,0,222
-5.4405,-3.9771,-0.0065185,0.00047122,-2,1,222
-0.39553,-0.38211,-0.0065185,0.00047122,-2,1,222
0.34447,2.9079,3.9935,0.00047122,1,1,222
2.172,-3.3821,-0.0065185,0.00047122,-2,0,222
0.84685,-4.2032,-0.0065185,0.00047122,-2,1,222
-1.1455,0.86789,-0.0065185,0.00047122,-2,0,222
-3.273,-3.2596,-0.0065185,0.00047122,-2,0,222
2.7903,0.64542,-4.0065,0.00047122,1,1,222
-3.4735,3.9399,-0.0065185,0.00047122,-2,0,222
3.5608,2.9742,-0.0065185,0.00047122,-2,0,222
3.4045,2.9159,-0.0065185,0.00047122,-2,1,222
2.8945,2.4744,3.9935,0.00047122,1,1,222
4.0045,-3.3821,-0.0065185,0.00047122,-2,1,222
-8.3955,-8.3821,-0.0065185,0.00047122,-2,1,222
-7.2455,2.2123,-0.0065185,0.00047122,-2,0,222
-6.5455,-6.5321,-0.0065185,0.00047122,-2,0,222
6.172,1.3137,-0.0065185,0.00047122,-2,1,222
-4.8379,-5.2245,-0.0065185,0.00047122,-2,1,222
4.1205,1.2856,3.9935,0.00047122,1,1,222
-4.3266,-6.3821,-0.0065185,0.00047122,-2,1,222
-0.44553,1.6414,-0.0065185,0.00047122,-2,1,222
-1.4455,-0.96943,-0.0065185,0.00047122,-2,1,222
2.4045,2.4179,-0.0065185,0.00047122,-2,0,222
0.11447,-1.0297,-0.0065185,0.00047122,-2,1,222
1.548,1.5614,-0.0065185,0.00047122,-2,0,222
0.60447,1.8504,-0.0065185,0.00047122,-2,0,222
-5.3955,2.1204,-0.0065185,0.00047122,-2,0,222
-4.6955,-0.52561,-0.0065185,0.00047122,-2,1,222
1.5545,3.9194,-0.0065185,0.00047122,-2,0,222
3.172,3.1059,-0.0065185,0.00047122,-2,1,222
-1.8455,-0.25961,-0.0065185,0.00047122,-2,0,222
1.727,1.7404,-0.0065185,0.00047122,-2,0,222
-1.4597,-0.79122,-3.0065,0.00047122,1,1,222
-2.718,-2.7046,-0.0065185,0.00047122,-2,0,222
2.7045,3.1854,-0.0065185,0.00047122,-2,0,222
-2.8455,-2.2446,-0.0065185,0.00047122,-2,0,222
-2.6955,-2.2104,-0.0065185,0.00047122,-2,1,222
-2.2905,-2.2771,-0.0065185,0.00047122,1,1,222
-4.3161,-3.1454,-0.0065185,0.00047122,-2,0,223
1.732,1.7454,-0.0065185,0.00047122,-2,1,223
-3.6955,-0.75386,-0.0065185,0.00047122,-2,0,223
-4.4405,-1.9381,-0.0065185,0.00047122,-2,0,223
-6.2238,-4.0947,-0.0065185,0.00047122,-2,0,223
3.0485,-0.36515,-0.0065185,0.00047122,-2,1,223
-0.88294,-1.041,-0.0065185,0.00047122,-2,1,223
-3.9955,0.77219,-0.0065185,0.00047122,-2,0,223
-1.9955,-0.75386,-0.0065185,0.00047122,-2,0,223
1.0045,-2.8721,-0.0065185,0.00047122,-2,1,223
0.85447,1.7553,-0.0065185,0.00047122,-2,1,223
1.727,-2.0701,-0.0065185,0.00047122,-2,1,223
1.4686,1.482,-4.0065,0.00047122,1,0,223
-3.273,-4.8907,-0.0065185,0.00047122,-2,1,223
-7.3955,-2.768,-0.0065185,0.00047122,-2,0,223
4.4045,0.58584,-0.0065185,0.00047122,-2,1,223
-3.8855,-0.38841,-0.0065185,0.00047122,-2,0,223
1.461,0.49074,-0.0065185,0.00047122,-2,0,223
-1.2336,-2.7926,-3.0065,0.00047122,1,0,223
2.7793,3.5679,-0.0065185,0.00047122,-2,1,223
3.5131,4.1854,-0.0065185,0.00047122,-2,1,223
1.2868,1.8603,-0.0065185,0.00047122,-2,0,223
-2.9955,-0.62837,-0.0065185,0.00047122,-2,0,223
2.5545,2.5679,-4.0065,0.00047122,1,0,223
-3.9955,-0.58211,-0.0065185,0.00047122,-2,0,223
-2.3955,-0.65148,-0.0065185,0.00047122,-2,1,223
-1.1455,-2.0221,-0.0065185,0.00047122,-2,0,223
-1.6955,-2.4386,-0.0065185,0.00047122,-2,1,223
1.0045,1.0179,-0.0065185,0.00047122,-2,1,223
2.0045,-1.2104,-0.0065185,0.00047122,-2,1,223
-1.6955,-1.6821,3.9935,0.00047122,1,1,223
0.55947,0.57289,-0.0065185,0.00047122,-2,1,223
3.2327,-0.87211,-0.0065185,0.00047122,-2,1,223
0.70447,0.71789,-0.0065185,0.00047122,-2,0,223
2.1545,0.9053,-0.0065185,0.00047122,-2,1,223
-1.5455,-1.5321,-0.0065185,0.00047122,-2,1,223
0.15447,-0.83211,-0.0065185,0.00047122,-2,1,223
5.8545,5.0179,-0.0065185,0.00047122,-2,1,223
3.727,0.29668,-0.0065185,0.00047122,-2,1,223
-3.1597,-3.1462,3.9935,0.00047122,1,1,223
-0.82803,2.1854,-0.0065185,0.00047122,-2,0,223
-3.1532,-5.4221,-0.0065185,0.00047122,-2,0,223
-2.4295,-6.4386,-0.0065185,0.00047122,-2,0,223
-2.0644,-2.2635,1.9935,0.00047122,1,1,223
2.8945,-1.6821,-0.0065185,0.00047122,-2,0,223
-3.452,-4.1007,-0.0065185,0.00047122,-2,0,223
4.8545,-0.36036,-0.0065185,0.00047122,-2,1,223
-3.718,-4.1046,-0.0065185,0.00047122,-2,0,223
-3.1597,2.0914,-0.0065185,3.0005,-1,0,223
2.694,2.7074,-2.0065,0.00047122,1,0,223
-4.8379,-2.4939,-0.0065185,0.00047122,-2,0,223
0.45447,-1.0871,-0.0065185,0.00047122,-2,1,223
-0.54553,-0.53211,-0.0065185,0.00047122,-2,1,223
1.7045,1.7179,-0.0065185,0.00047122,-2,0,223
3.0045,3.0179,-0.0065185,0.00047122,-2,1,223
3.5545,3.5679,-0.0065185,0.00047122,-2,1,223
-3.013,0.40659,1.9935,0.00047122,1,1,223
-3.718,-1.2821,-0.0065185,0.00047122,-2,0,223
0.55447,-0.41609,-0.0065185,0.00047122,-2,0,223
-0.29553,-0.44961,-0.0065185,0.00047122,-2,0,223
-5.6955,-1.4898,-0.0065185,0.00047122,-2,1,223
-3.3955,-3.3821,-0.0065185,0.00047122,-2,0,223
-1.9955,0.2597,-0.0065185,0.00047122,-2,0,223
1.7045,2.7619,-3.0065,0.00047122,1,1,223
-2.9955,2.5679,-0.0065185,0.00047122,-2,0,223
3.0045,3.3222,-0.0065185,0.00047122,-2,1,223
3.0045,3.659,-0.0065185,0.00047122,-2,1,223
1.0045,1.5629,-0.0065185,0.00047122,-2,1,223
-2.9955,-2.5189,-0.0065185,0.00047122,-2,0,223
2.5545,2.5679,-2.0065,0.00047122,1,0,223
0.0044729,0.017889,-0.0065185,0.00047122,-2,1,223
4.0045,-2.5586,-0.0065185,0.00047122,-2,1,223
5.0045,4.0562,-0.0065185,0.00047122,-2,1,223
-3.9955,-3.9821,-0.0065185,0.00047122,-2,0,223
3.4045,2.4744,4.9935,0.00047122,1,1,223
4.0045,3.6773,-0.0065185,0.00047122,-2,1,223
-3.9955,-3.9821,-0.0065185,0.00047122,-2,0,223
3.0045,2.4812,-0.0065185,0.00047122,-2,1,223
-3.9955,-2.5321,-0.0065185,0.00047122,-2,0,223
-4.9955,-4.9821,-0.0065185,0.00047122,-2,0,223
4.2545,2.9079,4.9935,0.00047122,1,1,223
1.0045,1.0179,-0.0065185,0.00047122,-2,1,223
0.0044729,3.441,-0.0065185,0.00047122,-2,0,223
-0.99553,2.0885,-0.0065185,0.00047122,-2,0,223
3.0045,-2.5921,-0.0065185,0.00047122,-2,1,223
0.0044729,0.017889,-0.0065185,0.00047122,-2,0,223
-1.9955,-3.8679,-0.0065185,0.00047122,-2,0,223
1.7045,-1.8245,4.9935,0.00047122,1,0,223
-0.99553,3.2679,-0.0065185,0.00047122,-2,0,223
-2.9955,-4.8229,-0.0065185,0.00047122,-2,0,223
6.5545,2.5679,-0.0065185,0.00047122,-2,1,223
4.172,2.9053,-0.0065185,0.00047122,-2,1,223
3.5468,4.7503,2.9935,0.00047122,1,0,223
3.4495,3.209,-0.0065185,0.00047122,-2,1,223
-0.69553,-2.6151,-0.0065185,0.00047122,-2,1,223
-0.84553,3.2377,-0.0065185,0.00047122,-2,0,223
0.72697,-1.4907,4.9935,0.00047122,1,1,223
2.6186,0.73558,-0.0065185,0.00047122,-2,1,223
-5.5175,-5.5041,-0.0065185,0.00047122,-2,0,223
4.4482,3.0914,-0.0065185,0.00047122,-2,1,223
-4.3727,-1.8046,-0.0065185,0.00047122,-2,0,223
0.32505,2.7485,-0.0065185,0.00047122,-2,1,223
-1.268,-0.2546,-0.0065185,0.00047122,-2,0,223
1.0861,0.38427,-2.0065,0.00047122,1,1,223
-4.1924,2.129,-0.0065185,0.00047122,-2,0,223
-1.1629,-0.63269,-0.0065185,0.00047122,-2,0,223
-3.1378,-3.0144,-0.0065185,0.00047122,-2,0,223
3.1254,2.7654,-0.0065185,0.00047122,-2,1,223
-0.098297,-0.084881,-0.0065185,0.00047122,-2,0,223
-0.082881,-1.9118,3.9935,0.00047122,1,0,223
-0.069778,3.3436,-0.0065185,0.00047122,-2,0,223
0.94136,0.14967,-0.0065185,0.00047122,-2,0,223
-0.79188,-0.94413,3.9935,0.00047122,1,0,223
0.72697,-3.3821,-0.0065185,0.00047122,-2,0,223
1.0045,-0.59624,-0.0065185,0.00047122,-2,1,223
-0.99553,-0.86506,-0.0065185,0.00047122,-2,0,223
-2.9955,-2.9821,-0.0065185,0.00047122,-2,0,223
3.0045,0.74039,-0.0065185,0.00047122,-2,1,223
-0.99553,-2.5321,-0.0065185,0.00047122,-2,0,223
0.0044729,0.86789,-0.0065185,0.00047122,-2,1,223
0.0044729,0.0032706,3.9935,0.00047122,1,0,223
-0.99553,3.4055,-0.0065185,0.00047122,-2,0,223
2.0045,2.0179,-0.0065185,0.00047122,-2,1,223
-4.9955,-0.70461,-0.0065185,0.00047122,-2,0,223
4.2545,4.2679,-4.0065,0.00047122,1,1,223
-2.9955,3.4114,-0.0065185,0.00047122,-2,0,223
-1.9955,-1.9821,-0.0065185,0.00047122,-2,0,223
-0.99553,-2.1543,-0.0065185,0.00047122,-2,0,223
-0.84553,-0.83609,-3.0065,0.00047122,1,0,223
1.0045,-2.5355,-0.0065185,0.00047122,-2,1,223
2.1545,2.1854,-0.0065185,0.00047122,-2,1,223
4.5545,2.0179,-0.0065185,0.00047122,-2,1,223
-2.163,-1.5355,-0.0065185,0.00047122,-2,0,223
4.8468,0.017889,-0.0065185,0.00047122,-2,1,223
-5.5615,-2.5321,-0.0065185,0.00047122,-2,0,223
-6.3266,-4.7132,-0.0065185,0.00047122,-2,0,223
-5.377,-5.3636,3.9935,0.00047122,1,0,223
-5.9573,2.4562,-0.0065185,0.00047122,-2,0,223
-3.813,-5.0496,-0.0065185,0.00047122,-2,0,223
-1.6904,-0.98211,-0.0065185,0.00047122,-2,0,223
3.5951,2.1854,-0.0065185,0.00047122,-2,1,223
-3.0476,-2.5321,-5.0065,0.00047122,1,0,223
-2.4223,-2.4088,-0.0065185,0.00047122,-2,0,223
-2.3582,-3.9573,-0.0065185,0.00047122,-2,0,223
-1.3038,-1.6821,-0.0065185,0.00047122,-2,0,223
1.1165,0.86789,-4.0065,0.00047122,1,1,223
4.2272,4.0179,-0.0065185,0.00047122,-2,1,223
4.1938,4.0179,-0.0065185,0.00047122,-2,1,223
-3.5565,-0.14305,-0.0065185,0.00047122,-1,0,223
1.1413,1.0179,-0.0065185,0.00047122,-2,1,223
-1.1118,-1.0984,-0.0065185,0.00047122,-2,0,223
-0.094364,1.4277,-0.0065185,0.00047122,-2,0,223
-0.079538,-0.066123,1.9935,0.00047122,1,0,223
-5.0669,1.7179,-0.0065185,0.00047122,-2,0,223
-4.0562,-3.9821,-0.0065185,0.00047122,-2,0,223
-4.0471,-4.0337,-0.0065185,0.00047122,-2,0,223
3.0483,3.0885,-0.0065185,0.00047122,-2,1,223
2.0417,2.0179,-0.0065185,0.00047122,-2,1,223
-2.0272,-2.0138,-0.0065185,0.00047122,-2,0,223
-4.0225,-4.009,-0.0065185,0.00047122,-2,0,223
4.0274,4.0179,-0.0065185,0.00047122,-2,1,223
-4.015,-1.3132,-0.0065185,0.00047122,-2,0,223
-4.0121,-3.9987,-0.0065185,0.00047122,-2,0,223
-3.4096,-2.8862,-2.0065,0.00047122,1,0,223
2.0164,2.0179,-0.0065185,0.00047122,-2,1,223
-1.0057,-1.4271,-0.0065185,0.00047122,-2,0,223
0.86311,0.86789,2.9935,0.00047122,1,1,223
-0.72537,-2.5321,-5.0065,0.00047122,1,0,223
-0.98929,4.2679,-0.0065185,0.00047122,-2,1,223
-1.9902,-1.9821,-0.0065185,0.00047122,-2,0,223
3.7045,0.73588,-0.0065185,0.00047122,-2,1,223
-1.4405,-3.1271,-0.0065185,0.00047122,-2,0,223
-4.2238,-4.2104,-0.0065185,0.00047122,-2,0,223
4.7588,4.1722,-0.0065185,0.00047122,-2,1,224
-1.6367,-4.0233,-0.0065185,0.00047122,-2,0,224
-2.4505,0.54731,-0.0065185,0.00047122,-2,0,224
2.5545,2.1047,-0.0065185,0.00047122,-2,1,224
0.83697,3.632,-0.0065185,0.00047122,-2,0,224
1.1621,3.5399,-0.0065185,0.00047122,-2,1,224
5.5545,3.0179,-0.0065185,0.00047122,-2,1,224
-7.163,-0.8185,-0.0065185,0.00047122,-2,0,224
2.8468,6.1103,-0.0065185,0.00047122,-2,1,224
-1.5615,-2.3981,-0.0065185,0.00047122,-2,0,224
-1.3266,-1.3132,-0.0065185,0.00047122,-2,0,224
3.1359,2.0179,-0.0065185,0.00047122,-2,1,224
2.6662,0.017889,-4.0065,0.00047122,1,1,224
-0.17806,-0.98211,-0.0065185,0.00047122,-2,1,224
1.3096,2.213,-0.0065185,0.00047122,-2,1,224
-3.6955,-2.4386,-0.0065185,0.00047122,-2,0,224
-2.4405,-3.0701,-0.0065185,0.00047122,-2,0,224
-3.2238,-2.6554,-0.0065185,0.00047122,-2,0,224
-2.7395,-3.1907,1.9935,0.00047122,1,0,224
3.8919,-0.3998,-0.0065185,0.00047122,-2,1,224
-3.7498,-3.7364,-0.0065185,0.00047122,-2,0,224
1.6456,1.9444,-0.0065185,0.00047122,-2,1,224
-4.5405,-2.3695,-0.0065185,0.00047122,-2,0,224
3.8677,4.0873,-4.0065,0.00047122,1,1,224
-4.3893,-4.3759,-0.0065185,0.00047122,-2,0,224
3.3392,3.5015,-0.0065185,0.00047122,-2,1,224
-3.28,-3.2666,-0.0065185,0.00047122,-2,0,224
-5.2373,1.8641,-0.0065185,0.00047122,-2,0,224
-5.2011,-5.2791,-0.0065185,0.00047122,-2,0,224
-5.1702,-5.1568,-0.0065185,0.00047122,-2,0,224
-4.394,-3.2012,3.9935,0.00047122,1,0,224
-3.1218,3.2917,-0.0065185,0.00047122,-2,0,224
-3.1028,-3.0894,-0.0065185,0.00047122,-2,0,224
-1.0867,-1.1139,-0.0065185,0.00047122,-2,0,224
0.92695,0.90587,-0.0065185,0.00047122,-2,0,224
-3.9296,1.6791,-0.0065185,0.00047122,-2,0,224
-5.3955,-0.651,-0.0065185,0.00047122,-2,0,224
2.8945,-1.1612,-0.0065185,0.00047122,-2,1,224
1.461,-1.9438,-0.0065185,0.00047122,-2,1,224
-1.2336,0.83536,-3.0065,0.00047122,1,0,224
-1.2207,-1.2073,-0.0065185,0.00047122,-2,0,224
-2.5455,-2.5321,-0.0065185,0.00047122,-2,0,224
5.172,2.6874,-0.0065185,0.00047122,-2,1,224
-4.3879,-4.3745,3.9935,0.00047122,1,0,224
-2.5615,-2.5481,-0.0065185,0.00047122,-2,0,224
-0.32664,-0.31323,-0.0065185,0.00047122,-2,0,224
-1.127,3.4361,-0.0065185,0.00047122,-2,0,224
-0.033796,-0.02038,-0.0065185,0.00047122,-2,0,224
3.8545,1.5627,-0.0065185,0.00047122,-2,1,224
3.277,2.5679,-2.0065,0.00047122,1,1,224
4.6186,-1.6821,-0.0065185,0.00047122,-2,1,224
-3.5175,-3.9041,-0.0065185,0.00047122,-2,0,224
-2.4392,-2.4258,-0.0065185,0.00047122,-2,0,224
1.3816,2.1854,-0.0065185,0.00047122,-2,0,224
-3.8455,-1.1527,-0.0065185,0.00047122,-2,0,224
6.5545,4.1339,-0.0065185,0.00047122,-2,1,224
5.572,5.5854,-3.0065,0.00047122,1,0,224
-4.8855,-3.069,-0.0065185,0.00047122,-2,0,224
3.7045,-0.44961,-0.0065185,0.00047122,-2,0,224
5.7045,2.1755,-0.0065185,0.00047122,-2,1,224
-7.3955,-1.548,-0.0065185,0.00047122,-2,0,224
4.8945,4.9079,-0.0065185,0.00047122,-2,1,224
0.46097,2.9952,-0.0065185,0.00047122,-2,1,224
0.3925,0.40591,2.9935,0.00047122,1,0,224
3.4495,1.3998,-0.0065185,0.00047122,-2,1,224
-2.2238,-2.9104,-0.0065185,0.00047122,-2,0,224
-1.0395,1.0103,-0.0065185,0.00047122,-2,0,224
1.8919,1.9053,-0.0065185,0.00047122,-2,1,224
-1.7498,0.349,-0.0065185,0.00047122,-2,0,224
-1.4867,1.1493,3.9935,0.00047122,1,0,224
5.5495,-2.8371,-0.0065185,0.00047122,-2,1,224
-5.4588,-4.6953,-0.0065185,0.00047122,-2,0,224
-2.3893,-1.2873,-0.0065185,0.00047122,-2,0,224
-1.3302,-0.39149,-0.0065185,0.00047122,-2,0,224
1.139,3.373,-4.0065,0.00047122,1,1,224
-2.2373,3.1761,-0.0065185,0.00047122,-2,0,224
-2.2011,-1.3194,-0.0065185,0.00047122,-2,0,224
4.1792,4.1926,-0.0065185,0.00047122,-2,1,224
-3.144,-2.72,-0.0065185,0.00047122,-2,0,224
-1.1218,-0.75936,-0.0065185,0.00047122,-2,0,224
-0.95282,-0.83678,3.9935,0.00047122,1,0,224
-3.0867,-2.8212,-0.0065185,0.00047122,-2,0,224
0.081992,-2.7946,-0.0065185,0.00047122,-2,1,224
-1.0614,-0.86583,-0.0065185,0.00047122,-2,0,224
-1.0515,-0.038119,-0.0065185,0.00047122,-2,0,224
1.0521,0.9155,-0.0065185,0.00047122,-2,1,224
-1.036,-0.9107,-0.0065185,0.00047122,-2,0,224
-0.87992,-0.73901,-5.0065,0.00047122,1,0,224
-1.0248,-4.1805,-0.0065185,0.00047122,-2,0,224
4.0293,4.0427,-0.0065185,0.00047122,-2,1,224
3.0256,3.039,-0.0065185,0.00047122,-2,1,224
-2.0135,-0.61419,-0.0065185,0.00047122,-2,0,224
1.7197,1.7332,4.9935,0.00047122,1,1,224
-3.0085,-2.9592,-0.0065185,0.00047122,-2,0,224
-4.0066,-3.9627,-0.0065185,0.00047122,-2,0,224
-1.0049,-3.0621,-0.0065185,0.00047122,-2,0,224
0.86244,0.87586,-4.0065,0.00047122,1,1,224
5.0112,5.0247,-0.0065185,0.00047122,-2,1,224
-1.0013,-0.97195,-0.0065185,0.00047122,-2,0,224
3.0094,3.0228,-0.0065185,0.00047122,-2,1,224
5.0086,5.022,-0.0065185,0.00047122,-2,1,224
5.008,5.0214,-0.0065185,0.00047122,-2,1,224
-3.9985,1.5235,-0.0065185,0.00047122,-2,0,224
3.407,3.4204,-4.0065,0.00047122,1,1,224
-3.9977,3.4217,-0.0065185,0.00047122,-2,0,224
5.0063,3.4197,-0.0065185,0.00047122,-2,1,224
5.006,5.0195,-0.0065185,0.00047122,-2,1,224
-2.9969,-3.5959,-0.0065185,0.00047122,-2,0,224
-3.9967,-3.9832,-0.0065185,0.00047122,-2,0,224
3.4054,2.1864,-2.0065,0.00047122,1,1,224
-3.9963,1.7171,-0.0065185,0.00047122,-2,0,224
-4.9962,-4.9828,-0.0065185,0.00047122,-2,0,224
-3.9961,-3.9827,-0.0065185,0.00047122,-2,0,224
-3.996,-3.9826,-0.0065185,0.00047122,-2,0,224
-3.396,-2.0694,3.9935,0.00047122,1,0,224
3.0048,3.0183,-0.0065185,0.00047122,-2,1,224
-2.9958,2.9084,-0.0065185,0.00047122,-2,0,224
-1.9958,-1.9824,-0.0065185,0.00047122,-2,0,224
-2.9958,-2.9823,-0.0065185,0.00047122,-2,0,224
4.0047,1.8605,-0.0065185,0.00047122,-2,1,224
3.0046,3.018,-0.0065185,0.00047122,-2,1,224
-0.99539,-0.98197,-0.0065185,0.00047122,-2,1,224
0.85436,-2.4384,3.9935,0.00047122,1,0,224
-0.99563,3.4181,-0.0065185,0.00047122,-2,0,224
3.0044,3.018,-0.0065185,0.00047122,-2,1,224
-5.5455,-2.532,-0.0065185,0.00047122,-2,0,224
4.722,4.7354,2.9935,0.00047122,1,1,224
6.8468,2.0459,-0.0065185,0.00047122,-2,1,224
4.5705,5.8339,-0.0065185,0.00047122,-2,1,224
4.3356,2.1907,-0.0065185,0.00047122,-2,1,224
3.6859,3.6993,-4.0065,0.00047122,1,1,224
5.9662,5.9796,-0.0065185,0.00047122,-2,1,224
4.8219,-3.1037,-0.0065185,0.00047122,-2,1,224
4.6993,3.821,-0.0065185,0.00047122,-2,1,224
-5.5862,-5.5727,-0.0065185,0.00047122,-2,0,224
2.5065,1.8756,-0.0065185,0.00047122,-2,1,224
4.4312,1.985,-0.0065185,0.00047122,-2,1,224
3.3672,3.3806,-0.0065185,0.00047122,-2,1,224
-2.8538,-3.1804,3.9935,0.00047122,1,0,224
-4.2576,-4.2442,-0.0065185,0.00047122,-2,0,224
5.2272,4.9548,-0.0065185,0.00047122,-2,1,224
5.1938,4.9642,-0.0065185,0.00047122,-2,1,224
-3.1565,-3.1431,-0.0065185,0.00047122,-2,0,224
2.6913,-1.6201,2.9935,0.00047122,1,1,224
4.1208,3.9849,-0.0065185,0.00047122,-2,1,224
-4.0944,-2.2484,-0.0065185,0.00047122,-2,0,224
3.0885,3.3941,-0.0065185,0.00047122,-2,1,224
-2.6169,-2.6035,-5.0065,0.00047122,1,0,224
-2.0562,-2.0428,-0.0065185,0.00047122,-2,0,224
-0.047121,-0.033705,-0.0065185,0.00047122,-2,0,224
2.0483,2.0055,-0.0065185,0.00047122,-2,1,224
1.0417,2.6174,-0.0065185,0.00047122,-2,1,224
1.0362,1.0496,-0.0065185,0.00047122,-2,1,224
2.0314,0.73276,-0.0065185,0.00047122,-2,1,224
1.7274,1.7408,-2.0065,0.00047122,1,1,224
-2.015,1.6984,-0.0065185,0.00047122,-2,0,224
-2.0121,-1.9987,-0.0065185,0.00047122,-2,0,224
1.0185,1.4769,-0.0065185,0.00047122,-2,1,224
4.0164,4.0298,-0.0065185,0.00047122,-2,1,224
3.0146,0.73751,-0.0065185,0.00047122,-2,1,224
-3.0042,-2.9907,-0.0065185,0.00047122,-2,0,224
-3.0029,-2.9894,-0.0065185,0.00047122,-2,0,224
-4.0018,-3.9883,-0.0065185,0.00047122,-2,0,224
3.0098,1.5892,-0.0065185,0.00047122,-2,1,224
0.0089798,2.5666,-0.0065185,0.00047122,-2,1,224
1.0006,1.0141,-0.0065185,0.00047122,-2,1,224
-3.8455,-2.9821,-0.0065185,0.00047122,-2,0,224
-4.718,-0.7054,-0.0065185,0.00047122,-2,0,224
1.6186,4.032,-0.0065185,0.00047122,-2,1,224
-1.3675,-0.83211,3.9935,0.00047122,1,0,224
-2.4392,-2.4258,-0.0065185,0.00047122,-2,0,224
-3.3727,-2.9821,-0.0065185,0.00047122,-2,0,224
-5.3161,2.4744,-0.0065185,0.00047122,-2,0,224
5.277,5.2904,-0.0065185,0.00047122,-2,1,224
-4.2271,-3.8262,-0.0065185,0.00047122,-2,0,224
2.6967,2.2954,0.99348,0.00047122,1,0,225
-0.16303,0.30689,-0.0065185,0.00047122,-2,1,225
2.1621,2.1755,-0.0065185,0.00047122,-2,1,225
-3.4295,-4.368,-0.0065185,0.00047122,-2,0,225
-1.6644,-2.4601,-0.0065185,0.00047122,-2,0,225
0.13592,-0.53841,-0.0065185,0.00047122,-2,1,225
-0.14553,-0.093843,-0.0065185,0.00047122,-2,0,225
-2.273,-2.2596,-0.0065185,0.00047122,-2,0,225
3.3903,3.3767,-0.0065185,0.00047122,-2,1,225
-3.4735,-3.4601,-0.0065185,0.00047122,-2,0,225
4.5608,0.09619,-0.0065185,0.00047122,-2,1,225
3.6273,3.6407,-0.0065185,0.00047122,-2,1,225
3.0839,3.6973,-0.0065185,4.0005,-1,1,225
-0.26802,-0.26659,-0.0065185,0.00047122,-2,1,225
0.77286,0.77608,-0.0065185,0.00047122,-2,0,225
0.85447,0.67101,-0.0065185,0.00047122,-2,0,225
0.28197,-0.86786,-0.0065185,0.00047122,-2,1,225
-0.2314,1.6208,-4.0065,0.00047122,1,1,225
0.28197,1.0179,-0.0065185,0.00047122,-2,0,225
2.8545,2.8679,-0.0065185,0.00047122,-2,1,225
-1.2955,2.095,-0.0065185,0.00047122,-2,0,225
-1.5455,-1.5321,-0.0065185,0.00047122,-2,0,225
-1.313,-1.4844,-4.0065,0.00047122,1,0,225
0.1621,-5.2245,-0.0065185,0.00047122,-2,1,225
4.7045,-2.6752,-0.0065185,0.00047122,-2,1,225
6.4495,6.4629,-0.0065185,0.00047122,-2,0,225
2.2545,2.2679,-0.0065185,0.00047122,-2,1,225
-2.2955,-0.12449,-0.0065185,0.00047122,-2,1,225
-0.59553,-0.58211,-0.0065185,0.00047122,-2,1,225
0.51447,2.0868,-5.0065,0.00047122,1,0,225
-2.8855,-1.0721,-0.0065185,0.00047122,-2,0,225
4.0045,2.4744,-0.0065185,0.00047122,-2,1,225
-2.9955,0.088514,-0.0065185,0.00047122,-2,0,225
4.0045,4.0179,-0.0065185,0.00047122,-2,1,225
-1.9955,-0.22008,-0.0065185,0.00047122,-2,0,225
-1.9955,0.20364,-0.0065185,0.00047122,-2,0,225
1.0045,-1.6821,-0.0065185,0.00047122,-2,0,225
2.0045,-0.83211,-0.0065185,0.00047122,-2,1,225
-1.6955,-1.6821,-5.0065,0.00047122,1,0,225
-2.9955,-1.9977,-0.0065185,0.00047122,-2,0,225
-1.9955,-2.7579,-0.0065185,0.00047122,-2,0,225
-1.9955,-1.2709,-0.0065185,0.00047122,-2,0,225
-1.6955,-1.4271,1.9935,0.00047122,1,0,225
2.0045,-1.6821,-0.0065185,0.00047122,-2,0,225
3.3045,1.8997,-0.0065185,0.00047122,-2,1,225
2.5595,2.8229,-0.0065185,0.00047122,-2,1,225
2.7762,4.4619,-0.0065185,0.00047122,-2,1,225
3.9605,2.3739,-0.0065185,0.00047122,-2,1,225
3.3671,5.0222,4.9935,0.00047122,1,1,225
1.2502,3.5136,-0.0065185,0.00047122,-2,1,225
2.3633,1.0767,-0.0065185,0.00047122,-2,1,225
-1.4505,-2.9953,-0.0065185,0.00047122,-2,1,225
3.7045,1.7222,-0.0065185,0.00047122,-2,1,225
-3.1405,-5.6821,-0.0065185,-3.9995,-1,1,225
-5.2238,-7.3821,-0.0065185,0.00047122,-2,1,225
4.4485,0.77742,-4.0065,0.00047122,1,1,225
5.8945,2.7761,-0.0065185,0.00047122,-2,0,225
3.5545,-0.32211,-0.0065185,0.00047122,-2,0,225
-0.82803,-0.81461,-0.0065185,0.00047122,-2,1,225
1.5545,1.0593,-0.0065185,0.00047122,-2,1,225
0.15447,-0.26442,-0.0065185,0.00047122,-2,0,225
0.13197,-4.1321,-0.0065185,-4.9995,-1,0,225
-0.1039,-0.090486,4.9935,0.00047122,1,0,225
1.5265,1.5399,-0.0065185,0.00047122,-2,1,225
1.8545,3.951,-0.0065185,0.00047122,-2,1,225
-2.718,-2.7046,-0.0065185,0.00047122,-2,0,225
2.6186,0.97201,-0.0065185,0.00047122,-2,1,225
2.5265,2.2148,-0.0065185,0.00047122,-2,1,225
2.1482,1.6302,2.9935,0.00047122,1,0,225
-0.55053,0.56789,-0.0065185,0.00047122,-2,0,225
2.7762,-1.3467,-0.0065185,0.00047122,-2,0,225
-0.39553,2.1328,-0.0065185,0.00047122,-2,0,225
-2.4455,-1.3061,-0.0065185,0.00047122,-2,0,225
-2.078,-2.901,-4.0065,0.00047122,1,1,225
-7.608,-7.3821,-0.0065185,0.00047122,-2,1,225
5.0751,1.5225,-0.0065185,0.00047122,-2,0,225
-6.6056,-4.1386,-0.0065185,0.00047122,-2,0,225
-8.3955,-6.4271,-0.0065185,0.00047122,-2,0,225
-6.8855,-5.2104,-0.0065185,0.00047122,-2,0,225
-5.852,-2.629,-5.0065,0.00047122,1,0,225
-7.0836,-5.8695,-0.0065185,0.00047122,-2,0,225
-5.7703,-4.7364,-0.0065185,0.00047122,-2,0,225
-4.5041,-3.6233,-0.0065185,0.00047122,-2,0,225
3.2868,3.3002,-0.0065185,0.00047122,-2,1,225
-2.0855,-1.4453,-0.0065185,0.00047122,-2,1,225
1.8545,1.7944,-0.0065185,0.00047122,-2,1,225
-1.568,-2.3725,-5.0065,0.00047122,1,1,225
-1.6097,-4.9546,-0.0065185,0.00047122,-2,1,225
-4.4735,4.4804,-0.0065185,0.00047122,-2,0,225
4.5608,4.0335,-0.0065185,0.00047122,-2,1,225
2.6273,2.7937,-0.0065185,0.00047122,-2,1,225
2.2339,1.8567,2.9935,0.00047122,1,1,225
-0.72304,0.90364,-0.0065185,0.00047122,-2,0,225
0.77286,0.5825,-0.0065185,0.00047122,-2,1,225
4.8076,4.5811,-0.0065185,0.00047122,-2,1,225
-4.0782,0.45347,2.9935,0.00047122,1,0,225
-2.8533,-1.9977,-0.0065185,0.00047122,-2,0,225
2.8836,-2.9863,-0.0065185,0.00047122,-2,1,225
-2.8928,-1.8209,-0.0065185,0.00047122,-2,0,225
-1.9082,-1.3776,-0.0065185,0.00047122,-2,0,225
-1.9213,-1.4683,-0.0065185,0.00047122,-2,0,225
-0.05864,1.4235,-0.0065185,0.00047122,-2,1,225
0.058119,0.38914,-5.0065,0.00047122,1,0,225
-3.0411,3.9523,-0.0065185,0.00047122,-2,1,225
3.0432,2.8361,-0.0065185,0.00047122,-2,0,225
-3.0285,-3.0552,-0.0065185,0.00047122,-2,1,225
-2.0235,-2.3434,-0.0065185,0.00047122,-2,1,225
-1.0193,-1.0349,-0.0065185,0.00047122,-2,1,225
-0.86576,-1.472,4.9935,0.00047122,1,1,225
2.9873,2.9797,-0.0065185,0.00047122,-2,1,225
-2.9809,-2.8809,-0.0065185,0.00047122,-2,0,225
0.99205,0.99032,-0.0065185,0.00047122,-2,1,225
-0.0060887,2.5548,-0.0065185,0.00047122,-2,1,225
0.01345,0.080016,-5.0065,0.00047122,1,0,225
1.9968,2.001,-0.0065185,0.00047122,-2,1,225
-4.989,-4.9372,-0.0065185,0.00047122,-2,0,225
3.999,4.0057,-0.0065185,0.00047122,-2,1,225
-3.9908,-3.9497,-0.0065185,0.00047122,-2,0,225
5.0005,2.2276,-0.0065185,0.00047122,-2,1,225
4.0011,3.9945,-0.0065185,0.00047122,-2,1,225
2.0016,3.624,-0.0065185,0.00047122,-2,1,225
1.702,1.701,2.9935,0.00047122,1,0,225
-1.5505,2.5633,-0.0065185,0.00047122,-2,1,225
3.5545,3.5679,-0.0065185,0.00047122,-2,0,225
-1.163,1.0586,-0.0065185,0.00047122,-2,1,225
-0.9879,0.86506,-3.0065,0.00047122,1,1,225
-2.5615,-2.5345,-0.0065185,0.00047122,-2,0,225
3.1545,3.1679,-0.0065185,0.00047122,-2,0,225
2.282,1.1755,-0.0065185,0.00047122,-2,0,225
-1.9314,1.5937,-3.0065,0.00047122,1,0,225
0.17197,-2.1307,-0.0065185,0.00047122,-2,1,225
0.84685,-1.677,-0.0065185,0.00047122,-2,1,225
-2.5615,2.0535,-0.0065185,0.00047122,-2,0,225
-4.3266,-2.4801,-0.0065185,0.00047122,-2,0,225
1.1359,1.349,-0.0065185,0.00047122,-2,1,225
-2.9573,-1.6194,-0.0065185,0.00047122,-2,0,225
5.8219,5.9796,-0.0065185,0.00047122,-2,1,225
4.9493,1.2791,2.9935,0.00047122,1,1,225
4.5951,3.2627,-0.0065185,0.00047122,-2,1,225
-1.4976,-0.79277,-0.0065185,0.00047122,-2,0,225
-3.4223,-2.8212,-0.0065185,0.00047122,-2,0,225
0.36719,2.3376,-0.0065185,0.00047122,-2,0,225
0.31278,0.38061,-3.0065,0.00047122,1,0,225
-1.9955,-1.9821,-0.0065185,0.00047122,-2,0,225
-2.9955,-0.64101,-0.0065185,0.00047122,-2,1,225
1.4545,2.1755,-0.0065185,0.00047122,-2,0,225
1.237,1.2504,-5.0065,0.00047122,1,0,225
1.1145,4.2679,-0.0065185,0.00047122,-2,0,225
-6.3955,-0.92561,-0.0065185,0.00047122,-2,0,225
-2.5455,-0.96471,-0.0065185,0.00047122,-2,1,225
4.0045,4.7954,-0.0065185,0.00047122,-2,1,225
-3.3955,-0.38211,-0.0065185,3.0005,-1,0,225
-1.8855,-2.8721,-0.0065185,0.00047122,-2,0,225
1.611,0.499,-4.0065,0.00047122,1,0,225
-2.273,0.41789,-0.0065185,0.00047122,-2,0,225
-1.4455,1.9538,-0.0065185,0.00047122,-2,1,225
-0.82803,-0.81461,-0.0065185,0.00047122,-2,0,225
-2.5455,-2.5321,-0.0065185,0.00047122,-2,1,225
-0.99553,2.4744,-0.0065185,0.00047122,-2,0,225
4.0045,0.86789,-0.0065185,0.00047122,-2,1,225
-0.99553,-3.3821,-0.0065185,0.00047122,-2,0,225
2.0045,0.86789,-0.0065185,0.00047122,-2,1,225
-0.99553,-1.6821,-0.0065185,0.00047122,-2,0,225
2.0045,0.86789,-0.0065185,0.00047122,-2,1,225
-0.99553,-1.3932,-0.0065185,0.00047122,-2,0,225
-1.9955,-1.9821,-0.0065185,0.00047122,-2,1,225
-2.9955,-1.2104,-0.0065185,0.00047122,-2,1,225
-2.5455,-2.0261,-0.0065185,-0.99953,-1,0,225
-2.163,-2.3642,-4.0065,0.00047122,1,0,225
1.0045,1.7404,-0.0065185,0.00047122,-2,0,225
-4.8455,-3.0271,-0.0065185,0.00047122,-2,0,225
-4.118,-5.3821,-0.0065185,-1.9995,-1,0,225
-7.8855,-7.8721,-0.0065185,0.00047122,-2,0,225
-6.452,-4.0773,-0.0065185,0.00047122,-2,0,225
1.4045,3.9399,-0.0065185,0.00047122,-2,0,226
-1.8855,1.6085,-0.0065185,0.00047122,-2,0,226
-3.1455,-0.99361,-0.0065185,0.00047122,-2,1,226
0.60447,1.9299,-0.0065185,0.00047122,-2,1,226
1.1145,2.2431,-0.0065185,0.00047122,-2,1,226
1.548,2.5093,-0.0065185,0.00047122,-2,0,226
-3.3955,-0.42582,-0.0065185,0.00047122,-2,1,226
2.8945,-0.092111,-0.0065185,-2.9995,-1,0,226
2.548,4.6973,-0.0065185,0.00047122,-2,0,226
-3.2455,-2.1441,-0.0065185,0.00047122,-2,0,226
3.1545,3.1679,-0.0065185,0.00047122,-2,0,226
-2.3955,-1.8735,-0.0065185,0.00047122,-2,0,226
-2.0355,0.5127,3.9935,0.00047122,1,0,226
-0.27303,-0.25961,-0.0065185,0.00047122,-2,0,226
1.6186,3.8344,-0.0065185,0.00047122,-2,1,226
-0.84553,-2.9606,-0.0065185,0.00047122,-2,0,226
-0.71803,-2.0701,-0.0065185,0.00047122,-2,0,226
-2.3814,1.7927,-0.0065185,0.00047122,-2,1,226
2.0325,1.0593,-5.0065,0.00047122,1,1,226
-4.163,4.7116,-0.0065185,0.00047122,-2,0,226
2.8468,3.5603,-0.0065185,0.00047122,-2,1,226
-2.5615,-2.3981,-0.0065185,0.00047122,-2,1,226
-0.84553,1.7779,-0.0065185,0.00047122,-2,1,226
-0.71803,-0.59624,4.9935,0.00047122,1,0,226
-0.99553,-0.98211,-0.0065185,0.00047122,-2,1,226
0.15447,0.16789,-0.0065185,0.00047122,-2,0,226
-3.8455,-0.38841,-0.0065185,0.00047122,-2,0,226
4.5545,2.2508,-0.0065185,0.00047122,-2,0,226
1.7045,2.2364,-0.0065185,0.00047122,-2,0,226
0.44947,3.3053,-0.0065185,0.00047122,-2,0,226
-0.37378,-0.36036,3.9935,0.00047122,1,0,226
4.282,1.6179,-0.0065185,0.00047122,-2,0,226
6.2545,6.2679,-0.0065185,0.00047122,-2,0,226
7.617,7.6304,-0.0065185,0.00047122,-2,1,226
4.4045,0.4109,-0.0065185,0.00047122,-2,0,226
3.8545,3.7291,-0.0065185,0.00047122,-2,1,226
2.5545,3.1969,-0.0065185,0.00047122,-2,0,226
-2.9955,-2.7637,-0.0065185,0.00047122,-2,0,226
2.5545,2.5679,-0.0065185,0.00047122,-2,0,226
-2.163,-1.5481,-2.0065,0.00047122,1,1,226
2.0045,1.7179,-0.0065185,0.00047122,-2,0,226
4.0045,1.7179,-0.0065185,0.00047122,-2,0,226
2.0045,2.0179,-0.0065185,0.00047122,-2,0,226
1.7045,2.9079,-5.0065,0.00047122,1,0,226
3.0045,3.0179,-0.0065185,0.00047122,-2,1,226
-6.5455,-0.36961,-0.0065185,0.00047122,-2,0,226
6.172,6.1854,-0.0065185,0.00047122,-2,1,226
-6.8379,-2.3721,-0.0065185,0.00047122,-2,0,226
4.5705,-2.2006,-0.0065185,0.00047122,-2,1,226
-3.8766,-0.64636,-3.0065,0.00047122,1,0,226
5.1359,5.1493,-0.0065185,0.00047122,-2,1,226
3.9662,0.82294,-0.0065185,0.00047122,-2,1,226
-2.813,-1.374,-0.0065185,0.00047122,-2,0,226
-2.3904,0.0022608,-0.0065185,-0.99953,-1,0,226
-2.0312,3.8546,-0.0065185,3.0005,-1,1,226
-2.2238,1.5679,-0.0065185,0.00047122,-2,1,226
1.8985,1.4886,3.9935,0.00047122,1,0,226
1.8919,1.9053,-0.0065185,0.00047122,-2,1,226
4.8545,-0.69813,-0.0065185,0.00047122,-2,1,226
3.727,4.1404,-0.0065185,0.00047122,-2,1,226
-4.6097,-4.6201,-0.0065185,0.00047122,-2,0,226
3.5265,5.1927,-0.0065185,0.00047122,-2,1,226
-2.4392,-4.0407,-0.0065185,0.00047122,-2,0,226
2.0816,2.095,-2.0065,0.00047122,1,0,226
-4.4405,0.62793,-0.0065185,0.00047122,-2,0,226
3.5545,3.5679,-0.0065185,0.00047122,-2,1,226
1.172,1.1854,-0.0065185,0.00047122,-2,1,226
1.8468,1.8603,-0.0065185,0.00047122,-2,0,226
3.0045,3.7722,-0.0065185,0.00047122,-2,1,226
-2.5455,-0.46573,-5.0065,0.00047122,1,0,226
-4.163,-2.3932,-0.0065185,0.00047122,-2,0,226
6.8468,5.4728,-0.0065185,0.00047122,-2,1,226
5.5705,5.8339,-0.0065185,0.00047122,-2,1,226
4.3356,3.6703,-0.0065185,0.00047122,-2,1,226
3.6859,3.6993,-2.0065,0.00047122,1,1,226
-0.95726,-0.16451,-0.0065185,0.00047122,-2,0,226
3.8219,3.8354,-0.0065185,0.00047122,-2,1,226
-4.6904,-4.1139,-0.0065185,0.00047122,-2,0,226
-5.5862,-5.0941,-0.0065185,0.00047122,-2,0,226
4.5065,4.5199,-0.0065185,0.00047122,-2,1,226
3.8312,-0.30969,-3.0065,0.00047122,1,0,226
4.8945,1.3767,-0.0065185,0.00047122,-2,0,226
1.461,-3.1496,-0.0065185,0.00047122,-2,1,226
1.1545,1.1679,-0.0065185,0.00047122,-2,1,226
2.282,2.2954,-0.0065185,0.00047122,-2,1,226
-0.3814,-1.018,-0.0065185,0.00047122,-2,0,226
0.52648,-0.012634,-0.0065185,0.00047122,-2,1,226
-0.43923,-0.42582,1.9935,0.00047122,1,0,226
-2.9955,-2.9821,-0.0065185,0.00047122,-2,1,226
-0.44553,-4.4271,-0.0065185,0.00047122,-2,0,226
2.172,-1.2104,-0.0065185,0.00047122,-2,0,226
-1.8379,-1.9507,-0.0065185,0.00047122,-2,0,226
-1.5615,0.79801,-3.0065,0.00047122,1,1,226
-2.3266,-3.5321,-0.0065185,0.00047122,-2,0,226
-2.8455,-1.9821,-0.0065185,0.00047122,-2,1,226
-1.6955,-0.15963,-0.0065185,0.00047122,-2,0,226
-1.4405,-1.4271,3.9935,0.00047122,1,0,226
3.0045,-3.3821,-0.0065185,0.00047122,-2,0,226
-5.5455,-2.9758,-0.0065185,0.00047122,-2,0,226
-6.5455,-4.3593,-0.0065185,0.00047122,-2,0,226
7.172,0.097364,-0.0065185,0.00047122,-2,0,226
-6.2455,-4.5046,-0.0065185,0.00047122,-2,0,226
4.7045,0.20929,-0.0065185,0.00047122,-2,1,226
-3.9905,-2.729,-5.0065,0.00047122,1,0,226
-4.2238,-4.3995,-0.0065185,0.00047122,-2,0,226
-6.0395,-3.5761,-0.0065185,0.00047122,-2,0,226
-4.8829,-4.353,-0.0065185,0.00047122,-2,1,226
-5.3955,-5.3821,-0.0065185,0.00047122,-2,0,226
-4.6955,-4.7527,-0.0065185,0.00047122,-2,0,226
-3.9905,-3.0771,-5.0065,0.00047122,1,0,226
-2.2238,-1.4453,-0.0065185,0.00047122,-2,0,226
-6.0395,-5.3759,-0.0065185,0.00047122,-2,0,226
5.8919,3.4232,-0.0065185,0.00047122,-2,0,226
5.2545,3.6279,-0.0065185,0.00047122,-2,1,226
-4.458,-4.2358,-5.0065,0.00047122,1,1,226
-6.0662,-6.0527,-0.0065185,0.00047122,-2,0,226
6.5545,4.2445,-0.0065185,0.00047122,-2,0,226
-3.3955,-5.2202,-0.0065185,0.00047122,-2,1,226
1.1145,-2.8721,-0.0065185,0.00047122,-2,0,226
4.4045,1.1994,-0.0065185,0.00047122,-2,1,226
4.8545,0.86789,-0.0065185,0.00047122,-2,0,226
7.4045,7.4179,-0.0065185,0.00047122,-2,1,226
6.2945,3.4179,3.9935,0.00047122,1,1,226
6.8945,6.3079,-0.0065185,0.00047122,-2,1,226
5.461,2.0335,-0.0065185,0.00047122,-2,1,226
6.0925,3.1812,-0.0065185,0.00047122,-2,0,226
5.1793,5.1927,3.9935,0.00047122,1,1,226
4.5131,3.6145,-0.0065185,0.00047122,-2,0,226
0.45447,-4.6469,-0.0065185,0.00047122,-2,0,226
-0.54553,4.6419,-0.0065185,0.00047122,-2,0,226
-0.46303,-0.30724,3.9935,0.00047122,1,1,226
-2.8379,2.4179,-0.0065185,0.00047122,-2,1,226
-2.4115,-0.31988,-4.0065,0.00047122,1,1,226
-2.3266,-0.92561,-0.0065185,0.00047122,-2,1,226
-4.127,-4.1136,-0.0065185,0.00047122,-2,0,226
-5.5455,-5.5321,-0.0065185,0.00047122,-2,0,226
-4.163,-2.5962,-0.0065185,0.00047122,-2,0,226
0.1621,-0.54218,-0.0065185,0.00047122,-2,0,226
0.13845,1.2742,2.9935,0.00047122,1,0,226
2.6734,3.6407,-0.0065185,0.00047122,-2,0,226
0.87302,1.0539,-0.0065185,0.00047122,-2,1,226
-0.69553,-1.552,-0.0065185,0.00047122,-2,0,226
2.4495,2.4629,-0.0065185,0.00047122,-2,0,226
2.0827,0.6265,-5.0065,0.00047122,1,0,226
3.727,2.4038,-0.0065185,0.00047122,-2,1,226
5.5545,-2.9805,-0.0065185,0.00047122,-2,0,226
4.5545,4.7354,-0.0065185,0.00047122,-2,1,226
-3.863,-2.2682,-3.0065,0.00047122,1,0,226
-3.4405,-3.5481,-0.0065185,0.00047122,-2,0,226
6.2327,6.2461,-0.0065185,0.00047122,-2,0,226
0.25447,-2.1397,-0.0065185,0.00047122,-2,0,226
2.617,2.6304,-0.0065185,0.00047122,-2,0,226
0.075098,2.1665,-0.0065185,0.00047122,-2,0,226
3.6145,-1.4007,-0.0065185,0.00047122,-2,0,226
-3.0641,-3.0506,2.9935,0.00047122,1,0,226
-2.718,-2.7046,-0.0065185,0.00047122,-2,0,226
2.6186,1.3269,-0.0065185,0.00047122,-2,0,226
-2.6955,-2.6821,-0.0065185,0.00047122,-2,0,226
2.1545,2.1679,-0.0065185,0.00047122,-2,0,226
-3.273,-5.3132,-0.0065185,0.00047122,-2,0,226
-2.3955,0.99473,-0.0065185,0.00047122,-2,1,226
-1.1455,-1.1321,-0.0065185,0.00047122,-2,1,226
-1.273,-1.7161,-0.0065185,0.00047122,-2,0,226
1.3045,-1.305,-0.0065185,0.00047122,-2,0,226
-2.4405,0.79307,-0.0065185,0.00047122,-2,0,226
-2.2238,-2.2104,-0.0065185,0.00047122,-2,0,226
-3.0395,-3.0261,-0.0065185,0.00047122,-2,0,226
-0.88294,-1.4836,-0.0065185,0.00047122,-2,0,226
-2.7498,-2.7364,-0.0065185,0.00047122,-2,0,226
-2.3367,-0.62327,1.9935,0.00047122,1,0,226
1.5495,-1.0127,-0.0065185,0.00047122,-2,0,226
-1.8455,0.99965,-0.0065185,0.00047122,-2,0,226
-2.8455,-2.3759,-0.0065185,0.00047122,-2,1,226
-4.6955,-4.6821,-0.0065185,0.00047122,-2,0,226
-5.5455,-5.5321,-0.0065185,0.00047122,-2,0,226
3.1718,1.4369,-0.0065185,0.00047122,-2,0,227
2.1467,2.1601,-0.0065185,0.00047122,-2,0,227
-3.1164,-2.5607,-0.0065185,0.00047122,-2,0,227
-2.5455,-1.8245,-0.0065185,0.00047122,-2,0,227
1.172,1.6713,-0.0065185,0.00047122,-2,0,227
1.8545,1.8679,-0.0065185,0.00047122,-2,0,227
-2.8455,-0.41609,-0.0065185,0.00047122,-2,1,227
2.727,2.7404,-0.0065185,0.00047122,-2,1,227
-6.6955,1.1949,-0.0065185,0.00047122,-2,1,227
-6.2455,-1.0204,-0.0065185,0.00047122,-2,0,227
-5.6955,-5.2946,-0.0065185,0.00047122,-2,1,227
-7.3955,-7.0527,-0.0065185,0.00047122,-2,1,227
-6.2855,-3.7595,3.9935,0.00047122,1,0,227
-3.8855,1.1994,-0.0065185,0.00047122,-2,1,227
1.8545,2.5448,-0.0065185,0.00047122,-2,0,227
-0.71803,-1.5546,-0.0065185,0.00047122,-2,0,227
0.0044729,1.3803,-0.0065185,0.00047122,-2,0,227
0.0044729,-0.59624,-0.0065185,0.00047122,-2,0,227
0.0044729,1.0023,3.9935,0.00047122,1,0,227
3.0045,-1.2625,-0.0065185,0.00047122,-2,1,227
-3.9955,-1.8209,-0.0065185,0.00047122,-2,0,227
4.0045,0.96139,-0.0065185,0.00047122,-2,1,227
2.0045,1.504,-0.0065185,0.00047122,-2,1,227
-1.6955,-2.4353,3.9935,0.00047122,1,0,227
-3.9955,-3.6109,-0.0065185,0.00047122,-2,0,227
1.0045,-0.26442,-0.0065185,0.00047122,-2,1,227
0.0044729,0.28612,-0.0065185,0.00047122,-2,0,227
0.0044729,-2.2981,-0.0065185,0.00047122,-2,1,227
0.0044729,-0.17591,-0.0065185,0.00047122,-2,1,227
3.0045,2.8532,-0.0065185,0.00047122,-2,1,227
2.5545,-0.55108,-3.0065,0.00047122,1,1,227
2.0045,1.5343,-0.0065185,0.00047122,-2,1,227
1.0045,-2.5607,-0.0065185,0.00047122,-2,1,227
0.0044729,-0.0681,-0.0065185,0.00047122,-2,1,227
-1.9955,-0.63152,-0.0065185,0.00047122,-2,0,227
2.0045,1.4654,-0.0065185,0.00047122,-2,1,227
4.0045,3.9651,-0.0065185,0.00047122,-2,1,227
2.0045,1.973,-0.0065185,0.00047122,-2,1,227
-0.99553,-1.1722,-0.0065185,0.00047122,-2,0,227
0.85447,0.73611,3.9935,0.00047122,1,1,227
0.0044729,-0.094126,-0.0065185,0.00047122,-2,1,227
0.0044729,-0.0055425,-0.0065185,0.00047122,-2,1,227
0.0044729,2.3935,4.9935,0.00047122,1,1,227
0.0044729,4.251,2.9935,0.00047122,1,0,227
1.0045,-1.5321,-0.0065185,0.00047122,-2,0,227
0.85447,0.86789,-0.0065185,0.00047122,-2,0,227
-1.718,1.9054,-0.0065185,0.00047122,-2,1,227
0.39035,-0.86802,-0.0065185,0.00047122,-2,1,227
-3.4735,-3.4601,-0.0065185,0.00047122,-2,0,227
2.9608,0.71444,4.9935,0.00047122,1,0,227
1.8945,3.2679,-0.0065185,0.00047122,-2,1,227
1.1545,1.1679,-0.0065185,0.00047122,-2,1,227
-1.273,-1.7096,-0.0065185,0.00047122,-2,0,227
3.3903,0.16342,-0.0065185,0.00047122,-2,1,227
-1.4735,-3.1852,-0.0065185,0.00047122,-2,0,227
-0.43923,1.2742,-0.0065185,0.00047122,-2,1,227
-0.37268,-0.35926,-3.0065,0.00047122,1,0,227
-0.99553,-2.653,-0.0065185,0.00047122,-2,1,227
2.1545,-0.83211,-0.0065185,0.00047122,-2,1,227
-4.273,-4.8948,-0.0065185,0.00047122,-2,0,227
1.3903,1.5713,-0.0065185,0.00047122,-2,1,227
-2.5175,-2.0452,-0.0065185,0.00047122,-2,1,227
-2.4392,1.0192,-0.0065185,0.00047122,-2,1,227
-2.0727,-2.0593,-3.0065,0.00047122,1,0,227
-1.4405,-2.5321,-0.0065185,0.00047122,-2,1,227
-0.99553,-0.94917,-0.0065185,0.00047122,-2,0,227
-1.9955,-1.9541,-0.0065185,0.00047122,-2,0,227
5.0045,5.0179,-0.0065185,0.00047122,-2,1,227
-1.9955,-0.73641,-0.0065185,0.00047122,-2,1,227
1.7045,1.7351,-3.0065,0.00047122,1,0,227
3.0045,3.0179,-0.0065185,0.00047122,-2,1,227
4.0045,2.173,-0.0065185,0.00047122,-2,1,227
4.0045,3.4179,-0.0065185,0.00047122,-2,1,227
-2.9955,-2.9731,-0.0065185,0.00047122,-2,0,227
2.5545,2.9079,4.9935,0.00047122,1,0,227
1.172,2.4679,-0.0065185,0.00047122,-2,1,227
-2.8455,-2.8321,-0.0065185,0.00047122,-2,1,227
-2.718,-1.9868,-0.0065185,0.00047122,-2,1,227
-4.6097,2.0138,-0.0065185,0.00047122,-2,1,227
-0.51753,-3.9041,-0.0065185,0.00047122,-2,1,227
0.44818,0.020767,2.9935,0.00047122,1,0,227
0.62732,0.64074,-0.0065185,0.00047122,-2,1,227
0.6839,0.69731,-0.0065185,0.00047122,-2,1,227
-1.723,-1.9803,-0.0065185,0.00047122,-2,0,227
-2.2271,-2.2137,-0.0065185,0.00047122,-2,1,227
0.20135,0.019166,-0.0065185,0.00047122,-2,0,227
-2.1629,-1.1146,-0.0065185,0.00047122,-2,0,227
-1.8378,-1.8244,3.9935,0.00047122,1,0,227
-3.4405,2.6004,-0.0065185,0.00047122,-2,1,227
-3.6955,0.90789,-0.0065185,0.00047122,-2,1,227
-3.4405,0.47439,-0.0065185,0.00047122,-2,0,227
-2.9238,-2.9104,0.99348,0.00047122,1,1,227
-2.4845,-1.7804,-4.0065,0.00047122,1,1,227
1.1171,1.1305,-0.0065185,0.00047122,-2,1,227
4.2502,-3.6264,-0.0065185,0.00047122,-2,1,227
-2.3544,-4.7541,-0.0065185,0.00047122,-2,0,227
2.0095,2.0229,-3.0065,0.00047122,1,0,227
1.172,1.1854,-0.0065185,0.00047122,-2,1,227
3.1545,-2.9996,-0.0065185,0.00047122,-2,1,227
1.727,0.7454,-0.0065185,0.00047122,-2,1,227
0.85447,0.86789,-0.0065185,0.00047122,-2,1,227
-3.718,1.9524,-0.0065185,0.00047122,-2,0,227
-2.6097,-0.44409,-0.0065185,0.00047122,-2,0,227
-2.2175,0.09271,1.9935,0.00047122,1,0,227
1.4482,-1.2384,-0.0065185,0.00047122,-2,1,227
-3.3727,-1.6998,-0.0065185,0.00047122,-2,0,227
-2.3161,-0.89215,-0.0065185,0.00047122,-2,0,227
1.277,1.2904,-0.0065185,0.00047122,-2,1,227
1.2361,1.2495,-0.0065185,0.00047122,-2,1,227
-1.0424,0.24356,1.9935,0.00047122,1,1,227
0.28197,0.64074,-0.0065185,0.00047122,-2,1,227
-0.3814,-1.2849,-0.0065185,0.00047122,-2,0,227
1.5265,-0.21036,-0.0065185,0.00047122,-2,1,227
-2.1455,-2.1321,-0.0065185,0.00047122,-2,1,227
1.832,-0.90149,-5.0065,0.00047122,1,0,227
0.6186,4.882,-0.0065185,0.00047122,-2,0,227
-3.9955,-3.9821,-0.0065185,0.00047122,-2,0,227
0.40447,6.4885,-0.0065185,0.00047122,-2,1,227
0.11447,-0.32211,-0.0065185,0.00047122,-2,0,227
-1.539,-0.075611,-0.0065185,0.00047122,-2,1,227
-0.9075,-0.89409,-0.0065185,0.00047122,-2,0,227
2.5545,2.7648,-0.0065185,0.00047122,-2,1,227
2.172,2.4744,2.9935,0.00047122,1,1,227
1.1621,1.1755,-0.0065185,0.00047122,-2,0,227
-0.42951,-0.20729,-0.0065185,0.00047122,-2,1,227
-0.66441,3.1914,-0.0065185,0.00047122,-2,0,227
-0.56408,2.8662,-5.0065,0.00047122,1,0,227
-4.4405,-2.901,-0.0065185,0.00047122,-2,1,227
3.7827,4.8586,-0.0065185,0.00047122,1,0,227
-2.163,-2.1496,-0.0065185,0.00047122,-2,0,227
-1.8379,-2.5921,-3.0065,0.00047122,1,0,227
-1.9955,-1.9821,-0.0065185,0.00047122,-2,0,227
-2.6955,-2.6821,-0.0065185,0.00047122,-2,1,227
-0.84553,-0.83211,-0.0065185,0.00047122,-2,1,227
0.28197,0.29539,-0.0065185,0.00047122,-2,1,227
0.6186,-0.6991,-0.0065185,0.00047122,-2,0,227
-1.5175,-0.50412,-0.0065185,0.00047122,-2,0,227
1.8545,0.017889,-0.0065185,0.00047122,-2,1,227
-1.568,-0.83211,3.9935,0.00047122,1,1,227
-1.718,-1.7046,-0.0065185,0.00047122,-2,1,227
-1.6097,-1.5962,-0.0065185,0.00047122,-2,1,227
-1.5175,-1.5041,-0.0065185,0.00047122,-2,0,227
2.8545,2.395,-0.0065185,0.00047122,-2,1,227
2.427,-1.4364,4.9935,0.00047122,1,1,227
1.6186,1.632,-0.0065185,0.00047122,-2,1,227
-0.51753,-4.1166,-0.0065185,0.00047122,-2,0,227
-0.55182,-0.78524,-0.0065185,0.00047122,-2,1,227
-0.46838,0.18523,3.9935,0.00047122,1,1,227
1.6839,-3.7027,-0.0065185,0.00047122,-2,1,227
-2.2955,-6.8721,-0.0065185,0.00047122,-2,0,227
-0.39553,-0.38211,-0.0065185,0.00047122,-2,0,227
-1.8855,-1.8721,-0.0065185,0.00047122,-2,1,227
-0.14553,-0.13211,-0.0065185,0.00047122,-2,0,227
-1.1455,-0.019522,-0.0065185,0.00047122,-2,0,227
-0.97303,-1.6285,-3.0065,0.00047122,1,1,227
-1.6097,1.5679,-0.0065185,0.00047122,-2,0,227
2.5265,-2.6946,-0.0065185,0.00047122,-2,1,227
-1.4392,0.16026,-0.0065185,0.00047122,-2,0,227
-0.61838,0.89589,-0.0065185,0.00047122,-2,1,227
0.6839,2.199,-0.0065185,0.00047122,-2,1,227
-0.84553,-0.81188,-0.0065185,0.00047122,-2,0,227
-4.718,-0.70461,-0.0065185,0.00047122,-2,0,227
-4.6097,-3.9962,-0.0065185,0.00047122,-2,0,227
-5.5175,-5.4258,-0.0065185,0.00047122,-2,0,227
4.4482,3.285,-0.0065185,0.00047122,-2,1,227
4.3816,4.3385,-0.0065185,0.00047122,-2,1,227
-4.3161,-3.1927,-0.0065185,0.00047122,-2,0,227
-5.268,-5.2137,-0.0065185,0.00047122,-2,0,227
5.2361,3.1048,-0.0065185,0.00047122,-2,1,227
-4.4424,-4.429,-5.0065,0.00047122,1,0,227
3.1718,4.4101,-0.0065185,0.00047122,-2,1,227
-1.1378,-2.653,-0.0065185,0.00047122,-2,0,227
3.1254,0.97066,-0.0065185,0.00047122,-2,1,227
2.1072,2.1052,-0.0065185,0.00047122,-2,1,227
-2.0829,-2.2239,-0.0065185,0.00047122,-2,0,227
0.15447,1.0179,-0.0065185,0.00047122,-2,0,228
-5.718,-4.9821,-0.0065185,0.00047122,-2,0,228
3.6186,0.017889,-0.0065185,0.00047122,-2,0,228
1.5545,-0.98211,-0.0065185,0.00047122,-2,0,228
-0.16303,-2.5933,-0.0065185,0.00047122,-2,1,228
-0.1379,-1.9821,-0.0065185,-1.9995,-1,0,228
0.55947,0.57289,-0.0065185,0.00047122,-2,1,228
0.23272,-0.084977,-0.0065185,0.00047122,-2,1,228
-4.1455,-4.1321,-0.0065185,0.00047122,-2,0,228
-0.27303,-0.25961,-0.0065185,0.00047122,-2,1,228
-1.1455,-2.8695,-0.0065185,0.00047122,-2,1,228
0.70447,0.99539,-0.0065185,0.00047122,-2,1,228
-0.59053,0.27727,2.9935,0.00047122,1,0,228
-0.27303,-0.25961,-0.0065185,0.00047122,-2,1,228
2.1545,5.1854,-0.0065185,0.00047122,-2,1,228
-3.273,-2.2016,-0.0065185,0.00047122,-2,0,228
4.3903,4.4038,-0.0065185,0.00047122,-2,1,228
-2.4735,-4.3132,-0.0065185,0.00047122,-2,0,228
2.1108,2.0307,4.9935,0.00047122,1,0,228
-6.163,-5.1938,-0.0065185,0.00047122,-2,0,228
6.4045,2.6102,-0.0065185,0.00047122,-2,1,228
-4.8855,-3.227,-0.0065185,0.00047122,-2,0,228
3.461,3.4744,-0.0065185,0.00047122,-2,0,228
-2.9336,-1.3341,4.9935,0.00047122,1,1,228
-1.718,-1.7046,-0.0065185,0.00047122,-2,0,228
4.8545,1.9119,-0.0065185,0.00047122,-2,1,228
4.727,0.94726,-0.0065185,0.00047122,-2,1,228
4.6186,0.29786,-0.0065185,0.00047122,-2,1,228
-5.5175,-5.5041,-0.0065185,0.00047122,-2,0,228
-4.4392,-4.4258,-0.0065185,0.00047122,-2,0,228
3.7816,0.8715,4.9935,0.00047122,1,0,228
4.8945,4.1059,-0.0065185,0.00047122,-2,1,228
4.7045,3.2904,-0.0065185,0.00047122,-2,1,228
4.4495,3.2495,-0.0065185,0.00047122,-2,1,228
-3.2238,-2.789,-0.0065185,0.00047122,-2,1,228
1.7045,2.7619,-0.0065185,0.00047122,-2,1,228
4.0045,4.9053,-0.0065185,0.00047122,-2,1,228
5.0045,5.0179,-0.0065185,0.00047122,-2,1,228
-4.9955,-1.3446,-0.0065185,0.00047122,-2,0,228
4.2545,4.8129,-4.0065,0.00047122,1,1,228
3.0045,-2.9189,-0.0065185,0.00047122,-2,0,228
5.5545,2.5679,-0.0065185,0.00047122,-2,1,228
6.5545,4.0179,-0.0065185,0.00047122,-2,1,228
5.572,0.097364,-4.0065,0.00047122,1,1,228
4.8468,4.8603,-0.0065185,0.00047122,-2,1,228
-5.5615,-3.9821,-0.0065185,0.00047122,-2,0,228
3.3356,-1.1075,-0.0065185,0.00047122,-2,1,228
-2.127,-1.6821,-0.0065185,0.00047122,-2,1,228
4.8545,4.8679,-0.0065185,0.00047122,-2,1,228
4.127,2.0636,-2.0065,0.00047122,1,1,228
1.8945,-0.28726,-0.0065185,0.00047122,-2,0,228
0.15447,-0.42711,-0.0065185,0.00047122,-2,0,228
-0.71803,-0.70461,-0.0065185,0.00047122,-2,0,228
0.6186,-1.1428,-0.0065185,0.00047122,-2,0,228
5.0045,0.63908,-0.0065185,0.00047122,-2,1,228
4.0045,5.3002,-0.0065185,0.00047122,-2,1,228
-3.3955,-4.6846,3.9935,0.00047122,1,0,228
-1.9955,-2.9086,-0.0065185,0.00047122,-2,0,228
1.0045,-2.0846,-0.0065185,0.00047122,-2,0,228
-1.1455,-4.4386,-0.0065185,0.00047122,-2,1,228
-1.2955,0.99539,-0.0065185,0.00047122,-2,0,228
1.5595,2.5679,-0.0065185,0.00047122,-2,1,228
0.23272,-1.3039,-0.0065185,0.00047122,-2,1,228
-0.18954,0.86789,1.9935,0.00047122,1,1,228
3.1171,5.7179,-0.0065185,0.00047122,-2,1,228
-4.2412,-2.9931,-0.0065185,0.00047122,-2,0,228
-0.35437,-2.2104,-0.0065185,0.00047122,-2,0,228
3.4595,4.6744,-0.0065185,0.00047122,-2,1,228
-2.5323,-4.2695,-0.0065185,0.00047122,-2,0,228
2.1607,3.3222,4.9935,0.00047122,1,1,228
3.6698,4.2679,-0.0065185,0.00047122,-2,1,228
2.72,3.9629,-0.0065185,0.00047122,-2,1,228
3.7627,2.5679,-0.0065185,0.00047122,-2,1,228
-1.79,-2.3759,-0.0065185,0.00047122,-2,0,228
1.5298,3.2426,4.9935,0.00047122,1,1,228
-4.847,-4.5166,-0.0065185,0.00047122,-2,0,228
2.8782,4.2679,-0.0065185,0.00047122,-2,1,228
0.11177,-2.7377,-0.0065185,0.00047122,-2,1,228
-2.9955,0.017889,-0.0065185,0.00047122,-2,0,228
-1.9955,-2.5321,-0.0065185,0.00047122,-2,0,228
-1.6955,-0.11609,-3.0065,0.00047122,1,0,228
0.0044729,0.017889,-0.0065185,0.00047122,-2,1,228
-3.9955,1.0539,-0.0065185,0.00047122,-2,0,228
5.0045,1.5755,-0.0065185,0.00047122,-2,1,228
3.0045,3.0179,-0.0065185,0.00047122,-2,1,228
5.0045,3.6304,-0.0065185,0.00047122,-2,1,228
4.0045,4.2679,-0.0065185,0.00047122,-2,1,228
-3.3955,-2.4204,-5.0065,0.00047122,1,0,228
-0.99553,-0.98211,-0.0065185,0.00047122,-2,0,228
-3.8455,2.9355,-0.0065185,0.00047122,-2,0,228
-3.718,-3.2546,-0.0065185,0.00047122,-2,0,228
4.6186,3.182,-0.0065185,0.00047122,-2,1,228
-3.9175,-3.9041,-3.0065,0.00047122,1,0,228
-5.4392,-0.64636,-0.0065185,0.00047122,-2,1,228
4.2545,2.5625,-0.0065185,0.00047122,-2,1,228
-2.9955,-2.9821,-0.0065185,0.00047122,-2,0,228
-2.5455,-3.3252,-5.0065,0.00047122,1,0,228
-3.9955,-4.2137,-0.0065185,0.00047122,-2,0,228
4.0045,3.8273,-0.0065185,0.00047122,-2,1,228
-4.9955,-3.5495,-0.0065185,0.00047122,-2,0,228
-3.9955,-3.9821,-0.0065185,0.00047122,-2,0,228
-4.9955,-4.9821,-0.0065185,0.00047122,-2,0,228
-1.9955,-3.0527,-0.0065185,0.00047122,-2,0,228
-1.6955,-1.6821,3.9935,0.00047122,1,0,228
1.0045,-3.3079,-0.0065185,0.00047122,-2,0,228
-3.1455,-6.8721,-0.0065185,0.00047122,-2,0,228
-2.673,-1.4386,-0.0065185,1.0005,-1,0,228
3.3903,2.1059,-0.0065185,0.00047122,-2,1,228
-2.4735,-5.1569,-0.0065185,0.00047122,-2,0,228
2.1108,4.0765,2.9935,0.00047122,1,0,228
-2.163,-2.5321,-0.0065185,0.00047122,-2,0,228
-1.8379,-3.9821,-0.0065185,-3.9995,-1,0,228
-1.9955,-2.2546,-0.0065185,0.00047122,-2,0,228
1.7045,1.7179,-0.0065185,0.00047122,-2,1,228
-1.4405,-1.4271,-5.0065,0.00047122,1,0,228
-4.2238,-4.2104,-0.0065185,0.00047122,-2,0,228
6.0485,4.6744,-0.0065185,0.00047122,-2,1,228
-2.8829,-3.5373,-0.0065185,0.00047122,-2,0,228
1.7588,2.4722,-0.0065185,0.00047122,-2,0,228
-0.14553,0.46289,-0.0065185,0.00047122,-2,1,228
-2.1455,-2.5554,-0.0065185,0.00047122,-2,0,228
-0.27303,-0.23352,-0.0065185,0.00047122,-2,0,228
-0.2314,-0.5238,1.9935,0.00047122,1,1,228
1.282,2.2399,-0.0065185,0.00047122,-2,1,228
-1.3814,-1.368,-0.0065185,0.00047122,-2,0,228
0.48247,2.6911,-0.0065185,0.00047122,-2,1,228
-0.40182,-0.38841,2.9935,0.00047122,1,0,228
-2.3727,-1.0947,-0.0065185,0.00047122,-2,0,228
2.3045,2.3179,-0.0065185,0.00047122,-2,0,228
1.5595,1.5729,-0.0065185,0.00047122,-2,0,228
-1.3173,1.4778,-4.0065,0.00047122,1,0,228
-1.828,-1.5101,-0.0065185,0.00047122,-2,0,228
0.60447,-0.49211,-0.0065185,0.00047122,-2,0,228
-0.10553,-0.49211,-0.0065185,0.00047122,-2,0,228
-1.4455,-1.4321,-0.0065185,0.00047122,-2,0,228
4.4045,0.96139,-0.0065185,0.00047122,-2,1,228
-0.10553,-0.092111,-0.0065185,0.00047122,-2,0,228
1.4545,1.4679,-0.0065185,0.00047122,-2,1,228
-1.228,-3.9962,-5.0065,0.00047122,1,1,228
-0.8379,5.2679,-0.0065185,0.00047122,-2,1,228
-2.1455,-2.1321,-0.0065185,0.00047122,-2,1,228
1.282,-1.0818,-0.0065185,0.00047122,-2,1,228
2.7045,1.4951,-0.0065185,0.00047122,-2,1,228
2.2995,0.5954,-4.0065,0.00047122,1,1,228
4.2327,-3.6137,-0.0065185,0.00047122,-2,1,228
4.0485,2.821,-0.0065185,0.00047122,-2,1,228
1.8919,2.018,-0.0065185,0.00047122,-2,1,228
1.6088,0.72565,3.9935,0.00047122,1,1,228
-0.63668,-4.0233,-0.0065185,0.00047122,-2,1,228
1.0045,1.0179,-0.0065185,0.00047122,-2,1,228
1.1545,-3.2886,-0.0065185,0.00047122,-2,1,228
1.3045,2.0317,-0.0065185,0.00047122,-2,1,228
0.55447,-2.0452,-0.0065185,0.00047122,-2,1,228
-0.82803,0.95714,-0.0065185,0.00047122,-2,0,228
-0.70315,-1.0717,-5.0065,0.00047122,1,0,228
-3.163,-5.1195,-0.0065185,0.00047122,-2,0,228
-4.8379,-1.5864,-0.0065185,0.00047122,-2,0,228
-5.5615,-5.5481,-0.0065185,0.00047122,-2,0,228
6.3356,3.5165,-0.0065185,0.00047122,-2,1,228
5.1359,5.1493,-0.0065185,0.00047122,-2,1,228
4.9662,4.9796,-0.0065185,0.00047122,-2,1,228
-4.813,-3.8702,-0.0065185,0.00047122,-2,0,228
-3.6904,-3.6666,-0.0065185,0.00047122,-2,1,228
-6.5455,-6.8721,-0.0065185,0.00047122,-2,0,228
-2.3955,-2.3821,-0.0065185,0.00047122,-2,1,228
-1.1455,-3.8245,-0.0065185,0.00047122,-2,0,228
2.3045,3.6552,-0.0065185,0.00047122,-2,1,228
1.4045,1.4179,-0.0065185,0.00047122,-2,0,228
1.3045,1.3179,-0.0065185,0.00047122,-2,0,228
-1.1005,1.0192,3.9935,0.00047122,1,0,228
-0.82803,-0.49237,-0.0065185,0.00047122,-2,0,228
-2.5455,-5.4221,-0.0065185,0.00047122,-2,0,228
3.172,2.1854,-0.0065185,0.00047122,-2,1,228
2.8468,2.8603,-0.0065185,0.00047122,-2,1,228
-2.4115,-1.1678,-3.0065,0.00047122,1,0,228
2.4045,-0.91622,-0.0065185,0.00047122,-2,0,229
-2.8455,-2.8321,-0.0065185,0.00047122,-2,0,229
0.28197,1.7519,-0.0065185,0.00047122,-2,0,229
-0.60965,-0.59624,-0.0065185,0.00047122,-2,0,229
-1.4735,-0.32746,-0.0065185,0.00047122,-2,1,229
2.5608,1.2742,-0.0065185,0.00047122,-2,1,229
-0.54553,-2.2596,-0.0065185,0.00047122,-2,0,229
-0.16303,-0.14961,-0.0065185,0.00047122,-2,0,229
-2.1532,-0.3831,-0.0065185,0.00047122,-2,1,229
0.57049,0.58391,-0.0065185,0.00047122,-2,0,229
-2.1455,-0.092111,-0.0065185,0.00047122,-2,1,229
-1.718,-1.7046,-0.0065185,0.00047122,-2,0,229
-1.4597,-0.051255,1.9935,0.00047122,1,0,229
1.4825,1.4959,-0.0065185,0.00047122,-2,0,229
4.4482,0.081487,-0.0065185,0.00047122,-2,1,229
-2.3727,-3.7593,-0.0065185,0.00047122,-2,0,229
4.3251,2.8079,-0.0065185,0.00047122,-2,1,229
-5.268,-3.6546,-0.0065185,0.00047122,-2,0,229
-4.4771,-4.4637,-5.0065,0.00047122,1,0,229
-5.1924,-4.429,-0.0065185,0.00047122,-2,0,229
0.17182,4.8369,-0.0065185,0.00047122,-2,1,229
0.86223,-0.46573,-0.0065185,0.00047122,-2,0,229
0.12538,-0.42103,-0.0065185,0.00047122,-2,1,229
-0.098297,-0.33153,-5.0065,0.00047122,1,0,229
2.9171,2.7209,-0.0065185,0.00047122,-2,0,229
0.93022,0.76544,-0.0065185,0.00047122,-2,0,229
0.94136,0.8033,-0.0065185,0.00047122,-2,0,229
-0.049173,-0.16451,-0.0065185,0.00047122,-2,0,229
-1.9499,2.3915,-0.0065185,0.00047122,-2,0,229
4.7045,4.7179,-0.0065185,0.00047122,-2,1,229
3.9995,1.4299,-4.0065,0.00047122,1,0,229
5.172,2.9899,-0.0065185,0.00047122,-2,1,229
3.5545,-0.32211,-0.0065185,0.00047122,-2,1,229
3.172,3.0354,-0.0065185,0.00047122,-2,1,229
-1.8379,0.004605,-0.0065185,0.00047122,-2,0,229
0.43845,2.7291,-0.0065185,0.00047122,-2,0,229
-1.6644,-1.651,-0.0065185,0.00047122,-2,0,229
0.45447,-0.49596,-0.0065185,0.00047122,-2,0,229
1.837,4.0179,-0.0065185,0.00047122,-2,1,229
1.5621,0.34301,-4.0065,0.00047122,1,0,229
-1.5615,-1.5481,-0.0065185,0.00047122,-2,0,229
2.3356,-1.1075,-0.0065185,0.00047122,-2,1,229
0.13592,0.14934,-0.0065185,0.00047122,-2,1,229
-0.10726,-2.7926,3.9935,0.00047122,1,0,229
2.187,1.2431,-0.0065185,0.00047122,-2,0,229
2.3096,1.3993,-0.0065185,0.00047122,-2,1,229
4.5545,4.4744,-0.0065185,0.00047122,-2,1,229
-2.163,-1.5681,-0.0065185,0.00047122,-2,0,229
-5.8379,-5.7569,-0.0065185,0.00047122,-2,0,229
4.9705,1.5265,2.9935,0.00047122,1,1,229
-5.3266,-3.8144,-0.0065185,0.00047122,-2,1,229
-1.3955,-0.14961,-0.0065185,0.00047122,-2,1,229
1.1145,2.1755,-0.0065185,0.00047122,-2,1,229
-0.93903,3.2919,-2.0065,0.00047122,1,1,229
-1.8855,1.7127,-0.0065185,0.00047122,-2,0,229
-1.1455,-1.1321,-0.0065185,0.00047122,-2,0,229
0.98197,0.28441,2.9935,0.00047122,1,1,229
-2.3814,-1.7146,-0.0065185,0.00047122,-2,1,229
-0.54553,-2.0101,-0.0065185,0.00047122,-2,1,229
-0.16303,0.17551,-0.0065185,0.00047122,-2,0,229
3.7045,3.7179,-0.0065185,0.00047122,-2,1,229
1.7045,2.9461,-0.0065185,0.00047122,-2,0,229
0.0044729,0.30499,-0.0065185,0.00047122,-2,1,229
0.0044729,0.9053,3.9935,0.00047122,1,0,229
2.0045,2.7722,-0.0065185,0.00047122,-2,0,229
-2.9955,-3.5133,-0.0065185,0.00047122,-2,1,229
1.0045,1.0179,-0.0065185,0.00047122,-2,0,229
2.0045,2.6486,-0.0065185,0.00047122,-2,0,229
4.0045,4.4116,-0.0065185,0.00047122,-2,1,229
3.4045,3.4179,4.9935,0.00047122,1,1,229
-1.1055,7.1579,-0.0065185,0.00047122,-2,0,229
-0.39553,-2.3381,-0.0065185,0.00047122,-2,1,229
0.45447,-3.9401,-0.0065185,0.00047122,-2,0,229
0.83697,2.2636,-0.0065185,0.00047122,-2,1,229
-0.70315,-0.30724,-5.0065,0.00047122,1,0,229
0.83697,0.85039,-0.0065185,0.00047122,-2,0,229
2.1621,2.1755,-0.0065185,0.00047122,-2,0,229
0.57049,4.6545,-0.0065185,0.00047122,-2,0,229
-1.1455,-3.7236,-0.0065185,0.00047122,-2,0,229
0.30447,-0.22134,-0.0065185,0.00047122,-2,1,229
0.25947,-0.81299,-4.0065,0.00047122,1,1,229
0.44947,-2.8601,-0.0065185,0.00047122,-2,1,229
-0.76728,-0.38841,-0.0065185,0.00047122,-2,0,229
-1.6955,-1.6821,-0.0065185,0.00047122,-2,0,229
1.4495,-0.2554,-0.0065185,0.00047122,-2,1,229
0.77622,-0.50412,-0.0065185,0.00047122,-2,1,229
-0.29553,-1.0261,-0.0065185,0.00047122,-2,0,229
-0.25053,0.57548,-5.0065,0.00047122,1,0,229
0.55947,-5.6771,-0.0065185,0.00047122,-2,1,229
-2.2955,-7.5946,-0.0065185,0.00047122,-2,1,229
-2.5505,-3.5977,-0.0065185,0.00047122,-2,0,229
2.4045,2.1896,-0.0065185,0.00047122,-2,0,229
-2.0355,0.66815,4.9935,0.00047122,1,1,229
-0.27303,-0.25961,-0.0065185,0.00047122,-2,1,229
1.6186,1.632,-0.0065185,0.00047122,-2,1,229
-2.5175,-3.6939,-0.0065185,0.00047122,-2,0,229
2.1482,2.2629,-3.0065,0.00047122,1,0,229
-5.4405,-1.4321,-0.0065185,0.00047122,-2,1,229
4.2327,4.2461,-0.0065185,0.00047122,-2,1,229
-2.5455,-0.68974,-0.0065185,0.00047122,-2,1,229
3.0045,3.0179,-0.0065185,0.00047122,-2,0,229
-1.9955,-0.651,-0.0065185,0.00047122,-2,0,229
-2.2955,1.7179,-0.0065185,0.00047122,-2,0,229
-1.9505,0.16013,3.9935,0.00047122,1,0,229
-1.8855,1.0179,-0.0065185,0.00047122,-2,0,229
0.46097,-0.41561,-0.0065185,0.00047122,-2,1,229
1.0925,1.1059,-0.0065185,0.00047122,-2,1,229
-0.22071,-0.20729,-0.0065185,0.00047122,-2,0,229
-2.6955,-2.6821,-0.0065185,0.00047122,-2,1,229
2.2995,1.9119,1.9935,0.00047122,1,1,229
-0.76728,-1.0947,-0.0065185,0.00047122,-2,0,229
1.7045,0.27289,-0.0065185,0.00047122,-2,1,229
-2.4405,-0.98211,-0.0065185,0.00047122,-2,0,229
0.77622,-1.2104,-0.0065185,0.00047122,-2,0,229
0.66046,1.7179,-3.0065,0.00047122,1,0,229
1.8919,1.9053,-0.0065185,0.00047122,-2,1,229
0.25017,1.0179,-0.0065185,0.00047122,-2,0,229
3.3633,4.0179,-0.0065185,0.00047122,-2,0,229
2.4595,3.0179,-0.0065185,0.00047122,-2,0,229
-1.5323,-1.5189,-0.0065185,0.00047122,-2,1,229
2.6107,-1.5073,-0.0065185,0.00047122,-2,0,229
3.6698,2.5679,-0.0065185,0.00047122,-2,1,229
3.12,3.1334,-4.0065,0.00047122,1,1,229
5.8945,-1.5397,-0.0065185,0.00047122,-2,1,229
4.461,3.5839,-0.0065185,0.00047122,-2,1,229
4.0925,4.2734,-0.0065185,0.00047122,-2,1,229
3.4793,2.8493,-4.0065,0.00047122,1,0,229
-2.5505,-1.8735,-0.0065185,0.00047122,-2,1,229
3.4045,3.4179,-0.0065185,0.00047122,-2,0,229
4.8945,4.9079,-0.0065185,0.00047122,-2,1,229
-4.152,1.8318,-5.0065,0.00047122,1,0,229
0.44947,5.7129,-0.0065185,0.00047122,-2,0,229
-3.8455,0.63039,-0.0065185,0.00047122,-2,0,229
3.727,-2.5078,-0.0065185,0.00047122,-2,1,229
4.6186,1.4079,-0.0065185,0.00047122,-2,1,229
-4.5175,0.068915,-0.0065185,0.00047122,-2,0,229
5.4482,1.5321,-0.0065185,0.00047122,-2,1,229
4.3816,4.645,-0.0065185,0.00047122,-2,1,229
3.7251,2.0554,4.9935,0.00047122,1,1,229
5.277,3.8598,-0.0065185,0.00047122,-2,1,229
2.2361,3.862,-0.0065185,0.00047122,-2,1,229
-0.79865,-0.78524,-0.0065185,0.00047122,-2,1,229
0.17182,0.18523,-0.0065185,0.00047122,-2,1,229
0.14671,1.3884,-3.0065,0.00047122,1,0,229
3.0045,3.0817,-0.0065185,0.00047122,-2,0,229
-5.5455,-5.5321,-0.0065185,0.00047122,-2,1,229
-5.163,-1.3953,-0.0065185,0.00047122,-2,1,229
-4.3879,-4.3745,-2.0065,0.00047122,1,0,229
3.172,2.4536,-0.0065185,0.00047122,-2,1,229
-2.8379,-2.6745,-0.0065185,0.00047122,-2,0,229
2.4205,2.4339,-2.0065,0.00047122,1,0,229
1.727,1.7404,-0.0065185,0.00047122,-2,1,229
-1.8455,-1.8695,-0.0065185,0.00047122,-2,0,229
-2.273,-2.2596,-0.0065185,0.00047122,-2,0,229
1.9403,0.42075,4.9935,0.00047122,1,1,229
2.172,2.1854,-0.0065185,0.00047122,-2,1,229
1.8468,1.8603,-0.0065185,0.00047122,-2,1,229
-1.5615,-4.6188,-0.0065185,0.00047122,-2,0,229
1.3356,0.56287,-0.0065185,0.00047122,-2,1,229
-3.127,-1.1136,-0.0065185,0.00047122,-2,0,229
-2.9573,-2.9438,-0.0065185,0.00047122,-2,0,229
1.8219,1.3526,-0.0065185,0.00047122,-2,1,229
-2.6904,-2.677,-0.0065185,0.00047122,-2,0,229
4.5951,1.6525,-0.0065185,0.00047122,-2,1,229
1.5065,3.6234,-0.0065185,0.00047122,-2,1,229
0.4312,1.0426,-0.0065185,0.00047122,-2,1,229
2.3672,2.3806,-0.0065185,0.00047122,-2,1,229
4.3128,0.14412,-0.0065185,0.00047122,-2,1,229
-1.2576,-1.2442,-0.0065185,0.00047122,-2,0,229
1.0772,3.1306,4.9935,0.00047122,1,1,229
-1.8062,4.3454,-0.0065185,0.00047122,-2,1,229
1.8435,1.8569,-0.0065185,0.00047122,-2,0,229
1.1413,1.0739,-0.0065185,0.00047122,-2,1,229
0.88819,0.90161,-0.0065185,0.00047122,-2,1,229
2.8545,2.8679,-0.0065185,0.00047122,-2,1,229
-1.1455,-1.9274,-0.0065185,0.00047122,-2,1,230
0.72697,-0.50412,-0.0065185,0.00047122,-2,1,230
0.39035,0.40376,-0.0065185,0.00047122,-2,1,230
-0.14553,1.6233,-0.0065185,0.00047122,-2,0,230
3.1545,4.3385,-0.0065185,0.00047122,-2,0,230
1.282,1.2954,-0.0065185,0.00047122,-2,1,230
1.7045,1.9495,-0.0065185,0.00047122,-2,1,230
1.5595,2.5742,-0.0065185,0.00047122,-2,1,230
-1.5455,1.0179,-0.0065185,0.00047122,-2,0,230
-0.16303,2.0179,-0.0065185,0.00047122,-2,1,230
-3.6955,0.16026,-0.0065185,0.00047122,-2,0,230
4.4495,2.4722,-0.0065185,0.00047122,-2,1,230
-3.7738,-3.7604,-3.0065,0.00047122,1,0,230
4.0485,3.5629,-0.0065185,0.00047122,-2,1,230
3.8919,3.0728,-0.0065185,0.00047122,-2,1,230
-5.7498,-3.2864,-0.0065185,0.00047122,-2,0,230
2.6456,4.6026,-0.0065185,0.00047122,-2,1,230
-3.5405,-2.2271,-0.0065185,0.00047122,-2,0,230
3.0177,2.8097,-3.0065,0.00047122,1,1,230
0.39822,-2.3266,-0.0065185,0.00047122,-2,1,230
0.66979,0.6832,-0.0065185,0.00047122,-2,1,230
0.15447,1.0179,-0.0065185,0.00047122,-2,0,230
-2.718,-1.9821,-0.0065185,0.00047122,-2,0,230
-2.3097,-0.48894,3.9935,0.00047122,1,0,230
-2.5175,-1.9821,-0.0065185,0.00047122,-2,0,230
2.4482,-2.4284,-0.0065185,0.00047122,-2,1,230
2.0816,4.395,-0.0065185,4.0005,-1,1,230
0.6839,-1.7477,-0.0065185,0.00047122,-2,0,230
-4.268,0.86789,-0.0065185,0.00047122,-2,0,230
-2.2271,-3.6137,-0.0065185,0.00047122,-2,0,230
1.9013,1.9148,3.9935,0.00047122,1,1,230
-0.16287,-3.5495,-0.0065185,0.00047122,-2,0,230
0.14671,0.16013,-0.0065185,0.00047122,-2,1,230
2.1254,2.1388,-0.0065185,0.00047122,-2,1,230
-0.098297,0.017889,-0.0065185,0.00047122,-2,0,230
-2.0829,-1.9821,-0.0065185,0.00047122,-2,0,230
-4.0698,-0.056362,-0.0065185,0.00047122,-2,0,230
4.0676,3.481,-0.0065185,0.00047122,-2,1,230
4.0581,4.0715,-0.0065185,0.00047122,-2,1,230
-3.4411,-2.9177,-5.0065,0.00047122,1,0,230
3.0432,4.3066,-0.0065185,0.00047122,-2,1,230
-1.0285,-2.5651,-0.0065185,0.00047122,-2,0,230
-0.96752,0.89589,-0.0065185,0.00047122,-2,0,230
0.83067,0.86789,4.9935,0.00047122,1,0,230
3.9842,-0.59624,-0.0065185,0.00047122,-2,1,230
-3.3955,-3.0726,-0.0065185,0.00047122,-2,0,230
-3.8855,-0.53841,-0.0065185,0.00047122,-2,1,230
-3.8455,-3.8321,-0.0065185,0.00047122,-2,0,230
5.5545,2.1059,-0.0065185,0.00047122,-2,1,230
4.722,4.3427,2.9935,0.00047122,1,1,230
2.8468,4.0765,-0.0065185,0.00047122,-2,1,230
1.5705,1.5839,-0.0065185,0.00047122,-2,1,230
1.6734,-2.0357,-0.0065185,0.00047122,-2,1,230
-1.4455,-4.5962,-0.0065185,0.00047122,-2,1,230
-1.163,-1.1496,-0.0065185,0.00047122,-2,0,230
-0.15315,-2.4258,-0.0065185,0.00047122,-2,0,230
0.13845,0.15187,2.9935,0.00047122,1,1,230
-2.5505,-3.4985,-0.0065185,0.00047122,-2,1,230
0.23272,-0.57103,-0.0065185,0.00047122,-2,1,230
-1.0395,-2.8685,-0.0065185,0.00047122,-2,0,230
0.89188,0.31489,-0.0065185,0.00047122,-2,1,230
-3.7498,-0.73641,-0.0065185,0.00047122,-2,0,230
4.6456,3.209,-0.0065185,0.00047122,-2,1,230
3.9495,3.6003,4.9935,0.00047122,1,1,230
-3.4588,-3.4453,-0.0065185,0.00047122,-2,0,230
-0.38928,-0.37586,-0.0065185,0.00047122,-2,0,230
-0.33021,-0.3168,-0.0065185,0.00047122,-2,0,230
3.289,2.9124,-0.0065185,0.00047122,-2,1,230
-4.2373,-2.7739,-0.0065185,0.00047122,-2,0,230
3.61,3.4867,3.9935,0.00047122,1,1,230
2.1792,2.1926,-0.0065185,0.00047122,-2,1,230
-1.144,-3.0206,-0.0065185,0.00047122,-2,0,230
-2.8693,-2.9399,-0.0065185,0.00047122,-2,1,230
-3.8882,0.7763,-0.0065185,0.00047122,-2,0,230
3.3133,3.3267,3.9935,0.00047122,1,1,230
-6.8855,-3.4601,-0.0065185,0.00047122,-2,0,230
1.461,1.4744,-0.0065185,0.00047122,-2,1,230
-1.0836,-2.0615,-0.0065185,0.00047122,-2,0,230
2.2297,1.1885,-0.0065185,0.00047122,-2,1,230
1.8959,1.9093,4.9935,0.00047122,1,1,230
-4.8855,-2.5962,-0.0065185,0.00047122,-2,0,230
7.461,6.0869,-0.0065185,0.00047122,-2,1,230
6.0925,4.4616,-0.0065185,0.00047122,-2,1,230
6.7793,5.395,-0.0065185,0.00047122,-2,1,230
-5.5041,-3.3733,-0.0065185,0.00047122,-2,0,230
5.2868,5.3002,-0.0065185,0.00047122,-2,1,230
4.4944,3.1395,-4.0065,0.00047122,1,1,230
4.9309,4.9444,-0.0065185,0.00047122,-2,1,230
3.792,3.1852,-0.0065185,0.00047122,-2,1,230
-0.6649,2.3321,-0.0065185,0.00047122,-2,0,230
0.57344,0.58686,-0.0065185,0.00047122,-2,1,230
0.48809,0.12066,-4.0065,0.00047122,1,1,230
4.4156,4.429,-0.0065185,0.00047122,-2,1,230
3.3539,3.3673,-0.0065185,0.00047122,-2,1,230
4.3015,4.081,-0.0065185,0.00047122,-2,1,230
3.6569,-1.8177,-3.0065,0.00047122,1,1,230
-1.7809,-1.7675,-0.0065185,0.00047122,-2,0,230
0.30447,0.31789,-0.0065185,0.00047122,-2,1,230
-0.69553,0.98494,-0.0065185,0.00047122,-2,0,230
-0.44053,0.98988,-0.0065185,0.00047122,-2,1,230
1.1545,-0.084977,-0.0065185,0.00047122,-2,0,230
-2.273,-0.95961,-0.0065185,0.00047122,-2,1,230
1.9403,1.6062,2.9935,0.00047122,1,0,230
2.4825,2.4959,-0.0065185,0.00047122,-2,1,230
-3.5455,-3.1496,-0.0065185,0.00047122,-2,0,230
-1.163,-0.82449,-0.0065185,0.00047122,-2,0,230
-2.1532,1.3582,-0.0065185,0.00047122,-2,1,230
1.4385,2.0868,-0.0065185,0.00047122,-2,0,230
-1.2144,-1.4007,3.9935,0.00047122,1,1,230
-1.8641,-2.0204,-0.0065185,0.00047122,-2,0,230
-5.5455,3.8696,-0.0065185,0.00047122,-2,0,230
-7.163,-2.5256,-0.0065185,0.00047122,-2,0,230
-3.8379,-3.992,-0.0065185,0.00047122,-2,0,230
-3.2615,0.09271,-5.0065,0.00047122,1,0,230
-5.3266,-5.3132,-0.0065185,0.00047122,-2,0,230
-5.127,-4.7261,-0.0065185,0.00047122,-2,0,230
5.9662,3.9279,-0.0065185,0.00047122,-2,1,230
5.8219,4.0914,-0.0065185,0.00047122,-2,1,230
-2.6904,-3.1335,-0.0065185,0.00047122,-2,0,230
-0.58615,0.68726,-0.0065185,0.00047122,-2,0,230
-1.4976,-0.41314,-0.0065185,0.00047122,-2,0,230
-1.2723,-1.6371,3.9935,0.00047122,1,0,230
0.64176,3.0552,-0.0065185,0.00047122,-2,0,230
-0.68722,-1.1815,-0.0065185,0.00047122,-2,1,230
-2.2576,-2.2442,-0.0065185,0.00047122,-2,0,230
-1.9183,0.51764,-3.0065,0.00047122,1,0,230
-2.1849,-2.1715,-0.0065185,0.00047122,-2,0,230
3.1654,2.003,-0.0065185,0.00047122,-2,1,230
-2.1323,-2.6689,-0.0065185,0.00047122,-2,0,230
1.8208,1.5861,4.9935,0.00047122,1,1,230
-3.0944,-4.1201,-0.0065185,0.00047122,-2,0,230
-3.0795,-2.8869,-0.0065185,0.00047122,-2,0,230
4.0759,2.1045,-0.0065185,0.00047122,-2,1,230
3.0652,2.9491,-0.0065185,0.00047122,-2,1,230
2.0561,1.9594,-0.0065185,0.00047122,-2,1,230
0.96062,0.97403,-0.0065185,0.00047122,-2,0,230
0.9672,-2.1074,-0.0065185,0.00047122,-2,0,230
-0.81384,-0.86802,4.9935,0.00047122,1,1,230
-0.96859,-1.0126,-0.0065185,0.00047122,-2,1,230
-0.97263,-1.0081,-0.0065185,0.00047122,-2,0,230
-2.1455,0.84843,-0.0065185,0.00047122,-2,1,230
-1.273,-1.2596,-0.0065185,0.00047122,-2,1,230
-1.0814,-4.3681,-4.0065,0.00047122,1,0,230
-3.4405,-5.3821,-0.0065185,0.00047122,-2,0,230
2.9327,1.1402,0.99348,0.00047122,1,1,230
-5.0395,-3.2886,-0.0065185,0.00047122,-2,0,230
4.2919,4.5493,-3.0065,0.00047122,1,1,230
0.25017,1.6062,-0.0065185,0.00047122,-2,0,230
3.3633,-0.64071,-0.0065185,0.00047122,-2,0,230
3.4595,2.723,-0.0065185,0.00047122,-2,1,230
0.40447,2.3279,-0.0065185,0.00047122,-2,0,230
-0.54553,-0.075611,-0.0065185,0.00047122,-2,0,230
-1.163,-1.1496,-0.0065185,0.00047122,-2,0,230
0.99685,0.41526,-2.0065,0.00047122,1,1,230
0.57049,0.58391,-0.0065185,0.00047122,-2,1,230
-3.3266,0.97927,-0.0065185,0.00047122,-2,0,230
-5.127,-2.0932,-0.0065185,0.00047122,-2,0,230
5.9662,5.9796,-0.0065185,0.00047122,-2,1,230
-1.813,-3.1691,-0.0065185,0.00047122,-2,0,230
0.30962,-1.0846,-0.0065185,0.00047122,-2,0,230
2.4138,0.27727,-0.0065185,0.00047122,-2,1,230
-5.5455,-5.5321,-0.0065185,0.00047122,-2,0,230
6.172,4.632,-0.0065185,0.00047122,-2,1,230
-4.8379,-4.8245,-0.0065185,0.00047122,-2,0,230
5.5705,4.4616,-0.0065185,0.00047122,-2,1,230
5.3356,1.2538,-0.0065185,0.00047122,-2,1,230
5.1359,3.7385,-0.0065185,0.00047122,-2,0,230
0.40447,-0.092111,-0.0065185,0.00047122,-2,1,230
0.34447,0.35789,4.9935,0.00047122,1,1,230
-0.16303,-0.14961,-0.0065185,0.00047122,-2,1,230
2.1621,2.1755,-0.0065185,0.00047122,-2,1,230
2.4385,1.5225,-0.0065185,0.00047122,-2,1,230
1.3356,-0.40884,-0.0065185,0.00047122,-2,0,230
-2.127,-2.1136,-0.0065185,0.00047122,-2,1,230
-1.9955,0.017889,-0.0065185,0.00047122,-2,0,231
4.0045,1.7179,-0.0065185,0.00047122,-2,1,231
-3.9955,-3.8612,-0.0065185,0.00047122,-2,0,231
-4.9955,-2.7693,-0.0065185,0.00047122,-2,0,231
-4.9955,-4.8948,-0.0065185,0.00047122,-2,0,231
4.0045,3.6304,-0.0065185,0.00047122,-2,1,231
-4.9955,-3.319,-0.0065185,0.00047122,-2,0,231
4.0045,4.2679,-0.0065185,0.00047122,-2,1,231
5.0045,5.0179,-0.0065185,0.00047122,-2,1,231
-2.9955,-2.9434,-0.0065185,0.00047122,-2,0,231
0.0044729,0.050834,-0.0065185,0.00047122,-2,1,231
0.0044729,0.017889,2.9935,0.00047122,1,0,231
1.0045,-4.3069,-0.0065185,0.00047122,-2,1,231
1.0045,-0.64071,-0.0065185,0.00047122,-2,1,231
0.0044729,0.017889,-0.0065185,0.00047122,-2,1,231
2.0045,2.0179,-0.0065185,0.00047122,-2,1,231
-1.9955,-0.90858,-0.0065185,0.00047122,-2,0,231
-1.6955,-1.1601,3.9935,0.00047122,1,0,231
-1.9955,-1.5384,-0.0065185,0.00047122,-2,0,231
-1.9955,3.285,-0.0065185,0.00047122,-2,0,231
-3.9955,-3.6615,-0.0065185,0.00047122,-2,0,231
-3.9955,-1.1546,-0.0065185,0.00047122,-2,0,231
-3.3955,-3.1505,2.9935,0.00047122,1,0,231
4.0045,-2.5321,-0.0065185,0.00047122,-2,1,231
-2.9955,-3.3821,-0.0065185,0.00047122,-2,0,231
3.0045,2.5679,-0.0065185,0.00047122,-2,1,231
-1.9955,-2.4112,-0.0065185,0.00047122,-2,0,231
1.0045,1.0179,-0.0065185,0.00047122,-2,1,231
-1.1455,0.95524,-0.0065185,0.00047122,-2,1,231
-0.97303,-0.95961,-4.0065,0.00047122,1,1,231
1.3903,3.0619,-0.0065185,0.00047122,-2,1,231
-0.69553,-2.3501,-0.0065185,0.00047122,-2,0,231
3.4495,0.61289,-0.0065185,0.00047122,-2,1,231
-4.2238,-5.0701,-0.0065185,0.00047122,-2,0,231
6.0485,6.0619,-0.0065185,0.00047122,-2,1,231
-2.8829,-2.0978,-0.0065185,0.00047122,-2,0,231
-2.7498,-3.2644,-0.0065185,0.00047122,-2,0,231
-0.35437,2.104,-0.0065185,0.00047122,-2,1,231
0.30949,-0.058579,-4.0065,0.00047122,1,0,231
1.4677,3.8811,-0.0065185,0.00047122,-2,1,231
0.39822,0.41164,-0.0065185,0.00047122,-2,1,231
-0.33021,-0.55108,-0.0065185,0.00047122,-2,1,231
0.28896,0.30237,-4.0065,0.00047122,1,0,231
1.0045,1.0179,-0.0065185,0.00047122,-2,1,231
0.15447,3.9079,-0.0065185,0.00047122,-2,0,231
0.28197,2.0972,-0.0065185,0.00047122,-2,1,231
-2.1455,-0.91681,-0.0065185,0.00047122,-2,1,231
1.282,1.2954,-0.0065185,0.00047122,-2,1,231
-1.0814,-1.9137,3.9935,0.00047122,1,1,231
-2.4735,-2.0214,-0.0065185,0.00047122,-2,0,231
-4.5455,1.3419,-0.0065185,0.00047122,-2,0,231
-7.163,-3.8496,-0.0065185,0.00047122,-2,0,231
-5.8379,-5.1136,-0.0065185,0.00047122,-2,0,231
6.5705,5.1964,-0.0065185,0.00047122,-2,1,231
-5.3266,-4.7996,-0.0065185,0.00047122,-2,0,231
-4.527,-4.2895,-4.0065,0.00047122,1,0,231
-4.9573,-4.5727,-0.0065185,0.00047122,-2,0,231
-1.813,-1.4841,-0.0065185,0.00047122,-2,0,231
1.6993,3.1692,-0.0065185,0.00047122,-2,1,231
1.4451,2.6085,-0.0065185,2.0005,-1,1,231
-0.49756,-1.2066,-0.0065185,0.00047122,-2,0,231
-1.4223,-1.4088,-0.0065185,0.00047122,-2,0,231
1.2172,0.38061,4.9935,0.00047122,1,1,231
0.69616,-4.5404,-0.0065185,0.00047122,-2,0,231
-3.7335,-0.57005,-0.0065185,0.00047122,-2,1,231
-3.7728,-3.7594,-0.0065185,0.00047122,-2,0,231
-3.3955,-3.3821,-0.0065185,0.00047122,-2,1,231
3.0045,2.9191,-0.0065185,0.00047122,-2,1,231
2.5545,2.1059,-2.0065,0.00047122,1,1,231
-4.163,-4.1496,-0.0065185,0.00047122,-2,0,231
5.8468,5.5265,-0.0065185,0.00047122,-2,1,231
2.5705,0.35566,-0.0065185,0.00047122,-2,1,231
3.3356,3.349,-0.0065185,0.00047122,-2,1,231
2.8359,1.6669,-4.0065,0.00047122,1,0,231
-2.5505,-3.368,-0.0065185,0.00047122,-2,0,231
-2.7673,-6.8721,-0.0065185,0.00047122,-2,0,231
-0.95151,-1.7438,-0.0065185,0.00047122,-2,0,231
0.11706,0.64074,-0.0065185,0.00047122,-2,1,231
3.2502,3.6973,-0.0065185,0.00047122,-2,1,231
-2.7544,-2.719,-4.0065,0.00047122,1,0,231
-2.4505,-4.6644,-0.0065185,0.00047122,-2,0,231
-2.0823,-3.6221,-2.0065,0.00047122,1,0,231
-1.6018,-1.8148,-0.0065185,0.00047122,-2,0,231
-0.66084,-1.7696,-0.0065185,0.00047122,-2,0,231
2.289,-1.8797,-0.0065185,0.00047122,-2,0,231
2.7627,2.9151,-0.0065185,0.00047122,-2,1,231
-2.34,0.97927,-5.0065,0.00047122,1,0,231
-1.8208,-2.3932,-0.0065185,0.00047122,-2,0,231
0.15298,-3.944,-0.0065185,0.00047122,-2,0,231
2.1307,0.071535,-0.0065185,0.00047122,-2,0,231
-2.8882,-2.9365,-0.0065185,0.00047122,-2,0,231
2.4633,-1.4659,2.9935,0.00047122,1,1,231
-4.918,-2.4992,-0.0065185,0.00047122,-2,0,231
-2.9296,-3.1371,-0.0065185,0.00047122,-2,0,231
-3.9395,-3.7264,-0.0065185,0.00047122,-2,0,231
-3.3479,-3.4941,3.9935,0.00047122,1,1,231
-1.1055,-3.3993,-0.0065185,0.00047122,-2,0,231
1.548,0.96139,-0.0065185,0.00047122,-2,1,231
0.91645,0.92986,-0.0065185,0.00047122,-2,1,231
-0.22071,-4.9601,-0.0065185,0.00047122,-2,0,231
-0.50413,-0.49071,-0.0065185,0.00047122,-2,1,231
3.2868,0.50929,-0.0065185,0.00047122,-2,0,231
-2.7855,0.15618,4.9935,0.00047122,1,1,231
-3.922,3.3414,-0.0065185,0.00047122,-2,1,231
2.792,1.0914,-0.0065185,0.00047122,-2,1,231
3.7045,3.7179,-0.0065185,0.00047122,-2,1,231
-0.55053,-0.53711,-0.0065185,0.00047122,-2,1,231
-1.7673,-1.7539,-0.0065185,0.00047122,-2,0,231
1.5105,-1.7243,4.9935,0.00047122,1,1,231
-0.16303,-6.3996,-0.0065185,0.00047122,-2,0,231
-0.15315,-2.2791,-0.0065185,0.00047122,-2,1,231
-1.4295,0.13891,-0.0065185,0.00047122,-2,0,231
1.4545,2.7896,-0.0065185,0.00047122,-2,0,231
1.237,-2.332,3.9935,0.00047122,1,1,231
-0.10553,2.5305,-0.0065185,0.00047122,-2,1,231
-1.539,-1.0921,-0.0065185,0.00047122,-2,0,231
-3.3955,-2.2616,-0.0065185,0.00047122,-2,0,231
-5.8855,-5.8721,-0.0065185,0.00047122,-2,0,231
-6.452,-5.5481,-0.0065185,0.00047122,-2,0,231
-6.0836,-5.3132,-0.0065185,0.00047122,-2,0,231
-3.7703,-3.1136,-0.0065185,0.00047122,-2,0,231
3.2131,0.97962,-4.0065,0.00047122,1,0,231
-0.44053,4.4179,-0.0065185,0.00047122,-2,1,231
-3.2238,0.90789,-0.0065185,0.00047122,-2,1,231
-1.0395,2.4744,-0.0065185,0.00047122,-2,1,231
-0.88294,-0.76961,-3.0065,0.00047122,1,1,231
0.25017,1.0179,-0.0065185,0.00047122,-2,1,231
-2.6367,-1.9821,-0.0065185,0.00047122,-2,1,231
-3.5405,-2.9821,-0.0065185,0.00047122,-2,0,231
-3.0088,-0.45817,3.9935,0.00047122,1,0,231
-3.163,-2.3132,-0.0065185,0.00047122,-2,0,231
0.84685,-1.7407,-0.0065185,0.00047122,-2,1,231
-2.5615,-2.5481,-0.0065185,0.00047122,-2,0,231
-1.3266,-1.3132,-0.0065185,0.00047122,-2,0,231
-2.127,-2.1136,-0.0065185,0.00047122,-2,0,231
-0.95726,-0.94384,-0.0065185,0.00047122,-2,0,231
1.187,-0.040436,-0.0065185,0.00047122,-2,0,231
1.0096,1.023,3.9935,0.00047122,1,1,231
6.4495,3.0552,-0.0065185,0.00047122,-2,1,231
5.2327,5.4961,-0.0065185,0.00047122,-2,1,231
4.0485,5.4744,-0.0065185,0.00047122,-2,1,231
-3.8829,-3.7595,-0.0065185,0.00047122,-2,0,231
3.3088,4.3427,4.9935,0.00047122,1,1,231
-5.6367,-4.8733,-0.0065185,0.00047122,-2,0,231
4.5495,5.3002,-0.0065185,0.00047122,-2,1,231
0.46771,1.1079,-0.0065185,0.00047122,-2,1,231
0.39822,3.4823,-3.0065,0.00047122,1,1,231
3.3392,3.3526,-0.0065185,0.00047122,-2,1,231
5.289,5.3024,-0.0065185,0.00047122,-2,1,231
4.2463,4.2597,-0.0065185,0.00047122,-2,1,231
2.21,-1.0645,-0.0065185,0.00047122,-2,1,231
1.1792,1.429,-0.0065185,0.00047122,-2,1,231
1.153,1.3673,-0.0065185,0.00047122,-2,1,231
0.9807,1.5431,4.9935,0.00047122,1,1,231
0.11177,0.12518,-0.0065185,0.00047122,-2,1,231
2.9133,-3.6858,-0.0065185,0.00047122,-2,0,231
-2.918,-2.4546,-0.0065185,0.00047122,-2,0,231
1.4545,-2.3771,-0.0065185,0.00047122,-2,0,231
-1.163,-1.1496,-0.0065185,0.00047122,-2,0,231
2.1621,1.3419,-0.0065185,0.00047122,-2,1,231
-6.3955,-0.87259,-0.0065185,0.00047122,-2,0,231
6.8945,6.9079,-0.0065185,0.00047122,-2,1,231
-7.452,-6.7569,-0.0065185,0.00047122,-2,0,231
-6.0836,-5.4907,-0.0065185,0.00047122,-2,0,231
5.7793,3.3587,-0.0065185,0.00047122,-2,1,231
3.5131,3.1079,-0.0065185,0.00047122,-2,1,231
5.2868,4.1902,-0.0065185,0.00047122,-2,1,231
-6.0855,-5.7696,-0.0065185,0.00047122,-2,0,231
5.1809,3.5773,2.9935,0.00047122,1,1,231
3.792,3.3554,-0.0065185,0.00047122,-2,1,231
-1.6649,-1.4657,-0.0065185,0.00047122,-2,0,231
0.57344,0.58686,-0.0065185,0.00047122,-2,1,231
4.4881,2.2097,-0.0065185,0.00047122,-2,1,231
4.4156,3.829,-0.0065185,0.00047122,-2,1,231
2.0045,4.1854,-0.0065185,0.00047122,-2,0,233
1.0045,2.8603,-0.0065185,0.00047122,-2,1,233
4.8545,0.71274,-0.0065185,0.00047122,-2,1,233
3.727,3.6085,-0.0065185,0.00047122,-2,1,233
-3.6097,-3.3741,-0.0065185,0.00047122,-2,0,233
3.5265,2.9946,-0.0065185,0.00047122,-2,1,233
1.4482,3.0116,-0.0065185,0.00047122,-2,1,233
0.38162,1.1762,-0.0065185,0.00047122,-2,0,233
1.0045,1.7404,-0.0065185,0.00047122,-2,0,233
0.0044729,0.29038,-0.0065185,0.00047122,-2,0,233
-1.9955,0.53989,-0.0065185,0.00047122,-2,0,233
-0.99553,-1.6821,-0.0065185,0.00047122,-2,0,233
-0.84553,-0.45496,1.9935,0.00047122,1,0,233
-2.9955,-2.6615,-0.0065185,0.00047122,-2,0,233
-0.99553,1.7354,-0.0065185,0.00047122,-2,0,233
-1.9955,0.86789,-0.0065185,0.00047122,-2,0,233
1.7045,-0.50774,-0.0065185,0.00047122,-2,1,233
-1.4405,0.63201,-0.0065185,0.00047122,-2,0,233
1.2327,1.2461,4.9935,0.00047122,1,1,233
-1.9515,-3.4258,-0.0065185,0.00047122,-2,0,233
-1.6581,-2.5321,-0.0065185,0.00047122,-1,0,233
-0.82803,-6.0527,-0.0065185,0.00047122,-2,0,233
0.7121,-3.341,-0.0065185,-3.9995,-1,0,233
-0.59701,1.2504,-3.0065,0.00047122,1,1,233
-4.3266,-0.32211,-0.0065185,0.00047122,-2,0,233
-3.127,-4.4386,-0.0065185,0.00047122,-2,0,233
2.9662,4.2734,-0.0065185,0.00047122,-2,1,233
-4.813,-4.7996,-0.0065185,0.00047122,-2,0,233
-2.6904,-2.122,-0.0065185,0.00047122,-2,0,233
1.5951,3.0002,-0.0065185,0.00047122,-2,1,233
-1.3476,-1.3341,3.9935,0.00047122,1,0,233
2.4312,-2.4556,-0.0065185,0.00047122,-2,1,233
-5.3582,-2.4696,-0.0065185,0.00047122,-2,0,233
-3.3038,-3.2904,-0.0065185,0.00047122,-2,0,233
-2.2576,-3.8567,-0.0065185,0.00047122,-2,0,233
-0.21828,-0.20486,-0.0065185,0.00047122,-2,0,233
0.19381,0.42897,-0.0065185,0.00047122,-2,0,233
4.0045,-1.3713,-0.0065185,0.00047122,-2,1,233
4.0045,4.0179,-0.0065185,0.00047122,-2,1,233
-3.3955,-2.8721,3.9935,0.00047122,1,0,233
4.0045,-3.3821,-0.0065185,0.00047122,-2,1,233
3.4045,2.7767,-2.0065,0.00047122,1,1,233
4.0045,3.4729,-0.0065185,0.00047122,-2,1,233
3.4045,-1.8903,-4.0065,0.00047122,1,1,233
4.0045,3.6241,-0.0065185,0.00047122,-2,1,233
3.0045,2.6832,-0.0065185,0.00047122,-2,1,233
4.0045,-2.7231,-0.0065185,0.00047122,-2,1,233
2.0045,3.1761,-0.0065185,0.00047122,-2,1,233
2.0045,2.0179,-0.0065185,0.00047122,-2,1,233
-1.6955,-1.4271,2.9935,0.00047122,1,0,233
0.0044729,-2.6806,-0.0065185,0.00047122,-2,0,233
-4.9955,-7.1496,-0.0065185,0.00047122,-2,0,233
3.0045,0.017889,-0.0065185,0.00047122,-2,1,233
2.0045,2.0179,-0.0065185,0.00047122,-2,1,233
-3.9955,-2.1496,-0.0065185,0.00047122,-2,0,233
1.0045,3.4179,-0.0065185,0.00047122,-2,1,233
-0.84553,-1.7938,-4.0065,0.00047122,1,0,233
3.0045,3.4179,-0.0065185,0.00047122,-2,1,233
-2.9955,-3.227,-0.0065185,0.00047122,-2,0,233
-1.9955,-1.9821,-0.0065185,0.00047122,-2,0,233
3.0045,2.1854,-0.0065185,0.00047122,-2,1,233
-4.9955,-2.9588,-0.0065185,0.00047122,-2,0,233
-4.9955,-4.5948,-0.0065185,0.00047122,-2,0,233
-4.2455,-4.5404,-5.0065,0.00047122,1,0,233
4.0045,4.2679,-0.0065185,0.00047122,-2,1,233
-4.9955,-3.3821,-0.0065185,0.00047122,-2,0,233
1.0045,4.2679,-0.0065185,0.00047122,-2,1,233
1.0045,1.0179,-0.0065185,0.00047122,-2,0,233
2.8545,2.8679,-0.0065185,0.00047122,-2,0,233
-2.418,-0.82089,-3.0065,0.00047122,1,1,233
-0.60965,-3.0541,-0.0065185,0.00047122,-2,1,233
1.5265,1.5399,-0.0065185,0.00047122,-2,1,233
0.85447,0.86789,-0.0065185,0.00047122,-2,1,233
-1.273,-1.2596,-0.0065185,0.00047122,-2,0,233
1.0903,1.7179,-3.0065,0.00047122,1,1,233
-2.5505,-2.5371,-0.0065185,0.00047122,-2,1,233
-1.7673,-2.3465,-0.0065185,0.00047122,-2,0,233
-6.5455,-1.4881,-0.0065185,0.00047122,-2,0,233
6.172,5.5839,-0.0065185,0.00047122,-2,1,233
5.8468,5.349,-0.0065185,0.00047122,-2,1,233
-4.9615,-3.5701,1.9935,0.00047122,1,0,233
-3.3266,-2.9438,-0.0065185,0.00047122,-2,0,233
-5.127,-4.7996,-0.0065185,0.00047122,-2,0,233
-0.95726,0.28441,-0.0065185,0.00047122,-2,0,233
1.8219,1.6085,-0.0065185,0.00047122,-2,1,233
0.69932,0.51992,-0.0065185,0.00047122,-2,1,233
2.5951,2.4446,-0.0065185,0.00047122,-2,1,233
-2.1976,-0.48414,-5.0065,0.00047122,1,0,233
-4.4223,-4.6588,-0.0065185,0.00047122,-2,0,233
-5.3582,-5.3448,-0.0065185,0.00047122,-2,0,233
2.3128,2.2406,-0.0065185,0.00047122,-2,1,233
-2.2576,-2.7007,-0.0065185,0.00047122,-2,0,233
-1.9183,-1.9049,1.9935,0.00047122,1,0,233
-1.1849,1.5811,-0.0065185,0.00047122,-2,0,233
-1.8346,0.98417,-0.0065185,0.00047122,-2,1,233
-1.5587,-2.8833,-0.0065185,-2.9995,-1,0,233
1.3332,2.4516,-4.0065,0.00047122,1,1,233
0.77622,1.2504,-0.0065185,0.00047122,-2,1,233
-2.6955,-2.6821,-0.0065185,0.00047122,-2,0,233
-4.4405,-4.4271,-0.0065185,0.00047122,-2,0,233
-5.2238,-0.45606,-0.0065185,0.00047122,-2,0,233
3.0485,5.1927,-0.0065185,0.00047122,-2,1,233
-4.8829,-2.5695,-0.0065185,0.00047122,-2,0,233
4.1588,4.7002,-4.0065,0.00047122,1,1,233
3.6456,4.1079,-0.0065185,0.00047122,-2,1,233
-1.5405,1.9814,-0.0065185,0.00047122,-2,0,233
1.5412,-1.2953,-0.0065185,0.00047122,-2,1,233
-2.6955,1.4098,-0.0065185,0.00047122,-2,0,233
-0.44053,1.632,-0.0065185,0.00047122,-2,1,233
0.38272,1.9686,3.9935,0.00047122,1,0,233
3.282,4.032,-0.0065185,0.00047122,-2,1,233
-0.59553,2.8038,-0.0065185,0.00047122,-2,0,233
1.4045,-1.9166,-0.0065185,0.00047122,-2,0,233
-1.2955,-0.78409,-0.0065185,0.00047122,-2,0,233
-1.1005,-0.99361,-3.0065,0.00047122,1,0,233
0.83697,-4.6201,-0.0065185,0.00047122,-2,0,233
0.1621,0.24307,-0.0065185,0.00047122,-2,1,233
0.70447,0.61937,-0.0065185,0.00047122,-2,0,233
1.1545,0.61289,-0.0065185,0.00047122,-2,1,233
3.7045,3.2461,-0.0065185,0.00047122,-2,1,233
2.4495,2.4629,-0.0065185,0.00047122,-2,1,233
5.2327,4.9053,-0.0065185,0.00047122,-2,1,233
4.4485,0.36705,2.9935,0.00047122,1,0,233
-3.8855,-0.032642,-0.0065185,0.00047122,-2,0,233
-0.14553,2.7304,-0.0065185,0.00047122,-2,0,233
1.1545,3.8603,-0.0065185,0.00047122,-2,1,233
-0.97303,-0.95961,3.9935,0.00047122,1,0,233
-2.5505,-2.8601,-0.0065185,0.00047122,-2,0,233
-4.3955,-3.8721,-0.0065185,0.00047122,-2,0,233
-1.8855,-1.8721,-0.0065185,0.00047122,-2,0,233
1.611,1.587,4.9935,0.00047122,1,1,233
-0.083552,0.24307,-0.0065185,0.00047122,-2,0,233
-1.7703,-1.4907,-0.0065185,0.00047122,-2,0,233
-0.48693,-0.47351,-0.0065185,0.00047122,-2,1,233
-0.27784,-3.8745,-0.0065185,0.00047122,-2,1,233
3.8545,0.79936,-0.0065185,0.00047122,-2,1,233
-5.718,-5.7046,-0.0065185,0.00047122,-2,0,233
4.8686,-0.037359,3.9935,0.00047122,1,1,233
-4.13,-3.9041,-5.0065,0.00047122,1,0,233
-2.4392,-2.4258,-0.0065185,0.00047122,-2,0,233
1.3816,2.646,-0.0065185,0.00047122,-2,1,233
2.3251,1.1812,-0.0065185,0.00047122,-2,1,233
-5.268,-0.9771,-0.0065185,0.00047122,-2,0,233
4.4861,4.4995,4.9935,0.00047122,1,1,233
-2.1924,-4.429,-0.0065185,0.00047122,-2,0,233
-0.82818,-1.4189,-0.0065185,0.00047122,-2,1,233
0.14671,1.0916,-0.0065185,0.00047122,-2,1,233
0.12538,-0.29768,3.9935,0.00047122,1,1,233
1.1072,0.74966,-0.0065185,0.00047122,-2,1,233
1.9171,1.9305,-0.0065185,0.00047122,-2,0,233
0.078724,2.5486,-0.0065185,0.00047122,-2,1,233
0.067586,-0.14684,-0.0065185,0.00047122,-2,0,233
-0.99553,-0.98211,-0.0065185,0.00047122,-2,0,233
4.0045,-0.027711,-0.0065185,0.00047122,-2,1,233
-3.3955,-3.3821,2.9935,0.00047122,1,0,233
3.0045,-2.5321,-0.0065185,0.00047122,-2,1,233
1.0045,-2.5321,-0.0065185,0.00047122,-2,0,233
0.85447,0.86789,-5.0065,0.00047122,1,1,233
5.727,-4.2321,-0.0065185,0.00047122,-2,1,233
2.6186,-1.5946,-0.0065185,0.00047122,-2,1,233
1.5265,-2.0527,-0.0065185,0.00047122,-2,1,233
-3.4392,-3.4258,-0.0065185,0.00047122,-2,0,233
-4.3727,-4.3593,-0.0065185,0.00047122,-2,0,233
3.3251,0.35067,-0.0065185,0.00047122,-2,1,233
5.277,0.965,-0.0065185,0.00047122,-2,1,233
2.2361,0.65544,-0.0065185,0.00047122,-2,1,233
3.2013,3.8273,-0.0065185,0.00047122,-2,1,233
-4.1629,-2.6995,-0.0065185,0.00047122,-2,0,233
4.1467,3.1812,-0.0065185,0.00047122,-2,1,233
3.5254,3.0288,2.9935,0.00047122,1,1,233
2.1072,2.1207,-0.0065185,0.00047122,-2,1,233
5.0918,1.6715,-0.0065185,0.00047122,-2,1,233
-4.0698,-4.0564,-0.0065185,0.00047122,-2,0,233
3.0676,2.6466,-0.0065185,0.00047122,-2,1,233
1.0581,2.7729,-0.0065185,0.00047122,-2,1,233
1.3903,0.25376,-0.0065185,0.00047122,-2,0,234
0.48247,0.49588,-0.0065185,0.00047122,-2,1,234
-2.1455,0.33144,-0.0065185,0.00047122,-2,0,234
-3.5455,-1.9438,-0.0065185,0.00047122,-2,0,234
-0.16303,-0.14961,-0.0065185,0.00047122,-2,1,234
0.70447,0.71789,-0.0065185,0.00047122,-2,1,234
0.55947,0.16481,-0.0065185,0.00047122,-2,1,234
0.70447,-0.48008,-0.0065185,0.00047122,-2,1,234
1.4495,0.44461,-0.0065185,0.00047122,-2,1,234
1.2327,0.38061,-0.0065185,0.00047122,-2,1,234
3.0485,2.3262,-0.0065185,0.00047122,-2,1,234
-3.8829,-0.22837,-0.0065185,0.00047122,-2,0,234
-3.2998,-3.2864,-5.0065,0.00047122,1,0,234
-5.6367,-5.6233,-0.0065185,0.00047122,-2,0,234
-3.5405,-3.7556,-0.0065185,0.00047122,-2,0,234
2.4677,2.7047,-0.0065185,0.00047122,-2,1,234
-1.3893,-1.3759,-0.0065185,0.00047122,-2,0,234
-2.3302,-2.3168,-0.0065185,0.00047122,-2,0,234
-1.98,-1.2944,-5.0065,0.00047122,1,0,234
-1.2373,-1.2239,-0.0065185,0.00047122,-2,0,234
4.21,3.6911,-0.0065185,0.00047122,-2,1,234
3.5792,5.0695,-0.0065185,5.0005,-1,1,234
-5.144,-2.916,-0.0065185,0.00047122,-2,0,234
-4.3718,-4.3583,-5.0065,0.00047122,1,0,234
3.1118,3.0496,-0.0065185,0.00047122,-2,1,234
-3.0867,-3.6858,-0.0065185,0.00047122,-2,0,234
-4.073,-4.005,-0.0065185,0.00047122,-2,0,234
5.0704,2.2048,-0.0065185,0.00047122,-2,1,234
-3.0515,-4.2487,-0.0065185,0.00047122,-2,0,234
-1.0431,-1.0297,-0.0065185,0.00047122,-2,0,234
0.89494,2.1973,4.9935,0.00047122,1,1,234
-1.0299,-4.2423,-0.0065185,0.00047122,-2,0,234
0.97524,-0.86135,-0.0065185,0.00047122,-2,1,234
4.8545,3.2954,-0.0065185,0.00047122,-2,1,234
-4.718,0.63825,-0.0065185,0.00047122,-2,0,234
1.6186,1.632,-0.0065185,0.00047122,-2,1,234
2.5265,3.4299,-0.0065185,0.00047122,-2,1,234
-0.55182,2.1616,-0.0065185,0.00047122,-2,0,234
-3.8455,-3.8321,-0.0065185,0.00047122,-2,0,234
3.277,-0.93787,-4.0065,0.00047122,1,0,234
-1.828,-3.7505,-0.0065185,0.00047122,-2,0,234
-1.1532,-2.7852,-0.0065185,0.00047122,-2,0,234
1.4385,2.0307,-0.0065185,0.00047122,-2,1,234
1.2234,4.6559,-3.0065,0.00047122,1,1,234
-2.127,0.79271,-0.0065185,0.00047122,-2,0,234
-5.8455,-2.2524,-0.0065185,0.00047122,-2,0,234
4.727,4.7404,-0.0065185,0.00047122,-2,1,234
3.6186,3.632,-0.0065185,0.00047122,-2,1,234
1.5265,1.5399,-0.0065185,0.00047122,-2,1,234
-1.2892,-3.7236,3.9935,0.00047122,1,0,234
-0.37268,2.4562,-0.0065185,0.00047122,-2,1,234
-0.99553,-2.5515,-0.0065185,0.00047122,-2,0,234
4.0045,0.86789,-0.0065185,0.00047122,-2,1,234
-3.9955,-5.4701,-0.0065185,0.00047122,-2,0,234
3.0045,5.1927,-0.0065185,0.00047122,-2,1,234
4.0045,4.0179,-0.0065185,0.00047122,-2,1,234
3.4045,2.1854,-4.0065,0.00047122,1,0,234
0.11447,-2.9144,-0.0065185,0.00047122,-2,1,234
0.54797,1.4519,-0.0065185,0.00047122,-2,1,234
1.9164,2.6868,-0.0065185,0.00047122,-2,1,234
-0.22071,-0.69304,-0.0065185,0.00047122,-2,1,234
3.7045,3.7179,-0.0065185,0.00047122,-2,1,234
3.7045,3.7179,-0.0065185,0.00047122,-2,1,234
-3.1405,-2.3959,-5.0065,0.00047122,1,0,234
-5.2238,-5.2104,-0.0065185,0.00047122,-2,0,234
-4.0395,-4.5211,-0.0065185,0.00047122,-2,0,234
-1.8829,-3.3196,-0.0065185,0.00047122,-2,1,234
-2.1455,1.6222,-0.0065185,0.00047122,-2,0,234
-1.273,-1.2596,-0.0065185,0.00047122,-2,0,234
1.0903,0.61937,4.9935,0.00047122,1,0,234
1.5595,-3.7101,-0.0065185,0.00047122,-2,1,234
-2.7673,-2.4161,-0.0065185,0.00047122,-2,0,234
2.9605,0.94726,-0.0065185,0.00047122,-2,0,234
-3.3955,-2.2507,-0.0065185,0.00047122,-2,0,234
-2.8855,-1.5481,-5.0065,0.00047122,1,0,234
-1.9955,-1.1646,-0.0065185,0.00047122,-2,1,234
-4.6955,-1.6821,-0.0065185,0.00047122,-2,0,234
1.4545,1.4679,-0.0065185,0.00047122,-2,0,234
0.17197,2.6279,-0.0065185,0.00047122,-2,1,234
-3.8379,-3.8245,-0.0065185,0.00047122,-2,0,234
-3.2615,1.4629,2.9935,0.00047122,1,1,234
-4.4405,-1.7539,-0.0065185,0.00047122,-2,0,234
-2.5455,-2.5321,-0.0065185,0.00047122,-2,0,234
-4.163,0.89853,-0.0065185,0.00047122,-2,0,234
-1.8379,-3.5245,-0.0065185,0.00047122,-2,1,234
-0.99553,-0.98211,-0.0065185,0.00047122,-2,0,234
2.0045,-0.57273,-0.0065185,0.00047122,-2,1,234
1.7045,0.67388,4.9935,0.00047122,1,1,234
-2.9955,-2.9821,-0.0065185,0.00047122,-2,0,234
4.0045,3.6304,-0.0065185,0.00047122,-2,1,234
0.0044729,-3.3821,-0.0065185,0.00047122,-2,1,234
-2.9955,2.3629,-0.0065185,0.00047122,-2,0,234
2.5545,0.11139,3.9935,0.00047122,1,1,234
-3.9955,-1.2941,-0.0065185,0.00047122,-2,0,234
5.0045,1.6431,-0.0065185,0.00047122,-2,1,234
-3.9955,-3.9821,-0.0065185,0.00047122,-2,0,234
-3.3955,-3.5946,-5.0065,0.00047122,1,0,234
-4.9955,-4.9821,-0.0065185,0.00047122,-2,0,234
-4.9955,-3.5946,-0.0065185,0.00047122,-2,0,234
4.0045,3.2304,-0.0065185,0.00047122,-2,1,234
3.4045,0.34852,-0.0065185,1.0005,-1,1,234
-3.9955,-3.9821,-0.0065185,0.00047122,-2,0,234
4.0045,3.5343,-0.0065185,0.00047122,-2,1,234
-3.3955,-1.7896,-5.0065,0.00047122,1,1,234
0.11447,-4.2321,-0.0065185,0.00047122,-2,0,234
2.5545,0.017889,-0.0065185,0.00047122,-2,1,234
1.0045,-0.34456,-0.0065185,0.00047122,-2,1,234
1.0045,-1.8245,-0.0065185,0.00047122,-2,1,234
-0.84553,0.59954,-2.0065,0.00047122,1,0,234
0.72697,0.38677,4.9935,0.00047122,1,1,234
1.3903,-4.8462,-0.0065185,0.00047122,-2,1,234
-0.29553,-5.5946,-0.0065185,0.00047122,-2,0,234
2.3045,2.3179,-0.0065185,0.00047122,-2,1,234
0.40447,4.1127,-0.0065185,0.00047122,-2,0,234
0.34447,-1.4881,-5.0065,0.00047122,1,0,234
1.837,-6.3996,-0.0065185,0.00047122,-2,0,234
1.1621,1.5755,-0.0065185,0.00047122,-2,1,234
-0.44553,-0.092111,-0.0065185,0.00047122,-2,1,234
1.837,-2.7469,-0.0065185,0.00047122,-2,1,234
-1.3955,2.1223,-0.0065185,0.00047122,-2,0,234
1.1145,1.1279,-0.0065185,0.00047122,-2,0,234
-1.452,1.2072,-0.0065185,0.00047122,-2,0,234
-1.2336,-0.84189,1.9935,0.00047122,1,0,234
-2.7703,-0.056933,-0.0065185,0.00047122,-2,0,234
-3.5041,-3.4907,-0.0065185,0.00047122,-2,0,234
-2.2778,-2.2644,-0.0065185,0.00047122,-2,0,234
-1.9355,-1.6862,3.9935,0.00047122,1,0,234
-1.0691,-2.0535,-0.0065185,0.00047122,-2,1,234
1.217,2.9686,-0.0065185,0.00047122,-2,0,234
-2.6649,1.0485,-0.0065185,0.00047122,-2,0,234
-2.2645,-2.2511,3.9935,0.00047122,1,0,234
-0.47915,0.055165,-0.0065185,0.00047122,-2,1,234
3.0045,0.12789,-0.0065185,0.00047122,-2,0,234
1.0045,-1.4386,-0.0065185,0.00047122,-2,0,234
-1.9955,-0.27912,-0.0065185,0.00047122,-2,0,234
0.70447,-0.056933,-0.0065185,0.00047122,-2,1,234
0.55947,-0.57711,-0.0065185,0.00047122,-2,0,234
-0.22378,-0.21036,-0.0065185,0.00047122,-2,0,234
0.19849,-0.3831,2.9935,0.00047122,1,1,234
2.1171,2.8861,-0.0065185,0.00047122,-2,1,234
1.5545,-2.9039,-0.0065185,0.00047122,-2,1,234
-1.163,-1.1496,-0.0065185,0.00047122,-2,1,234
-5.8455,-2.3981,-0.0065185,0.00047122,-2,0,234
-4.968,-4.8462,-4.0065,0.00047122,1,0,234
-3.6097,-3.5041,-0.0065185,0.00047122,-2,0,234
-4.5175,-4.4258,-0.0065185,0.00047122,-2,0,234
-4.4392,-2.8823,-0.0065185,0.00047122,-2,0,234
-3.7727,-3.7027,3.9935,0.00047122,1,0,234
-4.3161,3.1454,-0.0065185,0.00047122,-2,0,234
3.277,3.6904,-0.0065185,0.00047122,-2,1,234
-3.2271,-2.7637,-0.0065185,0.00047122,-2,0,234
3.2013,2.7648,-0.0065185,0.00047122,-2,1,234
4.1718,4.1852,-0.0065185,0.00047122,-2,1,234
1.1467,1.1601,-0.0065185,0.00047122,-2,1,234
-0.96643,-1.9273,1.9935,0.00047122,1,0,234
-3.0983,-3.0849,-0.0065185,0.00047122,-2,0,234
2.0918,-1.3398,-0.0065185,0.00047122,-2,1,234
-4.0698,-1.7452,-0.0065185,0.00047122,-2,0,234
5.0676,3.481,-0.0065185,0.00047122,-2,1,234
-3.0492,-3.0277,-0.0065185,0.00047122,-2,0,234
-0.041127,-0.020871,-0.0065185,0.00047122,-2,1,234
-1.9955,0.056648,-0.0065185,0.00047122,-2,0,234
2.0045,-0.59214,-0.0065185,0.00047122,-2,1,234
3.0045,0.79936,-0.0065185,0.00047122,-2,1,234
2.0045,0.13214,-0.0065185,0.00047122,-2,1,234
3.0045,1.415,-0.0065185,0.00047122,-2,1,234
4.0045,0.9053,-0.0065185,0.00047122,-2,1,234
4.0045,2.2598,-0.0065185,0.00047122,-2,1,234
-2.9955,-2.9821,-0.0065185,0.00047122,-2,0,234
2.5545,2.9079,4.9935,0.00047122,1,1,234
0.0044729,-0.69332,-0.0065185,0.00047122,-2,0,234
5.0045,-3.5946,-0.0065185,0.00047122,-2,0,234
-6.2455,-6.2321,-0.0065185,0.00047122,-2,0,234
-4.6955,0.017889,-0.0065185,0.00047122,-2,0,234
-4.4405,-2.9821,-0.0065185,0.00047122,-2,0,234
-2.9518,1.4616,-0.0065185,1.0005,-1,0,235
0.62732,0.89698,-0.0065185,0.00047122,-2,1,235
2.6839,1.4721,-0.0065185,0.00047122,-2,1,235
1.732,1.9305,-0.0065185,0.00047122,-2,1,235
-4.7639,-1.918,-0.0065185,0.00047122,-2,0,235
1.8076,1.9548,-0.0065185,0.00047122,-2,1,235
4.8371,4.9642,-0.0065185,0.00047122,-2,1,235
1.8622,2.9463,-0.0065185,0.00047122,-2,1,235
-0.87462,-1.5612,-0.0065185,0.00047122,-2,0,235
0.9017,0.98494,-0.0065185,0.00047122,-2,0,235
-3.8455,-0.74476,-0.0065185,0.00047122,-2,0,235
6.5545,6.5679,-0.0065185,0.00047122,-2,1,235
5.572,0.47678,-4.0065,0.00047122,1,1,235
-5.8379,3.4715,-0.0065185,0.00047122,-2,0,235
3.5705,3.5839,-0.0065185,0.00047122,-2,1,235
3.0356,2.8691,-3.0065,0.00047122,1,1,235
2.5809,-1.8507,-0.0065185,-2.9995,-1,1,235
-2.9573,2.2134,-0.0065185,0.00047122,-2,0,235
2.8219,2.8354,-0.0065185,0.00047122,-2,1,235
-0.69038,0.038121,-0.0065185,0.00047122,-2,1,235
-2.9955,-2.9821,-0.0065185,0.00047122,-2,1,235
-3.9955,-3.9821,-0.0065185,0.00047122,-2,0,235
0.40447,-2.5554,-0.0065185,0.00047122,-2,0,235
0.34447,3.6622,-5.0065,0.00047122,1,0,235
0.83697,3.659,-0.0065185,0.00047122,-2,1,235
0.45447,-0.68974,-0.0065185,0.00047122,-2,0,235
0.17197,-0.36461,-0.0065185,0.00047122,-2,0,235
0.70447,0.71789,-0.0065185,0.00047122,-2,1,235
-1.4405,-1.8245,-0.0065185,0.00047122,-2,0,235
-0.22378,-3.4339,-0.0065185,0.00047122,-2,0,235
-0.18954,-0.46323,1.9935,0.00047122,1,0,235
1.1171,0.88644,-0.0065185,0.00047122,-2,1,235
5.7045,5.7179,-0.0065185,0.00047122,-2,1,235
4.4495,4.2461,-0.0065185,0.00047122,-2,1,235
3.2327,3.2461,-0.0065185,0.00047122,-2,1,235
-4.0395,-0.56289,-0.0065185,0.00047122,-2,0,235
4.8919,3.4553,-0.0065185,0.00047122,-2,1,235
2.7588,4.059,-0.0065185,0.00047122,-2,1,235
0.64563,0.56287,-0.0065185,0.00047122,-2,1,235
0.54945,1.9261,-4.0065,0.00047122,1,1,235
2.4677,2.4116,-0.0065185,0.00047122,-2,1,235
-2.3893,2.5141,-0.0065185,0.00047122,-2,0,235
-1.3302,-1.3168,-0.0065185,0.00047122,-2,0,235
1.139,1.7474,-3.0065,0.00047122,1,1,235
-4.2373,2.3261,-0.0065185,0.00047122,-2,0,235
-0.20107,-0.18765,-0.0065185,0.00047122,-2,0,235
1.1792,3.0826,-0.0065185,0.00047122,-2,1,235
4.153,4.1441,-0.0065185,0.00047122,-2,1,235
1.1307,1.1441,-0.0065185,0.00047122,-2,1,235
-0.95282,-0.70353,2.9935,0.00047122,1,0,235
1.0957,-2.4409,-0.0065185,0.00047122,-2,1,235
2.082,2.0954,-0.0065185,0.00047122,-2,1,235
-1.9296,-1.9162,-0.0065185,0.00047122,-2,0,235
-5.6955,-5.6821,-0.0065185,0.00047122,-2,0,235
-6.4405,-1.3866,-0.0065185,0.00047122,-2,0,235
-3.2238,-1.5384,-0.0065185,0.00047122,-2,0,235
2.7485,3.2532,4.9935,0.00047122,1,1,235
-0.10812,-1.3027,-0.0065185,0.00047122,-2,1,235
-0.74983,-3.3221,-0.0065185,0.00047122,-2,0,235
0.36332,1.2495,-0.0065185,0.00047122,-2,1,235
1.8545,1.8679,-0.0065185,0.00047122,-2,1,235
-0.27303,-0.25961,-0.0065185,0.00047122,-2,0,235
1.1545,1.1679,-0.0065185,0.00047122,-2,1,235
0.98197,1.3832,2.9935,0.00047122,1,0,235
0.39035,3.5679,-0.0065185,0.00047122,-2,1,235
-0.14553,-0.13211,-0.0065185,0.00047122,-2,1,235
-0.27303,-0.18765,-0.0065185,0.00047122,-2,0,235
2.1545,2.8432,-0.0065185,0.00047122,-2,1,235
1.5545,-0.18261,-0.0065185,0.00047122,-2,1,235
1.322,1.3354,4.9935,0.00047122,1,0,235
1.282,-0.32746,-0.0065185,0.00047122,-2,1,235
-3.6955,-5.2946,-0.0065185,0.00047122,-2,0,235
4.4495,3.1629,-0.0065185,0.00047122,-2,1,235
-3.7738,-3.7604,1.9935,0.00047122,1,0,235
3.216,-0.6381,-4.0065,0.00047122,1,1,235
3.8919,-3.2148,-0.0065185,0.00047122,-2,1,235
5.7588,5.1601,-0.0065185,0.00047122,-2,1,235
-4.6367,-4.6233,-0.0065185,0.00047122,-2,0,235
5.5495,5.1207,-0.0065185,0.00047122,-2,1,235
1.4677,1.6713,-0.0065185,0.00047122,-2,1,235
-1.2393,-1.2259,-4.0065,0.00047122,1,0,235
-1.3302,-1.3168,-0.0065185,0.00047122,-2,0,235
-0.71104,-0.92846,-0.0065185,0.00047122,-2,1,235
1.7627,1.7761,-0.0065185,0.00047122,-2,0,235
2.7989,2.8123,-0.0065185,0.00047122,-2,1,235
-0.44553,-0.43211,-0.0065185,0.00047122,-2,0,235
3.5545,4.0765,-0.0065185,0.00047122,-2,1,235
-3.013,-2.9996,1.9935,0.00047122,1,0,235
-1.1532,0.16026,-0.0065185,0.00047122,-2,0,235
1.4545,-1.4099,-0.0065185,0.00047122,-2,1,235
5.4045,5.4179,-0.0065185,0.00047122,-2,1,235
-4.8855,-1.0297,-0.0065185,0.00047122,-2,0,235
4.161,4.1744,-3.0065,0.00047122,1,0,235
-1.5505,1.4719,-0.0065185,0.00047122,-2,0,235
-2.7673,-2.7539,-0.0065185,0.00047122,-2,0,235
-2.9515,-1.1056,-0.0065185,0.00047122,-2,0,235
-2.5081,-4.9481,3.9935,0.00047122,1,0,235
0.25017,-2.051,-0.0065185,0.00047122,-2,1,235
0.36332,2.1493,-0.0065185,0.00047122,-2,1,235
-4.4505,-1.6663,-0.0065185,0.00047122,-2,0,235
2.5412,5.0854,-0.0065185,0.00047122,-2,1,235
0.39822,0.41164,-0.0065185,0.00047122,-2,0,235
-2.3302,-1.3915,-0.0065185,0.00047122,-2,0,235
1.989,2.0024,-3.0065,0.00047122,1,1,235
5.4495,-4.0981,-0.0065185,0.00047122,-2,1,235
4.2327,1.6868,-0.0065185,0.00047122,-2,1,235
-0.95151,1.7764,-0.0065185,0.00047122,-2,1,235
0.89188,-2.6438,-0.0065185,0.00047122,-2,1,235
-0.24123,-1.7996,-0.0065185,0.00047122,-2,0,235
-0.20437,0.65904,2.9935,0.00047122,1,1,235
0.54945,0.56287,-0.0065185,0.00047122,-2,0,235
-0.99553,-0.36799,-0.0065185,0.00047122,-2,1,235
-2.9955,-2.9821,-0.0065185,0.00047122,-2,0,235
0.0044729,0.017889,-0.0065185,0.00047122,-2,0,235
0.0044729,0.97186,-5.0065,0.00047122,1,0,235
1.0045,4.5885,-0.0065185,0.00047122,-2,1,235
-0.84553,-0.83211,-1.0065,0.00047122,1,0,235
3.0045,1.0995,-0.0065185,0.00047122,-2,1,235
-4.9955,-2.729,-0.0065185,0.00047122,-2,0,235
-3.9955,-4.2321,-0.0065185,0.00047122,-2,0,235
-4.9955,-3.5244,-0.0065185,0.00047122,-2,0,235
-3.9955,-4.103,-0.0065185,0.00047122,-2,0,235
-3.3955,-3.5946,-4.0065,0.00047122,1,0,235
-1.9955,-3.4695,-0.0065185,0.00047122,-2,0,235
1.7045,1.7921,0.99348,0.00047122,1,1,235
4.0045,4.081,-0.0065185,0.00047122,-2,1,235
-3.3955,-0.70461,3.9935,0.00047122,1,0,235
-2.9955,-2.9821,-0.0065185,0.00047122,-2,0,235
-0.99553,2.9079,-0.0065185,0.00047122,-2,0,235
3.0045,3.0508,-0.0065185,0.00047122,-2,1,235
-2.5455,-0.70461,2.9935,0.00047122,1,0,235
1.0045,-2.5083,-0.0065185,0.00047122,-2,1,235
3.0045,3.0381,-0.0065185,0.00047122,-2,1,235
-2.5455,-0.72181,-3.0065,0.00047122,1,0,235
-2.9955,-2.5321,-0.0065185,0.00047122,-2,0,235
-0.99553,-2.5321,-0.0065185,0.00047122,-2,0,235
-1.9955,-1.9927,-0.0065185,0.00047122,-2,0,235
-3.9955,-3.9821,-0.0065185,0.00047122,-2,0,235
-3.3955,-0.59624,-5.0065,0.00047122,1,0,235
3.0045,3.0244,-0.0065185,0.00047122,-2,1,235
-2.5455,2.0179,-0.0065185,2.0005,-1,0,235
1.0045,1.0179,-0.0065185,0.00047122,-2,1,235
-1.1455,-1.1321,-0.0065185,0.00047122,-2,0,235
-0.97303,-3.9006,2.9935,0.00047122,1,0,235
-0.44053,-0.42711,-0.0065185,0.00047122,-2,1,235
-0.14553,1.1854,-0.0065185,0.00047122,-2,1,235
1.282,-1.8224,-0.0065185,0.00047122,-2,1,235
-1.0814,-1.068,3.9935,0.00047122,1,0,235
1.5595,1.5729,-0.0065185,0.00047122,-2,1,235
0.55447,2.5666,-0.0065185,0.00047122,-2,1,235
0.17197,0.77439,-0.0065185,0.00047122,-2,0,235
1.3045,0.41526,-0.0065185,0.00047122,-2,0,235
-2.4405,-2.2104,-0.0065185,0.00047122,-2,0,235
1.2327,-0.92136,-0.0065185,0.00047122,-2,1,235
-1.0395,-0.86952,3.9935,0.00047122,1,0,235
1.8919,-2.4947,-0.0065185,0.00047122,-2,1,235
1.7588,1.7722,-0.0065185,0.00047122,-2,1,235
3.3633,-1.2496,-0.0065185,0.00047122,-2,0,235
-1.4505,-2.8371,-0.0065185,0.00047122,-2,0,235
0.30447,-0.87211,-0.0065185,0.00047122,-2,0,235
-0.44053,-1.4386,-0.0065185,0.00047122,-2,0,235
1.7762,0.92986,-0.0065185,0.00047122,-2,1,235
-0.54553,-1.4881,-0.0065185,0.00047122,-2,1,235
-0.29553,0.69976,-0.0065185,0.00047122,-2,1,235
-2.4405,0.27289,-0.0065185,0.00047122,-2,0,235
4.2327,3.659,-0.0065185,0.00047122,-2,1,235
-4.0395,-4.0261,-0.0065185,0.00047122,-2,0,235
5.8919,5.4811,-0.0065185,0.00047122,-2,1,235
-3.7498,-3.7364,-0.0065185,0.00047122,-2,0,235
3.1956,0.79628,-2.0065,0.00047122,1,1,235
2.5495,2.5629,-0.0065185,0.00047122,-2,1,235
-2.5323,-2.7403,-0.0065185,0.00047122,-2,1,235
0.61072,0.85239,-0.0065185,0.00047122,-2,0,235
-1.6608,-1.8074,-0.0065185,0.00047122,-2,0,235
-5.6955,-4.7046,-0.0065185,0.00047122,-2,0,235
-1.0586,-1.0452,-0.0065185,0.00047122,-2,0,236
3.9508,-0.035758,-0.0065185,0.00047122,-2,1,236
6.4045,6.4179,-0.0065185,0.00047122,-2,1,236
4.8945,2.9079,-0.0065185,0.00047122,-2,1,236
-0.45203,2.0179,-0.0065185,0.00047122,-2,0,236
0.092498,1.4629,-0.0065185,0.00047122,-2,0,236
3.7045,3.7179,-0.0065185,0.00047122,-2,1,236
3.4495,3.4629,-0.0065185,0.00047122,-2,1,236
2.2327,2.2461,-0.0065185,0.00047122,-2,1,236
3.0485,3.0619,-0.0065185,0.00047122,-2,1,236
-4.8829,-3.341,-0.0065185,0.00047122,-2,0,236
4.7588,4.7722,-0.0065185,0.00047122,-2,1,236
4.0456,-3.341,-0.0065185,-3.9995,-1,1,236
-4.5405,0.041875,-0.0065185,0.00047122,-2,0,236
-5.4588,-5.4453,-0.0065185,0.00047122,-2,0,236
-3.3893,-2.5876,-0.0065185,0.00047122,-2,0,236
-3.3302,-2.7403,-0.0065185,0.00047122,-2,0,236
-2.83,-2.4341,-4.0065,0.00047122,1,0,236
-4.2373,-3.8074,-0.0065185,0.00047122,-2,0,236
-5.2011,-5.1877,-0.0065185,0.00047122,-2,0,236
-3.1702,-2.3124,-0.0065185,0.00047122,-2,0,236
4.153,4.1664,-0.0065185,0.00047122,-2,1,236
-3.5218,-2.2758,-3.0065,0.00047122,1,0,236
-2.1028,-2.0894,-0.0065185,0.00047122,-2,0,236
-1.0867,-2.0837,-0.0065185,0.00047122,-2,0,236
0.081992,0.095408,-0.0065185,0.00047122,-2,1,236
-0.061418,0.065495,-0.0065185,0.00047122,-2,0,236
-2.0515,-1.9416,-0.0065185,0.00047122,-2,0,236
3.0521,3.0655,-0.0065185,0.00047122,-2,1,236
-2.586,-0.39658,3.9935,0.00047122,1,0,236
-5.0299,-5.0165,-0.0065185,0.00047122,-2,0,236
-3.0248,-2.961,-0.0065185,0.00047122,-2,0,236
-4.0204,-4.007,-0.0065185,0.00047122,-2,0,236
3.4256,-2.049,1.9935,0.00047122,1,1,236
-2.0135,-1.7001,-0.0065185,0.00047122,-2,0,236
4.0197,1.7332,-0.0065185,0.00047122,-2,1,236
-4.0085,-3.3727,-0.0065185,0.00047122,-2,0,236
-3.4066,-3.3741,-0.0065185,0.00047122,1,0,236
-2.8949,0.02466,3.9935,0.00047122,1,1,236
-6.452,0.0099221,-0.0065185,0.00047122,-2,0,236
-2.3955,-2.3821,-0.0065185,0.00047122,-2,1,236
0.85447,0.86213,-0.0065185,0.00047122,-2,1,236
0.72697,0.74039,-4.0065,0.00047122,1,1,236
-3.3814,-2.768,-0.0065185,0.00047122,-2,0,236
-6.3955,-1.8735,-0.0065185,0.00047122,-2,0,236
-3.8855,-3.8721,-0.0065185,0.00047122,-2,0,236
5.461,5.1059,-0.0065185,0.00047122,-2,1,236
-3.0836,-3.9125,-0.0065185,0.00047122,-2,0,236
2.6293,2.3765,3.9935,0.00047122,1,1,236
2.4959,-4.6644,-0.0065185,0.00047122,-2,0,236
2.7222,2.1356,-0.0065185,0.00047122,-2,1,236
4.4045,4.4179,-0.0065185,0.00047122,-2,1,236
-6.8855,-1.6511,-0.0065185,0.00047122,-2,0,236
6.461,5.5059,-0.0065185,0.00047122,-2,1,236
4.0925,4.1059,-0.0065185,0.00047122,-2,1,236
3.4793,4.6827,-4.0065,0.00047122,1,1,236
6.5131,6.5265,-0.0065185,0.00047122,-2,1,236
4.2868,-1.7821,-0.0065185,0.00047122,-2,1,236
5.0944,5.1079,-0.0065185,0.00047122,-2,1,236
3.9309,3.9444,-0.0065185,0.00047122,-2,1,236
-1.783,-2.4939,-0.0065185,0.00047122,-2,0,236
-2.6649,-2.5511,-0.0065185,0.00047122,-2,0,236
2.2734,1.3094,-4.0065,0.00047122,1,0,236
5.4495,0.61789,-0.0065185,0.00047122,-2,1,236
2.4045,2.4179,-0.0065185,0.00047122,-2,1,236
-0.88553,1.7209,-0.0065185,0.00047122,-2,1,236
2.7045,2.7179,-0.0065185,0.00047122,-2,1,236
-1.4405,0.66091,-0.0065185,0.00047122,-2,0,236
1.2327,1.2461,-4.0065,0.00047122,1,1,236
0.96046,2.2495,-0.0065185,0.00047122,-2,0,236
-3.1081,-3.0947,-0.0065185,0.00047122,-2,0,236
-0.39553,-0.38211,-0.0065185,0.00047122,-2,1,236
-2.5455,0.16013,-0.0065185,0.00047122,-2,0,236
-2.163,-0.37479,3.9935,0.00047122,1,0,236
0.1621,3.5207,-0.0065185,0.00047122,-2,0,236
0.43845,2.1052,-0.0065185,0.00047122,-2,0,236
0.67336,1.5371,-0.0065185,0.00047122,-2,1,236
2.7045,2.7179,-0.0065185,0.00047122,-2,1,236
1.4495,0.10017,-0.0065185,0.00047122,-2,1,236
1.2327,1.2461,-2.0065,0.00047122,1,1,236
1.0485,-0.92781,-0.0065185,0.00047122,-2,1,236
-0.10812,0.65904,-0.0065185,0.00047122,-2,1,236
-2.2412,-2.4371,-0.0065185,0.00047122,-2,0,236
-5.5455,-3.7046,-0.0065185,0.00047122,-2,0,236
-5.163,-3.5962,-0.0065185,0.00047122,-2,0,236
2.8468,0.076661,-0.0065185,0.00047122,-2,0,236
-2.4115,-1.1544,2.9935,0.00047122,1,0,236
-2.3266,-2.0357,-0.0065185,0.00047122,-2,0,236
5.1359,-1.2996,-0.0065185,0.00047122,-2,1,236
3.9662,1.1755,-0.0065185,0.00047122,-2,1,236
-4.813,-1.3061,-0.0065185,0.00047122,-2,0,236
-4.0904,-4.077,3.9935,0.00047122,1,1,236
4.8945,1.7764,-0.0065185,0.00047122,-2,0,236
-3.452,1.2079,-0.0065185,0.00047122,-2,0,236
3.8545,2.9559,-0.0065185,0.00047122,-2,0,236
-3.268,-2.9852,-2.0065,0.00047122,1,0,236
1.6186,2.7179,-0.0065185,0.00047122,-2,1,236
-1.4735,-0.53711,-0.0065185,0.00047122,-2,0,236
-1.2518,-6.6821,-0.0065185,-4.9995,-1,1,236
2.6273,2.9368,-0.0065185,0.00047122,-2,1,236
-1.5455,-1.5321,-0.0065185,0.00047122,-2,1,236
1.322,-5.4453,-0.0065185,-4.9995,-1,0,236
1.1243,-1.5221,-5.0065,0.00047122,1,0,236
3.3903,-4.5668,-0.0065185,0.00047122,-2,1,236
1.4045,-5.5946,-0.0065185,0.00047122,-2,0,236
1.3045,2.4642,-0.0065185,0.00047122,-2,0,236
-1.5505,-2.155,-0.0065185,0.00047122,-2,0,236
1.3262,0.95714,0.99348,0.00047122,1,1,236
1.128,3.0354,3.9935,0.00047122,1,1,236
0.84685,4.9839,-0.0065185,0.00047122,-2,0,236
0.72049,0.73391,1.9935,0.00047122,1,1,236
2.6734,2.3179,-0.0065185,0.00047122,-2,0,236
-1.8641,3.2374,-0.0065185,0.00047122,-2,0,236
-1.5838,3.021,3.9935,0.00047122,1,0,236
-2.163,4.9265,-0.0065185,0.00047122,-2,0,236
1.8468,1.8603,-0.0065185,0.00047122,-2,1,236
-1.5615,-1.5481,-0.0065185,0.00047122,-2,0,236
0.67336,0.68677,-0.0065185,0.00047122,-2,0,236
0.87302,2.8054,-0.0065185,0.00047122,-2,1,236
-1.2955,0.75616,-0.0065185,0.00047122,-2,0,236
-0.44553,0.83536,-0.0065185,0.00047122,-2,1,236
0.38697,1.873,1.9935,0.00047122,1,0,236
-0.8379,-0.12449,-0.0065185,0.00047122,-2,0,236
-1.5615,-0.69813,-0.0065185,0.00047122,-2,0,236
-1.3266,-0.40884,-0.0065185,0.00047122,-2,0,236
-1.127,-1.1136,-5.0065,0.00047122,1,0,236
-4.9573,-4.9438,-0.0065185,0.00047122,-2,0,236
2.8219,2.28,-0.0065185,0.00047122,-2,1,236
-3.6904,-3.677,-0.0065185,0.00047122,-2,0,236
-3.1362,-2.7815,-4.0065,0.00047122,1,0,236
-4.4976,-4.1431,-0.0065185,0.00047122,-2,0,236
-1.4223,-1.4088,-0.0065185,0.00047122,-2,0,236
4.3672,2.5907,-0.0065185,0.00047122,-2,1,236
-2.3038,-2.2904,-0.0065185,0.00047122,-2,0,236
5.2665,5.1019,-0.0065185,0.00047122,-2,1,236
-4.2183,-2.51,-0.0065185,0.00047122,-2,0,236
5.1938,3.4786,-0.0065185,0.00047122,-2,1,236
-4.4065,-4.3931,-5.0065,0.00047122,1,0,236
-2.1323,-4.3689,-0.0065185,0.00047122,-2,0,236
-0.87925,-0.94483,-0.0065185,0.00047122,-2,0,236
-2.8455,-2.8321,-0.0065185,0.00047122,-2,1,236
3.7045,1.9339,-0.0065185,0.00047122,-2,1,236
-3.1405,-3.1271,-5.0065,0.00047122,1,0,236
3.4495,5.7129,-0.0065185,0.00047122,-2,1,236
5.2327,0.96359,-0.0065185,0.00047122,-2,1,236
-4.4395,-5.0261,-0.0065185,-3.9995,-1,0,236
3.7819,3.7953,3.9935,0.00047122,1,1,236
-1.7498,-4.1364,-0.0065185,0.00047122,-2,0,236
1.6456,1.509,-0.0065185,0.00047122,-2,1,236
-1.5405,-1.3771,-0.0065185,0.00047122,-2,0,236
-3.4588,-3.4453,-0.0065185,0.00047122,-2,0,236
-5.3893,-5.3759,-0.0065185,0.00047122,-2,0,236
-5.3302,-5.3168,-0.0065185,0.00047122,-2,0,236
4.539,0.36519,2.9935,0.00047122,1,1,236
3.2463,2.4194,-0.0065185,0.00047122,-2,1,236
5.21,2.7734,-0.0065185,0.00047122,-2,1,236
5.1792,4.1606,-0.0065185,0.00047122,-2,1,236
-5.144,-5.1306,-0.0065185,0.00047122,-2,0,236
-2.1218,-2.1083,-0.0065185,0.00047122,-2,0,236
-0.88823,-1.048,-0.0065185,0.00047122,-2,1,236
0.91327,0.92669,-0.0065185,0.00047122,-2,1,236
-1.1455,-1.1321,-0.0065185,0.00047122,-2,1,236
0.28197,-0.74508,-0.0065185,0.00047122,-2,1,236
0.85447,-0.016507,-0.0065185,0.00047122,-2,0,236
-0.99553,-0.98211,-0.0065185,0.00047122,-2,0,236
0.0044729,-0.59624,-0.0065185,0.00047122,-2,1,236
3.0045,4.0023,-0.0065185,0.00047122,-2,1,236
4.5545,4.5679,-0.0065185,0.00047122,-2,1,236
3.872,0.017889,2.9935,0.00047122,1,1,236
-0.8379,-0.82449,-0.0065185,0.00047122,-2,1,236
3.1545,2.1854,-0.0065185,0.00047122,-2,1,236
0.40447,-0.70461,-0.0065185,0.00047122,-2,1,236
-1.1055,-2.5321,-0.0065185,0.00047122,-2,0,236
0.94797,0.96139,2.9935,0.00047122,1,1,236
-2.6955,-1.3593,-0.0065185,0.00047122,-2,0,237
1.1545,1.1679,-0.0065185,0.00047122,-2,1,237
5.7045,0.12075,-0.0065185,0.00047122,-2,1,237
5.4495,2.9739,-0.0065185,0.00047122,-2,1,237
5.2327,3.1305,-0.0065185,0.00047122,-2,0,237
5.4045,4.4744,-0.0065185,0.00047122,-2,1,237
0.70447,4.6079,-0.0065185,0.00047122,-2,0,237
-5.8455,-0.077812,-0.0065185,0.00047122,-2,0,237
-5.718,-4.9546,-0.0065185,0.00047122,-2,0,237
4.6186,2.4931,-0.0065185,0.00047122,-2,0,237
-3.9175,-7.3821,-0.0065185,-3.9995,-1,1,237
-5.8855,-5.8721,-0.0065185,0.00047122,-2,0,237
-5.002,-2.9693,2.9935,0.00047122,1,0,237
4.172,4.1854,-0.0065185,0.00047122,-2,1,237
-1.8379,-0.2546,-0.0065185,0.00047122,-2,1,237
0.0044729,1.5839,-0.0065185,0.00047122,-2,1,237
3.0045,3.0179,-0.0065185,0.00047122,-2,0,237
2.5545,0.21756,1.9935,0.00047122,1,0,237
3.0045,1.7179,-0.0065185,0.00047122,-2,1,237
5.5545,1.7504,-0.0065185,0.00047122,-2,1,237
5.172,4.7354,-0.0065185,0.00047122,-2,1,237
-1.8379,-3.5761,-0.0065185,0.00047122,-2,1,237
1.5705,1.5839,3.9935,0.00047122,1,1,237
-1.3266,-5.2245,-0.0065185,0.00047122,-2,1,237
3.0045,3.0179,-0.0065185,0.00047122,-2,0,237
-1.9955,-3.3132,-0.0065185,0.00047122,-2,0,237
-1.6955,0.31789,-0.0065185,2.0005,-1,0,237
6.4495,0.71274,-0.0065185,0.00047122,-2,1,237
-5.2238,-5.4604,-0.0065185,0.00047122,-2,0,237
4.4485,4.4619,-4.0065,0.00047122,1,1,237
3.8919,3.9053,-0.0065185,0.00047122,-2,1,237
3.7588,-2.5094,-0.0065185,0.00047122,-2,1,237
2.6456,2.3262,-0.0065185,0.00047122,-2,1,237
-4.5405,-4.5271,-0.0065185,0.00047122,-2,0,237
4.4677,2.3235,-0.0065185,0.00047122,-2,1,237
-3.3893,-3.7759,-0.0065185,0.00047122,-2,0,237
5.3392,2.7288,-0.0065185,0.00047122,-2,1,237
3.289,3.3024,-0.0065185,0.00047122,-2,1,237
-2.7873,-3.8364,-4.0065,0.00047122,1,1,237
0.17197,3.1874,-0.0065185,0.00047122,-2,0,237
-0.15315,0.90789,-0.0065185,0.00047122,-2,0,237
1.4385,-0.75564,-0.0065185,0.00047122,-2,1,237
-1.2144,-0.64636,-5.0065,0.00047122,1,0,237
-0.86408,-2.4573,-0.0065185,0.00047122,-2,0,237
4.0427,3.6554,-0.0065185,0.00047122,-2,1,237
1.187,0.8598,-0.0065185,0.00047122,-2,1,237
-2.3007,-1.8921,-0.0065185,0.00047122,-2,0,237
-2.4049,-0.18941,-0.0065185,0.00047122,-2,0,237
-2.0435,-1.7446,3.9935,0.00047122,1,1,237
-5.163,-5.1496,-0.0065185,0.00047122,-2,0,237
-2.5455,3.4217,-0.0065185,0.00047122,-2,0,237
-4.163,-4.1496,-0.0065185,0.00047122,-2,0,237
-1.8379,0.38914,-0.0065185,0.00047122,-2,0,237
-1.5615,-1.5481,-0.0065185,0.00047122,-2,1,237
-0.99553,0.28612,-0.0065185,0.00047122,-2,0,237
-0.84553,-0.83211,-3.0065,0.00047122,1,0,237
-3.718,-3.7046,-0.0065185,0.00047122,-2,0,237
-1.6097,-1.9849,-0.0065185,0.00047122,-2,0,237
1.5265,0.72787,-0.0065185,0.00047122,-2,1,237
3.4482,2.8989,-0.0065185,0.00047122,-2,1,237
-4.3727,-0.60345,-0.0065185,0.00047122,-2,0,237
-2.3161,-3.7027,-0.0065185,0.00047122,-2,0,237
-1.968,-1.9546,3.9935,0.00047122,1,1,237
2.5595,7.4179,-0.0065185,0.00047122,-2,1,237
-3.7673,-2.9249,-0.0065185,0.00047122,-2,0,237
3.9605,3.2239,-0.0065185,0.00047122,-2,1,237
1.1171,4.1059,-0.0065185,0.00047122,-2,1,237
-0.74983,1.7927,-0.0065185,0.00047122,-2,0,237
-0.63668,-0.62327,2.9935,0.00047122,1,1,237
-2.5405,0.56789,-0.0065185,0.00047122,-2,0,237
-1.2955,-5.2006,-0.0065185,0.00047122,-2,0,237
2.5545,-0.37586,-0.0065185,0.00047122,-2,1,237
2.172,-0.3168,-0.0065185,0.00047122,-2,0,237
-1.8379,-1.8245,-2.0065,0.00047122,1,1,237
4.0045,3.1305,-0.0065185,0.00047122,-2,1,237
6.4045,6.4179,-0.0065185,0.00047122,-2,1,237
6.8945,1.2461,-0.0065185,0.00047122,-2,1,237
-5.452,-5.4386,-0.0065185,0.00047122,-2,0,237
6.0925,4.9959,-0.0065185,0.00047122,-2,1,237
5.1793,4.1722,-4.0065,0.00047122,1,1,237
6.5131,5.659,-0.0065185,0.00047122,-2,1,237
5.2868,-1.5898,-0.0065185,0.00047122,-2,1,237
-3.0855,-4.4721,-0.0065185,0.00047122,-2,0,237
-2.922,-2.9086,-0.0065185,0.00047122,-2,0,237
3.792,2.2504,-0.0065185,0.00047122,-2,1,237
5.6738,2.8524,-0.0065185,0.00047122,-2,1,237
4.8234,4.5097,-3.0065,0.00047122,1,0,237
-1.608,2.0843,-0.0065185,0.00047122,-2,1,237
1.0751,1.3885,-0.0065185,0.00047122,-2,0,237
3.6145,0.92792,-0.0065185,0.00047122,-2,0,237
-4.2141,-0.41609,-0.0065185,0.00047122,-2,0,237
3.5902,2.6261,3.9935,0.00047122,1,1,237
-5.4405,-4.8271,-0.0065185,0.00047122,-2,0,237
-0.22378,-0.21036,-0.0065185,0.00047122,-2,0,237
2.0485,3.9519,-0.0065185,0.00047122,-2,1,237
1.7419,1.245,2.9935,0.00047122,1,1,237
-2.2412,-2.6615,-0.0065185,0.00047122,-2,0,237
6.5545,1.9267,-0.0065185,0.00047122,-2,1,237
-5.163,-1.1397,-0.0065185,0.00047122,-2,0,237
-1.8379,1.5839,-0.0065185,0.00047122,-2,0,237
-3.5615,-4.0046,-0.0065185,0.00047122,-2,0,237
-0.32664,-0.31323,-0.0065185,0.00047122,-2,0,237
0.28592,2.5943,-3.0065,0.00047122,1,0,237
-2.273,-0.39289,-0.0065185,0.00047122,-2,1,237
-0.60965,3.6119,-0.0065185,0.00047122,-2,1,237
3.0045,-0.30724,-0.0065185,0.00047122,-2,1,237
2.5545,1.5839,-0.0065185,0.00047122,-2,1,237
2.172,1.349,-0.0065185,0.00047122,-2,1,237
1.8468,1.8603,2.9935,0.00047122,1,1,237
0.43845,-4.0981,-0.0065185,0.00047122,-2,1,237
-0.69553,-0.68211,-0.0065185,0.00047122,-2,0,237
-2.4405,2.5551,-0.0065185,0.00047122,-2,0,237
-2.2238,-2.0604,-0.0065185,0.00047122,-2,0,237
-1.8895,-1.8761,-5.0065,0.00047122,1,0,237
-3.8829,-3.8695,-0.0065185,0.00047122,-2,0,237
-1.7498,-4.3489,-0.0065185,0.00047122,-2,0,237
-1.6367,-0.01464,-0.0065185,0.00047122,-2,0,237
-0.45055,0.17304,-0.0065185,0.00047122,-2,1,237
1.5412,1.4585,-0.0065185,0.00047122,-2,1,237
-4.6955,-4.6821,-0.0065185,0.00047122,-2,0,237
4.4495,3.632,-0.0065185,0.00047122,-2,1,237
3.7827,0.96166,2.9935,0.00047122,1,1,237
5.0485,5.0619,-0.0065185,0.00047122,-2,1,237
4.8919,2.5625,-0.0065185,0.00047122,-2,1,237
4.7588,4.3385,-0.0065185,0.00047122,-2,1,237
4.0456,3.549,2.9935,0.00047122,1,1,237
-3.5405,-3.0771,-0.0065185,0.00047122,-2,0,237
-0.53229,3.0311,-0.0065185,0.00047122,-2,0,237
-3.8455,2.3527,-0.0065185,0.00047122,-2,0,237
-3.268,-0.68974,-5.0065,0.00047122,1,0,237
-3.6097,-1.4161,-0.0065185,0.00047122,-2,0,237
5.5265,5.5399,-0.0065185,0.00047122,-2,1,237
-4.4392,-1.9213,-0.0065185,0.00047122,-2,0,237
-4.3727,-4.3593,-0.0065185,0.00047122,-2,0,237
4.3251,3.2285,-0.0065185,0.00047122,-2,1,237
-3.268,-3.6546,-0.0065185,0.00047122,-2,0,237
-1.2271,-1.2137,-0.0065185,0.00047122,-2,0,237
-1.0424,-1.6476,1.9935,0.00047122,1,1,237
-2.718,-3.8245,-0.0065185,0.00047122,-2,1,237
-2.6097,-0.53711,-0.0065185,0.00047122,-2,0,237
-5.6955,-3.0132,-0.0065185,0.00047122,-2,0,237
-5.4405,-3.4849,-0.0065185,0.00047122,-2,0,237
4.6327,3.5052,4.9935,0.00047122,1,1,237
-6.0395,-6.0261,-0.0065185,0.00047122,-2,0,237
-3.8829,-4.482,-0.0065185,0.00047122,-2,0,237
4.7588,2.6215,-0.0065185,0.00047122,-2,1,237
-4.0367,-3.4277,1.9935,0.00047122,1,0,237
3.5495,-1.6434,-0.0065185,0.00047122,-2,1,237
-2.4588,-2.5651,-0.0065185,0.00047122,-2,0,237
2.3982,1.7459,-0.0065185,0.00047122,-2,1,237
-5.3302,-1.7059,-0.0065185,0.00047122,-2,0,237
-5.28,-5.0023,-0.0065185,0.00047122,-2,0,237
4.4963,3.6476,0.99348,0.00047122,1,1,237
-3.8136,-1.0377,-4.0065,0.00047122,1,0,237
3.1792,3.4303,-0.0065185,0.00047122,-2,1,237
4.153,4.0285,-0.0065185,0.00047122,-2,1,237
-4.1218,-2.2758,-0.0065185,0.00047122,-2,0,237
-3.1028,-3.4894,-0.0065185,0.00047122,-2,0,237
-4.0867,-2.6233,-0.0065185,0.00047122,-2,0,237
-4.073,-3.9876,-0.0065185,0.00047122,-2,0,237
-4.0614,-3.9868,-0.0065185,0.00047122,-2,0,237
-2.0515,-2.0381,-0.0065185,0.00047122,-2,0,237
4.0521,2.1093,-0.0065185,0.00047122,-2,1,237
-2.036,-2.0226,-0.0065185,0.00047122,-2,0,237
-2.0299,-2.9065,-0.0065185,0.00047122,-2,0,237
-5.0248,-4.9842,-0.0065185,0.00047122,-2,0,237
-2.0204,-1.452,-0.0065185,0.00047122,-2,0,237
-0.01665,-0.0032345,-0.0065185,0.00047122,-2,0,237
-0.013482,-1.4284,-5.0065,0.00047122,1,0,237
-0.010789,0.016803,-0.0065185,0.00047122,-2,0,237
3.0174,3.6313,-0.0065185,0.00047122,-2,1,237
-1.0066,-2.5431,-0.0065185,0.00047122,-2,0,237
-2.0049,-1.9828,-0.0065185,0.00047122,-2,0,237
5.0124,0.74096,-0.0065185,0.00047122,-2,1,237
4.0631,1.5679,-0.0065185,-0.99953,-1,0,238
-0.71322,-2.3593,-0.0065185,0.00047122,-2,0,238
-2.9056,-4.3027,-0.0065185,0.00047122,-2,0,238
-4.0691,0.73488,-0.0065185,0.00047122,-2,0,238
-1.208,-4.4637,-0.0065185,0.00047122,-2,0,238
-1.3262,-2.4258,-0.0065185,0.00047122,-2,0,238
0.57344,-0.14945,-0.0065185,0.00047122,-2,1,238
4.0045,-0.30269,-0.0065185,0.00047122,-2,1,238
-4.9955,-2.3381,-0.0065185,0.00047122,-2,0,238
3.0045,3.3805,-0.0065185,0.00047122,-2,1,238
3.0045,2.5679,-0.0065185,0.00047122,-2,1,238
3.0045,3.0179,-0.0065185,0.00047122,-2,1,238
2.5545,1.6404,4.9935,0.00047122,1,1,238
-3.9955,-3.7689,-0.0065185,0.00047122,-2,0,238
-1.9955,-1.5884,-0.0065185,0.00047122,-2,0,238
1.0045,2.5732,-0.0065185,0.00047122,-2,1,238
1.0045,0.73341,-0.0065185,0.00047122,-2,1,238
3.0045,2.7761,-0.0065185,0.00047122,-2,1,238
-2.5455,-0.3907,3.9935,0.00047122,1,1,238
2.172,-3.3821,-0.0065185,0.00047122,-2,0,238
-2.8379,-1.4258,-0.0065185,0.00047122,-2,0,238
2.8545,2.0179,-0.0065185,0.00047122,-2,1,238
1.727,-1.3476,-0.0065185,0.00047122,-2,1,238
-1.4597,-1.4462,3.9935,0.00047122,1,1,238
-2.273,-6.3821,-0.0065185,0.00047122,-2,0,238
-3.3814,-6.8721,-0.0065185,0.00047122,-2,0,238
-3.4735,-6.4386,-0.0065185,0.00047122,-2,0,238
-2.5518,-5.0701,-0.0065185,0.00047122,-2,0,238
-0.61838,0.39504,-0.0065185,0.00047122,-2,0,238
-2.3161,0.54731,-0.0065185,0.00047122,-2,0,238
1.977,-1.9869,4.9935,0.00047122,1,1,238
0.44947,5.7129,-0.0065185,0.00047122,-2,1,238
-1.2238,0.53989,-0.0065185,0.00047122,-2,0,238
-2.0395,-0.53841,-0.0065185,0.00047122,-2,0,238
3.8919,-0.97339,-0.0065185,0.00047122,-2,1,238
2.7588,3.3222,-0.0065185,0.00047122,-2,1,238
3.6456,1.4454,-0.0065185,0.00047122,-2,1,238
3.5495,3.1129,-0.0065185,0.00047122,-2,1,238
3.4677,2.371,-0.0065185,0.00047122,-2,1,238
2.9482,2.9616,2.9935,0.00047122,1,0,238
2.172,2.4256,-0.0065185,0.00047122,-2,0,238
-1.1532,-0.81461,-0.0065185,0.00047122,-2,0,238
-0.56155,-0.54813,-0.0065185,0.00047122,-2,1,238
0.48559,1.349,-4.0065,0.00047122,1,1,238
0.28197,-2.051,-0.0065185,0.00047122,-2,0,238
-2.8455,-2.8321,-0.0065185,0.00047122,-2,0,238
1.3045,1.3179,-0.0065185,0.00047122,-2,1,238
0.45447,-2.5321,-0.0065185,0.00047122,-2,1,238
-1.5455,-1.5321,-0.0065185,0.00047122,-2,0,238
1.322,2.776,-4.0065,0.00047122,1,1,238
-0.8379,1.5755,-0.0065185,0.00047122,-2,1,238
2.8545,4.9079,-0.0065185,0.00047122,-2,1,238
4.727,6.4744,-0.0065185,0.00047122,-2,1,238
-1.6097,-2.0701,-0.0065185,0.00047122,-2,0,238
2.5265,2.6427,-0.0065185,0.00047122,-2,1,238
-1.4392,-3.1907,-0.0065185,0.00047122,-2,0,238
-1.2227,-1.2093,3.9935,0.00047122,1,0,238
-4.3161,3.0973,-0.0065185,0.00047122,-2,0,238
4.277,4.3444,-0.0065185,0.00047122,-2,1,238
3.2361,3.8054,-0.0065185,0.00047122,-2,1,238
5.2013,5.6873,-0.0065185,0.00047122,-2,1,238
-4.1629,-2.606,-0.0065185,0.00047122,-2,0,238
-4.1378,-4.4657,-0.0065185,0.00047122,-2,0,238
-3.5164,-2.993,-4.0065,0.00047122,1,0,238
-4.0983,-3.4849,-0.0065185,0.00047122,-2,0,238
4.0918,3.7149,-0.0065185,0.00047122,-2,1,238
-3.0698,-3.4564,-0.0065185,0.00047122,-2,0,238
-4.0586,-2.5952,-0.0065185,0.00047122,-2,0,238
-4.0492,-4.0358,-0.0065185,0.00047122,-2,0,238
-3.4411,-3.0271,-5.0065,0.00047122,1,1,238
-1.8855,-4.2709,-0.0065185,0.00047122,-2,1,238
1.461,2.7804,-0.0065185,0.00047122,-2,0,238
2.9164,-2.2027,-0.0065185,0.00047122,-2,1,238
-3.2207,-1.6221,-0.0065185,0.00047122,-2,0,238
2.7459,2.9856,2.9935,0.00047122,1,0,238
2.617,1.5679,-0.0065185,0.00047122,-2,0,238
5.0751,4.1854,-0.0065185,0.00047122,-2,1,238
-5.6955,-2.6197,-0.0065185,0.00047122,-2,0,238
4.4495,4.4629,-0.0065185,0.00047122,-2,1,238
6.2327,3.1319,-0.0065185,0.00047122,-2,1,238
-5.2895,-3.3954,-5.0065,0.00047122,1,0,238
3.8919,3.9053,-0.0065185,0.00047122,-2,1,238
-4.7498,-3.3776,-0.0065185,0.00047122,-2,0,238
3.6456,2.5747,-0.0065185,0.00047122,-2,1,238
-4.5405,-2.0953,-0.0065185,0.00047122,-2,0,238
2.4677,3.8811,-0.0065185,0.00047122,-2,1,238
0.61072,-1.3665,-0.0065185,0.00047122,-2,1,238
-0.51084,1.7976,1.9935,0.00047122,1,1,238
-1.711,-0.42013,-0.0065185,0.00047122,-2,0,238
-2.6955,-2.6821,-0.0065185,0.00047122,-2,0,238
-2.4405,-2.4271,-0.0065185,0.00047122,-2,0,238
-2.2238,-1.4258,-0.0065185,0.00047122,-2,0,238
1.8985,0.17449,-2.0065,0.00047122,1,1,238
2.8919,2.9053,-0.0065185,0.00047122,-2,1,238
3.7588,3.7722,-0.0065185,0.00047122,-2,1,238
5.6456,5.659,-0.0065185,0.00047122,-2,1,238
-4.7905,0.51692,2.9935,0.00047122,1,0,238
-5.4588,-5.4453,-0.0065185,0.00047122,-2,1,238
-1.2455,2.0431,-0.0065185,0.00047122,-2,0,238
-0.44553,-3.103,-0.0065185,0.00047122,-2,1,238
-0.54553,-1.0527,-0.0065185,0.00047122,-2,1,238
0.83697,-0.74977,-0.0065185,0.00047122,-2,1,238
-1.1532,-1.1397,-0.0065185,0.00047122,-2,0,238
0.98845,0.29964,4.9935,0.00047122,1,0,238
-0.16303,-2.901,-0.0065185,0.00047122,-2,1,238
1.1621,-0.59461,-0.0065185,0.00047122,-2,1,238
-0.56155,-2.0527,-0.0065185,0.00047122,-2,0,238
-2.8455,0.29934,-0.0065185,0.00047122,-2,1,238
3.727,2.4404,-0.0065185,0.00047122,-2,1,238
-3.1597,-3.4195,2.9935,0.00047122,1,0,238
2.172,-1.3039,-0.0065185,0.00047122,-2,0,238
1.0045,1.0179,-0.0065185,0.00047122,-2,1,238
-1.9955,0.29424,-0.0065185,0.00047122,-2,1,238
-2.9955,-1.4161,-0.0065185,0.00047122,-2,0,238
-2.5455,-1.4271,3.9935,0.00047122,1,0,238
-7.163,-6.2104,-0.0065185,0.00047122,-2,1,238
-4.2455,-4.2321,-0.0065185,0.00047122,-2,1,238
-5.608,-5.1606,-0.0065185,0.00047122,-2,0,238
-2.6955,-2.3132,-0.0065185,0.00047122,-2,0,238
2.4495,-0.31193,-0.0065185,0.00047122,-2,1,238
-3.2238,-1.7938,-0.0065185,0.00047122,-2,0,238
2.0485,2.7619,-0.0065185,0.00047122,-2,1,238
-1.7329,-1.527,3.9935,0.00047122,1,1,238
-2.718,-1.4589,-0.0065185,0.00047122,-2,0,238
-5.6955,-4.6233,-0.0065185,0.00047122,-2,0,238
-5.4405,-4.5271,-0.0065185,0.00047122,-2,0,238
4.6327,-1.6069,-2.0065,0.00047122,1,1,238
5.0485,4.4116,-0.0065185,0.00047122,-2,1,238
4.8919,4.3526,-0.0065185,0.00047122,-2,1,238
3.7588,3.3024,-0.0065185,0.00047122,-2,1,238
-3.1867,0.82009,3.9935,0.00047122,1,0,238
-3.5405,2.8729,-0.0065185,0.00047122,-2,1,238
-4.5455,-4.5321,-0.0065185,0.00047122,-2,1,238
-3.163,1.4744,-0.0065185,0.00047122,-2,0,238
-1.1455,-1.8559,-0.0065185,0.00047122,-2,0,238
2.3045,2.3179,-0.0065185,0.00047122,-2,0,238
-1.5505,-1.9274,-0.0065185,0.00047122,-2,0,238
-2.5455,-2.5321,-0.0065185,0.00047122,-2,1,238
-2.163,0.6182,-4.0065,0.00047122,1,0,238
-6.8379,-3.3821,-0.0065185,0.00047122,-2,0,238
-5.5615,-6.8721,-0.0065185,0.00047122,-2,0,238
-5.3266,-4.2546,-0.0065185,0.00047122,-2,0,238
-5.127,-3.2844,-0.0065185,0.00047122,-2,1,238
4.3662,4.4027,-5.0065,0.00047122,1,1,238
-2.813,1.3779,-0.0065185,0.00047122,-2,0,238
-1.6904,2.6304,-0.0065185,0.00047122,-2,0,238
-2.4049,2.5529,-0.0065185,0.00047122,-2,0,238
2.0524,1.3997,4.9935,0.00047122,1,0,238
0.57775,3.2364,-0.0065185,0.00047122,-2,0,238
-0.63281,-4.5946,-0.0065185,0.00047122,-2,0,238
0.85447,2.4708,-0.0065185,0.00047122,-2,1,238
-3.273,1.349,-0.0065185,0.00047122,-2,0,238
8.4045,-0.59624,-0.0065185,0.00047122,-2,1,238
6.8945,4.0179,-0.0065185,0.00047122,-2,1,238
-5.852,-3.5946,-3.0065,0.00047122,1,1,238
-2.8855,-4.6201,-0.0065185,0.00047122,-2,0,238
4.0045,-2.5921,-0.0065185,0.00047122,-2,1,238
3.4045,1.9093,-0.0065185,0.00047122,-2,1,238
-2.8855,-2.8721,2.9935,0.00047122,1,1,238
2.0045,2.0179,-0.0065185,0.00047122,-2,1,238
-3.9955,-6.1496,-0.0065185,0.00047122,-2,0,238
-3.9955,-2.9826,-0.0065185,0.00047122,-2,0,238
0.0044729,3.4179,-0.0065185,0.00047122,-2,0,238
-2.9955,-4.2032,-0.0065185,0.00047122,-2,1,238
3.0045,5.0244,-0.0065185,0.00047122,-2,1,238
-5.5455,-5.5321,-0.0065185,0.00047122,-2,0,238
-7.163,-2.1496,-0.0065185,0.00047122,-2,0,238
3.8468,5.8339,-0.0065185,0.00047122,-2,1,238
4.5705,4.349,-0.0065185,0.00047122,-2,1,238
-3.8766,-2.5586,3.9935,0.00047122,1,0,238
1.873,2.2864,-0.0065185,0.00047122,-2,0,238
-0.95726,1.7504,-0.0065185,0.00047122,-2,0,238
2.187,2.2004,-0.0065185,0.00047122,-2,1,238
-3.5455,0.60851,-0.0065185,0.00047122,-2,0,238
2.172,2.1854,-0.0065185,0.00047122,-2,1,238
7.0925,5.0179,-0.0065185,0.00047122,-2,0,239
-3.2455,-6.0069,-0.0065185,0.00047122,-2,1,239
0.61697,2.7804,-0.0065185,0.00047122,-2,0,239
-2.0662,0.57418,-0.0065185,0.00047122,-2,1,239
-3.6056,-1.3593,-0.0065185,0.00047122,-2,0,239
1.8545,3.0864,-0.0065185,0.00047122,-2,1,239
2.727,2.7404,-0.0065185,0.00047122,-2,1,239
-1.6097,0.6265,-0.0065185,0.00047122,-2,0,239
-0.51753,1.1493,-0.0065185,0.00047122,-2,1,239
-0.99553,-1.7046,-0.0065185,0.00047122,-2,0,239
-3.1455,-3.605,-0.0065185,0.00047122,-2,0,239
2.4045,-0.98211,-0.0065185,0.00047122,-2,1,239
2.0445,-0.59624,4.9935,0.00047122,1,0,239
-3.273,-6.6886,-0.0065185,0.00047122,-2,1,239
1.3903,2.9742,-0.0065185,0.00047122,-2,1,239
-0.29553,-0.28211,-0.0065185,0.00047122,-2,0,239
1.3045,1.3179,-0.0065185,0.00047122,-2,1,239
3.5545,3.5679,-0.0065185,0.00047122,-2,1,239
3.022,3.6785,4.9935,0.00047122,1,1,239
-1.1532,6.1103,-0.0065185,0.00047122,-2,0,239
-1.5455,4.6304,-0.0065185,0.00047122,-2,1,239
0.85447,0.86789,-0.0065185,0.00047122,-2,1,239
0.72697,-0.89802,-0.0065185,0.00047122,-2,1,239
0.6186,0.63201,-4.0065,0.00047122,1,0,239
-0.99553,2.4179,-0.0065185,0.00047122,-2,1,239
2.0045,2.0179,-0.0065185,0.00047122,-2,1,239
-0.29553,-1.955,-0.0065185,0.00047122,-2,1,239
-0.55053,-1.571,-0.0065185,0.00047122,-2,0,239
-2.6955,-2.6821,-0.0065185,0.00047122,-2,0,239
-1.4405,-1.2104,-0.0065185,0.00047122,-2,0,239
1.2327,0.35873,-4.0065,0.00047122,1,0,239
-1.9955,2.5305,-0.0065185,0.00047122,-2,1,239
-2.9955,-2.341,-0.0065185,0.00047122,-2,1,239
-2.9955,1.0294,-0.0065185,0.00047122,-2,1,239
-1.9955,-0.44409,-0.0065185,0.00047122,-2,0,239
0.70447,1.3241,-0.0065185,0.00047122,-2,1,239
-1.5505,-1.5371,-0.0065185,0.00047122,-2,0,239
1.5545,1.0019,-0.0065185,0.00047122,-2,1,239
2.172,0.63201,-0.0065185,0.00047122,-2,1,239
1.8468,-0.18261,3.9935,0.00047122,1,1,239
5.5705,4.9839,-0.0065185,0.00047122,-2,1,239
6.3356,5.395,-0.0065185,0.00047122,-2,1,239
5.1359,5.1493,-0.0065185,0.00047122,-2,1,239
4.3662,2.7469,4.9935,0.00047122,1,1,239
5.8219,5.0854,-0.0065185,0.00047122,-2,1,239
-4.6904,-4.927,-0.0065185,0.00047122,-2,0,239
2.5951,2.1852,-0.0065185,0.00047122,-2,1,239
0.5065,0.16013,-0.0065185,0.00047122,-2,0,239
0.0044729,2.4744,-0.0065185,0.00047122,-2,0,239
0.0044729,2.4686,3.9935,0.00047122,1,0,239
1.0045,1.0179,-0.0065185,0.00047122,-2,1,239
1.0045,2.5265,-0.0065185,0.00047122,-2,1,239
1.1545,-0.83211,-0.0065185,0.00047122,-2,1,239
1.3045,0.40591,-0.0065185,0.00047122,-2,1,239
1.5545,1.5679,-0.0065185,0.00047122,-2,1,239
1.837,-2.1496,-0.0065185,0.00047122,-2,1,239
-1.5532,-2.0998,3.9935,0.00047122,1,0,239
-2.8855,0.017889,-0.0065185,0.00047122,-2,1,239
0.0044729,-2.8721,-0.0065185,0.00047122,-2,0,239
2.0045,0.38636,-0.0065185,0.00047122,-2,1,239
1.7045,-0.98211,-0.0065185,-0.99953,-1,1,239
-0.99553,0.79271,-0.0065185,0.00047122,-2,1,239
2.0045,-2.719,-0.0065185,0.00047122,-2,1,239
-1.6955,1.0619,-3.0065,0.00047122,1,0,239
-0.44053,1.9053,-0.0065185,0.00047122,-2,0,239
0.77622,2.7722,-0.0065185,0.00047122,-2,1,239
-0.29553,-2.8685,-0.0065185,0.00047122,-2,1,239
-1.5505,-0.23711,-0.0065185,0.00047122,-2,1,239
0.23272,-3.8632,-0.0065185,0.00047122,-2,1,239
0.19849,0.2119,2.9935,0.00047122,1,1,239
-1.8829,-0.02038,-0.0065185,0.00047122,-2,0,239
-1.2412,1.3679,-0.0065185,0.00047122,-2,1,239
-1.3544,-1.041,-0.0065185,0.00047122,-2,0,239
0.30447,0.57289,-0.0065185,0.00047122,-2,1,239
0.25947,-1.9291,4.9935,0.00047122,1,1,239
0.55947,-3.8054,-0.0065185,0.00047122,-2,0,239
-1.7673,-1.7539,-0.0065185,0.00047122,-2,0,239
-0.44553,2.8762,-0.0065185,0.00047122,-2,0,239
0.45447,3.28,-0.0065185,0.00047122,-2,1,239
-4.5455,1.1414,-0.0065185,0.00047122,-2,0,239
3.872,3.8854,-2.0065,0.00047122,1,0,239
-0.44053,2.7179,-0.0065185,0.00047122,-2,1,239
-2.7673,-2.7539,-0.0065185,0.00047122,-2,0,239
3.9605,-1.5711,-0.0065185,0.00047122,-2,1,239
4.1171,4.1305,-0.0065185,0.00047122,-2,1,239
2.2502,4.5178,-0.0065185,0.00047122,-2,1,239
0.36332,1.7722,-0.0065185,0.00047122,-2,1,239
0.30949,1.6404,4.9935,0.00047122,1,1,239
-1.5323,-3.7689,-0.0065185,0.00047122,-2,0,239
2.6107,3.4811,-0.0065185,0.00047122,-2,1,239
4.6698,1.1282,-0.0065185,0.00047122,-2,1,239
3.97,3.3526,-0.0065185,3.0005,-1,1,239
3.3752,3.9149,-3.0065,0.00047122,1,0,239
1.0751,1.0885,-0.0065185,0.00047122,-2,0,239
2.3944,-2.4174,-0.0065185,0.00047122,-2,1,239
1.7859,1.7994,-0.0065185,0.00047122,-2,1,239
-1.5098,-1.7089,3.9935,0.00047122,1,1,239
-3.8855,2.0868,-0.0065185,0.00047122,-2,1,239
-2.452,-3.4421,-0.0065185,0.00047122,-2,1,239
0.092498,-4.4386,-0.0065185,0.00047122,-2,0,239
0.22965,-1.8679,-0.0065185,0.00047122,-2,1,239
1.4959,1.415,-0.0065185,0.00047122,-2,1,239
-1.7132,-2.9357,-0.0065185,0.00047122,-2,0,239
1.4645,3.8502,-2.0065,0.00047122,1,0,239
-0.16303,3.7179,-0.0065185,0.00047122,-2,1,239
-0.15315,-2.2638,-0.0065185,0.00047122,-2,0,239
1.5705,-1.2104,-0.0065185,0.00047122,-2,1,239
2.0045,1.349,-0.0065185,0.00047122,-2,1,239
1.0045,-0.21036,-0.0065185,0.00047122,-2,1,239
0.85447,1.4629,-4.0065,0.00047122,1,0,239
-0.27303,0.24614,-0.0065185,0.00047122,-2,0,239
3.3903,-0.27182,-0.0065185,0.00047122,-2,1,239
-2.4735,-5.4386,-0.0065185,0.00047122,-2,0,239
3.5608,3.2636,-0.0065185,0.00047122,-2,1,239
-3.0184,-1.7975,-5.0065,0.00047122,1,0,239
-1.6749,-5.7407,-0.0065185,0.00047122,-2,0,239
-1.268,-1.4453,-0.0065185,0.00047122,-2,0,239
0.85447,-2.5171,-0.0065185,0.00047122,-2,1,239
0.72697,-1.2104,-0.0065185,0.00047122,-2,1,239
0.6186,-1.0261,-0.0065185,0.00047122,-2,1,239
-2.5175,-2.5041,-0.0065185,0.00047122,-2,0,239
3.4482,0.46159,-0.0065185,0.00047122,-2,1,239
-2.9227,-2.9093,-5.0065,0.00047122,1,0,239
4.3251,4.5885,-0.0065185,0.00047122,-2,1,239
3.277,2.5547,-0.0065185,0.00047122,-2,1,239
2.2361,1.6241,-0.0065185,0.00047122,-2,1,239
-1.8924,-2.6355,-5.0065,0.00047122,1,0,239
-1.1629,-1.1495,-0.0065185,0.00047122,-2,0,239
-0.13777,-0.12435,-0.0065185,0.00047122,-2,0,239
2.1254,2.883,-0.0065185,0.00047122,-2,1,239
1.8072,1.5432,4.9935,0.00047122,1,1,239
-0.90817,-1.1306,-0.0065185,0.00047122,-2,0,239
2.1545,3.7046,-0.0065185,0.00047122,-2,1,239
1.5545,1.8454,-0.0065185,0.00047122,-2,1,239
0.17197,0.18539,-0.0065185,0.00047122,-2,0,239
-1.6955,-0.65901,-0.0065185,0.00047122,-2,0,239
3.4495,3.4629,-0.0065185,0.00047122,-2,1,239
-5.2238,-1.2104,-0.0065185,0.00047122,-2,0,239
4.4485,4.4619,3.9935,0.00047122,1,1,239
-5.8829,-5.3593,-0.0065185,0.00047122,-2,0,239
-5.7498,-3.6264,-0.0065185,0.00047122,-2,0,239
-4.6367,-4.5046,-0.0065185,0.00047122,-2,0,239
-1.5405,-3.9271,-0.0065185,0.00047122,-2,1,239
-1.3088,-1.029,-2.0065,0.00047122,1,0,239
0.61072,0.85055,-0.0065185,0.00047122,-2,0,239
-1.6608,-0.53711,-0.0065185,0.00047122,-2,0,239
-0.29553,1.597,-0.0065185,0.00047122,-2,0,239
-0.25053,-1.5935,3.9935,0.00047122,1,1,239
0.23272,-2.7094,-0.0065185,0.00047122,-2,1,239
-0.95151,2.0579,-0.0065185,0.00047122,-2,1,239
-2.1081,-0.52561,-0.0065185,0.00047122,-2,0,239
-7.5455,-3.3196,-0.0065185,0.00047122,-2,0,239
-6.163,-6.3996,-0.0065185,0.00047122,-2,0,239
-4.8379,-4.8245,-0.0065185,0.00047122,-2,0,239
-4.1115,-4.4381,3.9935,0.00047122,1,1,239
4.172,-2.6278,-0.0065185,0.00047122,-2,0,239
-2.8379,1.2079,-0.0065185,0.00047122,-2,1,239
-1.5615,2.4744,-0.0065185,0.00047122,-2,1,239
-1.3266,-1.4907,-0.0065185,0.00047122,-2,1,239
0.13592,-1.1428,-0.0065185,0.00047122,-2,0,239
-0.10726,2.3765,-0.0065185,0.00047122,1,0,239
0.72697,-0.90858,-0.0065185,0.00047122,-2,0,239
1.6186,1.632,-0.0065185,0.00047122,-2,1,239
1.8545,1.0179,-0.0065185,0.00047122,-2,1,239
1.727,1.0179,-0.0065185,0.00047122,-2,1,239
-1.3814,0.63201,-0.0065185,0.00047122,-2,0,239
-1.6955,-1.6821,-0.0065185,0.00047122,-2,0,239
0.55947,-1.4271,-0.0065185,0.00047122,-2,1,239
2.7045,1.7179,-0.0065185,0.00047122,-2,1,239
2.2995,0.86789,2.9935,0.00047122,1,1,239
-5.2238,-2.5321,-0.0065185,0.00047122,-2,0,239
6.0485,6.0619,-0.0065185,0.00047122,-2,1,239
5.8919,3.7953,-0.0065185,0.00047122,-2,1,239
2.7588,2.0179,-0.0065185,0.00047122,-2,1,239
2.6456,4.2715,-0.0065185,0.00047122,-2,1,239
7.617,5.4728,-0.0065185,0.00047122,-2,1,240
4.4045,2.5839,-0.0065185,0.00047122,-2,1,240
-1.8855,-2.5374,-0.0065185,0.00047122,-2,1,240
3.8545,3.3024,-0.0065185,0.00047122,-2,1,240
-3.718,0.73781,-0.0065185,0.00047122,-2,0,240
-1.6097,-3.1462,-0.0065185,0.00047122,-2,0,240
1.5265,1.1926,-0.0065185,0.00047122,-2,1,240
-1.4392,-0.85311,-0.0065185,0.00047122,-2,0,240
0.62732,-1.2093,-0.0065185,0.00047122,-2,1,240
0.85447,0.7606,-0.0065185,0.00047122,-2,1,240
4.727,0.74039,-0.0065185,0.00047122,-2,0,240
1.4045,1.4179,-0.0065185,0.00047122,-2,1,240
1.1945,-1.6821,4.9935,0.00047122,1,1,240
2.5595,3.6407,-0.0065185,0.00047122,-2,1,240
-0.76728,-3.274,-0.0065185,0.00047122,-2,1,240
-1.2955,-1.2821,-0.0065185,0.00047122,-2,0,240
0.55947,-0.59214,-0.0065185,0.00047122,-2,1,240
-1.7673,1.4821,-0.0065185,0.00047122,-2,0,240
1.5105,0.68214,4.9935,0.00047122,1,1,240
-0.10812,-2.6292,-0.0065185,0.00047122,-2,1,240
-2.8455,-0.077812,-0.0065185,0.00047122,-2,0,240
-6.6955,-4.341,-0.0065185,0.00047122,-2,1,240
7.2545,5.7129,-0.0065185,0.00047122,-2,1,240
-6.158,-4.7506,-4.0065,0.00047122,1,0,240
2.172,4.4619,-0.0065185,0.00047122,-2,1,240
0.1621,-1.8245,-0.0065185,0.00047122,-2,1,240
2.3045,-0.92781,-0.0065185,0.00047122,-2,1,240
-3.3955,-0.62327,-0.0065185,0.00047122,-2,0,240
5.8945,0.56287,-0.0065185,0.00047122,-2,0,240
-5.5455,-4.9886,-0.0065185,0.00047122,-2,0,240
-4.713,-2.0701,3.9935,0.00047122,1,0,240
-4.163,-3.7569,-0.0065185,0.00047122,-2,1,240
-4.6955,1.0655,-0.0065185,0.00047122,-2,0,240
-4.5455,-3.9771,-0.0065185,0.00047122,-2,0,240
-3.163,-3.0132,-0.0065185,0.00047122,-2,0,240
2.8468,1.9993,-0.0065185,0.00047122,-2,0,240
-4.8455,-2.2706,-0.0065185,0.00047122,-2,0,240
-7.3955,-2.0357,-0.0065185,0.00047122,-2,0,240
-4.8855,-4.5136,-0.0065185,0.00047122,-2,0,240
-4.152,-4.1386,2.9935,0.00047122,1,0,240
-3.0836,-3.0701,-0.0065185,0.00047122,-2,0,240
-1.7703,-0.67696,-0.0065185,0.00047122,-2,0,240
-2.5041,-2.4907,-0.0065185,0.00047122,-2,0,240
-2.1278,1.0819,-4.0065,0.00047122,1,0,240
-0.085489,-4.4721,-0.0065185,0.00047122,-2,0,240
-3.922,-3.9086,-0.0065185,0.00047122,-2,0,240
2.792,0.082886,-0.0065185,0.00047122,-2,1,240
-2.6649,-1.9442,-0.0065185,0.00047122,-2,0,240
-2.5645,-1.9049,-0.0065185,0.00047122,-2,0,240
-2.1791,-1.8715,3.9935,0.00047122,1,1,240
0.44947,-2.971,-0.0065185,0.00047122,-2,0,240
0.38272,-0.87211,-0.0065185,2.0005,-1,0,240
0.96046,0.97388,-0.0065185,0.00047122,-2,1,240
2.1171,2.1305,-0.0065185,0.00047122,-2,1,240
-3.2412,-5.7569,-0.0065185,0.00047122,-2,1,240
-0.39553,-0.38211,-0.0065185,0.00047122,-2,0,240
0.34447,-2.155,3.9935,0.00047122,1,1,240
1.837,2.9547,-0.0065185,0.00047122,-2,0,240
0.40447,-0.092111,-0.0065185,0.00047122,-2,1,240
0.55447,-0.41609,-0.0065185,0.00047122,-2,0,240
-0.16303,-0.14961,-0.0065185,0.00047122,-2,1,240
-1.8379,-1.8245,-0.0065185,0.00047122,-2,0,240
2.0045,0.97962,-0.0065185,0.00047122,-2,1,240
-1.6955,-1.6821,-3.0065,0.00047122,1,0,240
-4.9955,-1.2498,-0.0065185,0.00047122,-2,1,240
5.2545,2.1854,-0.0065185,0.00047122,-2,1,240
-3.8455,-3.5946,-0.0065185,0.00047122,-2,0,240
-4.718,-3.2546,-0.0065185,0.00047122,-2,1,240
-0.39553,-3.3821,-0.0065185,0.00047122,-2,1,240
-0.33553,-0.32211,-3.0065,0.00047122,1,0,240
-4.163,4.1339,-0.0065185,0.00047122,-2,0,240
6.7045,0.52915,-0.0065185,0.00047122,-2,1,240
6.4495,5.7129,-0.0065185,0.00047122,-2,1,240
6.2327,5.4961,-0.0065185,0.00047122,-2,0,240
5.2985,2.8129,-5.0065,0.00047122,1,1,240
3.8919,-1.2321,-0.0065185,0.00047122,-2,0,240
4.5545,1.9773,-0.0065185,0.00047122,-2,1,240
5.7045,3.5159,-0.0065185,0.00047122,-2,1,240
3.4495,1.5912,-0.0065185,0.00047122,-2,0,240
-4.6955,-4.8679,-0.0065185,0.00047122,-2,0,240
3.9995,2.5069,-2.0065,0.00047122,1,1,240
5.172,5.1854,-0.0065185,0.00047122,-2,1,240
2.8468,-0.67281,-0.0065185,0.00047122,-2,1,240
-5.5615,-5.5481,-0.0065185,0.00047122,-2,0,240
-2.3266,-2.3132,-0.0065185,0.00047122,-2,0,240
2.1359,1.0952,-0.0065185,0.00047122,-2,0,240
-2.8455,-1.7938,-0.0065185,0.00047122,-2,0,240
2.427,1.2791,4.9935,0.00047122,1,0,240
-1.3814,-1.605,-0.0065185,0.00047122,-2,1,240
1.3045,1.3179,-0.0065185,0.00047122,-2,1,240
1.4495,-1.6077,-0.0065185,0.00047122,-2,1,240
-2.9955,-5.5921,-0.0065185,0.00047122,-2,0,240
2.5545,0.77219,3.9935,0.00047122,1,1,240
1.172,4.059,-0.0065185,0.00047122,-2,1,240
1.8468,0.56287,-0.0065185,0.00047122,-2,1,240
1.5705,0.48112,-0.0065185,0.00047122,-2,0,240
1.3356,0.73488,3.9935,0.00047122,1,1,240
2.873,-1.1136,-0.0065185,0.00047122,-2,1,240
-1.3955,-1.3821,-0.0065185,0.00047122,-2,1,240
2.3045,-1.6821,-0.0065185,0.00047122,-2,0,240
-2.5505,-1.8941,-0.0065185,0.00047122,-2,0,240
5.4045,2.1896,-0.0065185,0.00047122,-2,1,240
-3.8855,-4.5721,-0.0065185,0.00047122,-2,0,240
3.311,3.3244,-4.0065,0.00047122,1,0,240
-0.71803,-2.4794,-0.0065185,0.00047122,-2,0,240
-0.99553,-0.98211,-0.0065185,0.00047122,-2,1,240
0.0044729,2.4744,-0.0065185,0.00047122,-2,0,240
1.0045,1.0179,-0.0065185,0.00047122,-2,1,240
-1.8455,-0.98211,-0.0065185,0.00047122,-2,0,240
1.577,-0.047109,2.9935,0.00047122,1,1,240
-3.6097,-2.5321,-0.0065185,0.00047122,-2,0,240
-3.5175,-2.9821,-0.0065185,0.00047122,-2,0,240
3.4482,2.6291,-0.0065185,0.00047122,-2,1,240
-3.3727,-2.5321,-0.0065185,0.00047122,-2,0,240
2.8751,2.8885,-4.0065,0.00047122,1,0,240
-2.828,-8.3821,-0.0065185,0.00047122,-2,0,240
-2.1532,-6.8721,-0.0065185,0.00047122,-2,0,240
-2.4295,-2.4161,-0.0065185,0.00047122,-2,0,240
-1.6644,-5.0701,-0.0065185,0.00047122,-2,0,240
-1.8641,-4.7569,-0.0065185,0.00047122,-2,1,240
0.55447,-1.9821,-0.0065185,0.00047122,-2,0,240
-0.16303,-0.14961,-0.0065185,0.00047122,-2,1,240
-0.1379,0.71274,4.9935,0.00047122,1,1,240
1.5705,-4.2321,-0.0065185,0.00047122,-2,1,240
-0.99553,-0.98211,-0.0065185,0.00047122,-2,0,240
-0.99553,-1.1136,-0.0065185,0.00047122,-2,0,240
0.85447,-1.7421,4.9935,0.00047122,1,0,240
-2.273,-2.2596,-0.0065185,0.00047122,-2,0,240
1.3903,-3.5946,-0.0065185,0.00047122,-2,1,240
0.48247,0.49588,-0.0065185,0.00047122,-2,1,240
-0.40182,-0.98341,-4.0065,0.00047122,1,0,240
-1.6184,-1.605,-0.0065185,0.00047122,-2,0,240
3.6839,2.1321,-0.0065185,0.00047122,-2,1,240
-0.26802,-1.585,-0.0065185,0.00047122,-2,0,240
3.0045,1.8743,-0.0065185,0.00047122,-2,0,240
3.0045,4.3427,-0.0065185,0.00047122,-2,1,240
-4.5455,-2.5321,-0.0065185,0.00047122,-2,0,240
-0.82803,3.5603,-0.0065185,0.00047122,-2,0,240
-0.70315,3.3053,3.9935,0.00047122,1,1,240
-1.5615,0.61937,-0.0065185,0.00047122,-2,0,240
0.67336,0.68677,-0.0065185,0.00047122,-2,0,240
2.1359,3.4744,-0.0065185,0.00047122,-2,0,240
2.8545,2.0179,-0.0065185,0.00047122,-2,0,240
2.427,0.83536,1.9935,0.00047122,1,1,240
-2.4405,-1.2911,-0.0065185,0.00047122,-2,0,240
4.2327,4.4629,-0.0065185,0.00047122,-2,0,240
3.5545,1.2424,-0.0065185,0.00047122,-2,0,240
3.022,1.482,-5.0065,0.00047122,1,1,240
-2.718,2.4255,-0.0065185,0.00047122,-2,1,240
1.7045,2.198,-0.0065185,0.00047122,-2,1,240
4.0045,1.4629,-0.0065185,0.00047122,-2,0,240
1.6045,1.6179,-0.0065185,0.00047122,-2,1,240
-2.1055,1.4391,-0.0065185,0.00047122,-2,0,240
1.548,1.8114,-0.0065185,0.00047122,-2,0,240
-1.3075,-2.8403,-3.0065,0.00047122,1,1,240
-5.8855,-5.4221,-0.0065185,0.00047122,-2,1,240
-5.452,-4.9886,-0.0065185,0.00047122,-2,1,240
-4.0836,-4.0701,-0.0065185,0.00047122,-2,1,240
-3.7703,-3.7569,-0.0065185,0.00047122,-2,1,240
-4.5041,-4.4907,-0.0065185,0.00047122,-2,0,240
-6.5455,-6.5321,-0.0065185,0.00047122,-2,0,240
-3.163,-3.1496,-0.0065185,0.00047122,-2,1,240
-1.8455,-1.9665,-0.0065185,0.00047122,-2,0,240
4.8545,4.9796,-0.0065185,0.00047122,-2,1,240
-4.718,-1.4137,-0.0065185,0.00047122,-2,0,240
-4.6097,-4.677,-0.0065185,0.00047122,-2,0,240
-3.5175,-3.5727,-0.0065185,0.00047122,-2,0,240
1.4482,2.9764,-0.0065185,0.00047122,-2,1,240
-2.3727,-1.2588,-0.0065185,0.00047122,-2,0,240
2.0251,2.0806,2.9935,0.00047122,1,1,240
3.277,3.3262,-0.0065185,0.00047122,-2,1,240
4.2361,4.28,-0.0065185,0.00047122,-2,1,240
3.2013,3.2406,-0.0065185,0.00047122,-2,1,240
4.1718,4.2072,-0.0065185,0.00047122,-2,1,240
0.86223,-1.4742,-0.0065185,0.00047122,-2,1,240
4.8945,4.9079,-0.0065185,0.00047122,-2,0,241
-3.6955,2.3904,-0.0065185,0.00047122,-2,0,241
3.7045,3.1629,-0.0065185,0.00047122,-2,1,241
-3.4405,-0.17351,-0.0065185,0.00047122,-2,0,241
0.23272,2.9461,-0.0065185,0.00047122,-2,0,241
1.8545,1.8679,-0.0065185,0.00047122,-2,1,241
-2.718,-0.75386,-0.0065185,0.00047122,-2,0,241
1.3903,3.0619,-0.0065185,0.00047122,-2,1,241
-5.6955,-3.3127,-0.0065185,0.00047122,-2,0,241
-3.4405,1.0306,-0.0065185,0.00047122,-2,0,241
5.2327,2.9461,-0.0065185,0.00047122,-2,1,241
-5.0395,-3.571,-0.0065185,0.00047122,-2,0,241
-4.2829,-2.5227,-3.0065,0.00047122,1,0,241
1.2502,1.2636,-0.0065185,0.00047122,-2,1,241
5.7045,5.7179,-0.0065185,0.00047122,-2,1,241
-4.8405,-0.13974,-0.0065185,-1.9995,-1,0,241
-4.2238,-1.4161,-0.0065185,0.00047122,-2,0,241
-6.0395,-3.651,-0.0065185,0.00047122,-2,0,241
5.1419,1.0371,-3.0065,0.00047122,1,1,241
3.7588,3.7722,-0.0065185,0.00047122,-2,1,241
-4.6367,3.0029,-0.0065185,0.00047122,-2,0,241
5.5495,5.5629,-0.0065185,0.00047122,-2,1,241
5.4677,2.3173,-0.0065185,0.00047122,-2,1,241
4.6482,4.6616,4.9935,0.00047122,1,1,241
-3.3302,-2.5554,-0.0065185,0.00047122,-2,0,241
4.289,3.9149,-0.0065185,0.00047122,-2,1,241
5.2463,4.7096,-0.0065185,0.00047122,-2,1,241
1.21,3.1134,-0.0065185,0.00047122,-2,1,241
1.1792,1.1926,-0.0065185,0.00047122,-2,1,241
1.856,2.2072,-0.0065185,0.00047122,-2,1,241
1.5782,-2.2821,-0.0065185,-3.9995,-1,1,241
2.4495,2.4629,-0.0065185,0.00047122,-2,1,241
2.2327,2.2461,-0.0065185,0.00047122,-2,1,241
-3.0395,0.47256,-0.0065185,0.00047122,-2,0,241
0.11706,0.13048,-0.0065185,0.00047122,-2,1,241
-2.1455,-1.1546,-0.0065185,0.00047122,-2,0,241
-1.4455,-1.4321,-0.0065185,0.00047122,-2,0,241
-0.39553,-0.38211,-0.0065185,0.00047122,-2,0,241
0.34447,3.0752,4.9935,0.00047122,1,0,241
1.837,4.7116,-0.0065185,0.00047122,-2,1,241
1.4045,-1.605,-0.0065185,0.00047122,-2,1,241
1.1945,3.0107,3.9935,0.00047122,1,1,241
-1.007,-5.8386,-3.0065,0.00047122,1,0,241
2.0925,0.24951,-0.0065185,0.00047122,-2,1,241
1.7793,3.9602,-0.0065185,0.00047122,-2,1,241
-2.4869,-2.4735,-0.0065185,0.00047122,-2,0,241
-6.3955,-3.2399,-0.0065185,0.00047122,-2,0,241
-5.4355,-5.4221,0.99348,0.00047122,1,0,241
-4.6195,0.86789,1.9935,0.00047122,1,1,241
-5.8379,-0.37014,-0.0065185,0.00047122,-2,0,241
-7.3955,-2.768,-0.0065185,0.00047122,-2,0,241
-6.8855,-4.8907,-0.0065185,0.00047122,-2,0,241
5.461,5.4744,-0.0065185,0.00047122,-2,1,241
-6.0836,-3.9621,-0.0065185,0.00047122,-2,0,241
3.7793,5.1927,-0.0065185,0.00047122,-2,1,241
-3.2041,-2.4696,-3.0065,0.00047122,1,0,241
-1.2778,-3.2015,-0.0065185,0.00047122,-2,0,241
-0.085489,-0.55108,-0.0065185,0.00047122,-2,1,241
1.1545,0.094357,-0.0065185,0.00047122,-2,0,241
-3.273,-3.9821,-0.0065185,0.00047122,-2,0,241
-7.3955,-7.3821,-0.0065185,0.00047122,-2,0,241
-5.8855,-4.2104,-0.0065185,0.00047122,-2,0,241
5.011,2.0307,-2.0065,0.00047122,1,1,241
-2.0836,-0.86952,-0.0065185,0.00047122,-2,0,241
-1.7703,0.70859,-0.0065185,0.00047122,-2,0,241
-0.50413,-0.49071,-0.0065185,0.00047122,-2,1,241
2.8545,2.8679,-0.0065185,0.00047122,-2,1,241
3.727,-0.44535,-0.0065185,0.00047122,-2,1,241
-3.1597,-2.5321,3.9935,0.00047122,1,0,241
4.5265,-2.8601,-0.0065185,0.00047122,-2,1,241
3.4482,3.8616,-0.0065185,0.00047122,-2,1,241
-3.3727,-2.9821,-0.0065185,0.00047122,-2,0,241
5.3251,2.1854,-0.0065185,0.00047122,-2,1,241
-4.518,-4.2321,3.9935,0.00047122,1,0,241
5.2361,-3.3821,-0.0065185,0.00047122,-2,1,241
-4.1924,-4.2321,-0.0065185,0.00047122,-2,0,241
5.1718,3.5852,-0.0065185,0.00047122,-2,1,241
-2.1378,-4.2321,-0.0065185,0.00047122,-2,0,241
3.1254,3.1388,-0.0065185,0.00047122,-2,1,241
2.6572,1.5657,-4.0065,0.00047122,1,1,241
5.0918,5.0179,-0.0065185,0.00047122,-2,1,241
4.0787,4.0179,-0.0065185,0.00047122,-2,1,241
-2.0586,2.4744,-0.0065185,0.00047122,-2,0,241
2.0581,1.7715,-0.0065185,0.00047122,-2,1,241
3.0501,1.7635,-0.0065185,0.00047122,-2,1,241
2.0432,2.0566,-0.0065185,0.00047122,-2,1,241
1.7374,2.1854,-4.0065,0.00047122,1,1,241
4.0325,-3.3541,-0.0065185,0.00047122,-2,1,241
4.0283,3.4179,-0.0065185,0.00047122,-2,1,241
-5.0158,-3.3821,-0.0065185,0.00047122,-2,0,241
2.0217,2.0351,-0.0065185,0.00047122,-2,1,241
1.7191,3.6304,3.9935,0.00047122,1,1,241
3.992,-3.3821,-0.0065185,0.00047122,-2,1,241
5.4045,-0.87211,-0.0065185,0.00047122,-2,1,241
1.8945,-3.4386,-0.0065185,0.00047122,-2,1,241
-1.602,2.1135,2.9935,0.00047122,1,0,241
1.0925,-4.3069,-0.0065185,0.00047122,-2,0,241
-0.14553,0.41057,-0.0065185,0.00047122,-2,1,241
0.28197,-0.97449,-0.0065185,0.00047122,-2,0,241
2.3903,1.4519,-0.0065185,0.00047122,-2,1,241
2.5545,2.5679,-0.0065185,0.00047122,-2,1,241
0.17197,0.18539,-0.0065185,0.00047122,-2,0,241
-0.1379,1.1959,-3.0065,0.00047122,1,0,241
-4.5615,-2.2115,-0.0065185,0.00047122,-2,0,241
1.3356,4.7354,-0.0065185,0.00047122,-2,1,241
-0.86408,-0.13974,-0.0065185,0.00047122,-2,0,241
-0.29553,-1.9821,-0.0065185,0.00047122,-2,0,241
1.3045,1.2313,-0.0065185,0.00047122,-2,0,241
1.1095,1.1229,3.9935,0.00047122,1,0,241
-2.2238,3.2505,-0.0065185,0.00047122,-2,0,241
2.0485,2.0619,-0.0065185,0.00047122,-2,1,241
-1.8829,-0.82552,-0.0065185,0.00047122,-2,0,241
-0.24123,1.6222,-0.0065185,0.00047122,-2,1,241
0.21332,0.78053,2.9935,0.00047122,1,0,241
3.4595,2.4936,-0.0065185,0.00047122,-2,1,241
7.4045,6.1854,-0.0065185,0.00047122,-2,1,241
6.8945,5.8603,-0.0065185,0.00047122,-2,1,241
-5.452,-1.2134,-0.0065185,0.00047122,-2,1,241
3.5545,1.8214,-0.0065185,0.00047122,-2,1,241
-5.8455,-5.8321,-0.0065185,0.00047122,-2,0,241
4.727,3.3689,-0.0065185,0.00047122,-2,1,241
4.0186,4.7002,-4.0065,0.00047122,1,1,241
5.5265,-2.8601,-0.0065185,0.00047122,-2,1,241
2.4482,2.4616,-0.0065185,0.00047122,-2,1,241
0.38162,0.80539,-0.0065185,0.00047122,-2,1,241
0.32505,3.7579,-3.0065,0.00047122,1,1,241
-0.72304,-0.41314,-0.0065185,0.00047122,-2,0,241
-2.8455,-4.1496,-0.0065185,0.00047122,-2,0,241
5.727,0.54351,-0.0065185,0.00047122,-2,1,241
-4.8597,-4.8462,3.9935,0.00047122,1,0,241
3.5265,-2.8601,-0.0065185,0.00047122,-2,1,241
-1.4392,-3.6636,-0.0065185,0.00047122,-2,0,241
3.6273,3.6407,-0.0065185,0.00047122,-2,1,241
7.4045,2.6004,-0.0065185,0.00047122,-2,1,241
6.8945,6.9079,-0.0065185,0.00047122,-2,1,241
6.461,5.3644,-0.0065185,0.00047122,-2,0,241
-3.3955,-1.9949,-0.0065185,0.00047122,-2,1,241
2.8945,2.9079,-3.0065,0.00047122,1,0,241
3.461,3.4744,-0.0065185,0.00047122,-2,1,241
3.8545,3.8679,-0.0065185,0.00047122,-2,1,241
-5.718,0.57796,-0.0065185,0.00047122,-2,0,241
3.6186,3.632,-0.0065185,0.00047122,-2,1,241
3.0765,4.1524,-4.0065,0.00047122,1,1,241
-3.4392,4.5493,-0.0065185,0.00047122,-2,0,241
-3.3727,-2.0204,-0.0065185,0.00047122,-2,0,241
-3.3161,-2.1646,-0.0065185,0.00047122,-2,0,241
2.827,1.1654,-2.0065,0.00047122,1,1,241
-1.2271,2.3085,-0.0065185,0.00047122,-2,0,241
0.20135,0.21476,-0.0065185,0.00047122,-2,1,241
0.17182,0.18523,-0.0065185,0.00047122,-2,1,241
-4.1378,-3.6194,-0.0065185,0.00047122,-2,0,241
4.1254,4.1388,-0.0065185,0.00047122,-2,1,241
-5.0983,-4.72,-0.0065185,0.00047122,-2,0,241
4.3418,0.48239,-4.0065,0.00047122,1,1,241
-3.0698,3.6072,-0.0065185,0.00047122,-2,0,241
2.0676,2.081,-0.0065185,0.00047122,-2,1,241
1.7581,2.0486,4.9935,0.00047122,1,1,241
2.0501,4.3135,-0.0065185,0.00047122,-2,1,241
1.0432,1.6191,-0.0065185,0.00047122,-2,1,241
-0.87847,-0.7481,0.99348,0.00047122,1,1,241
-2.718,-2.7046,-0.0065185,0.00047122,-2,1,241
-1.6097,-1.5962,-0.0065185,0.00047122,-2,1,241
2.5265,1.4038,-0.0065185,0.00047122,-2,1,241
-4.6955,-2.1258,-0.0065185,0.00047122,-2,0,241
3.4495,2.0325,-0.0065185,0.00047122,-2,1,241
3.2327,2.0303,-0.0065185,0.00047122,-2,1,241
-3.0395,-3.0261,-0.0065185,0.00047122,-2,0,241
-2.8829,-2.8695,-0.0065185,0.00047122,-2,0,241
2.4588,2.1033,4.9935,0.00047122,1,1,241
-4.6367,-4.8733,-0.0065185,0.00047122,-2,0,241
3.9495,3.4234,0.99348,0.00047122,1,1,241
-3.3488,-1.2953,2.9935,0.00047122,1,1,241
1.548,3.2954,-0.0065185,0.00047122,-2,1,241
-0.083552,1.4038,-0.0065185,0.00047122,-2,1,241
2.7045,1.7179,-0.0065185,0.00047122,-2,1,242
-0.84553,-0.83211,-0.0065185,0.00047122,-2,1,242
-0.99553,2.1059,-0.0065185,0.00047122,-2,0,242
-0.84553,0.017889,-0.0065185,0.00047122,-2,0,242
-1.718,-0.98211,-0.0065185,0.00047122,-2,0,242
1.6186,0.017889,-0.0065185,0.00047122,-2,1,242
0.48247,0.49588,-0.0065185,0.00047122,-2,1,242
2.8545,1.2954,-0.0065185,0.00047122,-2,1,242
0.72697,-0.59624,-0.0065185,0.00047122,-2,1,242
-1.3814,-2.5041,-0.0065185,0.00047122,-2,0,242
2.3045,0.53989,-0.0065185,0.00047122,-2,0,242
-1.5505,-1.5371,-0.0065185,0.00047122,-2,0,242
1.3262,2.5679,-3.0065,0.00047122,1,1,242
5.172,5.1854,-0.0065185,0.00047122,-2,1,242
2.8468,-0.061586,-0.0065185,0.00047122,-2,1,242
-5.5615,-5.5481,-0.0065185,0.00047122,-2,0,242
5.3356,5.5265,-0.0065185,0.00047122,-2,1,242
-2.127,-2.1136,-0.0065185,0.00047122,-2,0,242
1.8162,1.5016,-4.0065,0.00047122,1,0,242
-4.718,-0.58211,-0.0065185,0.00047122,-2,0,242
3.4045,0.80539,-0.0065185,0.00047122,-2,1,242
-2.8855,-2.8721,-0.0065185,0.00047122,-2,0,242
-5.452,-5.4386,-0.0065185,0.00047122,-2,0,242
4.6425,2.3375,2.9935,0.00047122,1,1,242
4.7793,2.979,-0.0065185,0.00047122,-2,1,242
-3.5041,-3.4907,-0.0065185,0.00047122,-2,0,242
4.2868,3.4677,-0.0065185,0.00047122,-2,1,242
6.0944,5.2703,-0.0065185,0.00047122,-2,1,242
1.9309,2.4,-0.0065185,0.00047122,-2,1,242
-0.20803,-0.79971,-0.0065185,0.00047122,-2,1,242
-0.17615,0.89543,3.9935,0.00047122,1,1,242
-1.5645,-3.9511,-0.0065185,0.00047122,-2,0,242
0.48809,0.1299,-0.0065185,0.00047122,-2,1,242
0.41555,1.1515,-0.0065185,0.00047122,-2,1,242
0.35389,0.36731,-0.0065185,0.00047122,-2,0,242
1.0045,1.0179,-0.0065185,0.00047122,-2,1,242
-1.1455,0.076361,-0.0065185,0.00047122,-2,0,242
0.70447,-0.70461,-0.0065185,0.00047122,-2,1,242
-3.4405,-3.4271,-0.0065185,0.00047122,-2,0,242
-2.9238,-0.48786,3.9935,0.00047122,1,0,242
-1.0395,0.017889,-0.0065185,0.00047122,-2,0,242
-0.88294,0.017889,-0.0065185,0.00047122,-2,0,242
-3.7498,-2.9821,-0.0065185,0.00047122,-2,0,242
-3.1867,1.4648,3.9935,0.00047122,1,0,242
-4.5405,-4.5271,-0.0065185,0.00047122,-2,0,242
4.4677,4.0179,-0.0065185,0.00047122,-2,1,242
-3.3893,-3.3759,-0.0065185,0.00047122,-2,0,242
2.3392,2.0179,-0.0065185,0.00047122,-2,1,242
4.289,4.0179,-0.0065185,0.00047122,-2,1,242
-3.6373,1.5265,-5.0065,0.00047122,1,0,242
1.21,4.2679,-0.0065185,0.00047122,-2,1,242
-3.1702,-0.83211,-0.0065185,0.00047122,-2,0,242
-0.14403,-2.6806,-0.0065185,0.00047122,-2,0,242
-0.12175,0.017889,-0.0065185,0.00047122,-2,0,242
-2.1028,-0.089404,-0.0065185,0.00047122,-2,0,242
2.0957,2.0179,-0.0065185,0.00047122,-2,1,242
-1.773,-1.5046,3.9935,0.00047122,1,0,242
2.9386,3.0179,-0.0065185,0.00047122,-2,1,242
3.5545,3.5679,-0.0065185,0.00047122,-2,1,242
1.172,2.4268,-0.0065185,0.00047122,-2,1,242
-0.15315,1.0103,-0.0065185,0.00047122,-2,1,242
-2.5615,-2.7569,-0.0065185,0.00047122,-2,0,242
0.33559,-0.095995,-0.0065185,0.00047122,-2,1,242
-0.27698,-0.41442,3.9935,0.00047122,1,1,242
-1.273,-1.2596,-0.0065185,0.00047122,-2,0,242
-0.29553,-1.1721,-0.0065185,0.00047122,-2,1,242
-1.5505,-1.5371,-0.0065185,0.00047122,-2,0,242
-0.44553,-1.5371,-0.0065185,0.00047122,-2,1,242
0.83697,-0.70833,-0.0065185,0.00047122,-2,1,242
0.7121,0.72551,-4.0065,0.00047122,1,0,242
-1.4295,0.41789,-0.0065185,0.00047122,-2,0,242
2.5545,1.2368,-0.0065185,0.00047122,-2,1,242
3.172,0.27995,-0.0065185,0.00047122,-2,1,242
0.84685,2.7103,-0.0065185,0.00047122,-2,1,242
-0.71155,-0.69813,3.9935,0.00047122,1,0,242
2.3356,1.1788,-0.0065185,0.00047122,-2,1,242
4.1359,3.1547,-0.0065185,0.00047122,-2,1,242
-3.9573,-3.9438,-0.0065185,0.00047122,-2,0,242
2.8219,-1.9713,-0.0065185,0.00047122,-2,1,242
1.6993,1.1019,-0.0065185,0.00047122,-2,1,242
1.4451,1.5343,4.9935,0.00047122,1,1,242
3.5065,4.7699,-0.0065185,0.00047122,-2,1,242
-4.4223,-2.9588,-0.0065185,0.00047122,-2,0,242
2.3672,3.7806,-0.0065185,0.00047122,-2,1,242
0.69616,-1.9904,-0.0065185,0.00047122,-2,0,242
0.74241,0.75583,-0.0065185,0.00047122,-2,0,242
0.22723,-0.48186,-0.0065185,0.00047122,-2,1,242
-0.18487,-0.17145,-5.0065,0.00047122,1,0,242
-0.15647,-0.14305,-0.0065185,0.00047122,-2,0,242
2.1413,2.0344,-0.0065185,0.00047122,-2,1,242
2.1208,3.2048,-0.0065185,0.00047122,-2,1,242
3.1033,3.0298,-0.0065185,0.00047122,-2,1,242
2.6385,1.473,4.9935,0.00047122,1,1,242
1.0759,4.3393,-0.0065185,0.00047122,-2,1,242
-0.056225,-0.89281,-0.0065185,0.00047122,-2,0,242
-1.9439,-1.9759,-0.0065185,0.00047122,-2,0,242
1.6606,1.674,4.9935,0.00047122,1,1,242
0.55947,-5.6771,-0.0065185,0.00047122,-2,0,242
1.7762,1.7179,-0.0065185,0.00047122,-2,1,242
-0.44553,-0.43211,-0.0065185,0.00047122,-2,0,242
-0.44553,-0.32295,-0.0065185,0.00047122,-2,0,242
-2.5455,-1.0261,-0.0065185,0.00047122,-2,0,242
-0.16303,1.1305,-0.0065185,0.00047122,-2,0,242
0.14685,-0.79383,2.9935,0.00047122,1,1,242
1.5705,0.65904,-0.0065185,0.00047122,-2,1,242
3.3356,2.5629,-0.0065185,0.00047122,-2,1,242
2.1359,1.4811,-0.0065185,0.00047122,-2,1,242
1.9662,2.5456,-0.0065185,0.00047122,-2,1,242
-0.17806,1.6854,-0.0065185,0.00047122,-2,1,242
-0.15068,-0.13726,4.9935,0.00047122,1,1,242
3.5951,4.8585,-0.0065185,0.00047122,-2,1,242
-4.4976,-2.7377,-0.0065185,0.00047122,-2,0,242
3.4312,3.5926,-0.0065185,0.00047122,-2,1,242
3.3672,2.9306,-0.0065185,0.00047122,-2,1,242
2.8628,2.6941,-2.0065,0.00047122,1,1,242
3.2665,-1.42,-0.0065185,0.00047122,-2,1,242
4.2272,2.6591,-0.0065185,0.00047122,-2,1,242
4.1938,3.6072,-0.0065185,0.00047122,-2,1,242
5.1654,3.4838,-0.0065185,0.00047122,-2,1,242
5.1413,4.4047,-0.0065185,0.00047122,-2,1,242
-2.1118,-2.0297,-0.0065185,0.00047122,-2,0,242
3.9056,3.9774,-0.0065185,0.00047122,-2,1,242
-3.3115,3.1725,-5.0065,0.00047122,1,0,242
0.11447,0.12789,-0.0065185,0.00047122,-2,1,242
3.5545,-1.3761,-0.0065185,0.00047122,-2,1,242
5.172,3.0354,-0.0065185,0.00047122,-2,1,242
4.3968,4.4103,4.9935,0.00047122,1,1,242
4.5705,4.5839,-0.0065185,0.00047122,-2,1,242
-5.3266,-1.7089,-0.0065185,0.00047122,-2,0,242
5.1359,1.815,-0.0065185,0.00047122,-2,1,242
-4.3573,-2.0197,-4.0065,0.00047122,1,0,242
-4.813,-2.824,-0.0065185,0.00047122,-2,0,242
2.6993,1.9235,-0.0065185,0.00047122,-2,1,242
4.5951,2.3085,-0.0065185,0.00047122,-2,1,242
-3.4976,-2.2709,-0.0065185,0.00047122,-2,0,242
2.4312,2.4446,-0.0065185,0.00047122,-2,1,242
1.6418,2.5317,-0.0065185,0.00047122,-2,0,242
1.3962,-2.5453,-0.0065185,-2.9995,-1,0,242
-1.1785,2.0548,3.9935,0.00047122,1,1,242
5.2272,3.6406,-0.0065185,0.00047122,-2,1,242
2.1938,3.9997,-0.0065185,0.00047122,-2,1,242
3.1654,1.8788,-0.0065185,0.00047122,-2,1,242
4.1413,2.7047,-0.0065185,0.00047122,-2,1,242
3.5208,3.5342,4.9935,0.00047122,1,1,242
5.1033,4.3667,-0.0065185,0.00047122,-2,1,242
3.0885,3.1019,-0.0065185,0.00047122,-2,1,242
-4.0669,-3.4934,-0.0065185,0.00047122,-2,0,242
3.4652,3.3319,4.9935,0.00047122,1,1,242
5.0561,4.9448,-0.0065185,0.00047122,-2,1,242
-1.0394,-3.5325,-0.0065185,0.00047122,-2,0,242
-1.0328,-0.9293,-0.0065185,0.00047122,-2,0,242
4.0362,4.0496,-0.0065185,0.00047122,-2,1,242
3.0314,0.59386,-0.0065185,0.00047122,-2,1,242
0.98158,-2.4997,-0.0065185,0.00047122,-2,0,242
-0.82607,-0.85968,4.9935,0.00047122,1,1,242
0.021013,4.2844,-0.0065185,0.00047122,-2,1,242
1.0185,1.0319,-0.0065185,0.00047122,-2,1,242
0.86642,0.029839,2.9935,0.00047122,1,1,242
-2.9854,-2.9965,-0.0065185,0.00047122,-2,0,242
-7.5455,-2.5235,-0.0065185,0.00047122,-2,0,242
6.172,2.4255,-0.0065185,0.00047122,-2,1,242
5.8468,2.4519,-0.0065185,0.00047122,-2,1,242
-4.5615,-4.4381,-0.0065185,0.00047122,-2,0,242
-6.3266,-3.8632,-0.0065185,0.00047122,-2,0,242
5.1359,3.0562,-0.0065185,0.00047122,-2,1,242
3.9662,2.2004,-0.0065185,0.00047122,-2,1,242
-3.813,-3.8702,-0.0065185,0.00047122,-2,0,242
-2.6904,-1.3915,-0.0065185,0.00047122,-2,0,242
-0.58615,-2.7402,-0.0065185,0.00047122,-2,0,242
-0.49756,-0.48414,-5.0065,0.00047122,1,0,242
-3.5688,3.9052,-0.0065185,0.00047122,-2,0,242
-0.39553,6.6304,-0.0065185,0.00047122,-2,0,242
-1.1055,-3.361,-0.0065185,0.00047122,-2,0,242
0.40447,0.41789,-0.0065185,0.00047122,-2,1,242
0.11447,-0.78409,-0.0065185,0.00047122,-2,1,242
3.9309,3.9444,-0.0065185,0.00047122,-2,0,243
-2.4455,-4.2596,-0.0065185,0.00047122,-2,0,243
-1.163,-0.59624,-0.0065185,0.00047122,-2,1,243
-3.1532,-0.31011,-0.0065185,0.00047122,-2,0,243
2.4385,3.8242,-0.0065185,0.00047122,-2,1,243
-2.6644,-2.051,-0.0065185,0.00047122,-2,0,243
-2.8641,-3.6615,-0.0065185,0.00047122,-2,0,243
-3.0338,-3.7096,-0.0065185,0.00047122,-2,0,243
-0.17806,-0.75049,-0.0065185,0.00047122,-2,0,243
0.30962,1.909,-0.0065185,0.00047122,-2,1,243
4.5951,-0.66477,-0.0065185,0.00047122,-2,1,243
8.4045,-0.20258,-0.0065185,0.00047122,-2,1,243
-7.1355,-7.1221,3.9935,0.00047122,1,0,243
6.461,-0.92561,-0.0065185,0.00047122,-2,1,243
4.0925,4.1059,-0.0065185,0.00047122,-2,1,243
-2.7703,-4.6469,-0.0065185,0.00047122,-2,0,243
-3.5041,-3.4907,-0.0065185,0.00047122,-2,0,243
4.2868,2.7454,-0.0065185,0.00047122,-2,1,243
3.6444,1.722,-4.0065,0.00047122,1,0,243
5.172,3.5399,-0.0065185,0.00047122,-2,1,243
6.5545,-3.0395,-0.0065185,0.00047122,-2,1,243
6.172,3.8756,-0.0065185,0.00047122,-2,1,243
3.8468,2.787,-0.0065185,0.00047122,-2,1,243
-3.2615,-3.2481,-3.0065,0.00047122,1,0,243
1.3356,-0.069465,-0.0065185,0.00047122,-2,0,243
-2.9955,3.3168,-0.0065185,0.00047122,-2,0,243
-1.9955,-2.5321,-0.0065185,0.00047122,-2,0,243
-4.9955,-3.4161,-0.0065185,0.00047122,-2,1,243
-5.2455,-5.2321,-0.0065185,0.00047122,-2,0,243
2.8545,1.2461,-0.0065185,0.00047122,-2,0,243
-2.418,-2.4046,3.9935,0.00047122,1,1,243
-2.4405,-1.8695,-0.0065185,0.00047122,-2,0,243
-0.14553,-3.8721,-0.0065185,0.00047122,-2,0,243
-1.1455,-3.0261,-0.0065185,0.00047122,-2,1,243
-1.718,-1.7046,-0.0065185,0.00047122,-2,0,243
-0.60965,-0.59624,-0.0065185,0.00047122,-2,1,243
-2.9955,-2.9821,-0.0065185,0.00047122,-2,0,243
-2.5455,-2.5321,-0.0065185,0.00047122,-2,0,243
1.172,-1.4453,-0.0065185,0.00047122,-2,0,243
0.99685,1.5878,3.9935,0.00047122,1,1,243
2.4385,-0.82563,-0.0065185,0.00047122,-2,1,243
-5.3955,-5.3821,-0.0065185,0.00047122,-2,0,243
-0.88553,-0.87211,-0.0065185,0.00047122,-2,0,243
-0.75203,1.6622,3.9935,0.00047122,1,1,243
-2.4405,-4.3821,-0.0065185,0.00047122,-2,0,243
4.2327,-0.24833,-0.0065185,0.00047122,-2,1,243
-1.0395,-4.9886,-0.0065185,0.00047122,-2,0,243
1.8919,2.1079,-0.0065185,0.00047122,-2,1,243
0.75877,1.7927,-0.0065185,0.00047122,-2,1,243
0.64563,0.80539,2.9935,0.00047122,1,0,243
2.0045,-1.2644,-0.0065185,0.00047122,-2,1,243
-1.9955,0.18539,-0.0065185,0.00047122,-2,0,243
-4.9955,0.41526,-0.0065185,0.00047122,-2,0,243
-1.9955,-1.9821,-0.0065185,0.00047122,-2,1,243
-4.6955,-4.6821,-0.0065185,0.00047122,-2,0,243
-3.5455,0.14934,-0.0065185,0.00047122,-2,0,243
-3.013,-1.6304,1.9935,0.00047122,1,1,243
3.282,1.7994,-0.0065185,0.00047122,-2,1,243
3.3903,-0.10313,-0.0065185,0.00047122,-2,1,243
-3.4735,-2.3792,-0.0065185,0.00047122,-2,0,243
-0.55182,0.38034,-0.0065185,0.00047122,-2,0,243
0.38162,1.176,-0.0065185,0.00047122,-2,1,243
0.0044729,0.017889,-0.0065185,0.00047122,-2,1,243
0.0044729,0.65904,3.9935,0.00047122,1,0,243
0.0044729,4.9265,-0.0065185,0.00047122,-2,1,243
2.0045,4.9079,-0.0065185,0.00047122,-2,1,243
2.0045,0.017889,-0.0065185,0.00047122,-2,1,243
-1.9955,-4.0701,-0.0065185,0.00047122,-2,0,243
1.0045,1.0179,-0.0065185,0.00047122,-2,1,243
0.85447,2.7547,4.9935,0.00047122,1,1,243
-0.99553,-5.5144,-0.0065185,0.00047122,-2,0,243
1.0045,1.0179,-0.0065185,0.00047122,-2,1,243
4.0045,0.74039,-0.0065185,0.00047122,-2,1,243
3.4045,0.017889,-0.0065185,0.00047122,-1,0,243
2.8945,0.68726,-3.0065,0.00047122,1,0,243
4.461,2.0179,-0.0065185,0.00047122,-2,1,243
5.7045,5.7179,-0.0065185,0.00047122,-2,1,243
4.4495,1.1755,-0.0065185,0.00047122,-2,1,243
5.2327,5.2461,-0.0065185,0.00047122,-2,1,243
-4.0395,-2.3084,-0.0065185,0.00047122,-2,0,243
3.4419,3.4553,-4.0065,0.00047122,1,0,243
4.172,-4.3438,-0.0065185,0.00047122,-2,1,243
2.7045,0.20042,-0.0065185,0.00047122,-2,1,243
2.4495,0.32304,-0.0065185,0.00047122,-2,1,243
2.0827,2.5773,-3.0065,0.00047122,1,0,243
3.727,-3.0341,-0.0065185,0.00047122,-2,1,243
4.5545,0.55289,-0.0065185,0.00047122,-2,1,243
3.872,1.3552,-4.0065,0.00047122,1,0,243
-0.44053,-3.2695,-0.0065185,0.00047122,-2,1,243
0.23272,0.39614,-0.0065185,0.00047122,-2,0,243
1.0485,-3.2886,-0.0065185,0.00047122,-2,1,243
-0.99553,-1.7046,-0.0065185,0.00047122,-2,1,243
-0.84553,0.77219,2.9935,0.00047122,1,1,243
-2.9955,-2.9821,-0.0065185,0.00047122,-2,0,243
4.5545,3.0116,-0.0065185,0.00047122,-2,1,243
-4.163,-0.13974,-0.0065185,0.00047122,-2,0,243
-3.5379,0.13891,3.9935,0.00047122,1,1,243
-2.4405,-2.2104,-0.0065185,0.00047122,-2,0,243
-0.84553,2.0579,-0.0065185,0.00047122,-2,1,243
0.0044729,-1.1136,-0.0065185,0.00047122,-2,1,243
-1.9955,-1.9821,-0.0065185,0.00047122,-2,0,243
-1.6955,-1.6821,-0.0065185,0.00047122,-2,0,243
-3.4405,1.5265,-0.0065185,0.00047122,-2,0,243
-2.9238,-2.9104,3.9935,0.00047122,1,1,243
2.4495,-2.3821,-0.0065185,0.00047122,-2,0,243
1.2327,-2.8721,-0.0065185,0.00047122,-2,0,243
0.96046,2.4744,-0.0065185,0.00047122,-2,1,243
3.1171,6.1059,-0.0065185,0.00047122,-2,1,243
-4.2412,-3.2019,-0.0065185,0.00047122,-2,1,243
3.6133,0.60498,3.9935,0.00047122,1,1,243
1.4595,1.4729,-0.0065185,0.00047122,-2,1,243
0.46771,-2.8721,-0.0065185,0.00047122,-2,0,243
-1.3893,-1.3759,-0.0065185,0.00047122,-2,0,243
-5.8455,-2.7636,-0.0065185,0.00047122,-2,0,243
4.977,-1.0344,-3.0065,0.00047122,1,0,243
0.39197,6.5679,-0.0065185,0.00047122,-2,1,243
-0.3249,-1.2644,-0.0065185,0.00047122,-1,0,243
1.3944,5.8603,-0.0065185,0.00047122,-2,1,243
-2.777,-5.9086,-0.0065185,0.00047122,-2,0,243
1.1187,1.6421,-0.0065185,0.00047122,-2,1,243
3.4016,5.6873,-0.0065185,0.00047122,-2,1,243
1.642,3.5869,-0.0065185,0.00047122,-2,1,243
-1.3874,-2.3081,-4.0065,0.00047122,1,0,243
1.0201,4.1127,-0.0065185,0.00047122,-2,1,243
4.1678,5.3673,-0.0065185,0.00047122,-2,1,243
3.2933,1.9649,-0.0065185,0.00047122,-2,1,243
2.7999,3.8446,-3.0065,0.00047122,1,0,243
4.8945,4.9079,-0.0065185,0.00047122,-2,0,243
5.461,0.85039,-0.0065185,0.00047122,-2,1,243
4.5545,2.261,-0.0065185,0.00047122,-2,1,243
3.872,3.8854,-4.0065,0.00047122,1,0,243
4.4495,-3.2701,-0.0065185,0.00047122,-2,1,243
7.5545,3.7961,-0.0065185,0.00047122,-2,1,243
2.172,2.1854,-0.0065185,0.00047122,-2,1,243
-3.8379,-2.0509,-0.0065185,0.00047122,-2,0,243
4.5705,4.6545,-0.0065185,0.00047122,-2,1,243
-1.3266,-2.5818,-0.0065185,0.00047122,-2,0,243
-5.127,-4.0244,-0.0065185,0.00047122,-2,0,243
4.3662,0.97962,4.9935,0.00047122,1,1,243
-2.813,-4.2626,-0.0065185,0.00047122,-2,0,243
2.6993,2.7127,-0.0065185,0.00047122,-2,1,243
-2.5862,-2.0042,-0.0065185,0.00047122,-2,0,243
-0.4935,1.7482,-0.0065185,0.00047122,-2,0,243
-0.4188,1.0778,1.9935,0.00047122,1,1,243
-2.6328,-1.2821,-0.0065185,0.00047122,-2,1,243
-1.6872,0.84876,-0.0065185,0.00047122,-2,0,243
-0.29553,0.53011,-0.0065185,0.00047122,-2,1,243
0.25947,1.2742,1.9935,0.00047122,1,0,243
-0.22378,0.64074,-0.0065185,0.00047122,-2,0,243
4.0485,-1.1065,-0.0065185,0.00047122,-2,1,243
-5.8829,-2.8046,-0.0065185,0.00047122,-2,0,243
5.7588,4.4995,-0.0065185,0.00047122,-2,1,243
-2.6367,-4.429,-0.0065185,0.00047122,-2,0,243
-3.5405,-2.2271,-0.0065185,0.00047122,-2,0,243
-3.0088,-2.6744,-4.0065,0.00047122,1,0,243
-3.3893,-3.3759,-0.0065185,0.00047122,-2,0,243
-4.3302,-4.0849,-0.0065185,0.00047122,-2,0,243
-4.28,-4.0695,-0.0065185,0.00047122,-2,0,243
2.2463,2.1802,-0.0065185,0.00047122,-2,1,243
3.21,3.081,-0.0065185,0.00047122,-2,1,243
-4.1702,-4.1568,-0.0065185,0.00047122,-2,0,243
-5.144,-5.1306,-0.0065185,0.00047122,-2,0,243
-3.1218,-1.1524,-0.0065185,0.00047122,-2,0,243
-4.1028,-4.0151,-0.0065185,0.00047122,-2,0,243
-5.0867,-5.0101,-0.0065185,0.00047122,-2,0,243
-2.073,-1.902,-0.0065185,0.00047122,-2,0,243
-4.0614,-4.048,-0.0065185,0.00047122,-2,0,243
-2.0515,-1.4443,-0.0065185,0.00047122,-2,0,243
2.0521,1.7325,-0.0065185,0.00047122,-2,1,243
-1.736,-1.7226,-5.0065,0.00047122,1,0,243
4.0389,4.2785,-0.0065185,0.00047122,-2,1,243
-1.0248,-3.3911,-0.0065185,0.00047122,-2,0,243
-0.020378,0.010258,-0.0065185,0.00047122,-2,0,243
0.025596,0.74687,-0.0065185,0.00047122,-2,1,243
-0.97757,-0.9766,-0.0065185,0.00047122,-2,0,243
4.282,-0.31086,-0.0065185,0.00047122,-2,1,244
-0.3814,-2.4573,-0.0065185,0.00047122,-2,0,244
1.5265,0.67649,-0.0065185,0.00047122,-2,1,244
-0.14553,1.3116,-0.0065185,0.00047122,-2,1,244
0.72697,-1.4462,-0.0065185,0.00047122,-2,0,244
-2.9955,-3.7046,-0.0065185,0.00047122,-2,0,244
3.0045,3.0179,-0.0065185,0.00047122,-2,1,244
-1.9955,-0.060412,-0.0065185,0.00047122,-2,0,244
-0.99553,-0.98211,-0.0065185,0.00047122,-2,1,244
4.1545,4.1679,-0.0065185,0.00047122,-2,1,244
1.282,-1.5309,-0.0065185,0.00047122,-2,1,244
-0.60965,-0.59624,-0.0065185,0.00047122,-2,0,244
-0.51753,-0.86952,-5.0065,0.00047122,1,0,244
2.0045,-3.0039,-0.0065185,0.00047122,-2,0,244
3.0045,1.7179,-0.0065185,0.00047122,-2,1,244
2.5545,2.5679,-0.0065185,0.00047122,-2,1,244
-2.163,-1.9647,-0.0065185,0.00047122,-2,1,244
2.0045,1.8603,-0.0065185,0.00047122,-2,1,244
-1.6955,-2.2271,-4.0065,0.00047122,1,0,244
-1.4405,-1.4271,-0.0065185,0.00047122,-2,1,244
1.2327,4.0393,-3.0065,0.00047122,1,0,244
-0.99553,-0.98211,-0.0065185,0.00047122,-2,1,244
3.1545,-0.061586,-0.0065185,0.00047122,-2,1,244
2.682,2.6954,4.9935,0.00047122,1,1,244
1.6186,2.5839,-0.0065185,0.00047122,-2,1,244
3.1545,3.1084,-0.0065185,0.00047122,-2,1,244
2.682,-1.1483,3.9935,0.00047122,1,1,244
-3.8855,-3.8721,-0.0065185,0.00047122,-2,0,244
2.461,5.3644,-0.0065185,0.00047122,-2,0,244
-0.99553,-0.2546,-0.0065185,0.00047122,-2,0,244
0.85447,0.86789,2.9935,0.00047122,1,1,244
-3.9955,-2.5321,-0.0065185,0.00047122,-2,0,244
-3.9955,-3.9821,-0.0065185,0.00047122,-2,0,244
-3.9955,-2.6998,-0.0065185,0.00047122,-2,0,244
-3.9955,-2.8921,-0.0065185,0.00047122,-2,0,244
4.0045,2.1059,-0.0065185,0.00047122,-2,1,244
-3.9955,-3.1946,-0.0065185,0.00047122,-2,0,244
-1.9955,-1.3127,-0.0065185,0.00047122,-2,0,244
-4.9955,-2.4386,-0.0065185,0.00047122,-2,0,244
4.2545,4.2679,-2.0065,0.00047122,1,0,244
2.617,2.6304,-0.0065185,0.00047122,-2,0,244
-7.0662,-2.7033,-0.0065185,0.00047122,-2,0,244
-1.3955,-2.1539,-0.0065185,0.00047122,-2,0,244
-1.1855,1.9703,-4.0065,0.00047122,1,0,244
-0.45203,-5.8386,-0.0065185,0.00047122,-2,0,244
-0.9075,0.40591,-0.0065185,0.00047122,-2,0,244
-0.44553,1.6179,-0.0065185,0.00047122,-2,1,244
2.172,2.1854,-0.0065185,0.00047122,-2,1,244
-0.8379,1.1414,-0.0065185,0.00047122,-2,0,244
0.72049,0.055299,3.9935,0.00047122,1,1,244
2.6734,-4.1364,-0.0065185,0.00047122,-2,1,244
-2.3955,4.0393,-0.0065185,0.00047122,-2,0,244
-2.8855,-2.0221,-0.0065185,0.00047122,-2,0,244
2.461,-2.0701,-0.0065185,0.00047122,-2,1,244
-0.083552,1.7927,-0.0065185,0.00047122,-2,1,244
4.7045,-0.056933,-0.0065185,0.00047122,-2,1,244
-3.9905,-3.9771,3.9935,0.00047122,1,1,244
5.172,2.1854,-0.0065185,0.00047122,-2,1,244
3.5545,-0.32211,-0.0065185,0.00047122,-2,1,244
2.172,0.017889,-0.0065185,0.00047122,-2,1,244
1.8468,0.017889,-0.0065185,0.00047122,-1,1,244
2.5705,0.63201,-0.0065185,0.00047122,-2,1,244
2.1856,0.017889,-0.0065185,0.00047122,-1,1,244
1.8584,0.74039,-2.0065,0.00047122,1,0,244
-1.3814,-3.6821,-0.0065185,0.00047122,-2,0,244
-3.4735,-3.4601,-0.0065185,0.00047122,-2,0,244
-3.5518,-3.5384,-0.0065185,0.00047122,-2,0,244
-3.0184,0.98566,1.9935,0.00047122,1,1,244
1.1145,0.83048,-0.0065185,0.00047122,-2,1,244
0.94797,3.8446,-4.0065,0.00047122,1,0,244
-1.1055,-1.0921,-0.0065185,0.00047122,-2,0,244
-0.45203,4.9079,-0.0065185,0.00047122,-2,1,244
-0.9075,-0.89409,-0.0065185,0.00047122,-2,0,244
-2.2207,-2.2073,-0.0065185,0.00047122,-2,0,244
-1.8869,-1.1158,3.9935,0.00047122,1,1,244
3.8945,-2.3821,-0.0065185,0.00047122,-2,0,244
5.461,0.12789,-0.0065185,0.00047122,-2,1,244
-2.5455,1.3381,-0.0065185,0.00047122,-2,1,244
-1.9955,-1.9821,-0.0065185,0.00047122,-2,0,244
2.7045,2.8603,-0.0065185,0.00047122,-2,1,244
-2.2905,-1.1853,-4.0065,0.00047122,1,0,244
-1.2238,-1.2104,-0.0065185,0.00047122,-2,0,244
-0.03954,-0.026124,-0.0065185,0.00047122,-2,1,244
2.8545,-0.43861,-0.0065185,0.00047122,-2,1,244
2.727,-0.070136,-0.0065185,0.00047122,-2,1,244
5.6186,-0.062837,-0.0065185,0.00047122,-2,1,244
5.5265,4.7899,-0.0065185,0.00047122,-2,1,244
-4.6892,-2.9498,3.9935,0.00047122,1,1,244
-0.38303,-3.005,-0.0065185,0.00047122,-2,0,244
-0.9249,-6.8721,-0.0065185,0.00047122,-2,0,244
2.3944,0.29786,-0.0065185,0.00047122,-2,1,244
2.7859,2.7994,-0.0065185,0.00047122,-2,1,244
-2.3598,-1.7089,-4.0065,0.00047122,1,0,244
2.4016,1.815,-0.0065185,0.00047122,-2,1,244
1.642,1.6554,-0.0065185,0.00047122,-2,1,244
-1.8374,-4.0721,-0.0065185,0.00047122,-2,0,244
-1.5612,-3.3651,1.9935,0.00047122,1,1,244
2.172,-2.5188,-0.0065185,0.00047122,-2,0,244
1.8468,-4.4271,-0.0065185,-2.9995,-1,0,244
2.4385,2.5093,-0.0065185,0.00047122,-2,1,244
-3.6644,-6.0261,-0.0065185,0.00047122,-2,0,244
-3.8641,-5.8695,-0.0065185,0.00047122,-2,0,244
4.0427,0.77219,-0.0065185,0.00047122,-2,1,244
-3.4281,-4.8733,-5.0065,0.00047122,1,0,244
1.3096,1.3485,-0.0065185,0.00047122,-2,1,244
3.4138,3.0614,-0.0065185,0.00047122,-2,1,244
-1.4935,-3.7759,-0.0065185,0.00047122,-2,0,244
3.5777,2.0526,-0.0065185,0.00047122,-2,1,244
-2.6328,-3.6666,-0.0065185,0.00047122,-2,0,244
2.2462,2.8097,4.9935,0.00047122,1,1,244
-3.7335,-4.4377,-0.0065185,0.00047122,-2,0,244
2.7817,3.5926,-0.0065185,0.00047122,-2,1,244
3.8151,4.1664,-0.0065185,0.00047122,-2,1,244
0.16541,-2.2758,-0.0065185,0.00047122,-2,0,244
-0.13233,0.12518,3.9935,0.00047122,1,1,244
-4.1118,3.3059,-0.0065185,0.00047122,-2,0,244
-2.3955,-3.3046,-0.0065185,0.00047122,-2,0,244
0.11447,-2.0221,-0.0065185,0.00047122,-2,1,244
2.5545,2.8284,-0.0065185,0.00047122,-2,1,244
5.172,2.1854,-0.0065185,0.00047122,-2,1,244
4.8468,3.0899,-0.0065185,0.00047122,-2,1,244
5.5705,4.4616,-0.0065185,0.00047122,-2,1,244
4.7356,2.5625,3.9935,0.00047122,1,1,244
0.13592,3.7385,-0.0065185,0.00047122,-2,1,244
-1.9573,-1.9438,-0.0065185,0.00047122,-2,0,244
2.8219,0.11286,-0.0065185,0.00047122,-2,1,244
2.3993,1.9148,4.9935,0.00047122,1,1,244
5.5951,4.8585,-0.0065185,0.00047122,-2,1,244
4.5065,4.5199,-0.0065185,0.00047122,-2,1,244
5.4312,5.4446,-0.0065185,0.00047122,-2,1,244
-4.6082,-3.4155,3.9935,0.00047122,1,1,244
-1.383,-3.2948,-0.0065185,0.00047122,-2,0,244
1.9338,2.0494,-0.0065185,0.00047122,-2,1,244
-1.3855,-6.4386,-0.0065185,0.00047122,-2,0,244
-1.2141,-0.585,-0.0065185,0.00047122,-2,1,244
-0.10978,-1.6903,-0.0065185,0.00047122,-2,0,244
2.6074,-3.1907,-0.0065185,0.00047122,-2,1,244
2.8545,1.8523,-0.0065185,0.00047122,-2,1,244
2.427,0.48964,-4.0065,0.00047122,1,1,244
4.6186,-2.768,-0.0065185,0.00047122,-2,1,244
5.5265,5.5399,-0.0065185,0.00047122,-2,1,244
2.4482,2.4616,-0.0065185,0.00047122,-2,1,244
3.3816,3.395,-0.0065185,0.00047122,-2,1,244
2.8751,1.5609,2.9935,0.00047122,1,1,244
-4.268,-2.0689,-0.0065185,0.00047122,-2,0,244
3.2361,3.2495,-0.0065185,0.00047122,-2,1,244
5.2013,2.5732,-0.0065185,0.00047122,-2,1,244
4.4218,4.4352,-3.0065,0.00047122,1,0,244
-5.608,-3.3528,-0.0065185,0.00047122,-2,1,244
7.0751,4.7885,-0.0065185,0.00047122,-2,1,244
7.4045,1.5755,-0.0065185,0.00047122,-2,1,244
6.8945,4.6461,-0.0065185,0.00047122,-2,1,244
3.461,4.4619,-0.0065185,0.00047122,-2,1,244
6.0925,1.7553,-0.0065185,0.00047122,-2,1,244
5.1793,4.1722,3.9935,0.00047122,1,1,244
2.5131,2.5265,-0.0065185,0.00047122,-2,1,244
1.2868,1.3002,-0.0065185,0.00047122,-2,1,244
2.0944,2.9376,-0.0065185,0.00047122,-2,1,244
0.93094,0.41164,-0.0065185,0.00047122,-2,1,244
-3.783,-3.7696,-0.0065185,0.00047122,-2,0,244
4.6738,0.9165,-0.0065185,0.00047122,-2,1,244
4.5734,3.6597,-0.0065185,0.00047122,-2,1,244
5.4881,3.6234,-0.0065185,0.00047122,-2,1,244
-5.4066,-4.6432,-0.0065185,0.00047122,-2,0,244
4.3539,4.6173,-0.0065185,0.00047122,-2,1,244
-2.2925,-3.6791,-0.0065185,0.00047122,-2,0,244
1.2569,1.1252,-0.0065185,0.00047122,-2,1,244
0.21906,1.6775,-0.0065185,0.00047122,-2,1,244
2.1869,2.2003,-0.0065185,0.00047122,-2,1,244
-1.8506,-0.13715,2.9935,0.00047122,1,1,244
1.4495,-2.5321,-0.0065185,0.00047122,-2,0,244
3.7762,5.0179,-0.0065185,0.00047122,-2,1,244
-3.9515,-1.784,-0.0065185,0.00047122,-2,0,244
2.1171,4.2679,-0.0065185,0.00047122,-2,1,244
-3.2412,-3.8632,-0.0065185,0.00047122,-2,0,244
4.6327,-0.60496,-0.0065185,-0.99953,-1,1,245
5.0485,3.2285,-0.0065185,0.00047122,-2,1,245
0.89188,0.9053,-0.0065185,0.00047122,-2,0,245
3.0045,3.1395,-0.0065185,0.00047122,-2,1,245
-0.44553,-2.7852,-0.0065185,0.00047122,-2,0,245
0.45447,2.1854,-0.0065185,0.00047122,-2,1,245
-2.5455,0.34301,-0.0065185,0.00047122,-2,0,245
1.837,2.4519,-0.0065185,0.00047122,-2,0,245
0.1621,0.68677,-0.0065185,0.00047122,-2,0,245
-2.4295,1.5839,-0.0065185,0.00047122,-2,0,245
-3.3955,-3.3821,-0.0065185,0.00047122,-2,0,245
0.11447,0.12789,-0.0065185,0.00047122,-2,0,245
-0.089027,1.7795,-2.0065,0.00047122,1,0,245
-3.163,-1.5727,-0.0065185,0.00047122,-2,0,245
-1.8379,-0.48414,-0.0065185,0.00047122,-2,0,245
-0.42951,0.44461,-0.0065185,0.00047122,-2,1,245
0.33559,-0.6381,-0.0065185,0.00047122,-2,1,245
0.13592,-0.094701,-0.0065185,0.00047122,-2,1,245
0.1162,-0.44255,-2.0065,0.00047122,1,1,245
-0.17806,-0.34096,-0.0065185,0.00047122,-2,0,245
-1.1455,1.2735,-0.0065185,0.00047122,-2,1,245
0.28197,0.99539,-0.0065185,0.00047122,-2,1,245
-1.1455,0.41888,-0.0065185,0.00047122,-2,1,245
-0.97303,-0.45386,-2.0065,0.00047122,1,0,245
-2.5505,1.1038,-0.0065185,0.00047122,-2,0,245
6.4045,-0.68836,-0.0065185,0.00047122,-2,1,245
6.8945,4.4616,-0.0065185,0.00047122,-2,1,245
-5.452,-2.5268,-0.0065185,0.00047122,-2,0,245
6.0925,2.8885,-0.0065185,0.00047122,-2,1,245
-2.7703,-3.6546,-0.0065185,0.00047122,-2,0,245
2.3631,1.0995,3.9935,0.00047122,1,1,245
-5.2778,-3.579,-0.0065185,0.00047122,-2,0,245
6.0944,4.5079,-0.0065185,0.00047122,-2,1,245
3.9309,3.1601,-0.0065185,0.00047122,-2,1,245
5.792,4.4179,-0.0065185,0.00047122,-2,1,245
-4.6649,-4.0849,-0.0065185,0.00047122,-2,0,245
4.5734,4.1994,-0.0065185,0.00047122,-2,1,245
-4.4791,-3.4564,-0.0065185,0.00047122,-2,0,245
-3.4066,-3.0452,-0.0065185,0.00047122,-2,0,245
2.9039,3.2573,-4.0065,0.00047122,1,1,245
4.3015,-3.0851,-0.0065185,0.00047122,-2,1,245
-4.248,-4.0209,-0.0065185,0.00047122,-2,0,245
-5.2101,-5.0151,-0.0065185,0.00047122,-2,0,245
4.4369,2.5024,-4.0065,0.00047122,1,0,245
0.61697,2.261,-0.0065185,0.00047122,-2,0,245
-3.0662,5.4579,-0.0065185,0.00047122,-2,1,245
1.6145,0.52649,-0.0065185,0.00047122,-2,0,245
-2.2141,2.1059,-0.0065185,0.00047122,-2,1,245
-0.10978,-0.89215,-0.0065185,0.00047122,-2,0,245
-0.092642,-1.4907,-5.0065,0.00047122,1,0,245
0.64202,5.5502,-0.0065185,0.00047122,-2,1,245
-2.8374,-3.3127,-0.0065185,0.00047122,-2,0,245
-2.0112,-2.4131,-0.0065185,0.00047122,-2,0,245
3.1678,4.8054,-0.0065185,0.00047122,-2,1,245
-3.2843,-1.6955,-0.0065185,0.00047122,-2,0,245
-3.391,-3.6327,-0.0065185,0.00047122,-2,0,245
-2.8817,-2.5751,-5.0065,0.00047122,1,0,245
-1.5588,-1.7297,-0.0065185,0.00047122,-2,0,245
-3.6243,-3.944,-0.0065185,0.00047122,-2,0,245
4.6889,3.7149,-0.0065185,0.00047122,-2,1,245
-3.7273,-3.8271,-0.0065185,0.00047122,-2,0,245
-3.7675,-3.8503,-0.0065185,0.00047122,-2,0,245
4.8107,5.2003,-0.0065185,0.00047122,-2,1,245
-4.0808,-2.4969,-3.0065,0.00047122,1,0,245
-1.8555,-2.4512,-0.0065185,0.00047122,-2,0,245
-1.5765,-1.7941,-4.0065,0.00047122,1,0,245
0.10564,-3.3236,-0.0065185,0.00047122,-2,0,245
-1.0815,-0.90118,-0.0065185,0.00047122,-2,0,245
-0.14553,0.060135,-0.0065185,0.00047122,-2,1,245
-0.12303,-0.83211,2.9935,0.00047122,1,1,245
2.6186,2.5679,-0.0065185,0.00047122,-2,1,245
4.5265,1.7179,-0.0065185,0.00047122,-2,1,245
-5.4392,-5.4258,-0.0065185,0.00047122,-2,1,245
7.2545,4.2679,-0.0065185,0.00047122,-2,1,245
6.167,2.4744,4.9935,0.00047122,1,1,245
4.172,4.1854,-0.0065185,0.00047122,-2,1,245
4.8468,4.8603,-0.0065185,0.00047122,-2,1,245
5.5705,5.5839,-0.0065185,0.00047122,-2,1,245
-4.3266,-3.9233,-0.0065185,0.00047122,-2,0,245
2.1359,2.5679,-0.0065185,0.00047122,-2,1,245
1.8162,0.86789,4.9935,0.00047122,1,1,245
-1.813,-1.7996,-0.0065185,0.00047122,-2,0,245
-0.30068,4.3252,-0.0065185,0.00047122,-2,0,245
2.1545,3.0885,-0.0065185,0.00047122,-2,1,245
-0.44553,-0.43211,-0.0065185,0.00047122,-2,1,245
2.172,-0.59624,-0.0065185,0.00047122,-2,1,245
-2.1532,1.8603,-0.0065185,0.00047122,-2,0,245
-1.8295,-3.3821,-5.0065,0.00047122,1,0,245
-4.8855,-4.8721,-0.0065185,0.00047122,-2,0,245
5.461,6.0869,-0.0065185,0.00047122,-2,1,245
-4.0836,-2.5321,-0.0065185,0.00047122,-2,0,245
-1.7703,-1.7569,-0.0065185,0.00047122,-2,0,245
-1.5041,-1.4271,2.9935,0.00047122,1,1,245
-1.9955,0.56789,-0.0065185,0.00047122,-2,1,245
2.0045,2.1519,-0.0065185,0.00047122,-2,1,245
2.3045,2.3179,-0.0065185,0.00047122,-2,1,245
1.9595,0.79641,-4.0065,0.00047122,1,1,245
1.8945,-0.49211,-0.0065185,0.00047122,-2,1,245
1.461,0.14934,-0.0065185,0.00047122,-2,1,245
1.0925,-0.02038,-0.0065185,0.00047122,-2,1,245
2.7793,1.8354,-0.0065185,0.00047122,-2,1,245
3.5131,3.5265,-0.0065185,0.00047122,-2,1,245
1.2868,0.16481,-0.0065185,0.00047122,-2,1,245
1.0944,1.1079,-4.0065,0.00047122,1,0,245
1.0045,1.0179,-0.0065185,0.00047122,-2,0,245
-2.9955,-0.092111,-0.0065185,0.00047122,-2,1,245
3.0045,0.3262,-0.0065185,0.00047122,-2,1,245
-0.44553,-1.8081,-0.0065185,0.00047122,-2,1,245
-0.82803,-2.7594,-0.0065185,0.00047122,-2,0,245
-0.70315,-0.30724,2.9935,0.00047122,1,0,245
1.837,2.1755,-0.0065185,0.00047122,-2,0,245
1.8468,1.8603,-0.0065185,0.00047122,-2,1,245
2.5705,2.5839,-0.0065185,0.00047122,-2,1,245
2.1856,-0.651,-0.0065185,-1.9995,-1,1,245
-1.8495,0.38727,2.9935,0.00047122,1,1,245
3.6186,-1.5704,-0.0065185,0.00047122,-2,0,245
1.5265,-1.1496,-0.0065185,0.00047122,-2,0,245
-3.4392,-2.1646,-0.0065185,0.00047122,-2,1,245
-0.37268,0.71274,-0.0065185,0.00047122,-2,1,245
1.6839,-0.95751,-0.0065185,0.00047122,-2,1,245
3.732,5.1493,-0.0065185,0.00047122,-2,1,245
2.7729,3.9796,-0.0065185,0.00047122,-2,1,245
2.3576,1.6089,2.9935,0.00047122,1,1,245
-1.8282,-2.677,-0.0065185,0.00047122,-2,0,245
1.1467,0.42727,-0.0065185,0.00047122,-2,0,245
2.1254,1.5159,-0.0065185,0.00047122,-2,1,245
-1.7983,-1.4928,1.9935,0.00047122,1,0,245
-5.4405,3.049,-0.0065185,0.00047122,-2,0,245
-2.2238,-4.6104,-0.0065185,0.00047122,-2,0,245
1.0485,1.9119,-0.0065185,0.00047122,-2,0,245
-0.88294,0.11286,2.9935,0.00047122,1,1,245
-1.9955,-1.9821,-0.0065185,0.00047122,-2,1,245
3.0045,-1.6276,-0.0065185,0.00047122,-2,1,245
2.5545,2.1755,-0.0065185,4.0005,-1,1,245
1.172,-2.5481,-0.0065185,0.00047122,-2,1,245
-0.8379,-0.82449,-0.0065185,0.00047122,-2,0,245
1.4385,1.1493,-0.0065185,0.00047122,-2,0,245
0.67336,1.2368,-0.0065185,0.00047122,-2,1,245
0.57302,2.5354,4.9935,0.00047122,1,1,245
-1.5505,-1.5371,-0.0065185,0.00047122,-2,1,245
-1.7673,5.1964,-0.0065185,0.00047122,-2,0,245
1.5545,1.5679,-0.0065185,0.00047122,-2,1,245
2.172,2.1854,-0.0065185,0.00047122,-2,1,245
-1.8379,-1.0702,3.9935,0.00047122,1,1,245
-0.99553,5.3036,-0.0065185,0.00047122,-2,1,245
-1.9955,-1.4371,-0.0065185,0.00047122,-2,1,245
-0.99553,-0.24138,-0.0065185,0.00047122,-2,1,245
-0.84553,-0.43836,4.9935,0.00047122,1,1,245
-0.99553,-6.0069,-0.0065185,0.00047122,-2,0,245
-0.99553,-2.4907,-0.0065185,0.00047122,-2,0,245
0.0044729,-1.2644,-0.0065185,0.00047122,-2,0,245
1.0045,1.722,-0.0065185,0.00047122,-2,1,245
-1.9955,-1.7586,-0.0065185,0.00047122,-2,0,245
1.0045,1.1664,-0.0065185,0.00047122,-2,1,245
0.85447,1.5891,2.9935,0.00047122,1,1,245
1.0045,1.5869,-0.0065185,0.00047122,-2,1,245
3.0045,-2.6332,-0.0065185,0.00047122,-2,1,245
2.5545,-1.8245,-0.0065185,0.00047122,-2,1,245
-0.16303,-2.0837,-0.0065185,0.00047122,-2,0,245
-1.1532,-3.0132,-0.0065185,0.00047122,-2,0,245
2.5545,2.5679,-0.0065185,0.00047122,-2,1,245
-6.163,-5.2104,-0.0065185,0.00047122,-2,0,245
-5.8379,-5.0261,-0.0065185,0.00047122,-2,0,245
3.5705,3.5839,-0.0065185,0.00047122,-2,1,245
4.3356,0.53153,-0.0065185,0.00047122,-2,1,245
5.1359,5.1493,-0.0065185,0.00047122,-2,1,245
-4.9573,-2.6946,-0.0065185,0.00047122,-2,0,245
-3.813,-3.4453,-0.0065185,0.00047122,-2,0,245
4.6993,3.6027,-0.0065185,0.00047122,-2,1,245
3.9951,4.0085,-4.0065,0.00047122,1,0,245
6.8945,-3.0976,-0.0065185,0.00047122,-2,0,245
5.461,0.12789,-0.0065185,0.00047122,-2,0,245
4.0925,4.9959,-0.0065185,0.00047122,-2,0,245
-0.77035,-3.4569,-0.0065185,0.00047122,-2,1,245
0.51307,-2.7569,-0.0065185,0.00047122,-2,0,245
3.4045,1.349,-0.0065185,0.00047122,-2,1,246
-2.9955,-2.6474,-0.0065185,0.00047122,-2,0,246
4.0045,4.0179,-0.0065185,0.00047122,-2,1,246
4.0045,4.0179,-0.0065185,0.00047122,-2,1,246
3.0045,3.0179,-0.0065185,0.00047122,-2,1,246
-0.99553,-0.8074,-0.0065185,0.00047122,-2,0,246
0.0044729,-1.1159,-0.0065185,0.00047122,-2,1,246
0.0044729,-1.0721,-0.0065185,0.00047122,-2,1,246
1.0045,-0.90858,-0.0065185,0.00047122,-2,1,246
-2.9955,-0.83211,-0.0065185,0.00047122,-2,0,246
2.0045,1.3485,-0.0065185,0.00047122,-2,1,246
3.0045,2.1854,-0.0065185,0.00047122,-2,1,246
-2.5455,-2.5321,1.9935,0.00047122,1,0,246
4.0045,3.6068,-0.0065185,0.00047122,-2,1,246
4.0045,-1.7765,-0.0065185,0.00047122,-2,1,246
4.0045,4.0179,-0.0065185,0.00047122,-2,1,246
-4.9955,-2.8721,-0.0065185,0.00047122,-2,0,246
4.0045,3.8033,-0.0065185,0.00047122,-2,1,246
3.4045,3.448,-3.0065,0.00047122,1,1,246
2.0045,1.8629,-0.0065185,0.00047122,-2,1,246
-4.9955,2.1854,-0.0065185,0.00047122,-2,0,246
-3.9955,-3.9821,-0.0065185,0.00047122,-2,0,246
4.0045,3.9227,-0.0065185,0.00047122,-2,1,246
3.4045,3.0885,2.9935,0.00047122,1,1,246
2.0045,2.4991,-0.0065185,0.00047122,-2,1,246
1.7045,1.7179,-0.0065185,0.00047122,1,0,246
3.4495,3.4629,-0.0065185,0.00047122,-2,0,246
2.2327,2.2461,-0.0065185,0.00047122,-2,1,246
3.8545,2.982,-0.0065185,0.00047122,-2,1,246
4.727,-0.012634,-0.0065185,0.00047122,-2,1,246
4.0186,3.3919,-2.0065,0.00047122,1,1,246
0.52648,0.53989,-0.0065185,0.00047122,-2,1,246
-2.4392,1.0192,-0.0065185,0.00047122,-2,0,246
3.3816,1.702,-0.0065185,0.00047122,-2,1,246
-1.3161,-2.8527,-0.0065185,0.00047122,-2,0,246
1.127,1.1404,-0.0065185,0.00047122,1,1,246
0.23609,0.0081038,-0.0065185,0.00047122,-2,0,246
-0.99553,0.21476,-0.0065185,0.00047122,-2,0,246
-0.99553,-0.83211,-0.0065185,0.00047122,-2,0,246
-0.84553,-0.83211,-5.0065,0.00047122,1,0,246
5.0045,5.0179,-0.0065185,0.00047122,-2,1,246
4.0045,4.0179,-0.0065185,0.00047122,-2,1,246
0.0044729,0.017889,-0.0065185,0.00047122,-2,0,246
0.0044729,-2.5921,-4.0065,0.00047122,1,0,246
-1.9955,-1.9821,-0.0065185,0.00047122,-2,0,246
-1.9955,-2.8721,-0.0065185,0.00047122,-2,0,246
0.0044729,-1.6821,-0.0065185,0.00047122,-2,0,246
2.0045,2.0179,-0.0065185,0.00047122,-2,1,246
-0.69553,0.017889,-0.0065185,0.00047122,-2,0,246
0.59947,-0.83211,4.9935,0.00047122,1,1,246
3.2327,5.4961,-0.0065185,0.00047122,-2,1,246
3.0485,1.7179,-0.0065185,0.00047122,-2,1,246
4.8919,4.9053,-0.0065185,0.00047122,-2,1,246
5.7588,2.2172,-0.0065185,0.00047122,-2,1,246
5.6456,4.909,-0.0065185,0.00047122,-2,1,246
-4.7905,-4.2321,-2.0065,0.00047122,1,0,246
4.0802,2.1811,3.9935,0.00047122,1,1,246
4.3982,4.4116,-0.0065185,0.00047122,-2,1,246
2.3392,2.0179,-0.0065185,0.00047122,-2,1,246
0.28896,0.017889,-0.0065185,0.00047122,-2,1,246
2.2463,2.2597,-0.0065185,0.00047122,-2,1,246
3.21,3.0179,-0.0065185,0.00047122,-2,1,246
-2.1702,-1.4907,-0.0065185,0.00047122,-2,0,246
1.853,1.8664,3.9935,0.00047122,1,1,246
-3.8693,-3.9821,-0.0065185,0.00047122,-2,0,246
-7.3955,3.0152,-0.0065185,0.00047122,-2,0,246
-7.8855,-2.5256,-0.0065185,0.00047122,-2,0,246
5.461,0.81986,-0.0065185,0.00047122,-2,1,246
-2.0836,-2.0701,-0.0065185,0.00047122,-2,0,246
-1.7703,-3.9244,2.9935,0.00047122,1,0,246
-1.4869,-3.8144,-0.0065185,0.00047122,-2,0,246
3.5545,3.5679,-0.0065185,0.00047122,-2,1,246
6.172,1.0954,-0.0065185,0.00047122,-2,1,246
0.1621,-4.9481,-0.0065185,0.00047122,-2,1,246
-0.12951,4.4739,3.9935,0.00047122,1,0,246
0.55947,1.9729,-0.0065185,0.00047122,-2,1,246
-0.46728,-4.9601,-1.0065,0.00047122,1,0,246
-1.5505,-1.5371,-0.0065185,0.00047122,-2,0,246
3.5545,0.47986,-0.0065185,0.00047122,-2,1,246
-3.163,-0.21799,-0.0065185,0.00047122,-2,0,246
-2.6879,-0.31011,1.9935,0.00047122,1,0,246
-3.5615,-1.5384,-0.0065185,0.00047122,-2,0,246
-5.3266,-3.605,-0.0065185,0.00047122,-2,0,246
-4.127,0.11469,-0.0065185,0.00047122,-2,0,246
-4.9573,-4.9438,-0.0065185,0.00047122,-2,0,246
-3.813,-2.7505,-0.0065185,0.00047122,-2,0,246
2.6993,2.5551,-0.0065185,0.00047122,-2,1,246
-2.2862,-2.2727,-4.0065,0.00047122,1,0,246
-0.4935,3.9199,-0.0065185,0.00047122,-2,0,246
-3.1455,0.98879,-0.0065185,0.00047122,-2,1,246
-1.273,-4.4386,-0.0065185,0.00047122,-2,0,246
0.70447,1.9079,-0.0065185,0.00047122,-2,1,246
-0.59053,-0.90511,3.9935,0.00047122,1,0,246
-2.2238,-2.2104,-0.0065185,0.00047122,-2,1,246
-1.8455,-2.6069,-0.0065185,0.00047122,-2,0,246
-0.84553,-0.83211,-0.0065185,0.00047122,-2,0,246
0.72697,-0.78783,-4.0065,0.00047122,1,1,246
1.6186,2.1079,-0.0065185,0.00047122,-2,1,246
3.5265,3.9444,-0.0065185,0.00047122,-2,1,246
-5.4392,2.0307,-0.0065185,0.00047122,-2,0,246
-4.3727,-4.6093,-0.0065185,0.00047122,-2,0,246
5.3251,5.5869,-0.0065185,0.00047122,-2,1,246
5.277,5.5015,-0.0065185,0.00047122,-2,1,246
-4.4771,-2.6702,3.9935,0.00047122,1,0,246
2.2013,-3.0327,-0.0065185,0.00047122,-2,1,246
-0.16287,-1.8495,-0.0065185,0.00047122,-2,0,246
0.14671,0.27034,-3.0065,0.00047122,1,1,246
2.1254,2.2325,-0.0065185,0.00047122,-2,1,246
-4.0983,-4.0849,-0.0065185,0.00047122,-2,0,246
-3.4829,1.7052,-5.0065,0.00047122,1,0,246
2.0787,4.3997,-0.0065185,0.00047122,-2,1,246
1.0676,1.1299,-0.0065185,0.00047122,-2,1,246
1.0581,1.1131,-0.0065185,0.00047122,-2,1,246
0.95887,0.97229,-0.0065185,0.00047122,-2,1,246
0.81571,-1.0949,-4.0065,0.00047122,1,1,246
0.72697,-0.86952,-0.0065185,0.00047122,-2,1,246
1.6186,-3.6264,-0.0065185,0.00047122,-2,1,246
-0.47352,0.22673,-0.0065185,0.00047122,-2,0,246
-3.8455,-2.2596,-0.0065185,0.00047122,-2,0,246
2.727,-0.97339,-0.0065185,0.00047122,-2,1,246
3.6186,2.4959,-0.0065185,0.00047122,-2,1,246
-5.5175,-0.98341,-0.0065185,0.00047122,-2,0,246
4.6982,3.8907,4.9935,0.00047122,1,1,246
-5.3727,-5.3593,-0.0065185,0.00047122,-2,0,246
3.3251,2.7454,-0.0065185,0.00047122,-2,1,246
-5.268,-2.8211,-0.0065185,0.00047122,-2,0,246
-4.4771,-4.4637,-5.0065,0.00047122,1,0,246
4.2013,3.8505,-0.0065185,0.00047122,-2,1,246
3.1718,2.8756,-0.0065185,0.00047122,-2,1,246
-4.1378,-2.9318,-0.0065185,0.00047122,-2,0,246
3.5254,3.3151,4.9935,0.00047122,1,1,246
3.1072,2.9305,-0.0065185,0.00047122,-2,1,246
-4.0829,-4.0695,-0.0065185,0.00047122,-2,0,246
-4.0698,-2.9896,-0.0065185,0.00047122,-2,0,246
-5.0586,-5.0452,-0.0065185,0.00047122,-2,0,246
2.0581,2.8623,-0.0065185,0.00047122,-2,1,246
-2.0411,-1.6434,-0.0065185,0.00047122,-2,0,246
2.0432,1.6849,-0.0065185,0.00047122,-2,1,246
-1.7285,-1.7151,-5.0065,0.00047122,1,0,246
1.9765,-4.2601,-0.0065185,0.00047122,-2,0,246
0.98067,1.7381,-0.0065185,0.00047122,-2,1,246
3.1545,3.1679,-0.0065185,0.00047122,-2,1,246
3.4045,3.4179,-0.0065185,0.00047122,-2,1,246
-2.8855,1.0473,-3.0065,0.00047122,1,0,246
1.548,4.0055,-0.0065185,0.00047122,-2,0,246
-1.9075,4.2734,-0.0065185,0.00047122,-2,0,246
4.4045,3.4089,-0.0065185,0.00047122,-2,1,246
3.7445,3.7579,-3.0065,0.00047122,1,1,246
1.461,-0.075611,-0.0065185,0.00047122,-2,1,246
2.0925,2.1059,-0.0065185,0.00047122,-2,1,246
0.77929,1.0702,-0.0065185,0.00047122,-2,0,246
3.1545,3.4038,-0.0065185,0.00047122,-2,1,246
2.4045,2.6954,-0.0065185,0.00047122,-2,1,246
2.8945,-0.57273,-0.0065185,0.00047122,-2,1,246
-2.452,1.2424,3.9935,0.00047122,1,0,246
1.0925,1.1059,-0.0065185,0.00047122,-2,0,246
4.8545,1.2306,-0.0065185,0.00047122,-2,1,246
-4.718,-4.1046,-0.0065185,0.00047122,-2,0,246
-3.6097,-5.4701,-0.0065185,0.00047122,-2,0,246
-5.5175,-3.0541,-0.0065185,0.00047122,-2,0,246
-4.4392,-5.7407,-0.0065185,0.00047122,-2,0,246
-1.3727,-2.2644,-0.0065185,0.00047122,-2,0,246
1.3251,1.3385,-0.0065185,0.00047122,-2,1,246
2.277,2.2904,-0.0065185,0.00047122,-2,1,246
-4.2271,-4.7696,-0.0065185,0.00047122,-2,0,246
4.2013,4.2148,-0.0065185,0.00047122,-2,1,246
4.1718,4.1852,-0.0065185,0.00047122,-2,1,246
1.1467,1.1601,-0.0065185,0.00047122,-2,1,246
0.88357,-1.193,-0.0065185,0.00047122,-2,0,246
-0.74276,-0.72934,-4.0065,0.00047122,1,1,246
-0.082881,3.3305,-0.0065185,0.00047122,-2,0,246
-3.9213,0.09214,-0.0065185,0.00047122,-2,0,246
5.4045,5.4179,-0.0065185,0.00047122,-2,1,246
3.8945,-0.16451,-0.0065185,0.00047122,-2,1,246
2.461,0.017889,-0.0065185,0.00047122,-2,0,246
-2.0619,-2.0485,0.99348,0.00047122,1,1,247
-3.5844,-3.571,-0.0065185,0.00047122,-2,0,247
3.4045,-0.42582,-0.0065185,0.00047122,-2,1,247
-3.8855,-3.8721,-0.0065185,0.00047122,-2,0,247
1.461,-1.3027,-0.0065185,0.00047122,-2,0,247
0.15447,1.6622,-0.0065185,0.00047122,-2,1,247
-1.8455,-1.0344,-0.0065185,0.00047122,-2,0,247
2.727,1.5904,-0.0065185,0.00047122,-2,1,247
2.6186,2.332,-0.0065185,0.00047122,-2,1,247
0.52648,0.53989,-0.0065185,0.00047122,-2,1,247
-2.4392,-2.9086,-0.0065185,0.00047122,-2,0,247
-0.37268,-0.76961,-0.0065185,0.00047122,-2,0,247
0.32505,1.7313,-4.0065,0.00047122,1,1,247
1.277,1.2904,-0.0065185,0.00047122,-2,1,247
-0.76391,-0.49849,-0.0065185,0.00047122,-2,0,247
5.8545,7.4744,-0.0065185,0.00047122,-2,1,247
3.727,5.1059,-0.0065185,0.00047122,-2,1,247
2.6186,3.7927,-0.0065185,0.00047122,-2,1,247
-2.2175,-0.38321,3.9935,0.00047122,1,0,247
4.4482,-2.0998,-0.0065185,0.00047122,-2,1,247
-2.3727,-2.3593,-0.0065185,0.00047122,-2,0,247
2.3251,2.9444,-0.0065185,0.00047122,-2,1,247
-0.26802,-3.2261,-0.0065185,0.00047122,-2,0,247
-0.22714,-0.21373,1.9935,0.00047122,1,0,247
3.8076,3.821,-0.0065185,0.00047122,-2,1,247
-2.3955,-2.8985,-0.0065185,0.00047122,-2,0,247
3.8945,2.2461,-0.0065185,0.00047122,-2,1,247
2.461,1.7519,-0.0065185,0.00047122,-2,1,247
-0.083552,-2.0701,-0.0065185,0.00047122,-2,1,247
-1.6955,-0.92781,-0.0065185,0.00047122,-2,0,247
1.4495,0.017889,-4.0065,0.00047122,1,1,247
-3.2238,3.4179,-0.0065185,0.00047122,-2,0,247
-2.7395,4.0179,-0.0065185,4.0005,-1,0,247
5.8919,1.4629,-0.0065185,0.00047122,-2,1,247
4.7588,4.0179,-0.0065185,0.00047122,-2,1,247
-5.6367,-5.6233,-0.0065185,0.00047122,-2,0,247
-1.5405,-3.0527,-0.0065185,0.00047122,-2,0,247
-1.4588,-1.2953,-0.0065185,0.00047122,-2,0,247
1.3982,1.0179,-0.0065185,0.00047122,-2,1,247
-1.1802,-1.0393,3.9935,0.00047122,1,0,247
0.71999,0.73341,-0.0065185,0.00047122,-2,1,247
-1.8455,-2.8721,-0.0065185,0.00047122,-2,0,247
1.727,1.7404,-0.0065185,0.00047122,-2,1,247
1.4686,2.8284,3.9935,0.00047122,1,1,247
-1.4735,-1.4601,-0.0065185,0.00047122,-2,0,247
1.3045,5.9079,-0.0065185,0.00047122,-2,0,247
-0.55053,-3.7209,-0.0065185,0.00047122,-2,0,247
-1.2955,-1.2821,-0.0065185,0.00047122,-2,1,247
1.5595,2.0914,-0.0065185,0.00047122,-2,0,247
1.3262,3.2304,-0.0065185,4.0005,-1,0,247
1.128,0.34852,-0.0065185,1.0005,-1,0,247
-1.8829,-1.5511,-0.0065185,0.00047122,-2,0,247
4.7588,4.7722,-0.0065185,0.00047122,-2,1,247
4.0456,2.659,-0.0065185,2.0005,-1,1,247
-2.5405,-2.3315,-0.0065185,0.00047122,-2,0,247
2.1677,-0.019793,-4.0065,0.00047122,1,1,247
-3.3893,3.1654,-0.0065185,0.00047122,-2,0,247
-1.3302,-1.1967,-0.0065185,0.00047122,-2,0,247
0.28896,0.30237,-0.0065185,0.00047122,-2,1,247
1.2463,2.0153,-0.0065185,0.00047122,-2,1,247
0.79893,-0.96389,-0.0065185,0.00047122,-2,1,247
0.15447,0.16789,-0.0065185,0.00047122,-2,0,247
0.13197,-0.55611,-3.0065,0.00047122,1,0,247
0.39035,1.5399,-0.0065185,0.00047122,-2,0,247
-1.5175,-0.53841,-0.0065185,0.00047122,-2,0,247
5.4482,1.4831,-0.0065185,0.00047122,-2,1,247
-4.3727,-4.3593,-0.0065185,0.00047122,-2,0,247
-4.3161,-3.9152,-0.0065185,0.00047122,-2,0,247
3.677,3.1863,-4.0065,0.00047122,1,1,247
-4.2271,-4.2137,-0.0065185,0.00047122,-2,0,247
-4.1924,2.711,-0.0065185,0.00047122,-2,0,247
2.1718,3.2756,-0.0065185,0.00047122,-2,1,247
-4.1378,-1.8244,-0.0065185,0.00047122,-2,0,247
-3.5164,-3.503,2.9935,0.00047122,1,0,247
0.9017,0.91512,-0.0065185,0.00047122,-2,0,247
-1.0829,-1.0695,-0.0065185,0.00047122,-2,0,247
-0.069778,1.786,-0.0065185,0.00047122,-2,0,247
-1.9324,-0.035758,-0.0065185,0.00047122,-2,0,247
4.7045,4.7179,-0.0065185,0.00047122,-2,1,247
3.9995,1.4173,-4.0065,0.00047122,1,1,247
3.2327,3.2461,-0.0065185,0.00047122,-2,1,247
-0.95151,-1.9821,-0.0065185,0.00047122,-2,1,247
-2.1081,-2.0947,-0.0065185,0.00047122,-2,0,247
-3.5455,-3.0701,-0.0065185,0.00047122,-2,0,247
-6.163,-2.1496,-0.0065185,0.00047122,-2,0,247
-3.8379,-4.8907,-0.0065185,0.00047122,-2,0,247
3.2705,3.0002,2.9935,0.00047122,1,1,247
-3.3266,-3.8632,-0.0065185,0.00047122,-2,0,247
-0.12698,-0.11356,-0.0065185,0.00047122,-2,0,247
2.0427,2.2304,-0.0065185,0.00047122,-2,1,247
-6.5455,-2.7539,-0.0065185,0.00047122,-2,0,247
5.572,1.4905,3.9935,0.00047122,1,1,247
2.8468,2.8603,-0.0065185,0.00047122,-2,0,247
2.8545,4.9079,-0.0065185,0.00047122,-2,1,247
5.7045,0.099235,-0.0065185,0.00047122,-2,1,247
4.8495,4.8629,2.9935,0.00047122,1,1,247
1.2327,3.7961,-0.0065185,0.00047122,-2,1,247
3.0485,1.0619,-0.0065185,0.00047122,-2,1,247
3.8919,3.9053,-0.0065185,0.00047122,-2,1,247
-5.7498,-4.6976,-0.0065185,0.00047122,-2,0,247
3.6456,3.659,-0.0065185,0.00047122,-2,1,247
1.5495,0.85636,-0.0065185,0.00047122,-2,1,247
1.3177,1.3311,-4.0065,0.00047122,1,1,247
0.61072,1.1664,-0.0065185,0.00047122,-2,1,247
-0.84553,-2.5374,-0.0065185,0.00047122,-2,0,247
-0.71803,-2.4386,-0.0065185,0.00047122,-2,0,247
2.3903,0.92986,-0.0065185,0.00047122,-2,1,247
3.5545,-0.50412,-0.0065185,0.00047122,-2,1,247
3.022,0.86789,3.9935,0.00047122,1,1,247
1.8468,1.8603,-0.0065185,0.00047122,-2,1,247
-0.42951,-1.9821,-0.0065185,0.00047122,-2,0,247
-2.6955,1.4744,-0.0065185,0.00047122,-2,0,247
0.55947,0.57289,-0.0065185,0.00047122,-2,0,247
0.47622,-0.24863,-5.0065,0.00047122,1,0,247
-3.0395,-2.7235,-0.0065185,0.00047122,-2,0,247
-2.8829,-0.6998,-0.0065185,0.00047122,-2,0,247
-0.74983,1.1079,-0.0065185,0.00047122,-2,0,247
2.3633,-1.8515,-0.0065185,0.00047122,-2,1,247
-0.44553,3.3554,-0.0065185,0.00047122,-2,1,247
2.172,-0.36461,-0.0065185,0.00047122,-2,1,247
1.8468,1.8603,-0.0065185,0.00047122,-2,1,247
1.5705,1.5839,-4.0065,0.00047122,1,1,247
4.3356,4.349,-0.0065185,0.00047122,-2,1,247
3.1359,3.1493,-0.0065185,0.00047122,-2,1,247
-1.0338,-1.0204,-0.0065185,0.00047122,-2,0,247
0.887,2.0526,4.9935,0.00047122,1,1,247
-0.44053,-6.0069,-0.0065185,0.00047122,-2,0,247
0.23272,0.39614,-0.0065185,0.00047122,-2,0,247
0.85447,-0.54192,-0.0065185,0.00047122,-2,1,247
-0.71803,-0.59624,2.9935,0.00047122,1,0,247
4.6186,-2.0101,-0.0065185,0.00047122,-2,1,247
4.5265,4.4616,-0.0065185,0.00047122,-2,1,247
3.4482,3.395,-0.0065185,0.00047122,-2,1,247
2.3816,2.3385,-0.0065185,0.00047122,-2,1,247
2.3251,2.2904,-0.0065185,0.00047122,-2,1,247
0.27696,0.24951,-0.0065185,0.00047122,-2,1,247
0.23609,1.7581,-0.0065185,0.00047122,-2,0,247
0.20135,0.18523,3.9935,0.00047122,1,0,247
-1.9955,3.4179,-0.0065185,0.00047122,-2,0,247
3.0045,-1.6821,-0.0065185,0.00047122,-2,0,247
1.0045,1.0179,-0.0065185,0.00047122,-2,0,247
3.0045,2.3485,-0.0065185,0.00047122,-2,1,247
-2.5455,1.8603,3.9935,0.00047122,1,0,247
5.0045,-3.8657,-0.0065185,0.00047122,-2,1,247
-4.9955,-4.2321,-0.0065185,0.00047122,-2,0,247
-3.9955,-3.6327,-0.0065185,0.00047122,-2,0,247
3.4045,3.3334,2.9935,0.00047122,1,1,247
-4.9955,-4.9821,-0.0065185,0.00047122,-2,0,247
-3.9955,-3.9821,-0.0065185,0.00047122,-2,0,247
-3.9955,-1.6421,-0.0065185,0.00047122,-2,0,247
-2.9955,-3.3821,-0.0065185,0.00047122,-2,0,247
-0.99553,-2.4003,-0.0065185,0.00047122,-2,0,247
2.0045,0.75587,-0.0065185,0.00047122,-2,1,247
-1.6955,-1.6821,-5.0065,0.00047122,1,0,247
3.0045,4.187,-0.0065185,0.00047122,-2,1,247
-2.9955,-2.4633,-0.0065185,0.00047122,-2,0,247
2.0045,2.5094,-0.0065185,0.00047122,-2,1,247
-2.9955,-1.6324,-0.0065185,0.00047122,-2,0,247
5.0045,2.5256,-0.0065185,0.00047122,-2,1,247
-4.9955,-4.2321,-0.0065185,0.00047122,-2,0,247
-2.9955,-4.2321,-0.0065185,0.00047122,-2,0,247
3.0045,2.9919,-0.0065185,0.00047122,-2,1,247
-1.9955,-2.1276,-0.0065185,0.00047122,-2,0,247
-3.9955,-3.9634,-0.0065185,0.00047122,-2,0,247
-4.9955,-4.9821,-0.0065185,0.00047122,-2,0,247
4.2545,1.2326,0.99348,0.00047122,1,1,247
-1.9955,-0.8206,-0.0065185,0.00047122,-2,0,247
0.0044729,1.7081,-0.0065185,0.00047122,-2,1,247
0.0044729,0.026206,-5.0065,0.00047122,1,0,247
4.0045,-4.2321,-0.0065185,0.00047122,-2,1,247
3.4045,3.4239,-0.0065185,0.00047122,-2,1,247
1.1145,7.0885,-0.0065185,0.00047122,-2,0,247
-0.53903,-2.5921,-0.0065185,0.00047122,-2,0,247
-2.5455,2.1059,-0.0065185,0.00047122,-2,0,247
-0.67495,-0.83361,-0.0065185,0.00047122,-2,1,248
1.277,1.1441,-0.0065185,0.00047122,-2,1,248
-0.22714,-1.3717,-0.0065185,0.00047122,-2,1,248
5.0045,3.9279,-0.0065185,0.00047122,-2,1,248
-2.9955,-2.9821,-0.0065185,0.00047122,-2,0,248
-1.9955,1.3074,-0.0065185,0.00047122,-2,0,248
0.0044729,0.017889,-0.0065185,0.00047122,-2,1,248
1.0045,0.58686,-0.0065185,0.00047122,-2,1,248
2.0045,3.2461,-0.0065185,0.00047122,-2,1,248
0.30447,-1.6821,-0.0065185,0.00047122,-2,0,248
-0.55053,-0.23711,-0.0065185,0.00047122,-2,1,248
0.77622,2.5399,-0.0065185,0.00047122,-2,0,248
0.66046,1.9066,-5.0065,0.00047122,1,1,248
2.4495,-3.2321,-0.0065185,0.00047122,-2,0,248
4.8545,4.8679,-0.0065185,0.00047122,-2,1,248
5.4045,0.26415,-0.0065185,0.00047122,-2,1,248
3.8945,2.4722,-0.0065185,0.00047122,-2,1,248
7.461,7.4744,-0.0065185,0.00047122,-2,1,248
6.3425,1.2854,-3.0065,0.00047122,1,1,248
-0.22071,-2.0689,-0.0065185,0.00047122,-2,0,248
-0.69553,-0.68211,-0.0065185,0.00047122,-2,1,248
-1.8455,-2.2644,-0.0065185,0.00047122,-2,0,248
-0.27303,-0.45817,-0.0065185,0.00047122,-2,0,248
-0.2314,-0.21799,2.9935,0.00047122,1,0,248
5.727,-1.8096,-0.0065185,0.00047122,-2,1,248
3.6186,3.632,-0.0065185,0.00047122,-2,1,248
-1.5175,-4.1166,-0.0065185,0.00047122,-2,1,248
-1.8455,-4.0527,-0.0065185,0.00047122,-2,1,248
-2.718,-1.2952,-0.0065185,0.00047122,-2,0,248
-0.69553,-3.9006,-0.0065185,0.00047122,-2,1,248
-0.59053,0.44116,4.9935,0.00047122,1,1,248
-2.273,2.665,-0.0065185,0.00047122,-2,0,248
0.45447,-1.918,-0.0065185,0.00047122,-2,1,248
-4.5455,-3.5747,-0.0065185,0.00047122,-2,0,248
-2.163,-0.42582,-0.0065185,0.00047122,-2,0,248
1.1621,2.6407,-0.0065185,0.00047122,-2,1,248
-4.5455,2.8122,-0.0065185,0.00047122,-2,0,248
1.172,3.8854,-0.0065185,0.00047122,-2,1,248
1.1621,1.7553,-0.0065185,0.00047122,-2,0,248
0.98845,3.3222,1.9935,0.00047122,1,1,248
3.172,0.38677,-0.0065185,0.00047122,-2,0,248
0.85447,0.86789,-0.0065185,0.00047122,-2,1,248
3.0045,-0.5864,-0.0065185,0.00047122,-2,0,248
-2.5455,-2.5321,-3.0065,0.00047122,1,0,248
-2.163,-1.0182,-0.0065185,0.00047122,-2,0,248
1.1621,1.1755,-0.0065185,0.00047122,-2,1,248
-1.4455,-3.9821,-0.0065185,0.00047122,-2,1,248
1.172,1.1854,-0.0065185,0.00047122,-2,1,248
-1.1532,-1.3132,-0.0065185,0.00047122,-2,1,248
-0.97951,-2.5321,-4.0065,0.00047122,1,1,248
-2.6644,-2.651,-0.0065185,0.00047122,-2,0,248
-8.3955,-8.3821,-0.0065185,0.00047122,-2,0,248
-6.8855,-2.8721,-0.0065185,0.00047122,-2,0,248
-5.452,-5.4386,-0.0065185,0.00047122,-2,0,248
-3.0836,-3.0701,-0.0065185,0.00047122,-2,0,248
0.22965,-4.2134,-0.0065185,0.00047122,-2,1,248
0.19587,0.43558,-4.0065,0.00047122,1,0,248
-0.27784,-2.3821,-0.0065185,0.00047122,-2,1,248
3.8545,3.8679,-0.0065185,0.00047122,-2,1,248
1.727,1.7404,-0.0065185,0.00047122,-2,1,248
-0.3814,-2.0721,-0.0065185,0.00047122,-2,0,248
3.1545,-0.029072,-0.0065185,0.00047122,-2,1,248
3.4045,0.46159,-0.0065185,0.00047122,-2,1,248
2.8945,2.2938,4.9935,0.00047122,1,1,248
-2.452,-6.6886,-0.0065185,0.00047122,-2,0,248
-2.0836,-6.0701,-0.0065185,-3.9995,-1,0,248
1.7793,1.7927,-0.0065185,0.00047122,-2,1,248
0.49587,-1.4907,-0.0065185,0.00047122,-2,1,248
-0.41322,0.18523,-4.0065,0.00047122,1,0,248
0.35951,3.4179,2.9935,0.00047122,1,1,248
5.2327,4.0179,-0.0065185,0.00047122,-2,0,248
-7.3955,-6.1496,-0.0065185,0.00047122,-2,0,248
-8.3955,-3.7595,-0.0065185,0.00047122,-2,0,248
-6.8855,-7.1221,-0.0065185,0.00047122,-2,0,248
-5.852,-4.0233,3.9935,0.00047122,1,1,248
-5.8855,-5.8721,-0.0065185,0.00047122,-2,1,248
-2.452,1.1331,-0.0065185,0.00047122,-2,1,248
-1.0836,3.4744,-0.0065185,0.00047122,-2,0,248
-4.1455,-1.7569,-0.0065185,0.00047122,-2,0,248
-2.273,-2.9821,-0.0065185,0.00047122,-2,0,248
-1.9314,-2.9805,-5.0065,0.00047122,1,1,248
-5.163,-3.0527,-0.0065185,0.00047122,-2,1,248
5.8468,6.1804,-0.0065185,0.00047122,-2,0,248
4.5705,6.0885,-0.0065185,0.00047122,-2,0,248
-3.3266,-3.8679,-0.0065185,0.00047122,-2,0,248
-1.6955,-4.6571,-0.0065185,0.00047122,-2,0,248
-0.44053,-1.0701,-0.0065185,0.00047122,-2,1,248
0.38272,0.39614,-4.0065,0.00047122,1,0,248
0.72697,3.4179,-0.0065185,0.00047122,-2,1,248
0.39035,-0.59624,-0.0065185,0.00047122,-2,1,248
5.8545,5.0179,-0.0065185,0.00047122,-2,1,248
1.727,1.0179,-0.0065185,0.00047122,-2,1,248
-1.4597,-0.59624,-5.0065,0.00047122,1,1,248
3.727,4.2679,-0.0065185,0.00047122,-2,1,248
3.5545,1.0179,-0.0065185,0.00047122,-2,1,248
0.17197,-1.9821,-0.0065185,0.00047122,-2,1,248
-0.1379,-1.8245,-3.0065,0.00047122,1,0,248
-6.5615,-4.9821,-0.0065185,0.00047122,-2,1,248
3.2545,1.1854,-0.0065185,0.00047122,-2,1,248
1.1545,1.1679,-0.0065185,0.00047122,-2,1,248
0.28197,0.29539,-0.0065185,0.00047122,-2,1,248
-1.3814,-1.978,-0.0065185,0.00047122,-2,0,248
-2.5175,1.1959,-0.0065185,0.00047122,-2,1,248
2.1482,1.1273,-5.0065,0.00047122,1,0,248
0.38162,-0.48414,-0.0065185,0.00047122,-2,0,248
2.3251,1.5912,-0.0065185,0.00047122,-2,1,248
1.3045,2.816,-0.0065185,0.00047122,-2,0,248
-0.44053,3.6279,-0.0065185,0.00047122,-2,1,248
-4.8455,-6.1496,-0.0065185,0.00047122,-2,1,248
4.127,4.1404,-4.0065,0.00047122,1,1,248
-5.6097,-1.5821,-0.0065185,0.00047122,-2,0,248
-5.5175,-2.0921,-0.0065185,0.00047122,-2,0,248
-2.4392,3.1155,-0.0065185,0.00047122,-2,0,248
-3.3727,-3.3593,-0.0065185,0.00047122,-2,0,248
2.8751,1.7835,-2.0065,0.00047122,1,0,248
-4.163,0.29824,-0.0065185,0.00047122,-2,1,248
-5.8379,-0.23711,-0.0065185,0.00047122,-2,0,248
8.4045,2.3503,-0.0065185,0.00047122,-2,1,248
-4.8855,-5.4604,-0.0065185,0.00047122,-2,0,248
-3.452,-3.4386,-0.0065185,0.00047122,-2,0,248
-5.0836,-3.8695,-0.0065185,0.00047122,-2,0,248
-6.7703,-5.7364,-0.0065185,0.00047122,-2,0,248
5.7631,1.7031,-4.0065,0.00047122,1,1,248
-5.2778,-5.2644,-0.0065185,0.00047122,-2,0,248
5.0944,4.4811,-0.0065185,0.00047122,-2,1,248
-3.922,1.5479,-0.0065185,0.00047122,-2,0,248
3.342,2.9026,-2.0065,0.00047122,1,1,248
-5.6649,1.0485,-0.0065185,0.00047122,-2,0,248
-4.5645,-4.8011,-0.0065185,0.00047122,-2,0,248
4.4881,4.2234,-0.0065185,0.00047122,-2,1,248
-3.8066,-3.0468,-5.0065,0.00047122,1,1,248
-4.8855,-4.5815,-0.0065185,0.00047122,-2,0,248
5.7045,5.7179,-0.0065185,0.00047122,-2,1,248
-4.4405,-3.2346,-0.0065185,0.00047122,-2,0,248
4.2327,4.2461,-0.0065185,0.00047122,-2,1,248
-3.0395,-2.3084,-0.0065185,0.00047122,-2,0,248
-4.8829,-4.8695,-0.0065185,0.00047122,-2,0,248
-4.7498,-4.1139,-0.0065185,0.00047122,-2,0,248
-4.0367,-1.3224,3.9935,0.00047122,1,0,248
-1.5405,-1.0773,-0.0065185,0.00047122,-2,0,248
5.4677,5.4811,-0.0065185,0.00047122,-2,1,248
-5.3893,2.0806,-0.0065185,0.00047122,-2,0,248
-4.3302,-4.3168,-0.0065185,0.00047122,-2,0,248
-3.68,-3.6443,-3.0065,0.00047122,1,0,248
0.24628,0.2597,-0.0065185,0.00047122,-2,1,248
-0.20107,-0.018021,-0.0065185,0.00047122,-2,0,248
2.8298,-1.855,-0.0065185,0.00047122,-2,0,248
-2.397,-2.3836,4.9935,0.00047122,1,1,248
3.8782,-4.3583,-0.0065185,0.00047122,-2,0,248
1.8972,3.3991,-0.0065185,0.00047122,-2,0,248
-2.9043,-2.8909,-0.0065185,0.00047122,-2,0,248
3.5545,1.4493,-0.0065185,0.00047122,-2,1,248
-2.163,-2.9996,-0.0065185,0.00047122,-2,0,248
-2.8379,-2.8245,-0.0065185,0.00047122,-2,0,248
2.4205,0.9053,-4.0065,0.00047122,1,0,248
-0.27303,1.349,-0.0065185,0.00047122,-2,0,248
0.6186,-3.7221,-0.0065185,0.00047122,-2,0,248
-2.5175,2.4744,-0.0065185,0.00047122,-2,1,248
-2.4392,0.10591,-0.0065185,0.00047122,-2,0,248
-4.6955,-4.6821,-0.0065185,0.00047122,-2,0,248
4.4495,1.4629,-0.0065185,0.00047122,-2,1,248
-5.2238,-3.7604,-0.0065185,0.00047122,-2,0,248
4.4485,4.4619,3.9935,0.00047122,1,1,248
5.8919,5.7722,-0.0065185,0.00047122,-2,1,248
5.7588,3.549,-0.0065185,0.00047122,-2,0,248
0.75447,-3.0798,-0.0065185,0.00047122,-2,1,248
0.61697,-2.1441,-0.0065185,0.00047122,-2,0,248
2.0751,0.53851,-0.0065185,0.00047122,-2,0,248
2.6145,2.6279,-0.0065185,0.00047122,-2,0,248
2.223,0.5777,-5.0065,0.00047122,1,1,248
-2.9955,1.2895,-0.0065185,0.00047122,-2,0,248
3.5545,6.1804,-0.0065185,0.00047122,-2,1,248
-4.163,0.53034,-0.0065185,0.00047122,-2,0,248
-1.8379,-1.8245,-0.0065185,0.00047122,-2,0,248
-3.5615,-3.5481,-0.0065185,0.00047122,-2,0,248
-4.3955,-2.1136,-0.0065185,0.00047122,-2,1,249
-0.10553,2.822,-0.0065185,0.00047122,-2,0,249
3.461,1.8354,-0.0065185,0.00047122,-2,0,249
-5.0836,-5.0701,-0.0065185,0.00047122,-2,1,249
1.7793,0.60851,-0.0065185,0.00047122,-2,0,249
-2.5041,-2.4907,-0.0065185,0.00047122,-2,0,249
3.1545,3.1679,-0.0065185,0.00047122,-2,0,249
-2.273,1.1031,-0.0065185,0.00047122,-2,1,249
2.3903,1.9538,-0.0065185,0.00047122,-2,1,249
7.5545,3.3854,-0.0065185,0.00047122,-2,1,249
5.172,5.1854,-0.0065185,0.00047122,-2,1,249
0.84685,0.86026,-0.0065185,0.00047122,-2,0,249
0.72049,0.499,-5.0065,0.00047122,1,0,249
2.282,2.2954,-0.0065185,0.00047122,-2,1,249
6.5545,0.40539,-0.0065185,0.00047122,-2,0,249
-5.563,2.1321,-0.0065185,4.0005,-1,0,249
1.8468,1.8603,-0.0065185,0.00047122,-2,0,249
4.0045,-0.41561,-0.0065185,0.00047122,-2,0,249
3.4045,3.4179,-3.0065,0.00047122,1,0,249
2.0045,2.5679,-0.0065185,0.00047122,-2,0,249
0.30447,0.31789,-0.0065185,0.00047122,-2,1,249
-0.44053,-0.1448,-0.0065185,0.00047122,-2,0,249
-3.1455,-0.45817,-0.0065185,0.00047122,-2,0,249
-2.673,-2.6596,-5.0065,0.00047122,1,1,249
-2.8855,-2.0846,-0.0065185,0.00047122,-2,1,249
0.46097,3.6304,-0.0065185,0.00047122,-2,1,249
1.3045,3.0179,-0.0065185,0.00047122,-2,0,249
1.5545,1.5679,-0.0065185,0.00047122,-2,1,249
-0.14553,0.24614,-0.0065185,0.00047122,-2,0,249
-1.273,-0.9381,-0.0065185,0.00047122,-2,0,249
-1.0814,-0.45795,3.9935,0.00047122,1,1,249
0.55947,4.1722,-0.0065185,0.00047122,-2,1,249
-0.22378,0.93039,-0.0065185,0.00047122,-2,1,249
-0.03954,0.19852,-0.0065185,0.00047122,-2,0,249
2.1545,-2.9201,-0.0065185,0.00047122,-2,1,249
0.72697,-1.8096,-0.0065185,0.00047122,-2,0,249
1.3903,-0.59624,-0.0065185,0.00047122,-2,1,249
0.48247,0.49588,-0.0065185,0.00047122,-2,0,249
3.1545,2.5729,-0.0065185,0.00047122,-2,1,249
2.682,-0.38403,-4.0065,0.00047122,1,0,249
1.8945,-4.4261,-0.0065185,0.00047122,-2,0,249
-1.452,3.7579,-0.0065185,0.00047122,-2,1,249
-2.0836,2.4744,-0.0065185,0.00047122,-2,0,249
1.7793,0.18523,-4.0065,0.00047122,1,1,249
-0.99553,-0.98211,-0.0065185,0.00047122,-2,1,249
-2.9955,-3.5041,-0.0065185,0.00047122,-2,0,249
1.4545,1.5614,-0.0065185,0.00047122,-2,1,249
2.4045,2.4179,-0.0065185,0.00047122,-2,0,249
-2.1455,0.86789,-0.0065185,0.00047122,-2,1,249
1.832,1.8454,3.9935,0.00047122,1,1,249
-4.163,-5.3821,-0.0065185,0.00047122,-2,0,249
-5.8379,-6.8721,-0.0065185,0.00047122,-2,0,249
-2.5615,-3.4386,-0.0065185,0.00047122,-2,0,249
4.3356,1.2884,-0.0065185,0.00047122,-2,0,249
-2.5455,-2.5321,-0.0065185,0.00047122,-2,1,249
1.172,-1.5727,-0.0065185,0.00047122,-2,1,249
0.99685,2.6777,-4.0065,0.00047122,1,1,249
0.28197,-2.6873,-0.0065185,0.00047122,-2,0,249
-4.8455,-0.21799,-0.0065185,0.00047122,-2,0,249
4.4045,4.4179,-0.0065185,0.00047122,-2,0,249
-3.8455,-0.38841,-0.0065185,0.00047122,-2,0,249
6.5545,6.5679,-0.0065185,0.00047122,-2,1,249
6.172,6.1854,-0.0065185,0.00047122,-2,1,249
5.2468,-1.5369,4.9935,0.00047122,1,1,249
4.5705,5.8339,-0.0065185,0.00047122,-2,1,249
0.33559,0.349,-0.0065185,0.00047122,-2,0,249
-1.1455,1.0352,-0.0065185,0.00047122,-2,1,249
-2.273,-2.2596,-0.0065185,0.00047122,-2,1,249
3.3903,5.5839,-0.0065185,0.00047122,-2,1,249
-2.8735,-2.8601,-3.0065,0.00047122,1,0,249
-5.8855,-5.8721,-0.0065185,0.00047122,-2,0,249
4.461,2.9053,-0.0065185,0.00047122,-2,1,249
0.092498,2.6146,-0.0065185,0.00047122,-2,0,249
0.30447,3.5839,-0.0065185,0.00047122,-2,0,249
-0.25053,-0.045709,-4.0065,0.00047122,1,0,249
-1.5505,2.4316,-0.0065185,0.00047122,-2,0,249
0.45447,3.9796,-0.0065185,0.00047122,-2,1,249
4.5545,4.4744,-0.0065185,0.00047122,-2,1,249
4.172,4.1059,-0.0065185,0.00047122,-2,1,249
-0.8379,-0.25847,-0.0065185,0.00047122,-2,0,249
0.72049,0.73391,2.9935,0.00047122,1,0,249
3.282,0.5777,-0.0065185,0.00047122,-2,0,249
2.7903,-1.5962,-0.0065185,-0.99953,-1,1,249
1.8945,-1.8321,-0.0065185,0.00047122,-2,1,249
-0.45203,-4.0046,-0.0065185,0.00047122,-2,1,249
3.7045,0.68677,-0.0065185,0.00047122,-2,1,249
-4.4405,-4.4271,-0.0065185,0.00047122,-2,0,249
-3.7738,-1.6541,-5.0065,0.00047122,1,1,249
3.172,3.4504,-0.0065185,0.00047122,-2,0,249
-1.8379,-4.4446,-0.0065185,0.00047122,-2,1,249
1.5705,3.0885,-0.0065185,0.00047122,-2,1,249
0.0044729,0.017889,-0.0065185,0.00047122,-2,1,249
0.0044729,-0.17899,1.9935,0.00047122,1,1,249
-2.9955,-1.2821,-0.0065185,0.00047122,-2,1,249
1.0045,-1.4271,-0.0065185,0.00047122,-2,0,249
-2.9955,-3.103,-0.0065185,0.00047122,-2,0,249
-2.5455,0.3394,-4.0065,0.00047122,1,0,249
4.172,4.1854,-0.0065185,0.00047122,-2,1,249
-0.15315,-0.13974,-0.0065185,0.00047122,-2,0,249
1.3045,1.3179,-0.0065185,0.00047122,-2,0,249
1.1095,-2.4271,-0.0065185,-0.99953,-1,1,249
-0.93478,-0.90693,-0.0065185,0.00047122,1,0,249
-3.8379,-1.2596,-0.0065185,0.00047122,-2,0,249
3.2705,-0.59624,2.9935,0.00047122,1,1,249
-3.3266,-2.0101,-0.0065185,0.00047122,-2,0,249
-4.127,-1.8495,-0.0065185,0.00047122,-2,1,249
-4.5455,-4.5321,-0.0065185,0.00047122,-2,0,249
1.7045,0.92556,-0.0065185,0.00047122,-2,1,249
2.5595,0.29038,-0.0065185,0.00047122,-2,1,249
2.1762,-1.2104,-3.0065,0.00047122,1,1,249
1.1145,-0.32211,-0.0065185,0.00047122,-2,0,249
-0.53903,-2.9821,-0.0065185,0.00047122,-2,1,249
1.0925,-0.98211,-0.0065185,0.00047122,-2,1,249
4.7793,-2.4386,-0.0065185,0.00047122,-2,1,249
-4.0541,-4.0407,3.9935,0.00047122,1,0,249
5.2868,-3.3821,-0.0065185,0.00047122,-2,1,249
5.0944,3.4179,-0.0065185,0.00047122,-2,1,249
-4.922,-4.9086,-0.0065185,0.00047122,-2,0,249
4.792,3.6954,-0.0065185,0.00047122,-2,1,249
1.6738,3.4179,-0.0065185,0.00047122,-2,1,249
5.5734,1.4369,-0.0065185,0.00047122,-2,1,249
3.4881,3.0179,-0.0065185,0.00047122,-2,0,249
-2.9566,-4.0057,4.9935,0.00047122,1,0,249
3.3539,-1.2321,-0.0065185,0.00047122,-2,1,249
3.3015,-1.7522,-0.0065185,0.00047122,-2,0,249
5.5545,1.8364,-0.0065185,0.00047122,-2,0,249
4.722,4.7354,3.9935,0.00047122,1,1,249
7.172,4.5493,-0.0065185,0.00047122,-2,1,249
-6.8379,-7.1221,-0.0065185,0.00047122,-2,0,249
-6.5615,-7.4386,-0.0065185,0.00047122,-2,1,249
5.5856,4.9615,-5.0065,0.00047122,1,1,249
1.1359,1.1493,-0.0065185,0.00047122,-2,1,249
3.9662,-0.59461,-0.0065185,0.00047122,-2,0,249
3.3719,-1.4321,-0.0065185,-3.9995,-1,0,249
1.837,1.7994,-0.0065185,0.00047122,-2,1,249
3.1621,3.1321,-0.0065185,0.00047122,-2,0,249
0.25447,0.26789,-0.0065185,0.00047122,-2,1,249
-1.5955,3.8446,-0.0065185,0.00047122,-2,0,249
-1.3555,-3.1007,-3.0065,0.00047122,1,0,249
1.548,1.5614,-0.0065185,0.00047122,-2,0,249
-1.3955,-2.5646,-0.0065185,0.00047122,-2,1,249
-1.8855,-0.82449,-0.0065185,0.00047122,-2,0,249
3.1545,1.0294,-0.0065185,0.00047122,-2,0,249
-2.673,-1.3476,-4.0065,0.00047122,1,1,249
-0.10553,5.1927,-0.0065185,0.00047122,-2,1,249
-0.54553,4.9079,-0.0065185,0.00047122,-2,0,249
0.30447,-0.070136,-0.0065185,0.00047122,-2,1,249
0.25947,0.085442,-4.0065,0.00047122,1,0,249
1.5595,4.6461,-0.0065185,0.00047122,-2,1,249
-2.7673,-5.4221,-0.0065185,0.00047122,-2,0,249
-2.9515,-2.2507,-0.0065185,0.00047122,-2,0,249
4.1171,7.1059,-0.0065185,0.00047122,-2,1,249
-1.2412,-1.1646,-0.0065185,0.00047122,-2,0,249
0.64563,-1.7438,-0.0065185,0.00047122,-2,1,249
-0.54051,1.3002,-3.0065,0.00047122,1,0,249
1.0045,1.0179,-0.0065185,0.00047122,-2,0,249
1.0045,2.1854,-0.0065185,0.00047122,-2,1,249
1.0045,-0.26442,-0.0065185,0.00047122,-2,1,249
-2.9955,-0.70461,-0.0065185,0.00047122,-2,1,249
0.45447,2.4038,-0.0065185,0.00047122,-2,1,249
0.83697,2.4959,-0.0065185,0.00047122,-2,0,249
3.5545,3.5679,-0.0065185,0.00047122,-2,1,249
-1.8455,-1.4011,-0.0065185,0.00047122,-2,1,249
-3.8455,0.499,-0.0065185,0.00047122,-2,1,249
0.72697,3.2904,-0.0065185,0.00047122,-2,0,249
-0.60965,-0.33153,-0.0065185,0.00047122,-2,0,249
-3.9955,-0.50412,-0.0065185,0.00047122,-2,0,249
-1.9955,-3.3821,-0.0065185,0.00047122,-2,0,249
4.0045,1.7179,-0.0065185,0.00047122,-2,0,249
-3.3955,-3.3821,-4.0065,0.00047122,1,0,249
-2.9955,-6.3821,-0.0065185,0.00047122,-2,1,249
-1.5455,-1.0261,-0.0065185,0.00047122,-2,0,249
-4.1455,-4.9821,-0.0065185,0.00047122,-2,0,249
-2.273,-2.9821,-0.0065185,0.00047122,-2,1,249
-0.44553,1.9538,-0.0065185,0.00047122,-2,0,249
4.0045,2.1854,-0.0065185,0.00047122,-2,1,250
0.0044729,0.017889,-0.0065185,0.00047122,-2,1,250
0.0044729,0.017889,-0.0065185,0.00047122,-2,0,250
2.0045,2.0179,-0.0065185,0.00047122,-2,0,250
-2.9955,-5.0701,-0.0065185,0.00047122,-2,0,250
-3.5455,-3.5321,-0.0065185,0.00047122,-2,0,250
5.172,3.0179,-0.0065185,0.00047122,-2,1,250
5.8468,4.0179,-0.0065185,0.00047122,-2,1,250
1.5705,1.5839,-0.0065185,0.00047122,-2,1,250
-2.6644,0.017889,-0.0065185,0.00047122,-2,0,250
3.4045,-1.1136,-0.0065185,0.00047122,-2,1,250
3.8945,1.0179,-0.0065185,0.00047122,-2,1,250
-3.302,0.017889,3.9935,0.00047122,1,0,250
-4.0836,1.3299,-0.0065185,0.00047122,-2,0,250
4.7793,3.0179,-0.0065185,0.00047122,-2,1,250
-3.5041,-1.4271,-0.0065185,0.00047122,-2,0,250
3.2868,1.7179,-0.0065185,0.00047122,-2,1,250
3.0944,2.0179,-0.0065185,0.00047122,-2,1,250
-2.622,-2.3536,3.9935,0.00047122,1,0,250
3.217,2.6304,-0.0065185,0.00047122,-2,1,250
-7.3955,-2.8721,-0.0065185,0.00047122,-2,0,250
3.8945,6.3079,-0.0065185,0.00047122,-2,1,250
5.461,3.3244,-0.0065185,0.00047122,-2,1,250
4.6425,4.6559,-4.0065,0.00047122,1,1,250
1.7793,1.5265,-0.0065185,0.00047122,-2,1,250
-1.5041,1.6256,-0.0065185,0.00047122,-2,0,250
1.2868,1.1079,1.9935,0.00047122,1,1,250
-1.9056,-1.8921,-0.0065185,0.00047122,-2,0,250
-0.54553,-0.53211,-0.0065185,0.00047122,-2,0,250
-3.163,0.24614,-0.0065185,0.00047122,-2,0,250
-2.6879,-1.2555,-5.0065,0.00047122,1,0,250
1.4385,-5.7981,-0.0065185,0.00047122,-2,1,250
0.45447,-3.2864,-0.0065185,0.00047122,-2,0,250
1.172,-5.6027,-0.0065185,0.00047122,-2,0,250
1.1545,-0.30724,-0.0065185,0.00047122,-2,0,250
1.282,0.17551,-0.0065185,0.00047122,-2,1,250
2.3045,-1.068,-0.0065185,0.00047122,-2,1,250
2.4045,-0.46011,-0.0065185,0.00047122,-2,1,250
-0.88553,-1.8281,-0.0065185,0.00047122,-2,0,250
0.76097,-1.305,-4.0065,0.00047122,1,1,250
-1.9075,-3.6615,-0.0065185,0.00047122,-2,0,250
4.4045,1.6431,-0.0065185,0.00047122,-2,1,250
2.8945,2.4744,-0.0065185,0.00047122,-2,1,250
-2.452,-3.1611,1.9935,0.00047122,1,0,250
1.0925,0.40591,-0.0065185,0.00047122,-2,0,250
0.15447,-0.42711,-0.0065185,0.00047122,-2,1,250
1.1545,-0.10961,-0.0065185,0.00047122,-2,1,250
-0.69553,-0.68211,-0.0065185,0.00047122,-2,1,250
-1.8455,-0.31011,-0.0065185,0.00047122,-2,0,250
1.577,1.5904,4.9935,0.00047122,1,0,250
-0.27303,1.4098,-0.0065185,0.00047122,-2,0,250
-2.3814,0.63039,-0.0065185,0.00047122,-2,0,250
4.4825,-2.3302,-0.0065185,0.00047122,-2,0,250
-3.2455,-0.15253,-0.0065185,0.00047122,-2,0,250
-3.1455,-3.2175,-0.0065185,0.00047122,-2,0,250
-3.273,-3.0615,-0.0065185,0.00047122,-2,0,250
-2.7814,-2.768,-4.0065,0.00047122,1,0,250
-2.4735,-2.7505,-0.0065185,0.00047122,-2,1,250
-0.54553,-0.87211,-0.0065185,0.00047122,-2,0,250
0.47197,4.6407,-0.0065185,5.0005,-1,0,250
0.1621,0.17551,-0.0065185,0.00047122,-2,1,250
2.4385,-0.31988,-0.0065185,0.00047122,-2,1,250
-0.66441,-0.31149,-0.0065185,0.00047122,-2,0,250
0.57302,0.58644,4.9935,0.00047122,1,0,250
3.4495,3.4629,-0.0065185,0.00047122,-2,1,250
0.70447,5.3304,-0.0065185,0.00047122,-2,0,250
3.1545,3.1679,-0.0065185,0.00047122,-2,1,250
-0.39553,-1.2297,-0.0065185,0.00047122,-2,0,250
2.8945,-3.6902,-0.0065185,0.00047122,-2,1,250
2.461,2.4744,4.9935,0.00047122,1,0,250
-2.9955,0.8546,-0.0065185,0.00047122,-2,0,250
1.5545,6.1804,-0.0065185,0.00047122,-2,1,250
1.172,-1.5866,-0.0065185,0.00047122,-2,0,250
-2.8455,-2.8321,-0.0065185,0.00047122,-2,0,250
-2.418,0.86141,-3.0065,0.00047122,1,1,250
3.4495,3.0899,-0.0065185,0.00047122,-2,0,250
5.2327,6.1854,-0.0065185,0.00047122,-2,1,250
-7.3955,-2.4204,-0.0065185,0.00047122,-2,0,250
4.8945,6.3079,-0.0065185,0.00047122,-2,1,250
-5.452,-2.7261,-0.0065185,0.00047122,-2,0,250
-4.6336,-3.4195,-5.0065,0.00047122,1,0,250
0.22965,1.2636,-0.0065185,0.00047122,-2,1,250
-0.29553,-0.28211,-0.0065185,0.00047122,-2,1,250
-0.44053,-0.1448,-0.0065185,0.00047122,-2,0,250
0.77622,0.78964,-0.0065185,0.00047122,-2,1,250
1.3045,2.2954,-0.0065185,0.00047122,-2,0,250
1.5595,2.4038,-0.0065185,0.00047122,-2,0,250
1.3262,-2.8132,-3.0065,0.00047122,1,1,250
0.17197,-2.9758,-0.0065185,0.00047122,-2,0,250
-0.29553,-0.28211,-0.0065185,0.00047122,-2,1,250
3.4495,3.4629,-0.0065185,0.00047122,-2,1,250
-2.9238,-2.0471,-5.0065,0.00047122,1,0,250
5.0485,5.3119,-0.0065185,0.00047122,-2,1,250
3.8919,3.9053,-0.0065185,0.00047122,-2,1,250
-5.7498,-3.0395,-0.0065185,0.00047122,-2,1,250
-4.8867,-3.0798,4.9935,0.00047122,1,1,250
-0.38303,-0.36961,-0.0065185,0.00047122,-2,0,250
-0.9249,-0.91149,-0.0065185,0.00047122,-2,0,250
1.3944,1.5799,-0.0065185,0.00047122,-2,1,250
-1.2141,-1.2006,-0.0065185,0.00047122,-2,0,250
4.8545,1.8179,-0.0065185,0.00047122,-2,1,250
0.40447,4.1404,-0.0065185,0.00047122,-2,0,250
0.34447,-3.3196,1.9935,0.00047122,1,1,250
3.461,2.2399,-0.0065185,0.00047122,-2,1,250
3.0925,0.29892,-0.0065185,0.00047122,-2,1,250
6.7793,0.38427,-0.0065185,0.00047122,-2,1,250
-5.5041,-5.2761,-0.0065185,0.00047122,-2,0,250
-3.2778,-2.8695,-0.0065185,0.00047122,-2,0,250
2.7944,2.6109,4.9935,0.00047122,1,0,250
0.44947,3.1155,-0.0065185,0.00047122,-2,0,250
-0.76728,0.10591,-0.0065185,0.00047122,-2,0,250
0.66046,-1.0527,-0.0065185,2.0005,-1,1,250
-2.1081,-1.4735,-0.0065185,0.00047122,-2,0,250
-1.7912,0.77819,-5.0065,0.00047122,1,1,250
-5.163,1.4599,-0.0065185,0.00047122,-2,1,250
-4.8379,-2.9093,-0.0065185,0.00047122,-2,0,250
0.45447,0.85039,-0.0065185,0.00047122,-2,0,250
-0.82803,4.7954,-0.0065185,0.00047122,-2,1,250
2.1621,0.72551,-0.0065185,0.00047122,-2,1,250
-3.3955,-3.3821,-0.0065185,0.00047122,-2,0,250
1.8945,1.7764,-0.0065185,0.00047122,-2,1,250
-1.602,-1.5886,3.9935,0.00047122,1,0,250
1.9164,1.9299,-0.0065185,0.00047122,-2,1,250
-3.3955,-2.8721,-0.0065185,0.00047122,-2,0,250
-3.8855,-3.4386,-0.0065185,0.00047122,-2,0,250
-3.302,-1.6211,3.9935,0.00047122,1,0,250
-7.0836,-7.0701,-0.0065185,0.00047122,-2,0,250
4.7793,-1.0973,-0.0065185,0.00047122,-2,1,250
-2.5041,-2.2644,-0.0065185,0.00047122,-2,0,250
-2.1278,-3.4319,1.9935,0.00047122,1,0,250
-0.085489,0.091421,-0.0065185,0.00047122,-2,1,250
-1.1455,-0.058579,-0.0065185,0.00047122,-2,1,250
0.72697,-0.95961,-0.0065185,0.00047122,-2,1,250
0.39035,-1.0261,-0.0065185,0.00047122,-2,1,250
0.15447,0.16789,-0.0065185,0.00047122,-2,1,250
2.1545,-0.83211,-0.0065185,0.00047122,-2,0,250
-2.273,-1.8096,-0.0065185,0.00047122,-2,0,250
-1.9314,-2.2115,3.9935,0.00047122,1,0,250
-3.163,-3.1496,-0.0065185,0.00047122,-2,0,250
-2.8379,-2.8245,-0.0065185,0.00047122,-2,0,250
-3.5615,-3.3132,-0.0065185,0.00047122,-2,0,250
2.3356,-0.73902,-0.0065185,0.00047122,-2,0,250
-1.977,-1.7938,-4.0065,0.00047122,1,1,250
-2.273,1.9093,-0.0065185,0.00047122,-2,1,250
-1.4455,-1.4321,-0.0065185,0.00047122,-2,1,250
3.4045,5.8744,-0.0065185,0.00047122,-2,0,250
-2.8855,-2.8721,3.9935,0.00047122,1,1,250
0.54797,0.56139,-0.0065185,0.00047122,-2,0,250
2.5545,2.5679,-0.0065185,0.00047122,-2,1,250
2.0045,2.2019,-0.0065185,0.00047122,-2,1,250
4.0045,3.7863,-0.0065185,0.00047122,-2,1,250
3.0045,1.4629,-0.0065185,0.00047122,-2,0,250
-5.5455,-5.5321,-0.0065185,0.00047122,-2,0,250
4.722,0.91966,2.9935,0.00047122,1,1,250
-7.163,-4.6996,-0.0065185,0.00047122,-2,1,250
6.2545,2.0826,-0.0065185,0.00047122,-2,0,250
5.617,5.3304,-0.0065185,0.00047122,-2,1,250
-2.6955,-2.9931,-0.0065185,0.00047122,-2,0,250
1.4495,2.3129,-0.0065185,0.00047122,-2,1,250
0.23272,1.2461,-0.0065185,0.00047122,-2,0,250
-0.84553,0.055299,-0.0065185,0.00047122,-2,1,250
1.0045,-0.73641,-0.0065185,0.00047122,-2,1,250
2.1545,0.017889,-0.0065185,0.00047122,-2,1,250
-0.44553,-2.9821,-0.0065185,0.00047122,-2,1,250
-0.82803,1.5713,-0.0065185,0.00047122,-2,0,250
-1.5455,0.49588,-0.0065185,0.00047122,-2,1,250
1.1545,1.3354,-0.0065185,0.00047122,-2,1,250
3.7045,3.8603,-0.0065185,0.00047122,-2,1,250
-3.1405,-1.5481,-4.0065,0.00047122,1,1,250
-0.44053,-1.2104,-0.0065185,0.00047122,-2,0,250
-1.1455,-3.0261,-0.0065185,0.00047122,-2,0,250
-0.97303,-3.326,-4.0065,0.00047122,1,0,250
1.6186,0.26359,-0.0065185,0.00047122,-2,1,250
-0.84553,-1.3541,-0.0065185,0.00047122,-2,0,250
-5.1118,-5.1967,-0.0065185,0.00047122,-2,0,251
2.1033,2.2842,-0.0065185,0.00047122,-2,1,251
-1.0795,-1.1371,-0.0065185,0.00047122,-2,0,251
2.0759,2.0893,-0.0065185,0.00047122,-2,1,251
-1.0562,-1.0941,-0.0065185,0.00047122,-2,1,251
0.15447,-1.0777,-0.0065185,0.00047122,-2,0,251
-2.1455,-2.1321,-0.0065185,0.00047122,-2,0,251
-2.273,-2.2596,-0.0065185,0.00047122,-2,0,251
-1.9314,0.11001,3.9935,0.00047122,1,0,251
1.65,0.044821,-0.0065185,0.00047122,-1,1,251
0.44818,2.885,-0.0065185,0.00047122,-2,0,251
-4.3727,0.037347,-0.0065185,0.00047122,-2,0,251
3.7251,3.7385,-2.0065,0.00047122,1,1,251
5.8945,3.0179,-0.0065185,0.00047122,-2,1,251
5.461,3.0179,-0.0065185,0.00047122,-2,1,251
3.0925,1.0179,-0.0065185,0.00047122,-2,1,251
2.7793,0.7487,-0.0065185,0.00047122,-2,1,251
-0.50413,1.0179,-0.0065185,0.00047122,-2,1,251
0.43678,2.0227,2.9935,0.00047122,1,0,251
1.282,1.2954,-0.0065185,0.00047122,-2,1,251
-2.6955,-3.1496,-0.0065185,0.00047122,-2,0,251
-1.4405,-1.8245,-0.0065185,0.00047122,-2,0,251
0.23272,0.24614,-0.0065185,0.00047122,-2,0,251
0.19849,1.6696,-5.0065,0.00047122,1,0,251
-0.71803,-3.9596,-0.0065185,0.00047122,-2,0,251
-0.60965,0.24951,-0.0065185,0.00047122,-2,0,251
-3.5175,0.21476,-0.0065185,0.00047122,-2,0,251
-3.4392,-2.9758,-0.0065185,0.00047122,-2,0,251
-4.3727,-4.3593,-0.0065185,0.00047122,-2,0,251
-4.3161,-2.0287,-0.0065185,0.00047122,-2,0,251
-3.668,-3.6546,-4.0065,0.00047122,1,0,251
3.2361,3.6495,-0.0065185,0.00047122,-2,1,251
-3.1924,-2.729,-0.0065185,0.00047122,-2,0,251
-5.1629,-2.469,-0.0065185,0.00047122,-2,0,251
5.1467,5.1601,-0.0065185,0.00047122,-2,1,251
-1.1164,-3.7155,-0.0065185,0.00047122,-2,0,251
0.95724,0.97066,-0.0065185,0.00047122,1,1,251
-0.80538,2.0508,-0.0065185,2.0005,-1,0,251
-1.0698,-0.056362,-0.0065185,0.00047122,-2,0,251
0.91759,0.931,4.9935,0.00047122,1,1,251
-0.049173,0.038121,-0.0065185,0.00047122,-2,1,251
3.0045,3.0179,-0.0065185,0.00047122,-2,1,251
1.0045,1.0179,-0.0065185,0.00047122,-2,1,251
0.85447,-2.6251,3.9935,0.00047122,1,1,251
-2.9955,-5.2006,-0.0065185,0.00047122,-2,0,251
0.45447,5.9079,-0.0065185,0.00047122,-2,1,251
0.55447,0.56789,-0.0065185,0.00047122,-2,0,251
-1.2955,1.8603,-0.0065185,0.00047122,-2,1,251
1.5595,1.1229,-0.0065185,0.00047122,-2,1,251
1.3262,0.85427,4.9935,0.00047122,1,0,251
-0.95151,-1.0182,-0.0065185,0.00047122,-2,0,251
0.70447,0.71789,-0.0065185,0.00047122,-2,0,251
-1.8455,-1.8321,-0.0065185,0.00047122,-2,0,251
2.727,-0.59073,-0.0065185,0.00047122,-2,1,251
1.6186,1.632,-0.0065185,0.00047122,-2,1,251
1.5265,1.5399,-0.0065185,0.00047122,-2,1,251
-1.2892,-1.6541,3.9935,0.00047122,1,1,251
-2.718,4.7803,-0.0065185,0.00047122,-2,0,251
-6.6955,-3.824,-0.0065185,0.00047122,-2,0,251
5.4495,5.4629,-0.0065185,0.00047122,-2,1,251
4.2327,4.2461,-0.0065185,0.00047122,-2,1,251
-2.0395,0.18412,-0.0065185,0.00047122,-2,0,251
-1.8829,-0.22758,-0.0065185,0.00047122,-2,0,251
-1.5998,-0.31826,-3.0065,0.00047122,1,1,251
0.72697,3.209,-0.0065185,0.00047122,-2,1,251
-0.99553,-1.1412,-0.0065185,0.00047122,-2,0,251
1.0045,-0.83211,-0.0065185,0.00047122,-2,1,251
2.8545,2.8679,-0.0065185,0.00047122,-2,1,251
0.28197,0.9667,-0.0065185,0.00047122,-2,0,251
-0.2314,5.632,-0.0065185,5.0005,-1,0,251
2.282,2.2954,-0.0065185,0.00047122,-2,0,251
1.6186,-3.2175,-0.0065185,0.00047122,-2,1,251
-0.51753,-0.50412,-0.0065185,0.00047122,-2,1,251
0.44818,-2.5921,-5.0065,0.00047122,1,1,251
3.3816,0.79936,-0.0065185,0.00047122,-2,1,251
3.3251,1.1321,-0.0065185,0.00047122,-2,1,251
2.277,0.415,-0.0065185,0.00047122,-2,1,251
-0.22714,2.6279,-0.0065185,0.00047122,-2,1,251
3.0045,3.0179,-0.0065185,0.00047122,-2,1,251
-2.5455,-0.96648,-5.0065,0.00047122,1,0,251
4.0045,3.7863,-0.0065185,0.00047122,-2,1,251
3.4045,3.6304,2.9935,0.00047122,1,1,251
-1.9955,-2.5321,-0.0065185,0.00047122,-2,0,251
1.0045,1.5756,-0.0065185,0.00047122,-2,1,251
4.0045,0.74698,-0.0065185,0.00047122,-2,1,251
-3.9955,-3.9821,-0.0065185,0.00047122,-2,1,251
3.4045,3.3305,1.9935,0.00047122,1,1,251
5.0045,4.9436,-0.0065185,0.00047122,-2,0,251
1.2545,3.5509,-0.0065185,0.00047122,-2,0,251
-0.38303,-2.2073,-0.0065185,0.00047122,-2,0,251
0.33385,-2.0527,-0.0065185,1.0005,-1,1,251
-0.2755,0.78554,-3.0065,0.00047122,1,1,251
1.548,2.4519,-0.0065185,0.00047122,-2,0,251
0.40447,-1.2231,-0.0065185,0.00047122,-2,0,251
-0.10553,-2.1946,-0.0065185,0.00047122,-2,0,251
-0.089027,0.30689,-5.0065,0.00047122,1,0,251
-1.9075,-3.6631,-0.0065185,0.00047122,-2,0,251
-2.2207,-1.6073,-0.0065185,0.00047122,-2,0,251
-1.4869,-2.971,-0.0065185,0.00047122,-2,0,251
0.28678,-0.63269,-0.0065185,0.00047122,-2,0,251
-3.0855,-3.0721,-0.0065185,0.00047122,-2,0,251
1.7045,1.9703,-0.0065185,0.00047122,-2,1,251
-1.4405,-1.4271,-5.0065,0.00047122,1,0,251
4.2327,2.9368,-0.0065185,0.00047122,-2,1,251
-4.0395,-3.5761,-0.0065185,0.00047122,-2,0,251
1.8919,0.056157,-0.0065185,0.00047122,-2,1,251
2.7588,1.3679,-0.0065185,0.00047122,-2,1,251
-0.63668,-2.3233,-0.0065185,0.00047122,-2,1,251
0.54945,-0.57273,-5.0065,0.00047122,1,1,251
-1.5323,0.74411,-0.0065185,0.00047122,-2,0,251
-0.69553,-0.68211,-0.0065185,0.00047122,-2,0,251
-0.44053,-0.42711,-0.0065185,0.00047122,-2,1,251
1.1545,1.8736,-0.0065185,0.00047122,-2,1,251
-0.97303,1.3815,-4.0065,0.00047122,1,0,251
2.5595,4.5629,-0.0065185,0.00047122,-2,1,251
6.4045,6.4179,-0.0065185,0.00047122,-2,1,251
1.8945,1.8639,-0.0065185,0.00047122,-2,1,251
2.461,1.6244,-0.0065185,0.00047122,-2,1,251
0.092498,-1.7569,-0.0065185,0.00047122,-2,0,251
-1.2955,-1.2821,-0.0065185,0.00047122,-2,1,251
-1.5505,-1.5371,-0.0065185,0.00047122,-2,0,251
1.3262,2.5679,4.9935,0.00047122,1,1,251
0.83697,-6.3996,-0.0065185,0.00047122,-2,1,251
0.45447,-1.6056,-0.0065185,0.00047122,-2,1,251
-3.5455,-5.6027,-0.0065185,0.00047122,-2,0,251
3.022,3.0354,2.9935,0.00047122,1,1,251
5.8468,4.5869,-0.0065185,0.00047122,-2,1,251
-4.5615,-3.7156,-0.0065185,0.00047122,-2,0,251
-2.6644,-3.571,-0.0065185,0.00047122,-2,0,251
-2.2641,3.3168,3.9935,0.00047122,1,1,251
0.042742,1.9462,-0.0065185,0.00047122,-2,1,251
-4.8455,0.45139,-0.0065185,0.00047122,-2,0,251
0.72697,5.5059,-0.0065185,0.00047122,-2,1,251
1.3903,-1.7569,-0.0065185,0.00047122,-2,1,251
4.7045,3.0179,-0.0065185,0.00047122,-2,1,251
1.4495,-0.42582,-0.0065185,0.00047122,-2,0,251
2.0045,2.0179,-0.0065185,0.00047122,-2,1,251
1.7045,0.74132,-2.0065,0.00047122,1,1,251
2.5595,0.83048,-0.0065185,0.00047122,-2,0,251
1.7762,2.2636,-0.0065185,0.00047122,-2,0,251
2.9605,3.3767,-0.0065185,0.00047122,-2,1,251
0.60447,1.5614,-0.0065185,0.00047122,-2,1,251
0.51447,-0.58211,-0.0065185,-3.9995,-1,1,251
-6.8855,-0.41561,-0.0065185,0.00047122,-2,1,251
5.4045,-1.5252,-0.0065185,0.00047122,-2,1,251
4.5945,3.3711,-4.0065,0.00047122,1,0,251
4.461,4.4744,-0.0065185,0.00047122,-2,0,251
4.0925,3.3342,-0.0065185,0.00047122,-2,1,251
5.7045,-0.73861,-0.0065185,0.00047122,-2,1,251
-2.4405,-1.8695,-0.0065185,0.00047122,-2,0,251
2.2327,2.2461,-0.0065185,0.00047122,-2,1,251
1.0485,3.5184,-0.0065185,0.00047122,-2,1,251
-0.88294,-0.52709,-4.0065,0.00047122,1,0,251
0.25017,0.55465,-0.0065185,0.00047122,-2,1,251
-4.8455,-1.0921,-0.0065185,0.00047122,-2,0,251
-5.718,-2.5256,-0.0065185,0.00047122,-2,0,251
-4.6097,-1.8941,-0.0065185,0.00047122,-2,0,251
-3.5175,-1.2073,-0.0065185,0.00047122,-2,0,251
-1.4392,-0.09113,-0.0065185,0.00047122,-2,0,251
2.3816,1.245,-0.0065185,0.00047122,-2,1,251
-5.3161,-3.8921,-0.0065185,0.00047122,-2,0,251
-1.268,-0.055643,-0.0065185,0.00047122,-2,1,251
-3.1455,1.0995,-0.0065185,0.00047122,-2,0,251
1.282,2.3739,-0.0065185,0.00047122,-2,1,251
2.3903,2.4038,-0.0065185,0.00047122,-2,1,251
3.4825,3.4959,-0.0065185,0.00047122,-2,1,251
3.5608,3.5742,-0.0065185,0.00047122,-2,1,251
-3.0184,-0.64897,2.9935,0.00047122,1,0,251
2.6839,2.5547,-0.0065185,0.00047122,-2,1,251
1.732,-2.4221,-0.0065185,0.00047122,-2,1,251
0.23609,-1.4505,-0.0065185,0.00047122,-2,0,251
0.20135,0.21476,-0.0065185,0.00047122,-2,1,251
2.0045,2.0179,-0.0065185,0.00047122,-2,1,251
-1.8379,0.017889,-0.0065185,0.00047122,-2,0,252
0.57049,1.2994,-0.0065185,0.00047122,-2,1,252
-0.66441,-1.9821,-0.0065185,0.00047122,-2,0,252
2.3045,0.42684,-0.0065185,0.00047122,-2,0,252
2.5595,2.5729,-0.0065185,0.00047122,-2,1,252
-2.3955,-2.3501,-0.0065185,0.00047122,-2,0,252
0.89447,1.6244,-0.0065185,0.00047122,-2,1,252
0.46097,0.77439,-0.0065185,0.00047122,-2,1,252
-1.0836,-0.75693,-0.0065185,0.00047122,-2,0,252
-0.77035,-0.49071,-0.0065185,0.00047122,-2,1,252
-1.1455,-1.1321,-0.0065185,0.00047122,-2,1,252
2.282,1.9739,-0.0065185,0.00047122,-2,0,252
1.9403,0.22044,-5.0065,0.00047122,1,1,252
-0.82803,-7.2321,-0.0065185,0.00047122,-2,0,252
-1.5455,0.36168,-0.0065185,0.00047122,-2,1,252
1.8545,1.6873,-0.0065185,0.00047122,-2,1,252
-1.718,-1.7046,-0.0065185,0.00047122,-2,0,252
-1.3814,-0.93401,-0.0065185,0.00047122,-2,1,252
1.1825,1.1959,1.9935,0.00047122,1,1,252
-2.5505,-2.5371,-0.0065185,0.00047122,-2,0,252
6.4045,1.9729,-0.0065185,0.00047122,-2,1,252
6.8945,4.2703,-0.0065185,0.00047122,-2,1,252
5.461,2.4,-0.0065185,0.00047122,-2,1,252
4.6425,2.7503,-4.0065,0.00047122,1,0,252
-2.163,1.6431,-0.0065185,0.00047122,-2,1,252
2.8468,-2.8721,-0.0065185,0.00047122,-2,0,252
-0.42951,2.4339,-0.0065185,0.00047122,-2,0,252
-2.6644,-3.7701,-0.0065185,0.00047122,-2,0,252
1.873,5.1927,-0.0065185,0.00047122,-2,1,252
-2.0338,-1.5704,-0.0065185,0.00047122,-2,0,252
1.737,3.8502,2.9935,0.00047122,1,1,252
0.69932,0.71274,-0.0065185,0.00047122,-2,0,252
2.5951,-3.0761,-0.0065185,0.00047122,-2,1,252
0.70447,-1.3225,-0.0065185,0.00047122,-2,0,252
2.1545,1.8896,-0.0065185,0.00047122,-2,0,252
-1.273,-1.2596,-0.0065185,0.00047122,-2,0,252
-0.29553,0.18539,-0.0065185,0.00047122,-2,1,252
1.4495,2.1223,-0.0065185,0.00047122,-2,1,252
0.23272,0.24614,-0.0065185,0.00047122,-2,0,252
0.19849,0.499,-4.0065,0.00047122,1,0,252
-2.718,-1.9821,-0.0065185,0.00047122,-2,0,252
-1.6097,-0.98211,-0.0065185,0.00047122,-2,0,252
-2.5175,-2.9606,-0.0065185,0.00047122,-2,0,252
-2.1392,-1.6821,-5.0065,0.00047122,1,1,252
0.55947,-4.6093,-0.0065185,0.00047122,-2,1,252
-1.7673,1.9304,-0.0065185,0.00047122,-2,0,252
0.96046,0.97388,-0.0065185,0.00047122,-2,1,252
2.1171,2.1305,-0.0065185,0.00047122,-2,1,252
-2.2412,-0.76358,-0.0065185,0.00047122,-2,0,252
1.9133,-0.30184,-4.0065,0.00047122,1,1,252
-2.4505,5.0208,-0.0065185,0.00047122,-2,0,252
2.5412,2.5547,-0.0065185,0.00047122,-2,1,252
-0.38928,1.7916,-0.0065185,0.00047122,-2,1,252
1.3392,1.0023,-0.0065185,0.00047122,-2,0,252
-0.28001,-1.1166,-0.0065185,0.00047122,-2,1,252
2.7627,2.3067,-0.0065185,0.00047122,-2,1,252
-2.34,0.62242,2.9935,0.00047122,1,0,252
-0.17024,-3.046,-0.0065185,0.00047122,-2,1,252
-3.144,-3.4189,-0.0065185,0.00047122,-2,1,252
-3.1218,-3.3534,-0.0065185,0.00047122,-2,1,252
-3.1028,-3.2977,-0.0065185,0.00047122,-2,1,252
-3.0867,-0.07331,-0.0065185,0.00047122,-2,0,252
-0.54553,2.0179,-0.0065185,0.00047122,-2,0,252
0.47197,0.21169,3.9935,0.00047122,1,1,252
0.1621,-5.2245,-0.0065185,0.00047122,-2,1,252
-0.29553,-0.28211,-0.0065185,0.00047122,-2,0,252
2.3045,-2.4386,-0.0065185,0.00047122,-2,1,252
-0.59553,-3.5151,-0.0065185,0.00047122,-2,1,252
-0.10553,-0.092111,-0.0065185,0.00047122,-2,0,252
-0.089027,-4.0407,3.9935,0.00047122,1,0,252
-0.16303,-0.43861,-0.0065185,0.00047122,-2,1,252
-4.6955,-5.8721,-0.0065185,0.00047122,-2,0,252
2.4495,-0.10313,-0.0065185,0.00047122,-2,1,252
-2.2238,-2.9201,-0.0065185,0.00047122,-2,0,252
1.8985,2.6427,-4.0065,0.00047122,1,1,252
4.8919,5.5265,-0.0065185,0.00047122,-2,0,252
1.4045,-2.1178,-0.0065185,0.00047122,-2,0,252
2.1145,4.1744,-0.0065185,0.00047122,-2,0,252
2.2545,-0.53711,-0.0065185,0.00047122,-2,0,252
0.61697,-1.7539,-0.0065185,0.00047122,-2,0,252
-0.51615,0.7487,-4.0065,0.00047122,1,1,252
1.3944,1.4079,-0.0065185,0.00047122,-2,1,252
0.78595,-5.0906,-0.0065185,0.00047122,-2,1,252
2.1187,1.9267,-0.0065185,0.00047122,-2,1,252
-2.3926,-2.8371,-0.0065185,0.00047122,-2,0,252
-3.6331,-4.5189,-0.0065185,0.00047122,-2,0,252
1.8464,1.8598,-0.0065185,0.00047122,-2,1,252
1.5701,2.1397,-4.0065,0.00047122,1,1,252
0.16776,-4.2188,-0.0065185,0.00047122,-2,1,252
0.29326,0.30668,-0.0065185,0.00047122,-2,1,252
2.3999,2.4134,-0.0065185,0.00047122,-2,1,252
-1.4817,-1.8074,-0.0065185,0.00047122,-2,0,252
1.2677,0.10312,-4.0065,0.00047122,1,1,252
-4.6243,3.5441,-0.0065185,0.00047122,-2,0,252
1.6889,4.1606,-0.0065185,0.00047122,-2,1,252
-3.7273,-1.5909,-0.0065185,0.00047122,-2,0,252
3.1765,3.1899,-4.0065,0.00047122,1,0,252
-2.8855,3.4838,-0.0065185,0.00047122,-2,1,252
-2.452,0.90789,-0.0065185,-1.9995,-1,1,252
-4.0836,0.47439,-0.0065185,0.00047122,-2,0,252
5.7045,3.4927,-0.0065185,0.00047122,-2,1,252
5.4495,5.4629,-0.0065185,0.00047122,-2,1,252
5.2327,5.2461,-0.0065185,0.00047122,-2,1,252
-4.4395,-3.4826,3.9935,0.00047122,1,0,252
3.8919,-3.3821,-0.0065185,0.00047122,-2,1,252
-2.2412,2.5679,-0.0065185,0.00047122,-2,1,252
-0.35437,-1.891,-0.0065185,0.00047122,-2,1,252
-0.54051,0.32291,-0.0065185,0.00047122,-2,0,252
-0.53229,0.017889,-0.0065185,0.00047122,-2,1,252
0.46072,0.47414,1.9935,0.00047122,1,1,252
-1.718,-0.70461,-0.0065185,0.00047122,-2,0,252
1.3903,-2.2771,-0.0065185,0.00047122,-2,0,252
0.48247,-0.21036,-0.0065185,0.00047122,-2,0,252
0.56077,0.41888,-0.0065185,0.00047122,-2,0,252
0.47732,-0.019522,-5.0065,0.00047122,1,1,252
1.727,-3.2321,-0.0065185,0.00047122,-2,0,252
-1.8455,-0.32375,-0.0065185,0.00047122,-2,1,252
1.727,1.5904,-0.0065185,0.00047122,-2,0,252
1.3903,-0.63524,-0.0065185,0.00047122,-2,1,252
0.52648,0.53989,-0.0065185,0.00047122,-2,0,252
-0.55182,-1.5694,-0.0065185,0.00047122,-2,0,252
3.3816,2.897,-0.0065185,0.00047122,-2,0,252
-2.8661,0.84316,-4.0065,0.00047122,1,1,252
-0.72304,-0.70962,-0.0065185,0.00047122,-2,0,252
-0.76391,2.8336,-0.0065185,0.00047122,-2,0,252
2.8076,0.931,-0.0065185,0.00047122,-2,1,252
-2.3782,-2.5858,-3.0065,0.00047122,1,0,252
1.1467,1.1601,-0.0065185,0.00047122,-2,1,252
-2.1455,0.82913,-0.0065185,0.00047122,-2,1,252
-3.273,-1.8096,-0.0065185,0.00047122,-2,0,252
-2.7814,-3.7156,-4.0065,0.00047122,1,1,252
-3.5175,4.239,-0.0065185,0.00047122,-2,0,252
-2.4392,-0.85066,-0.0065185,0.00047122,-2,0,252
2.3816,-0.43861,-0.0065185,0.00047122,-2,1,252
2.3251,-0.070136,-0.0065185,0.00047122,-2,1,252
-4.268,-3.2873,-0.0065185,0.00047122,-2,0,252
-4.2271,-3.3915,-0.0065185,0.00047122,-2,0,252
4.2013,2.7356,-0.0065185,0.00047122,-2,1,252
3.5718,-0.11034,2.9935,0.00047122,1,0,252
0.89447,0.56789,-0.0065185,0.00047122,-2,0,252
0.76097,1.1854,-0.0065185,-0.99953,-1,0,252
0.092498,0.34645,-0.0065185,0.00047122,-2,0,252
0.77929,-0.48008,-0.0065185,0.00047122,-2,0,252
0.66307,-1.0004,-3.0065,0.00047122,1,0,252
2.7222,1.4364,-0.0065185,0.00047122,-2,1,252
2.9145,3.0562,-0.0065185,0.00047122,-2,1,252
-3.0691,-2.0546,-0.0065185,0.00047122,-2,0,252
-2.608,-3.1594,-5.0065,0.00047122,1,0,252
2.3351,2.4273,-0.0065185,0.00047122,-2,1,252
2.5734,2.1788,-0.0065185,0.00047122,-2,0,252
-0.47915,-0.40884,-0.0065185,0.00047122,-2,0,252
2.0045,2.0179,-0.0065185,0.00047122,-2,1,252
-1.6955,-2.8833,-0.0065185,-2.9995,-1,1,252
4.0045,4.0129,-0.0065185,0.00047122,-2,0,252
-3.3955,-4.985,3.9935,0.00047122,1,0,252
0.89447,-1.5397,-0.0065185,0.00047122,-2,1,252
5.461,0.12789,-0.0065185,0.00047122,-2,1,252
-5.0836,-5.0701,-0.0065185,0.00047122,-2,0,252
-5.7703,3.3342,-0.0065185,0.00047122,-2,0,252
-6.5041,-6.4907,-0.0065185,0.00047122,-2,0,252
4.2868,1.3993,-0.0065185,0.00047122,-2,1,252
-2.0855,-1.2498,-0.0065185,0.00047122,-2,0,252
0.93094,-0.22207,-0.0065185,0.00047122,-2,1,252
0.21698,0.23039,-0.0065185,0.00047122,-2,0,252
-0.32615,-1.7696,-0.0065185,0.00047122,-2,1,252
3.5734,2.3485,-0.0065185,0.00047122,-2,1,252
-4.4791,0.58686,-0.0065185,0.00047122,-2,0,252
0.59339,1.5015,-0.0065185,0.00047122,-2,0,252
0.35389,2.4968,-0.0065185,0.00047122,-2,1,252
-0.29253,0.36731,3.9935,0.00047122,1,0,252
2.2569,-3.6791,-0.0065185,0.00047122,-2,1,252
-5.2101,-1.8967,-0.0065185,0.00047122,-2,0,252
-2.1779,-2.1645,-0.0065185,0.00047122,-2,0,252
5.1595,3.448,-0.0065185,0.00047122,-2,1,252
3.1363,2.8629,-0.0065185,0.00047122,-2,1,252
-2.2955,-3.9821,-0.0065185,0.00047122,-2,0,253
5.4045,1.9729,-0.0065185,0.00047122,-2,0,253
2.3045,-1.3615,-0.0065185,0.00047122,-2,1,253
2.5595,5.0619,-0.0065185,0.00047122,-2,1,253
0.77622,2.9053,-0.0065185,0.00047122,-2,1,253
0.048485,-3.1929,-0.0065185,0.00047122,-2,0,253
1.1171,1.509,-0.0065185,0.00047122,-2,0,253
1.7045,0.96359,-0.0065185,0.00047122,-2,1,253
0.0044729,-0.62327,-0.0065185,0.00047122,-2,1,253
0.0044729,0.017889,-0.0065185,0.00047122,-2,1,253
-2.9955,-0.44535,-0.0065185,0.00047122,-2,0,253
2.5545,2.5679,3.9935,0.00047122,1,1,253
-2.163,-3.3821,-5.0065,0.00047122,1,0,253
-3.9955,-3.9596,-0.0065185,0.00047122,-2,0,253
2.0045,2.0179,-0.0065185,0.00047122,-2,0,253
1.3045,-1.4852,-0.0065185,0.00047122,-2,1,253
2.5595,2.5729,-0.0065185,0.00047122,-2,1,253
-3.7673,-0.92136,-0.0065185,0.00047122,-2,0,253
3.2105,2.4931,-2.0065,0.00047122,1,1,253
-0.88294,-0.86952,-0.0065185,0.00047122,-2,1,253
-0.24123,2.2172,-0.0065185,0.00047122,-2,1,253
3.8545,-2.3003,-0.0065185,0.00047122,-2,1,253
-5.5455,-5.5321,-0.0065185,0.00047122,-2,0,253
4.722,2.7995,2.9935,0.00047122,1,1,253
4.8468,1.8985,-0.0065185,0.00047122,-2,1,253
6.5705,4.1339,-0.0065185,0.00047122,-2,1,253
5.3356,3.5343,-0.0065185,0.00047122,-2,1,253
-1.127,-4.7261,-0.0065185,0.00047122,-2,1,253
3.0045,3.0179,-0.0065185,0.00047122,-2,1,253
-3.5455,-5.1421,-0.0065185,0.00047122,-2,0,253
3.022,0.61544,-2.0065,0.00047122,1,1,253
3.8468,1.8033,-0.0065185,0.00047122,-2,1,253
2.5705,0.83549,-0.0065185,0.00047122,-2,0,253
0.85447,-1.2104,-0.0065185,0.00047122,-2,1,253
0.0044729,1.8718,-0.0065185,0.00047122,-2,1,253
0.0044729,-0.94384,-0.0065185,0.00047122,-2,1,253
1.0045,0.017889,-0.0065185,0.00047122,-2,1,253
-1.8455,-0.83211,-0.0065185,0.00047122,-2,0,253
2.727,2.0179,-0.0065185,0.00047122,-2,0,253
-2.3097,-2.2962,4.9935,0.00047122,1,0,253
3.5265,-3.618,-0.0065185,0.00047122,-2,0,253
-1.4455,0.9836,-0.0065185,0.00047122,-2,0,253
1.172,-1.2146,-0.0065185,0.00047122,-2,0,253
-0.9879,-0.97449,2.9935,0.00047122,1,0,253
1.282,-0.38403,-0.0065185,0.00047122,-2,0,253
1.7045,0.29038,-0.0065185,0.00047122,-2,1,253
-4.9955,-1.4271,-0.0065185,0.00047122,-2,0,253
-4.9955,-4.9821,-0.0065185,0.00047122,-2,0,253
5.0045,3.6304,-0.0065185,0.00047122,-2,1,253
-4.2455,-4.2321,-5.0065,0.00047122,1,0,253
4.0045,3.0562,-0.0065185,0.00047122,-2,1,253
3.4045,0.20042,-0.0065185,1.0005,-1,1,253
3.0045,3.0885,-0.0065185,0.00047122,-2,1,253
1.0045,-2.5321,-0.0065185,0.00047122,-2,1,253
1.1545,1.1679,-0.0065185,0.00047122,-2,0,253
-0.97303,2.1755,-0.0065185,4.0005,-1,1,253
0.83535,-0.95895,-5.0065,0.00047122,1,1,253
4.2327,1.0407,-0.0065185,0.00047122,-2,1,253
-6.0395,-1.3696,-0.0065185,0.00047122,-2,0,253
3.8919,2.7951,-0.0065185,0.00047122,-2,1,253
-0.74983,2.6279,-0.0065185,0.00047122,-2,1,253
2.0045,-0.14305,-0.0065185,0.00047122,-2,1,253
0.70447,3.049,-0.0065185,0.00047122,-2,1,253
-0.59053,-0.57711,1.9935,0.00047122,1,1,253
0.28197,-0.68211,-0.0065185,0.00047122,-2,1,253
0.15447,-0.21799,-0.0065185,0.00047122,-2,1,253
-1.8455,-1.8321,-0.0065185,0.00047122,-2,0,253
0.72697,0.46159,-0.0065185,0.00047122,-2,0,253
-3.9955,-3.9821,-0.0065185,0.00047122,-2,0,253
3.4045,-0.50412,4.9935,0.00047122,1,1,253
-0.99553,-0.98211,-0.0065185,0.00047122,-2,0,253
2.1545,-0.8638,-0.0065185,0.00047122,-2,1,253
3.5545,3.5679,-0.0065185,0.00047122,-2,1,253
1.172,1.1854,-0.0065185,0.00047122,-2,0,253
0.99685,2.217,-5.0065,0.00047122,1,0,253
3.282,5.9036,-0.0065185,0.00047122,-2,1,253
6.4045,2.8038,-0.0065185,0.00047122,-2,1,253
5.4445,6.9079,-0.0065185,4.0005,-1,1,253
-5.452,0.46042,-0.0065185,0.00047122,-2,0,253
1.0925,1.1059,-0.0065185,0.00047122,-2,1,253
0.92929,0.29964,-4.0065,0.00047122,1,1,253
-2.4869,-2.4735,-0.0065185,0.00047122,-2,0,253
-5.3955,-4.7446,-0.0065185,0.00047122,-2,0,253
3.8945,3.4744,-0.0065185,0.00047122,-2,1,253
-4.452,-3.8836,-0.0065185,0.00047122,-2,0,253
7.0925,3.4927,-0.0065185,0.00047122,-2,1,253
6.7793,6.5265,-0.0065185,0.00047122,-2,1,253
-5.7541,-4.8769,3.9935,0.00047122,1,0,253
-3.2778,-3.2644,-0.0065185,0.00047122,-2,1,253
-2.6955,1.9079,-0.0065185,0.00047122,-2,0,253
1.8545,1.8054,-0.0065185,0.00047122,-2,1,253
-4.718,-4.7046,-0.0065185,0.00047122,-2,0,253
-4.0097,-1.5951,3.9935,0.00047122,1,1,253
-0.88553,1.1305,-0.0065185,0.00047122,-2,1,253
0.54797,2.4642,-0.0065185,0.00047122,-2,0,253
-1.4455,1.9267,-0.0065185,0.00047122,-2,1,253
-1.228,-0.84767,-4.0065,0.00047122,1,1,253
0.89447,6.3079,-0.0065185,0.00047122,-2,0,253
0.54797,-0.73861,-0.0065185,0.00047122,-2,1,253
-0.083552,-0.070136,-0.0065185,0.00047122,-2,1,253
2.2297,3.7334,-0.0065185,0.00047122,-2,1,253
1.4959,1.5093,-0.0065185,0.00047122,-2,1,253
1.7222,2.8123,-0.0065185,0.00047122,-2,1,253
-1.4556,-0.22327,1.9935,0.00047122,1,0,253
2.078,-1.8306,-0.0065185,0.00047122,-2,0,253
-1.5455,-1.7446,-0.0065185,0.00047122,-2,1,253
3.172,1.3354,-0.0065185,0.00047122,-2,1,253
-2.8455,-2.8321,-0.0065185,0.00047122,-2,0,253
1.727,-1.4836,-0.0065185,0.00047122,-2,1,253
-1.4597,-1.4462,-3.0065,0.00047122,1,0,253
0.48247,0.49588,-0.0065185,0.00047122,-2,1,253
-2.8455,1.8082,-0.0065185,0.00047122,-2,0,253
1.727,2.4404,-0.0065185,0.00047122,-2,1,253
-2.6097,-1.4462,-0.0065185,0.00047122,-2,0,253
-2.2175,-0.351,1.9935,0.00047122,1,1,253
0.55947,3.7179,-0.0065185,0.00047122,-2,1,253
0.77622,0.78964,-0.0065185,0.00047122,-2,1,253
-3.0395,-3.0261,-0.0065185,0.00047122,-2,1,253
4.8919,1.1778,-0.0065185,0.00047122,-2,1,253
-0.59553,-3.7505,-0.0065185,0.00047122,-2,0,253
1.4045,-2.1178,-0.0065185,0.00047122,-2,1,253
1.1945,2.9079,-0.0065185,0.00047122,-1,0,253
1.016,0.56287,3.9935,0.00047122,1,1,253
0.092498,1.4179,-0.0065185,0.00047122,-2,0,253
0.30447,0.31789,-0.0065185,0.00047122,-2,0,253
-0.44053,-0.42711,-0.0065185,0.00047122,-2,0,253
-0.37378,-0.45193,3.9935,0.00047122,1,0,253
3.0485,-2.741,-0.0065185,0.00047122,-2,1,253
-1.8829,-2.5695,-0.0065185,0.00047122,-2,1,253
-1.8455,-1.8903,-0.0065185,0.00047122,-2,0,253
1.577,1.1341,3.9935,0.00047122,1,1,253
0.28197,-3.7168,-0.0065185,0.00047122,-2,1,253
-2.1455,-5.8721,-0.0065185,0.00047122,-2,0,253
1.5545,1.8454,-0.0065185,0.00047122,-2,0,253
0.15447,0.40376,-0.0065185,0.00047122,-2,1,253
-4.8455,-0.10961,-0.0065185,0.00047122,-2,0,253
-3.718,-3.7027,-0.0065185,0.00047122,-2,0,253
-1.6097,-3.1462,-0.0065185,0.00047122,-2,0,253
-1.3675,-1.0637,3.9935,0.00047122,1,1,253
3.282,2.9742,-0.0065185,0.00047122,-2,1,253
3.3903,6.3079,-0.0065185,0.00047122,-2,1,253
2.4825,5.8744,-0.0065185,0.00047122,-2,1,253
4.5608,7.1059,-0.0065185,0.00047122,-2,1,253
3.8773,3.9602,4.9935,0.00047122,1,1,253
1.6839,5.7765,-0.0065185,0.00047122,-2,1,253
3.732,5.3002,-0.0065185,0.00047122,-2,1,253
3.7729,5.1079,-0.0065185,0.00047122,-2,1,253
3.2076,2.1726,4.9935,0.00047122,1,1,253
-4.8282,-4.0648,-0.0065185,0.00047122,-2,0,253
-1.8533,-1.8399,-0.0065185,0.00047122,-2,0,253
3.8836,3.5095,-0.0065185,0.00047122,-2,1,253
-4.8928,-3.2793,-0.0065185,0.00047122,-2,0,253
-4.1582,0.10524,-0.0065185,0.00047122,-1,1,253
3.617,3.6304,-0.0065185,0.00047122,-2,1,253
-3.0662,0.017889,3.9935,0.00047122,1,0,253
5.0045,-3.1297,-0.0065185,0.00047122,-2,1,253
2.0045,2.2325,-0.0065185,0.00047122,-2,0,253
4.7045,4.7179,-0.0065185,0.00047122,-2,1,253
1.5545,5.6385,-0.0065185,0.00047122,-2,0,253
2.1545,-0.83211,-0.0065185,0.00047122,-2,1,253
-6.5455,-2.2006,-0.0065185,0.00047122,-2,0,253
6.172,6.1854,-0.0065185,0.00047122,-2,1,253
4.8468,4.8603,-0.0065185,0.00047122,-2,1,253
-4.5615,-2.9821,-0.0065185,0.00047122,-2,0,253
-4.3266,-2.9821,-0.0065185,0.00047122,-2,0,253
-4.127,-2.9821,-0.0065185,0.00047122,-2,0,253
3.9662,3.9796,-0.0065185,0.00047122,-2,1,253
2.8219,2.8354,-0.0065185,0.00047122,-2,1,253
0.69932,1.1079,-0.0065185,0.00047122,-2,0,253
0.5951,1.535,1.9935,0.00047122,1,0,253
1.0045,1.8054,-0.0065185,0.00047122,-2,1,253
2.1545,-1.4271,-0.0065185,0.00047122,-2,1,253
1.5545,-0.98211,-0.0065185,0.00047122,-2,1,253
0.83697,0.63201,-0.0065185,0.00047122,-2,1,253
-1.4455,0.72551,-0.0065185,0.00047122,-2,0,253
0.99685,3.8603,-0.0065185,2.0005,-1,0,254
1.282,2.1616,-0.0065185,0.00047122,-2,1,254
5.7045,5.7179,-0.0065185,0.00047122,-2,1,254
4.4495,0.94088,-0.0065185,0.00047122,-2,0,254
2.5545,2.5679,-0.0065185,0.00047122,-2,1,254
-1.9955,0.16342,-0.0065185,0.00047122,-2,0,254
-2.9955,-3.179,-0.0065185,0.00047122,-2,0,254
-1.9955,-2.1495,-0.0065185,0.00047122,-2,0,254
1.0045,0.87565,-0.0065185,0.00047122,-2,1,254
-2.8455,1.0619,-0.0065185,0.00047122,-2,0,254
-1.718,-0.094701,-0.0065185,0.00047122,-2,0,254
-0.3814,2.077,-0.0065185,0.00047122,-2,0,254
0.33247,1.509,2.9935,0.00047122,1,0,254
2.5608,3.5629,-0.0065185,0.00047122,-2,1,254
-2.5455,-1.2622,-0.0065185,0.00047122,-2,0,254
-0.82803,-0.73641,-0.0065185,0.00047122,-2,0,254
0.55447,0.56789,-0.0065185,0.00047122,-2,1,254
0.83697,3.0179,-0.0065185,0.00047122,-2,0,254
0.7121,-0.49337,3.9935,0.00047122,1,1,254
0.17197,1.1493,-0.0065185,0.00047122,-2,1,254
0.84685,-0.72038,-0.0065185,0.00047122,-2,1,254
0.57049,-0.01464,-0.0065185,0.00047122,-2,0,254
1.1545,1.3834,-0.0065185,0.00047122,-2,0,254
0.98197,0.99539,-5.0065,0.00047122,1,0,254
0.6186,4.882,-0.0065185,0.00047122,-2,0,254
-0.99553,2.6304,-0.0065185,0.00047122,-2,0,254
2.0045,2.0179,-0.0065185,0.00047122,-2,1,254
1.0045,1.0179,-0.0065185,0.00047122,-2,0,254
-2.8455,1.3864,-0.0065185,0.00047122,-2,0,254
-5.6955,-2.0964,-0.0065185,0.00047122,-2,0,254
4.8495,1.266,4.9935,0.00047122,1,1,254
3.2327,5.4961,-0.0065185,0.00047122,-2,1,254
3.0485,3.0619,-0.0065185,0.00047122,-2,1,254
1.8919,0.47852,-0.0065185,0.00047122,-2,1,254
2.7588,1.1812,-0.0065185,0.00047122,-2,1,254
3.6456,2.3067,-0.0065185,0.00047122,-2,1,254
1.5495,1.5629,-0.0065185,0.00047122,-2,1,254
0.46771,-0.49596,-0.0065185,0.00047122,-2,0,254
4.0045,4.0179,-0.0065185,0.00047122,-2,1,254
-3.3955,-3.7593,-5.0065,0.00047122,1,0,254
2.8945,7.1579,-0.0065185,0.00047122,-2,1,254
-0.45203,-2.4386,-0.0065185,0.00047122,-2,1,254
-3.6955,0.22343,-0.0065185,0.00047122,-2,0,254
-3.1405,-3.1271,-4.0065,0.00047122,1,0,254
5.2327,4.0179,-0.0065185,0.00047122,-2,1,254
-4.4395,-2.0261,-0.0065185,-0.99953,-1,0,254
1.8919,1.0179,-0.0065185,0.00047122,-2,1,254
-1.7498,-1.7364,-0.0065185,0.00047122,-2,0,254
-2.6367,-1.7569,-0.0065185,0.00047122,-2,0,254
-2.2405,-2.2271,-3.0065,0.00047122,1,0,254
1.4677,1.0179,-0.0065185,0.00047122,-2,1,254
-4.3893,-2.5434,-0.0065185,0.00047122,-2,0,254
-4.3302,-3.7168,-0.0065185,0.00047122,-2,0,254
-4.28,-3.3821,-0.0065185,0.00047122,-2,0,254
-5.2373,-5.2239,-0.0065185,0.00047122,-2,0,254
-3.2011,-2.9821,-0.0065185,0.00047122,-2,0,254
2.7292,2.4744,-4.0065,0.00047122,1,0,254
1.837,3.2694,-0.0065185,0.00047122,-2,1,254
0.1621,0.24307,-0.0065185,0.00047122,-2,1,254
-0.56155,3.4744,-0.0065185,0.00047122,-2,1,254
1.3356,-1.1563,-0.0065185,0.00047122,-2,0,254
3.1359,3.1079,-0.0065185,0.00047122,-2,1,254
1.3045,3.0179,-0.0065185,0.00047122,-2,0,254
1.1095,-0.1448,-5.0065,0.00047122,1,0,254
0.77622,0.78964,-0.0065185,0.00047122,-2,1,254
5.7045,1.7179,-0.0065185,0.00047122,-2,1,254
6.4495,1.9473,-0.0065185,0.00047122,-2,1,254
-6.2238,-0.26208,-0.0065185,0.00047122,-2,0,254
5.0485,5.0619,-0.0065185,0.00047122,-2,1,254
4.2919,1.7446,4.9935,0.00047122,1,1,254
3.7588,3.7722,-0.0065185,0.00047122,-2,1,254
2.6456,0.65544,-0.0065185,0.00047122,-2,1,254
2.5495,0.8598,-0.0065185,0.00047122,-2,1,254
1.4677,0.033517,-0.0065185,0.00047122,-2,1,254
-1.2393,-1.3639,3.9935,0.00047122,1,1,254
2.727,-1.3821,-0.0065185,0.00047122,-2,0,254
4.6186,1.1279,-0.0065185,0.00047122,-2,1,254
3.4045,0.2597,-0.0065185,0.00047122,-2,1,254
-5.8855,-4.0302,-0.0065185,0.00047122,-2,0,254
-4.452,-4.4386,-0.0065185,0.00047122,-2,0,254
3.7925,2.3339,-4.0065,0.00047122,1,0,254
0.55947,1.6431,-0.0065185,0.00047122,-2,1,254
-0.76728,-0.41609,-0.0065185,0.00047122,-2,0,254
-3.9515,-3.8836,-0.0065185,0.00047122,-2,0,254
-2.1081,-5.0701,-0.0065185,0.00047122,-2,0,254
-3.2412,-2.6329,-0.0065185,0.00047122,-2,0,254
1.3633,3.5265,-0.0065185,0.00047122,-2,1,254
-1.1505,-2.1773,2.9935,0.00047122,1,1,254
-1.4405,-3.5286,-0.0065185,0.00047122,-2,1,254
1.2327,-2.1496,-0.0065185,0.00047122,-2,0,254
3.0485,0.17551,-0.0065185,0.00047122,-2,1,254
1.3045,-3.1907,-0.0065185,0.00047122,-2,0,254
-1.1005,-1.0871,-4.0065,0.00047122,1,0,254
1.172,2.4179,-0.0065185,0.00047122,-2,1,254
1.8468,2.9079,-0.0065185,0.00047122,-2,0,254
2.0045,1.5839,-0.0065185,0.00047122,-2,0,254
1.7045,1.7179,-4.0065,0.00047122,1,0,254
-2.9955,3.4179,-0.0065185,0.00047122,-2,1,254
2.0045,2.5679,-0.0065185,0.00047122,-2,1,254
0.30447,-1.6821,-0.0065185,0.00047122,-2,1,254
-1.2955,-2.9821,-0.0065185,0.00047122,-2,1,254
1.5595,0.13891,-0.0065185,0.00047122,-2,0,254
-3.2238,1.3396,-0.0065185,0.00047122,-2,0,254
-2.7395,-1.6821,-3.0065,0.00047122,1,0,254
-1.8829,-0.98211,-0.0065185,0.00047122,-2,0,254
-2.7498,-1.9821,-0.0065185,0.00047122,-2,0,254
-3.6367,-3.6233,-0.0065185,0.00047122,-2,0,254
-1.5405,-0.98211,-0.0065185,0.00047122,-2,0,254
0.54124,-1.7765,-0.0065185,0.00047122,-2,1,254
0.46072,0.86789,3.9935,0.00047122,1,1,254
-2.273,2.4562,-0.0065185,0.00047122,-2,1,254
-1.3814,-1.918,-0.0065185,0.00047122,-2,1,254
0.48247,1.7127,-0.0065185,0.00047122,-2,0,254
2.5608,3.6085,-0.0065185,0.00047122,-2,1,254
-2.1684,-2.155,3.9935,0.00047122,1,0,254
5.172,-1.2146,-0.0065185,0.00047122,-2,1,254
3.8468,3.8603,-0.0065185,0.00047122,-2,1,254
-3.5615,-2.9039,-0.0065185,0.00047122,-2,0,254
-4.3266,-3.6233,-0.0065185,0.00047122,-2,0,254
0.87302,-1.9721,-0.0065185,0.00047122,-2,1,254
5.7045,2.7896,-0.0065185,0.00047122,-2,1,254
6.4495,6.4629,-0.0065185,0.00047122,-2,1,254
5.4827,0.55129,-4.0065,0.00047122,1,0,254
4.617,0.42727,-0.0065185,0.00047122,-2,1,254
2.8545,-3.5133,-0.0065185,0.00047122,-2,1,254
-1.718,-1.1371,-0.0065185,0.00047122,-2,0,254
1.4686,1.482,4.9935,0.00047122,1,1,254
2.4825,-3.8384,-0.0065185,0.00047122,-2,0,254
-0.55182,-2.0884,-0.0065185,0.00047122,-2,0,254
-0.46838,-2.4341,2.9935,0.00047122,1,1,254
-2.6749,-0.43211,-0.0065185,0.00047122,-2,0,254
-5.5455,-5.5321,-0.0065185,0.00047122,-2,1,254
-4.713,-0.53211,-0.0065185,2.0005,-1,1,254
2.172,0.6101,-0.0065185,0.00047122,-2,0,254
0.1621,-0.10834,-0.0065185,0.00047122,-2,1,254
-0.42951,-1.5748,-0.0065185,0.00047122,-2,0,254
-0.66441,-1.8909,-0.0065185,0.00047122,-2,0,254
0.57302,1.3854,4.9935,0.00047122,1,1,254
4.9662,-4.1662,-0.0065185,0.00047122,-2,0,254
-0.813,-3.4381,-0.0065185,0.00047122,-2,1,254
-1.3007,0.065495,-0.0065185,0.00047122,-2,0,254
4.4138,4.4273,-0.0065185,0.00047122,-2,0,254
-3.7435,-4.1977,4.9935,0.00047122,1,1,254
-1.383,-3.7539,-0.0065185,0.00047122,-2,0,254
0.075098,-2.5506,-0.0065185,0.00047122,-2,0,254
-1.6056,-0.042143,-0.0065185,0.00047122,-2,1,254
1.373,-0.077812,-4.0065,0.00047122,1,0,254
1.8902,1.9036,-0.0065185,0.00047122,-2,1,254
2.0045,2.0179,-0.0065185,0.00047122,-2,1,254
2.0045,-1.9754,-0.0065185,0.00047122,-2,1,254
2.0045,-0.070136,-0.0065185,0.00047122,-2,1,254
3.0045,1.4629,-0.0065185,0.00047122,-2,1,254
3.0045,1.0593,-0.0065185,0.00047122,-2,1,254
2.5545,2.5679,-4.0065,0.00047122,1,0,254
-4.163,-1.0596,-0.0065185,0.00047122,-2,0,254
-4.6955,-2.0556,-0.0065185,0.00047122,-2,0,254
6.4495,-3.2261,-0.0065185,0.00047122,-2,1,254
5.2327,5.4961,-0.0065185,0.00047122,-2,1,254
-5.0395,-3.4131,-0.0065185,0.00047122,-2,0,254
4.8919,2.4243,-0.0065185,0.00047122,-2,1,254
-4.7498,-2.971,-0.0065185,0.00047122,-2,0,254
-3.6367,-2.6327,-0.0065185,0.00047122,-2,0,254
5.5495,2.6109,-0.0065185,0.00047122,-2,1,254
1.4677,0.76544,-0.0065185,0.00047122,-2,1,254
2.3982,1.8033,-0.0065185,0.00047122,-2,1,254
2.3392,3.4232,-0.0065185,0.00047122,-2,1,254
-1.711,-1.6976,-0.0065185,0.00047122,-2,0,254
-2.6955,1.3311,-0.0065185,0.00047122,-2,0,254
-2.2905,-2.2771,3.9935,0.00047122,1,1,254
-3.718,4.4619,-0.0065185,0.00047122,-2,1,254
-2.6097,0.90789,-0.0065185,0.00047122,-2,0,254
-1.6955,-2.6716,-0.0065185,0.00047122,-2,0,254
-1.4405,-1.4271,-0.0065185,0.00047122,-2,1,254
1.0045,1.5839,-0.0065185,0.00047122,-2,0,254
-0.27303,0.14934,-0.0065185,0.00047122,-2,0,255
-2.8455,-0.090486,-0.0065185,0.00047122,-2,1,255
3.3045,-0.18261,-0.0065185,0.00047122,-2,1,255
3.5595,5.4616,-0.0065185,0.00047122,-2,0,255
3.0262,3.2679,-0.0065185,-0.99953,-1,1,255
2.9605,3.1679,-0.0065185,0.00047122,-2,1,255
-4.1081,-1.7047,-0.0065185,0.00047122,-2,1,255
-0.24553,1.7994,-0.0065185,0.00047122,-2,0,255
-3.3955,0.23039,-0.0065185,0.00047122,-2,1,255
-2.8855,-0.42582,-0.0065185,0.00047122,-2,0,255
-2.9955,-2.9821,-0.0065185,0.00047122,-2,1,255
-2.5455,-2.5321,-0.0065185,0.00047122,-2,1,255
2.172,1.7927,-4.0065,0.00047122,1,0,255
-5.8379,1.5755,-0.0065185,0.00047122,-2,0,255
7.4045,4.7002,-0.0065185,0.00047122,-2,1,255
-6.8855,-1.5256,-0.0065185,0.00047122,-2,0,255
7.461,7.4744,-0.0065185,0.00047122,-2,0,255
-5.2455,-2.4573,-0.0065185,0.00047122,-2,1,255
-4.458,-2.9201,-3.0065,0.00047122,1,1,255
5.0751,5.0885,-0.0065185,0.00047122,-2,0,255
-4.6056,-3.6582,-0.0065185,0.00047122,-2,1,255
3.223,3.9364,-0.0065185,0.00047122,-2,0,255
-0.88127,-2.7179,-0.0065185,0.00047122,-2,0,255
-0.74841,-0.058579,-5.0065,0.00047122,1,1,255
-3.358,-4.8462,-0.0065185,0.00047122,-2,0,255
-3.6955,-2.5041,-0.0065185,0.00047122,-2,0,255
-2.4405,-0.99478,-0.0065185,0.00047122,-2,0,255
-2.2238,-2.2104,-0.0065185,0.00047122,-2,1,255
4.1545,4.1679,-0.0065185,0.00047122,-2,1,255
1.282,-0.86873,-0.0065185,0.00047122,-2,1,255
-1.0814,-1.1601,3.9935,0.00047122,1,0,255
-2.5175,-3.9041,-0.0065185,0.00047122,-2,0,255
-2.6955,-3.8721,-0.0065185,0.00047122,-2,0,255
1.4495,1.7835,-0.0065185,0.00047122,-2,0,255
3.0045,3.2904,-0.0065185,0.00047122,-2,1,255
-1.4455,-1.4321,-0.0065185,0.00047122,-2,1,255
-1.828,-1.8146,-0.0065185,0.00047122,-2,1,255
0.1621,-1.2644,-0.0065185,0.00047122,-2,0,255
-0.42951,-0.11609,-0.0065185,0.00047122,-2,1,255
0.37336,0.79142,2.9935,0.00047122,1,0,255
-2.127,-2.1136,-0.0065185,0.00047122,-2,1,255
-3.8455,-1.5015,-0.0065185,0.00047122,-2,0,255
-7.5455,1.2913,-0.0065185,0.00047122,-2,1,255
-6.413,-6.3996,2.9935,0.00047122,1,0,255
-4.8379,-4.8245,-0.0065185,0.00047122,-2,0,255
4.5705,0.45246,-0.0065185,0.00047122,-2,0,255
-2.5455,-2.5321,-0.0065185,0.00047122,-2,0,255
-1.9955,-0.41609,-0.0065185,0.00047122,-2,0,255
0.0044729,2.0439,-0.0065185,0.00047122,-2,0,255
0.0044729,1.1493,-3.0065,0.00047122,1,1,255
1.0045,-1.5321,-0.0065185,0.00047122,-2,0,255
-3.1455,0.017889,-0.0065185,0.00047122,-2,0,255
-2.273,-2.2596,-0.0065185,0.00047122,-2,0,255
-3.3814,-3.9821,-0.0065185,0.00047122,-2,1,255
-1.3955,-1.3821,-0.0065185,0.00047122,-2,0,255
-3.2955,-4.5384,-0.0065185,0.00047122,-2,0,255
2.8095,0.34771,4.9935,0.00047122,1,1,255
-2.7673,-3.0039,-0.0065185,0.00047122,-2,0,255
-2.9515,-3.1096,-0.0065185,0.00047122,-2,1,255
0.40447,2.0205,-0.0065185,0.00047122,-2,1,255
-2.4455,-2.1178,-0.0065185,0.00047122,-2,0,255
1.172,-0.34096,-0.0065185,0.00047122,-2,0,255
-0.15315,-1.4371,-0.0065185,0.00047122,-2,1,255
-0.12951,-0.11609,3.9935,0.00047122,1,1,255
-1.5505,-0.77208,-0.0065185,0.00047122,-2,1,255
-4.5455,-4.8721,-0.0065185,0.00047122,-2,1,255
4.172,4.1854,-0.0065185,0.00047122,-2,1,255
-4.6955,-3.7701,-0.0065185,0.00047122,-2,0,255
-2.4405,-2.4271,-0.0065185,0.00047122,-2,0,255
2.0827,3.4136,4.9935,0.00047122,1,0,255
4.727,5.8603,-0.0065185,0.00047122,-2,1,255
4.0186,4.4179,-0.0065185,1.0005,-1,1,255
-4.8855,-5.9427,-0.0065185,0.00047122,-2,0,255
-4.452,-4.4386,-0.0065185,0.00047122,-2,0,255
3.7925,1.1784,4.9935,0.00047122,1,0,255
3.4495,6.2679,-0.0065185,0.00047122,-2,1,255
-1.6955,-1.4907,-0.0065185,0.00047122,-2,0,255
-0.55053,2.3503,-0.0065185,0.00047122,-2,1,255
0.23272,0.24614,-0.0065185,0.00047122,-2,1,255
0.048485,-0.055643,-0.0065185,0.00047122,-2,0,255
0.041884,0.055299,-5.0065,0.00047122,1,0,255
-2.718,-4.9546,-0.0065185,0.00047122,-2,0,255
-2.6097,-2.2962,-0.0065185,0.00047122,-2,0,255
-4.5175,-4.7364,-0.0065185,0.00047122,-2,0,255
-3.4392,-3.4258,-0.0065185,0.00047122,-2,0,255
1.3816,1.7911,-0.0065185,0.00047122,-2,1,255
0.6839,-1.2953,-0.0065185,0.00047122,-2,0,255
0.58198,0.5954,3.9935,0.00047122,1,0,255
0.23609,0.35258,-0.0065185,0.00047122,-2,0,255
1.0045,1.0179,-0.0065185,0.00047122,-2,0,255
-2.9955,-0.14945,-0.0065185,0.00047122,-2,0,255
4.5545,4.5679,-0.0065185,0.00047122,-2,1,255
-3.863,-0.37479,-4.0065,0.00047122,1,0,255
0.1621,0.17551,-0.0065185,0.00047122,-2,1,255
0.70447,1.6305,-0.0065185,0.00047122,-2,0,255
0.85447,3.3244,-0.0065185,0.00047122,-2,1,255
-0.71803,-0.70461,-4.0065,0.00047122,1,0,255
-0.60965,-3.4358,-0.0065185,0.00047122,-2,0,255
-1.5175,-0.027711,-0.0065185,0.00047122,-2,1,255
-4.8455,-4.8321,-0.0065185,0.00047122,-2,0,255
-2.3955,-3.3821,-0.0065185,0.00047122,-2,0,255
2.8945,-0.51153,-0.0065185,0.00047122,-2,1,255
4.461,2.2904,-0.0065185,0.00047122,-2,1,255
-3.7836,-0.21373,-5.0065,0.00047122,1,0,255
-4.7703,-6.0069,-0.0065185,0.00047122,-2,0,255
-5.5041,-5.4907,-0.0065185,0.00047122,-2,0,255
-5.2778,-5.2644,-0.0065185,0.00047122,-2,0,255
-5.0855,-5.0721,-0.0065185,0.00047122,-2,0,255
-1.922,-2.4746,-0.0065185,0.00047122,-2,0,255
1.642,0.95524,-3.0065,0.00047122,1,0,255
1.282,-1.374,-0.0065185,0.00047122,-2,0,255
1.7045,-0.55108,-0.0065185,0.00047122,-2,1,255
4.0045,4.0179,-0.0065185,0.00047122,-2,1,255
4.0045,5.5839,-0.0065185,0.00047122,-2,1,255
-3.3955,-1.0261,-5.0065,0.00047122,1,0,255
2.0045,5.3993,-0.0065185,0.00047122,-2,1,255
0.0044729,0.017889,-0.0065185,0.00047122,-2,1,255
1.0045,2.2804,-0.0065185,0.00047122,-2,1,255
1.0045,1.7127,-0.0065185,0.00047122,-2,1,255
0.0044729,0.017889,-0.0065185,0.00047122,-2,1,255
-1.9955,1.134,-0.0065185,0.00047122,-2,1,255
-1.6955,-1.6821,-0.0065185,0.00047122,-2,1,255
-1.4405,0.38061,4.9935,0.00047122,1,0,255
-0.99553,3.0396,-0.0065185,0.00047122,-2,0,255
-1.9955,2.7804,-0.0065185,0.00047122,-2,1,255
-0.69553,-0.68211,-0.0065185,0.00047122,-2,1,255
0.59947,1.4629,-5.0065,0.00047122,1,0,255
-0.22378,3.7459,-0.0065185,0.00047122,-2,0,255
-1.1455,1.6304,-0.0065185,0.00047122,-2,1,255
-2.2955,0.1828,-0.0065185,0.00047122,-2,1,255
1.9595,1.9729,3.9935,0.00047122,1,1,255
0.23272,-3.9041,-0.0065185,0.00047122,-2,1,255
-1.1455,-1.1321,-0.0065185,0.00047122,-2,1,255
1.3045,-0.49237,-0.0065185,0.00047122,-2,0,255
1.4545,1.1423,-0.0065185,0.00047122,-2,0,255
1.4045,-0.75386,-0.0065185,0.00047122,-2,0,255
-0.88553,-0.87211,-0.0065185,0.00047122,-2,0,255
1.3045,-0.7947,-0.0065185,0.00047122,-2,0,255
-1.1005,-1.201,4.9935,0.00047122,1,0,255
-0.22378,-3.591,-0.0065185,0.00047122,-2,1,255
-1.0395,-3.5946,-0.0065185,0.00047122,-2,1,255
0.11706,-2.0527,-0.0065185,0.00047122,-2,1,255
-1.2412,0.098615,-0.0065185,0.00047122,-2,1,255
-1.0544,1.7144,-4.0065,0.00047122,1,1,255
-3.4405,-2.4258,-0.0065185,0.00047122,-2,0,255
-2.9238,-4.1004,1.9935,0.00047122,1,0,255
-2.5505,-2.5371,-0.0065185,0.00047122,-2,0,255
2.1762,-0.62514,-4.0065,0.00047122,1,1,255
1.1145,0.52789,-0.0065185,0.00047122,-2,0,255
-0.53903,-1.9381,-0.0065185,0.00047122,-2,0,255
-3.5455,-3.8721,-0.0065185,0.00047122,-2,0,255
3.172,0.41057,-0.0065185,0.00047122,-2,1,255
-0.8379,-2.9201,-0.0065185,0.00047122,-2,0,255
0.43845,-0.90693,-0.0065185,0.00047122,-2,1,255
-0.36441,0.6265,3.9935,0.00047122,1,1,255
-1.8641,-1.8507,-0.0065185,0.00047122,-2,1,255
3.0427,1.1279,-0.0065185,0.00047122,-2,0,255
2.187,0.24443,-0.0065185,0.00047122,-2,0,255
-1.3007,-1.8373,-0.0065185,0.00047122,-2,0,255
-2.2955,-0.056933,-0.0065185,0.00047122,-2,0,255
0.60447,0.61789,-0.0065185,0.00047122,-2,1,255
2.4045,2.1356,-0.0065185,0.00047122,-2,1,255
-1.8855,-0.46323,-0.0065185,0.00047122,-2,1,255
1.8545,1.7404,-0.0065185,0.00047122,-2,0,255
-1.8455,1.1059,-0.0065185,0.00047122,-2,1,255
-1.568,-1.3187,2.9935,0.00047122,1,1,255
-0.60965,-0.59624,-0.0065185,0.00047122,-2,0,255
-3.9955,3.4677,-0.0065185,0.00047122,-2,1,255
3.4045,2.4179,-0.0065185,-0.99953,-1,1,255
-2.8855,0.94436,2.9935,0.00047122,1,1,255
-5.452,1.5279,-0.0065185,0.00047122,-2,0,255
6.5545,-2.7637,-0.0065185,0.00047122,-2,0,255
2.4045,-2.8245,-0.0065185,0.00047122,-2,1,255
-3.1455,-5.8245,-0.0065185,0.00047122,-2,1,255
5.4045,2.6954,-0.0065185,0.00047122,-2,0,255
1.8468,0.83048,-0.0065185,0.00047122,-2,0,256
1.5705,1.4629,-0.0065185,0.00047122,-2,0,256
-2.3266,-2.3132,-0.0065185,0.00047122,-2,1,256
1.873,1.8864,-0.0065185,0.00047122,-2,0,256
-2.4455,-2.4321,-0.0065185,0.00047122,-2,1,256
-8.2455,-4.2321,-0.0065185,0.00047122,-2,0,256
1.4045,4.059,-0.0065185,0.00047122,-2,0,256
-2.2955,-2.2821,-0.0065185,0.00047122,-2,0,256
0.40447,3.8811,-0.0065185,0.00047122,-2,0,256
-0.44553,2.5679,-0.0065185,0.00047122,-2,0,256
-0.37803,-0.3168,-5.0065,0.00047122,1,1,256
-0.8379,2.4699,-0.0065185,0.00047122,-2,0,256
1.5705,-4.4446,-0.0065185,0.00047122,-2,1,256
-0.32664,0.22343,-0.0065185,0.00047122,-2,1,256
0.28592,-4.8321,-0.0065185,-3.9995,-1,1,256
-0.033796,-4.3821,-0.0065185,0.00047122,-2,0,256
-0.028056,-2.7179,-4.0065,0.00047122,1,0,256
-0.27303,3.4179,-0.0065185,0.00047122,-2,0,256
-1.1455,-1.1321,-0.0065185,0.00047122,-2,1,256
0.72697,0.74039,-0.0065185,0.00047122,-2,1,256
-0.3814,-2.5138,-0.0065185,0.00047122,-2,0,256
-0.32352,0.16275,2.9935,0.00047122,1,0,256
2.282,2.2473,-0.0065185,0.00047122,-2,1,256
-2.5455,-1.5355,-0.0065185,0.00047122,-2,0,256
-1.828,-1.8146,-0.0065185,0.00047122,-2,1,256
1.1621,1.4519,-0.0065185,0.00047122,-2,0,256
-1.4295,1.5839,-0.0065185,0.00047122,-2,0,256
-7.5455,1.1493,-0.0065185,0.00047122,-2,1,256
6.422,1.2237,-5.0065,0.00047122,1,1,256
4.8468,4.8603,-0.0065185,0.00047122,-2,0,256
-5.5455,1.0804,-0.0065185,0.00047122,-2,1,256
-4.713,-5.1421,3.9935,0.00047122,1,0,256
-6.163,-6.1496,-0.0065185,0.00047122,-2,0,256
-5.8379,-5.8245,-0.0065185,0.00047122,-2,0,256
-6.5615,-6.5481,-0.0065185,0.00047122,-2,0,256
4.3356,2.4805,-0.0065185,0.00047122,-2,1,256
4.1359,4.1493,-0.0065185,0.00047122,-2,1,256
-3.5073,-0.64101,2.9935,0.00047122,1,1,256
3.172,-1.7146,-0.0065185,0.00047122,-2,1,256
1.8545,1.7127,-0.0065185,0.00047122,-2,1,256
2.282,2.2954,-0.0065185,0.00047122,-2,0,256
1.9403,-1.7277,2.9935,0.00047122,1,0,256
0.48247,0.59116,-0.0065185,0.00047122,-2,1,256
2.1545,0.85039,-0.0065185,0.00047122,-2,1,256
-0.54553,0.36324,-0.0065185,0.00047122,-2,0,256
-3.163,-3.1496,-0.0065185,0.00047122,-2,0,256
-0.8379,1.1904,-0.0065185,0.00047122,-2,1,256
0.72049,0.35566,-4.0065,0.00047122,1,0,256
2.282,1.9739,-0.0065185,0.00047122,-2,0,256
-2.3814,3.522,-0.0065185,0.00047122,-2,1,256
0.48247,1.8136,-0.0065185,0.00047122,-2,1,256
0.15447,0.16789,-0.0065185,0.00047122,-2,0,256
3.282,-0.32746,-0.0065185,0.00047122,-2,1,256
0.40447,-2.6615,-0.0065185,0.00047122,-2,1,256
-0.33553,-1.541,-4.0065,0.00047122,1,1,256
-0.16303,-0.88194,-0.0065185,0.00047122,-2,1,256
5.7045,4.6079,-0.0065185,0.00047122,-2,1,256
-3.4405,-4.8271,-0.0065185,0.00047122,-2,0,256
3.2327,1.8601,-0.0065185,0.00047122,-2,1,256
3.0485,2.1388,-0.0065185,0.00047122,-2,1,256
-2.8829,-2.3145,-0.0065185,0.00047122,-2,1,256
2.4588,1.3335,-5.0065,0.00047122,1,1,256
-0.63668,4.2679,-0.0065185,0.00047122,-2,1,256
-1.9955,-0.75386,-0.0065185,0.00047122,-2,0,256
-1.9955,1.1155,-0.0065185,0.00047122,-2,0,256
-2.9955,-0.7947,-0.0065185,0.00047122,-2,0,256
-3.9955,-3.2278,-0.0065185,0.00047122,-2,0,256
-3.3955,-1.5085,-5.0065,0.00047122,1,0,256
3.0045,4.2679,-0.0065185,0.00047122,-2,1,256
4.0045,4.0179,-0.0065185,0.00047122,-2,1,256
3.0045,3.0179,-0.0065185,0.00047122,-2,1,256
-2.9955,-2.6474,-0.0065185,0.00047122,-2,0,256
-2.5455,-1.2636,1.9935,0.00047122,1,0,256
-4.9955,-4.7403,-0.0065185,0.00047122,-2,0,256
-4.9955,-4.9821,-0.0065185,0.00047122,-2,1,256
7.2545,1.7896,-0.0065185,0.00047122,-2,1,256
-1.5455,-3.4461,-0.0065185,0.00047122,-2,0,256
-2.163,0.14412,-0.0065185,0.00047122,-2,1,256
-1.8379,-1.8245,-4.0065,0.00047122,1,0,256
-5.5615,-5.5481,-0.0065185,0.00047122,-2,0,256
-4.3266,-4.3132,-0.0065185,0.00047122,-2,0,256
6.1359,0.70563,-0.0065185,0.00047122,-2,1,256
-1.9573,-6.3201,-0.0065185,0.00047122,-2,0,256
-3.813,-4.7569,-0.0065185,0.00047122,-2,0,256
3.6993,1.4352,-0.0065185,0.00047122,-2,1,256
-3.1362,-3.1227,3.9935,0.00047122,1,0,256
-2.4976,-2.4841,-0.0065185,0.00047122,-2,0,256
-1.4223,1.9814,-0.0065185,0.00047122,-2,0,256
0.36719,0.38061,-0.0065185,0.00047122,-2,1,256
-2.3038,-1.0129,-0.0065185,0.00047122,-2,0,256
-1.9576,-2.2511,1.9935,0.00047122,1,0,256
5.2272,5.2406,-0.0065185,0.00047122,-2,1,256
5.1938,5.2072,-0.0065185,0.00047122,-2,1,256
4.1654,4.1788,-0.0065185,0.00047122,-2,1,256
-3.5323,-3.2791,-0.0065185,-2.9995,-1,0,256
-5.1118,0.78902,-0.0065185,0.00047122,-2,0,256
-4.0944,-4.0809,-0.0065185,0.00047122,-2,0,256
-4.0795,-3.777,-0.0065185,0.00047122,-2,0,256
-5.0669,-3.4535,-0.0065185,0.00047122,-2,0,256
-3.0562,-3.0428,-0.0065185,0.00047122,-2,0,256
2.6061,3.682,4.9935,0.00047122,1,1,256
1.0483,1.0617,-0.0065185,0.00047122,-2,1,256
-1.0328,-3.6319,-0.0065185,0.00047122,-2,0,256
0.97279,0.9862,-0.0065185,0.00047122,-2,0,256
0.97754,-0.76308,-0.0065185,0.00047122,-2,0,256
2.9816,2.9682,-0.0065185,0.00047122,-2,0,256
2.535,0.72093,-4.0065,0.00047122,1,0,256
3.9879,3.982,-0.0065185,0.00047122,-2,0,256
3.9904,4.0038,-0.0065185,0.00047122,-2,0,256
-2.9836,2.4863,-0.0065185,0.00047122,-2,1,256
-1.9854,-1.972,-0.0065185,0.00047122,-2,0,256
1.6958,2.1666,3.9935,0.00047122,1,0,256
0.011812,-4.8271,-0.0065185,0.00047122,-2,1,256
2.9982,0.0043455,-0.0065185,0.00047122,-2,0,256
1.9992,4.4744,-0.0065185,0.00047122,-2,1,256
-1.2955,2.1756,-0.0065185,0.00047122,-2,1,256
0.55947,0.72551,-0.0065185,0.00047122,-2,1,256
1.3045,1.3179,-0.0065185,0.00047122,-2,1,256
-0.54553,-0.68974,-0.0065185,0.00047122,-2,0,256
0.47197,0.48539,4.9935,0.00047122,1,1,256
3.8468,3.8603,-0.0065185,0.00047122,-2,0,256
-3.6955,-5.5946,-0.0065185,0.00047122,-2,0,256
2.7045,3.1629,-0.0065185,0.00047122,-2,0,256
2.2995,1.3311,3.9935,0.00047122,1,1,256
2.2327,4.4619,-0.0065185,0.00047122,-2,1,256
-0.95151,0.90789,-0.0065185,0.00047122,-2,0,256
0.30447,1.0249,-0.0065185,0.00047122,-2,1,256
0.25947,-1.1853,-3.0065,0.00047122,1,0,256
-1.7673,1.1229,-0.0065185,0.00047122,-2,0,256
-5.5455,-4.2104,-0.0065185,0.00047122,-2,0,256
-7.163,-6.0261,-0.0065185,0.00047122,-2,1,256
7.2545,6.1103,-0.0065185,0.00047122,-2,0,256
4.617,1.9267,-0.0065185,0.00047122,-2,1,256
-3.1455,-3.1321,-0.0065185,0.00047122,-2,0,256
-5.3955,0.62792,-0.0065185,0.00047122,-2,0,256
4.5945,-3.7667,4.9935,0.00047122,1,1,256
-7.452,-6.6886,-0.0065185,0.00047122,-2,0,256
-5.0836,-6.3201,-0.0065185,0.00047122,-2,0,256
6.7793,3.6554,-0.0065185,0.00047122,-2,1,256
-5.7541,-0.99153,2.9935,0.00047122,1,0,256
6.2868,-3.5165,-0.0065185,0.00047122,-2,1,256
-2.0855,-5.3221,-0.0065185,0.00047122,-2,0,256
-0.069059,0.15668,-0.0065185,0.00047122,-2,1,256
0.066975,1.4724,1.9935,0.00047122,1,0,256
0.67385,-2.196,-0.0065185,0.00047122,-2,1,256
-1.5645,0.45466,-0.0065185,0.00047122,-2,0,256
-0.47915,-0.46573,-0.0065185,0.00047122,-2,0,256
-1.4066,-1.1157,-0.0065185,0.00047122,-2,0,256
-3.3449,-3.3315,-0.0065185,0.00047122,-2,0,256
-2.2925,-1.0016,-0.0065185,0.00047122,-2,0,256
-1.948,-1.9346,-5.0065,0.00047122,1,0,256
-1.2101,-4.4467,-0.0065185,0.00047122,-2,0,256
1.8221,-1.0145,-0.0065185,0.00047122,-2,0,256
1.8494,1.8629,-0.0065185,0.00047122,-2,0,256
0.87269,1.5641,-0.0065185,0.00047122,-2,0,256
-1.1075,-1.0941,-0.0065185,0.00047122,-2,0,256
1.0997,-0.7777,-0.0065185,0.00047122,-2,1,256
-1.0765,-0.76998,-0.0065185,0.00047122,-2,0,256
-3.9267,0.81508,-0.0065185,0.00047122,-2,1,256
0.946,3.4628,-0.0065185,0.00047122,-2,0,256
1.9548,0.81819,-0.0065185,0.00047122,-2,0,256
-2.9533,-3.0145,-0.0065185,0.00047122,-2,1,256
3.9686,3.982,-0.0065185,0.00047122,-2,1,256
0.60447,-3.4055,-0.0065185,0.00047122,-2,0,256
1.8945,-0.49211,-0.0065185,0.00047122,-2,0,256
1.611,-1.9847,3.9935,0.00047122,1,0,256
3.727,-2.6596,-0.0065185,0.00047122,-2,1,256
-0.60965,-2.0701,-0.0065185,0.00047122,-2,0,256
0.52648,0.53989,-0.0065185,0.00047122,-2,1,256
-0.55182,-0.53841,-0.0065185,0.00047122,-2,0,256
2.1545,2.1679,-0.0065185,0.00047122,-2,0,256
-2.9955,-2.5321,-0.0065185,0.00047122,-2,0,257
1.0045,1.0179,-0.0065185,0.00047122,-2,0,257
0.0044729,-2.1496,-0.0065185,0.00047122,-2,0,257
1.0045,0.017889,-0.0065185,0.00047122,-2,1,257
1.0045,1.0179,-0.0065185,0.00047122,-2,1,257
-0.99553,-0.70461,-0.0065185,0.00047122,-2,0,257
3.0045,0.86789,-0.0065185,0.00047122,-2,1,257
4.0045,4.0179,-0.0065185,0.00047122,-2,1,257
-4.9955,-2.1496,-0.0065185,0.00047122,-2,0,257
5.0045,4.2679,-0.0065185,0.00047122,-2,1,257
-1.9955,-4.2321,-0.0065185,0.00047122,-2,0,257
0.0044729,1.7179,-0.0065185,0.00047122,-2,1,257
3.0045,0.017889,-0.0065185,0.00047122,-2,0,257
2.5545,2.5679,-5.0065,0.00047122,1,0,257
3.0045,-4.2321,-0.0065185,0.00047122,-2,0,257
3.0045,3.0179,-0.0065185,0.00047122,-2,0,257
3.0045,3.0179,-0.0065185,0.00047122,-2,1,257
-2.5455,-1.8245,-0.0065185,0.00047122,-2,0,257
2.172,1.5839,4.9935,0.00047122,1,0,257
-2.9955,-7.2321,-0.0065185,0.00047122,-2,1,257
4.0045,1.5839,-0.0065185,0.00047122,-2,0,257
-0.99553,-6.4527,-0.0065185,0.00047122,-2,1,257
2.0045,2.0179,-0.0065185,0.00047122,-2,1,257
-1.2955,-2.2596,-0.0065185,0.00047122,-2,0,257
-0.54553,-0.53211,-0.0065185,0.00047122,-2,0,257
-0.46303,-0.92136,-4.0065,0.00047122,1,0,257
0.1621,0.17551,-0.0065185,0.00047122,-2,0,257
-1.4295,-4.1402,-0.0065185,0.00047122,-2,0,257
6.5545,1.2368,-0.0065185,0.00047122,-2,1,257
7.172,1.3299,-0.0065185,0.00047122,-2,1,257
-6.8379,-6.8245,-0.0065185,0.00047122,-2,0,257
3.5705,2.1218,-0.0065185,0.00047122,-2,1,257
-4.3266,-3.0132,-0.0065185,0.00047122,-2,0,257
-4.127,-4.1136,-0.0065185,0.00047122,-2,0,257
3.5162,1.2589,4.9935,0.00047122,1,1,257
5.8219,3.4804,-0.0065185,0.00047122,-2,1,257
2.6993,4.9627,-0.0065185,0.00047122,-2,1,257
4.5951,4.6085,-0.0065185,0.00047122,-2,1,257
-3.8976,-1.9291,-5.0065,0.00047122,1,0,257
4.4312,3.6068,-0.0065185,0.00047122,-2,1,257
-4.3582,-4.3448,-0.0065185,0.00047122,-2,0,257
-2.3038,-2.2904,-0.0065185,0.00047122,-2,0,257
-4.2576,-4.2442,-0.0065185,0.00047122,-2,0,257
-4.2183,-4.2049,-0.0065185,0.00047122,-2,0,257
3.5938,1.7212,3.9935,0.00047122,1,1,257
-3.1565,-3.5431,-0.0065185,0.00047122,-2,0,257
-1.1323,-1.1189,-0.0065185,0.00047122,-2,0,257
5.1208,2.3017,-0.0065185,0.00047122,-2,1,257
5.1033,4.9227,-0.0065185,0.00047122,-2,1,257
1.9205,-3.6786,-0.0065185,0.00047122,-2,1,257
2.3045,2.3179,-0.0065185,0.00047122,-2,1,257
-1.9505,-5.9921,-5.0065,0.00047122,1,0,257
0.11447,0.12789,-0.0065185,0.00047122,-2,0,257
-0.45203,-0.43861,-0.0065185,0.00047122,-2,1,257
1.3045,-1.718,-0.0065185,0.00047122,-2,0,257
-3.4405,0.62792,-0.0065185,0.00047122,-2,0,257
3.2327,-0.92136,-0.0065185,0.00047122,-2,1,257
-2.7395,0.20364,-5.0065,0.00047122,1,0,257
-3.8829,-2.6292,-0.0065185,0.00047122,-2,0,257
2.7588,2.7722,-0.0065185,0.00047122,-2,1,257
-2.3367,-2.7908,-2.0065,0.00047122,1,1,257
-0.55053,-0.28211,-0.0065185,0.00047122,-2,0,257
0.47622,-0.71141,4.9935,0.00047122,1,1,257
2.9605,2.9368,-0.0065185,0.00047122,-2,1,257
-3.1081,-2.9381,-0.0065185,0.00047122,-2,0,257
3.2502,2.0205,-0.0065185,0.00047122,-2,1,257
4.3633,2.6004,-0.0065185,0.00047122,-2,1,257
0.45949,0.32304,-0.0065185,0.00047122,-2,1,257
0.39124,3.0398,3.9935,0.00047122,1,0,257
-4.718,-2.9189,-0.0065185,0.00047122,-2,0,257
5.4045,5.4179,-0.0065185,0.00047122,-2,1,257
-5.8855,-2.6474,-0.0065185,0.00047122,-2,0,257
-5.452,-2.6976,-0.0065185,0.00047122,-2,0,257
6.0925,3.7088,-0.0065185,0.00047122,-2,0,257
2.4045,1.1748,-0.0065185,0.00047122,-2,1,257
2.0445,2.0579,-4.0065,0.00047122,1,0,257
3.461,-3.5306,-0.0065185,0.00047122,-2,1,257
-2.8455,-1.9439,-0.0065185,0.00047122,-2,0,257
-0.27303,1.6106,-0.0065185,0.00047122,-2,0,257
-1.1455,-1.1321,-0.0065185,0.00047122,-2,0,257
0.98197,2.9461,-4.0065,0.00047122,1,0,257
1.3903,1.5056,-0.0065185,0.00047122,-2,1,257
0.70447,0.71789,-0.0065185,0.00047122,-2,1,257
0.55947,1.0294,-0.0065185,0.00047122,-2,1,257
-0.46728,-1.4096,3.9935,0.00047122,1,0,257
2.5595,1.9729,-0.0065185,0.00047122,-2,1,257
3.4045,1.9093,-0.0065185,0.00047122,-2,1,257
2.8945,2.9079,-0.0065185,0.00047122,-2,0,257
4.0045,-2.0701,-0.0065185,0.00047122,-2,1,257
3.4045,-1.9821,-0.0065185,-1.9995,-1,1,257
-2.8855,-2.8721,2.9935,0.00047122,1,0,257
-3.9955,2.5679,-0.0065185,0.00047122,-2,0,257
-4.9955,-3.3821,-0.0065185,0.00047122,-2,0,257
-2.9955,-2.9821,-0.0065185,0.00047122,-2,0,257
-2.5455,-0.98211,-0.0065185,-0.99953,-1,1,257
-2.163,-0.83211,3.9935,0.00047122,1,1,257
2.1621,3.2954,-0.0065185,0.00047122,-2,1,257
-2.5615,-1.5962,-0.0065185,0.00047122,-2,0,257
-1.8455,1.4744,-0.0065185,0.00047122,-2,0,257
-1.273,-0.46725,-0.0065185,0.00047122,-2,0,257
-1.2955,1.1038,-0.0065185,0.00047122,-2,1,257
-0.55053,-3.1402,-0.0065185,0.00047122,-2,0,257
1.3045,-0.92136,-0.0065185,0.00047122,-2,0,257
1.1095,1.1229,-5.0065,0.00047122,1,1,257
2.172,2.1854,-0.0065185,0.00047122,-2,0,257
3.0045,3.0179,-0.0065185,0.00047122,-2,1,257
-0.44553,-0.43211,-0.0065185,0.00047122,-2,1,257
-0.37803,-3.5539,2.9935,0.00047122,1,0,257
1.172,-1.007,-0.0065185,0.00047122,-2,1,257
2.1621,6.1854,-0.0065185,0.00047122,-2,1,257
-6.3955,-2.7915,-0.0065185,0.00047122,-2,0,257
5.4445,3.182,4.9935,0.00047122,1,1,257
5.461,5.4744,-0.0065185,0.00047122,-2,1,257
2.0925,4.0741,-0.0065185,0.00047122,-2,1,257
-0.22071,1.7927,-0.0065185,0.00047122,-2,0,257
1.3045,3.0179,-0.0065185,0.00047122,-2,0,257
-1.4405,0.017889,-0.0065185,0.00047122,-2,0,257
-4.2238,-2.9821,-0.0065185,0.00047122,-2,0,257
-1.0395,0.017889,-0.0065185,0.00047122,-2,0,257
-0.88294,-0.70218,3.9935,0.00047122,1,1,257
-1.9955,-5.3821,-0.0065185,0.00047122,-2,0,257
1.0045,1.1388,-0.0065185,0.00047122,-2,1,257
2.0045,2.1207,-0.0065185,0.00047122,-2,1,257
-0.99553,0.10524,-0.0065185,0.00047122,-2,0,257
0.85447,-0.90693,-4.0065,0.00047122,1,1,257
-0.71803,2.6954,-0.0065185,0.00047122,-2,1,257
3.0045,0.017889,-0.0065185,0.00047122,-2,0,257
3.5545,5.0244,-0.0065185,0.00047122,-2,1,257
3.022,0.86789,-4.0065,0.00047122,1,0,257
1.8468,-1.6073,-0.0065185,0.00047122,-2,1,257
2.0045,3.5265,-0.0065185,0.00047122,-2,1,257
3.0045,1.3002,-0.0065185,0.00047122,-2,1,257
-3.9955,-2.5321,-0.0065185,0.00047122,-2,1,257
0.60447,1.8504,-0.0065185,0.00047122,-2,1,257
0.89447,0.90789,-0.0065185,0.00047122,-2,0,257
0.46097,0.47439,-0.0065185,0.00047122,-2,0,257
-0.083552,0.68677,-0.0065185,0.00047122,-2,1,257
-2.2207,2.2763,-0.0065185,0.00047122,-2,0,257
0.49587,2.4562,-0.0065185,0.00047122,-2,1,257
0.28678,0.3002,-0.0065185,0.00047122,-2,0,257
1.9145,2.323,-0.0065185,0.00047122,-2,1,257
-1.922,-1.5727,-0.0065185,0.00047122,-2,1,257
2.792,2.8054,-0.0065185,0.00047122,-2,1,257
-5.6955,-2.1088,-0.0065185,0.00047122,-2,0,257
4.8495,4.8629,-3.0065,0.00047122,1,1,257
-5.2238,1.3396,-0.0065185,0.00047122,-2,0,257
4.0485,2.8729,-0.0065185,0.00047122,-2,1,257
5.8919,5.9053,-0.0065185,0.00047122,-2,1,257
5.7588,1.7916,-0.0065185,0.00047122,-2,0,257
2.2545,4.909,-0.0065185,0.00047122,-2,0,257
-0.84553,-2.1632,1.9935,0.00047122,1,1,258
2.282,4.7179,-0.0065185,0.00047122,-2,1,258
2.3903,1.4629,-0.0065185,0.00047122,-2,1,258
-0.47352,-0.46011,-0.0065185,0.00047122,-2,1,258
-0.84553,-0.83211,-0.0065185,0.00047122,-2,0,258
2.0045,2.9053,-0.0065185,0.00047122,-2,1,258
-1.6955,-1.9821,-0.0065185,-1.9995,-1,0,258
-3.9955,-3.9821,-0.0065185,0.00047122,-2,0,258
2.0045,1.1493,-0.0065185,0.00047122,-2,1,258
-2.9955,-1.6821,-0.0065185,0.00047122,-2,0,258
4.0045,4.4116,-0.0065185,0.00047122,-2,1,258
3.0045,2.1854,-0.0065185,0.00047122,-2,1,258
2.5545,2.8524,-3.0065,0.00047122,1,0,258
4.172,-0.53211,-0.0065185,0.00047122,-2,1,258
-2.6955,-1.8245,-0.0065185,0.00047122,-2,1,258
-0.14553,3.0289,-0.0065185,0.00047122,-2,1,258
0.15447,-0.10961,-0.0065185,0.00047122,-2,0,258
3.8545,1.9119,-0.0065185,0.00047122,-2,1,258
3.277,1.4273,4.9935,0.00047122,1,1,258
1.172,5.0222,-0.0065185,0.00047122,-2,0,258
1.1545,1.0103,-0.0065185,0.00047122,-2,1,258
-5.6955,-4.6188,-0.0065185,0.00047122,-2,0,258
6.4495,4.8629,-0.0065185,0.00047122,-2,1,258
5.4827,5.4961,3.9935,0.00047122,1,1,258
-4.0395,-3.9438,-0.0065185,0.00047122,-2,0,258
-3.4329,-0.79958,-0.0065185,0.00047122,-1,0,258
-2.7498,-2.677,-0.0065185,0.00047122,-2,0,258
0.36332,0.42727,-0.0065185,0.00047122,-2,1,258
1.8545,1.8679,-0.0065185,0.00047122,-2,1,258
-1.568,-0.24138,1.9935,0.00047122,1,0,258
1.3411,-1.068,-4.0065,0.00047122,1,1,258
-1.5175,4.5079,-0.0065185,0.00047122,-2,0,258
-1.4392,-1.4258,-0.0065185,0.00047122,-2,0,258
0.62732,0.082886,-0.0065185,0.00047122,-2,0,258
1.6839,2.6873,-0.0065185,0.00047122,-2,1,258
-4.6955,-1.4096,-0.0065185,0.00047122,-2,0,258
4.4495,3.632,-0.0065185,0.00047122,-2,1,258
-3.2238,-3.2104,-0.0065185,0.00047122,-2,0,258
4.0485,3.4616,-0.0065185,0.00047122,-2,1,258
3.4419,1.9611,3.9935,0.00047122,1,1,258
-5.7498,-4.1364,-0.0065185,0.00047122,-2,0,258
2.6456,2.2904,-0.0065185,0.00047122,-2,1,258
-3.5405,-3.5271,-0.0065185,0.00047122,-2,0,258
3.0177,3.5517,4.9935,0.00047122,1,1,258
-5.3893,-4.6259,-0.0065185,0.00047122,-2,0,258
-3.3302,-3.3168,-0.0065185,0.00047122,-2,0,258
2.839,3.7513,2.9935,0.00047122,1,1,258
2.2463,2.2597,-0.0065185,0.00047122,-2,1,258
1.21,1.2234,-0.0065185,0.00047122,-2,1,258
-1.0202,-1.9992,3.9935,0.00047122,1,0,258
-2.144,-2.1306,-0.0065185,0.00047122,-2,0,258
0.1307,-2.7459,-0.0065185,0.00047122,-2,0,258
0.11177,-2.393,0.99348,0.00047122,1,0,258
-2.9955,-5.0701,-0.0065185,0.00047122,-2,0,258
1.0045,-0.70461,-0.0065185,0.00047122,-2,1,258
0.0044729,0.017889,-0.0065185,0.00047122,-2,1,258
0.0044729,-1.9869,3.9935,0.00047122,1,0,258
-4.9955,-4.9821,-0.0065185,0.00047122,-2,0,258
-3.9955,-3.9821,-0.0065185,0.00047122,-2,0,258
-2.9955,-3.7696,-0.0065185,0.00047122,-2,0,258
-3.9955,1.4365,-0.0065185,0.00047122,-2,0,258
-3.9955,-4.5511,-0.0065185,0.00047122,-2,0,258
-3.9955,-2.8721,-0.0065185,0.00047122,-2,0,258
3.4045,3.4179,-2.0065,0.00047122,1,1,258
-2.9955,-3.3315,-0.0065185,0.00047122,-2,0,258
0.0044729,0.017889,-0.0065185,0.00047122,-2,1,258
3.0045,2.7654,-0.0065185,0.00047122,-2,1,258
-3.5455,-2.5321,-0.0065185,0.00047122,-2,0,258
3.172,3.0354,-0.0065185,0.00047122,-2,1,258
-2.6879,-2.6745,3.9935,0.00047122,1,0,258
-0.42951,-1.341,-0.0065185,0.00047122,-2,0,258
3.7045,0.38677,-0.0065185,0.00047122,-2,1,258
-3.4405,-3.1271,-0.0065185,0.00047122,-2,0,258
-2.9238,-3.7701,-4.0065,0.00047122,1,0,258
-2.4845,-5.1569,-5.0065,0.00047122,1,0,258
5.8919,5.1553,-0.0065185,0.00047122,-2,1,258
-4.7498,-5.2644,-0.0065185,0.00047122,-2,0,258
5.6456,5.659,-0.0065185,0.00047122,-2,1,258
-3.5405,-3.9792,-0.0065185,0.00047122,-2,0,258
-4.4588,-4.4453,-0.0065185,0.00047122,-2,0,258
3.7982,2.5791,-4.0065,0.00047122,1,0,258
-4.8855,-2.3935,-0.0065185,0.00047122,-2,0,258
1.3045,2.5343,-0.0065185,0.00047122,-2,1,258
-0.44553,-0.52561,-0.0065185,0.00047122,-2,1,258
0.83697,-0.92136,-0.0065185,0.00047122,-2,1,258
-3.5455,-3.5321,-0.0065185,0.00047122,-2,0,258
0.17197,-1.0947,-0.0065185,0.00047122,-2,0,258
-0.1379,-0.54218,2.9935,0.00047122,1,1,258
-1.5505,-1.8921,-0.0065185,0.00047122,-2,0,258
0.55447,-3.3779,-0.0065185,0.00047122,-2,1,258
3.172,-0.82449,-0.0065185,0.00047122,-2,1,258
1.8468,-1.5481,-0.0065185,0.00047122,-2,1,258
-1.5615,-0.31988,-5.0065,0.00047122,1,0,258
1.6734,4.1493,-0.0065185,0.00047122,-2,1,258
2.5545,1.4364,-0.0065185,0.00047122,-2,1,258
0.17197,-5.0527,-0.0065185,0.00047122,-2,1,258
0.14685,1.8603,-4.0065,0.00047122,1,1,258
0.43845,4.2364,-0.0065185,0.00047122,-2,1,258
0.70447,0.71789,-0.0065185,0.00047122,-2,1,258
0.44947,0.46289,-0.0065185,0.00047122,-2,1,258
-1.2238,-0.24863,-0.0065185,0.00047122,-2,0,258
1.0485,1.0619,1.9935,0.00047122,1,1,258
1.1171,-2.5695,-0.0065185,0.00047122,-2,0,258
0.95017,0.43558,-5.0065,0.00047122,1,0,258
1.6456,1.659,-0.0065185,0.00047122,-2,1,258
1.5495,1.5629,-0.0065185,0.00047122,-2,1,258
0.54124,-3.516,-0.0065185,0.00047122,-2,0,258
-2.3893,0.19852,-0.0065185,0.00047122,-2,1,258
-1.6955,-1.6821,-0.0065185,0.00047122,-2,0,258
-1.4405,0.63201,-3.0065,0.00047122,1,1,258
-0.22378,-2.7739,-0.0065185,0.00047122,-2,0,258
-1.1455,1.3116,-0.0065185,0.00047122,-2,0,258
1.727,-0.95961,-0.0065185,0.00047122,-2,1,258
0.85447,-1.4271,-0.0065185,0.00047122,-2,1,258
0.72697,-1.3366,-4.0065,0.00047122,1,1,258
0.6186,-4.4261,-0.0065185,0.00047122,-2,1,258
4.5265,4.5399,-0.0065185,0.00047122,-2,1,258
4.4482,4.4616,-0.0065185,0.00047122,-2,1,258
-5.3727,-0.35926,-0.0065185,0.00047122,-2,0,258
5.3251,3.7229,-0.0065185,0.00047122,-2,1,258
3.277,2.5547,-0.0065185,0.00047122,-2,1,258
4.2361,4.2495,-0.0065185,0.00047122,-2,1,258
3.6013,2.7538,-2.0065,0.00047122,1,1,258
-3.1629,-3.1495,-0.0065185,0.00047122,-2,0,258
0.14671,-1.6689,-0.0065185,0.00047122,-2,1,258
1.1254,-0.18765,-0.0065185,0.00047122,-2,1,258
0.95724,0.69318,-4.0065,0.00047122,1,1,258
1.9171,3.3305,-0.0065185,0.00047122,-2,1,258
-1.6955,-1.6821,-0.0065185,0.00047122,-2,0,258
-1.4405,-1.4271,-0.0065185,0.00047122,-2,0,258
-1.2238,-2.1613,-3.0065,0.00047122,1,0,258
-4.0395,-3.5761,-0.0065185,0.00047122,-2,0,258
-3.8829,-3.8695,-0.0065185,0.00047122,-2,0,258
-2.7498,-2.7364,-0.0065185,0.00047122,-2,0,258
-3.6367,-3.6233,-0.0065185,0.00047122,-2,0,258
-3.5405,-2.0931,-0.0065185,0.00047122,-2,0,258
4.4677,3.3554,-0.0065185,0.00047122,-2,1,258
-4.3893,-3.7759,-0.0065185,0.00047122,-2,0,258
3.7392,3.9869,3.9935,0.00047122,1,1,258
3.289,3.5015,-0.0065185,0.00047122,-2,1,258
-5.2373,-5.2239,-0.0065185,0.00047122,-2,0,258
3.21,3.3673,-0.0065185,0.00047122,-2,1,258
0.17918,0.31489,-0.0065185,0.00047122,-2,1,258
-0.14403,-1.9054,-4.0065,0.00047122,1,0,258
-2.1218,-2.1083,-0.0065185,0.00047122,-2,0,258
-3.1028,-2.9794,-0.0065185,0.00047122,-2,0,258
-4.0867,-2.6871,-0.0065185,0.00047122,-2,0,258
3.482,3.5497,-2.0065,0.00047122,1,1,258
-2.0614,1.6059,-0.0065185,0.00047122,-2,1,258
-3.6955,-1.7381,-0.0065185,0.00047122,-2,0,258
-3.6955,-2.0297,-0.0065185,0.00047122,-2,0,258
-1.4405,-0.3831,-0.0065185,0.00047122,-2,0,258
0.77622,-0.016507,-0.0065185,0.00047122,-2,0,258
0.96046,0.67388,-0.0065185,0.00047122,-2,0,258
-0.80812,-0.7947,-2.0065,0.00047122,1,0,258
1.5595,1.5729,-0.0065185,0.00047122,-2,0,258
-1.7673,1.2282,-0.0065185,0.00047122,-2,1,258
0.048485,0.061901,-0.0065185,0.00047122,-2,0,258
-1.1455,0.18539,-0.0065185,0.00047122,-2,0,258
-0.29553,-1.0947,-0.0065185,0.00047122,-2,1,258
0.44947,-0.22781,-0.0065185,0.00047122,-2,1,258
1.7762,1.7896,-0.0065185,0.00047122,-2,1,258
3.5545,3.5679,-0.0065185,0.00047122,-2,1,258
4.172,4.1854,-0.0065185,0.00047122,-2,1,258
-6.8379,-5.3027,-0.0065185,0.00047122,-2,0,258
2.5705,2.5839,-0.0065185,0.00047122,-2,1,258
3.3356,3.349,-0.0065185,0.00047122,-2,1,258
-0.12698,0.82101,-0.0065185,0.00047122,-2,0,258
-0.95726,-0.7383,-0.0065185,0.00047122,-2,0,258
0.82194,0.83536,-2.0065,0.00047122,1,1,258
2.6993,2.7127,-0.0065185,0.00047122,-2,1,258
2.5951,2.6085,-0.0065185,0.00047122,-2,1,258
1.5065,1.5199,-0.0065185,0.00047122,-2,1,258
0.4312,0.44461,-0.0065185,0.00047122,-2,1,258
-2.3582,0.54258,-0.0065185,0.00047122,-2,0,258
-2.2955,1.7179,-0.0065185,0.00047122,-2,1,259
-4.3955,2.1059,-0.0065185,0.00047122,-2,0,259
4.8545,1.1331,-0.0065185,0.00047122,-2,0,259
-1.3955,-1.3821,-0.0065185,0.00047122,-2,0,259
-0.29553,-2.6843,-0.0065185,0.00047122,-2,0,259
-3.5505,-5.5041,-0.0065185,0.00047122,-2,0,259
1.7762,1.7896,-0.0065185,0.00047122,-2,1,259
2.9605,2.9739,-0.0065185,0.00047122,-2,1,259
-2.1081,-3.3027,-0.0065185,0.00047122,-2,0,259
-2.2412,-0.11522,-0.0065185,0.00047122,-2,0,259
-2.3544,-3.2137,-0.0065185,0.00047122,-2,0,259
1.4595,1.6404,-0.0065185,0.00047122,-2,0,259
-1.2323,-1.8495,2.9935,0.00047122,1,1,259
-4.4405,1.1229,-0.0065185,0.00047122,-2,0,259
-1.5455,3.1854,-0.0065185,0.00047122,-2,1,259
-0.14553,-0.13211,-0.0065185,0.00047122,-2,1,259
-2.273,-2.2596,-0.0065185,0.00047122,-2,0,259
5.5545,3.3854,-0.0065185,0.00047122,-2,1,259
-4.713,-4.6996,1.9935,0.00047122,1,0,259
-4.8379,-4.1136,-0.0065185,0.00047122,-2,0,259
2.5705,0.13891,-0.0065185,0.00047122,-2,1,259
0.67336,-1.6496,-0.0065185,0.00047122,-2,1,259
2.3045,-0.55066,-0.0065185,0.00047122,-2,1,259
-1.9505,-1.558,-4.0065,0.00047122,1,0,259
-0.10553,4.2354,-0.0065185,0.00047122,-2,0,259
1.5545,-5.3286,-0.0065185,0.00047122,-2,0,259
-2.8455,1.3354,-0.0065185,0.00047122,-2,0,259
2.727,2.4404,-0.0065185,0.00047122,-2,1,259
1.6186,1.632,-0.0065185,0.00047122,-2,0,259
-2.8455,-2.7094,-0.0065185,0.00047122,-2,0,259
2.427,2.4404,-4.0065,0.00047122,1,1,259
-0.44053,0.091421,-0.0065185,0.00047122,-2,0,259
-1.7673,-1.7539,-0.0065185,0.00047122,-2,0,259
-1.4455,-1.5256,-0.0065185,0.00047122,-2,1,259
-0.16303,-0.14961,-0.0065185,0.00047122,-2,1,259
-2.2955,-2.2821,-0.0065185,0.00047122,-2,0,259
2.4045,0.52649,-0.0065185,0.00047122,-2,0,259
-0.14553,-2.0221,-0.0065185,0.00047122,-2,1,259
-2.718,0.57088,-0.0065185,0.00047122,-2,0,259
-2.3097,-1.9346,3.9935,0.00047122,1,0,259
0.48247,2.8959,-0.0065185,0.00047122,-2,0,259
-1.4392,-1.4258,-0.0065185,0.00047122,-2,0,259
-0.37268,0.58535,-0.0065185,0.00047122,-2,1,259
0.32505,-0.27566,3.9935,0.00047122,1,0,259
-3.9955,-4.5041,-0.0065185,0.00047122,-2,0,259
3.0045,-2.4284,-0.0065185,0.00047122,-2,1,259
4.0045,2.5679,-0.0065185,0.00047122,-2,1,259
-3.9955,-4.3027,-0.0065185,0.00047122,-2,0,259
4.0045,3.1804,-0.0065185,0.00047122,-2,1,259
-3.3955,-3.6137,-5.0065,0.00047122,1,0,259
0.0044729,4.4648,-0.0065185,0.00047122,-2,1,259
-0.99553,-0.14945,-0.0065185,0.00047122,-2,0,259
3.0045,1.0101,-0.0065185,0.00047122,-2,1,259
5.0045,5.1388,-0.0065185,0.00047122,-2,1,259
4.0045,4.1207,-0.0065185,0.00047122,-2,1,259
-1.9955,-1.9118,-0.0065185,0.00047122,-2,0,259
1.7045,1.7921,2.9935,0.00047122,1,1,259
2.0045,2.081,-0.0065185,0.00047122,-2,1,259
3.0045,2.1854,-0.0065185,0.00047122,-2,1,259
1.0045,0.97229,-0.0065185,0.00047122,-2,0,259
2.0045,1.9791,-0.0065185,0.00047122,-2,1,259
-0.29553,-0.28211,-0.0065185,0.00047122,-2,0,259
-2.6955,-2.6821,-0.0065185,0.00047122,-2,0,259
2.2995,1.349,-4.0065,0.00047122,1,1,259
-3.2238,2.1896,-0.0065185,0.00047122,-2,0,259
4.0485,2.7619,-0.0065185,0.00047122,-2,1,259
2.8919,2.9053,-0.0065185,0.00047122,-2,1,259
2.7588,2.7722,-0.0065185,0.00047122,-2,1,259
0.64563,0.017889,-0.0065185,0.00047122,-2,1,259
-0.54051,-2.0931,2.9935,0.00047122,1,0,259
1.4677,-2.0689,-0.0065185,0.00047122,-2,1,259
0.39822,0.41164,-0.0065185,0.00047122,-2,1,259
2.6698,-1.0393,-0.0065185,0.00047122,-2,1,259
-6.5455,0.63201,-0.0065185,0.00047122,-2,0,259
5.572,2.8959,-3.0065,0.00047122,1,1,259
-5.8379,-5.8245,-0.0065185,0.00047122,-2,0,259
-3.5615,-3.5481,-0.0065185,0.00047122,-2,0,259
-4.3266,0.52915,-0.0065185,0.00047122,-2,0,259
-5.127,-3.7096,-0.0065185,0.00047122,-2,0,259
-3.9573,-3.1113,-0.0065185,0.00047122,-2,0,259
-3.363,-3.3496,-5.0065,0.00047122,1,0,259
2.6993,4.1005,-0.0065185,0.00047122,-2,1,259
-4.5862,-2.2727,-0.0065185,0.00047122,-2,0,259
-5.4976,-3.8841,-0.0065185,0.00047122,-2,1,259
-3.2455,-3.2321,-0.0065185,0.00047122,-2,1,259
0.39197,-3.5073,-0.0065185,0.00047122,-2,1,259
0.075098,-0.89409,-0.0065185,0.00047122,-2,0,259
-0.055558,1.1331,4.9935,0.00047122,1,1,259
1.7859,1.7994,-0.0065185,0.00047122,-2,1,259
3.1187,1.7446,-0.0065185,0.00047122,-2,1,259
1.4016,1.415,-0.0065185,0.00047122,-2,1,259
0.36693,-0.055643,-0.0065185,0.00047122,-2,0,259
-0.30361,1.9304,4.9935,0.00047122,1,1,259
-3.0112,-3.5627,-0.0065185,0.00047122,-2,0,259
4.1678,2.8489,-0.0065185,0.00047122,-2,1,259
-3.2843,-3.7485,-0.0065185,0.00047122,-2,0,259
2.7999,2.8134,4.9935,0.00047122,1,1,259
3.4906,3.754,-0.0065185,0.00047122,-2,1,259
3.5677,3.5811,-0.0065185,0.00047122,-2,1,259
-0.36678,2.5366,-0.0065185,0.00047122,-2,1,259
0.68891,0.8033,-0.0065185,0.00047122,-2,1,259
-0.26376,-0.16451,-0.0065185,0.00047122,-2,0,259
1.0045,1.0179,-0.0065185,0.00047122,-2,1,259
-0.84553,-0.17591,-5.0065,0.00047122,1,0,259
-3.9955,-4.2321,-0.0065185,0.00047122,-2,0,259
-2.9955,-3.3821,-0.0065185,0.00047122,-2,0,259
3.0045,2.5679,-0.0065185,0.00047122,-2,1,259
-3.9955,-3.9821,-0.0065185,0.00047122,-2,0,259
-4.9955,-4.9821,-0.0065185,0.00047122,-2,0,259
-4.2455,-1.8245,2.9935,0.00047122,1,0,259
-0.99553,-0.98211,-0.0065185,0.00047122,-2,0,259
-0.99553,-2.1496,-0.0065185,0.00047122,-2,0,259
-1.1455,1.8603,-0.0065185,0.00047122,-2,1,259
-2.273,-0.95961,-0.0065185,0.00047122,-2,0,259
-1.9314,-1.201,-5.0065,0.00047122,1,0,259
-2.163,-5.4604,-0.0065185,0.00047122,-2,0,259
-1.8379,-1.0261,-0.0065185,0.00047122,-2,0,259
1.4385,-1.5481,-0.0065185,0.00047122,-2,1,259
-1.4455,-3.9821,-0.0065185,0.00047122,-2,0,259
0.60447,1.5442,-0.0065185,0.00047122,-2,1,259
0.40447,0.52789,-0.0065185,0.00047122,-2,1,259
1.8945,0.58391,-0.0065185,0.00047122,-2,0,259
-1.602,-0.27111,4.9935,0.00047122,1,1,259
3.282,-6.0745,-0.0065185,0.00047122,-2,1,259
-4.3955,-4.3821,-0.0065185,0.00047122,-2,0,259
6.8945,-3.5747,-0.0065185,0.00047122,-2,1,259
-5.852,-5.8386,-5.0065,0.00047122,1,0,259
5.0925,6.3559,-0.0065185,0.00047122,-2,1,259
1.7793,1.7927,-0.0065185,0.00047122,-2,1,259
2.4959,-3.6582,-0.0065185,0.00047122,-2,1,259
-2.1132,-4.7446,-3.0065,0.00047122,1,0,259
0.89447,1.0019,-0.0065185,0.00047122,-2,1,259
-0.53903,-4.3132,-0.0065185,0.00047122,-2,0,259
0.45447,0.46789,-0.0065185,0.00047122,-2,0,259
-0.16303,-0.14961,-0.0065185,0.00047122,-2,0,259
-2.1532,0.35167,-0.0065185,0.00047122,-2,0,259
-0.39553,-2.4947,-0.0065185,0.00047122,-2,1,259
1.5545,-0.22781,-0.0065185,0.00047122,-2,1,259
1.322,-0.26742,4.9935,0.00047122,1,1,259
-1.8379,-6.0745,-0.0065185,0.00047122,-2,0,259
-0.42951,0.48112,-0.0065185,0.00047122,-2,1,259
0.67336,0.38677,-0.0065185,0.00047122,-2,1,259
-1.2955,-1.5371,-0.0065185,0.00047122,-2,0,259
1.1095,1.1229,-3.0065,0.00047122,1,0,259
-0.22378,-2.2903,-0.0065185,0.00047122,-2,0,259
-3.0395,-0.17612,-0.0065185,0.00047122,-2,0,259
-2.8829,-2.8695,-0.0065185,0.00047122,-2,0,259
-2.4498,-2.1814,3.9935,0.00047122,1,0,259
2.6456,-2.051,-0.0065185,0.00047122,-2,1,259
-0.54051,-2.2271,-0.0065185,0.00047122,-2,0,259
-1.4588,-0.44535,-0.0065185,0.00047122,-2,0,259
-3.3893,-1.2259,-0.0065185,0.00047122,-2,0,259
-1.3302,-2.8668,-0.0065185,0.00047122,-2,0,259
3.289,3.6085,-0.0065185,0.00047122,-2,1,259
-2.7873,-1.2066,3.9935,0.00047122,1,0,259
-5.2011,-5.4088,-0.0065185,0.00047122,-2,0,259
-4.1702,-4.3448,-0.0065185,0.00047122,-2,0,259
-0.84702,-2.1303,-0.0065185,0.00047122,-2,1,259
-1.1218,-1.1083,-0.0065185,0.00047122,-2,0,259
-0.88823,-0.75936,-0.0065185,0.00047122,-2,1,259
0.91327,0.54081,-0.0065185,0.00047122,-2,1,259
1.1545,-0.67117,-0.0065185,0.00047122,-2,1,259
0.30447,0.31789,-0.0065185,0.00047122,-2,0,259
0.55947,0.57289,-0.0065185,0.00047122,-2,1,259
0.70447,-0.66153,-0.0065185,0.00047122,-2,1,259
-0.55053,-1.7096,-0.0065185,0.00047122,-2,1,259
-2.7673,0.1781,-0.0065185,0.00047122,-2,0,259
3.4045,-0.96543,-0.0065185,0.00047122,-2,1,259
2.8945,0.069482,-0.0065185,0.00047122,-2,1,259
-2.452,-0.025966,1.9935,0.00047122,1,0,259
-5.0836,-3.0194,-0.0065185,0.00047122,-2,0,259
2.7793,-1.3954,-0.0065185,0.00047122,-2,1,259
-5.5041,-0.85904,-0.0065185,0.00047122,-2,0,259
5.2868,3.4408,-0.0065185,0.00047122,-2,1,259
2.0944,1.0373,-0.0065185,0.00047122,-2,1,259
3.2716,-1.6233,-0.0065185,-0.99953,-1,0,260
0.54797,0.54731,-0.0065185,0.00047122,-2,1,260
-1.0836,1.7404,-0.0065185,0.00047122,-2,1,260
-0.22071,-2.7637,-0.0065185,0.00047122,-2,0,260
-1.5041,2.2399,-0.0065185,0.00047122,-2,1,260
1.7222,3.4616,-0.0065185,0.00047122,-2,1,260
-2.9056,-4.6233,-0.0065185,0.00047122,-2,0,260
2.078,3.3385,-0.0065185,0.00047122,-2,1,260
2.217,3.2904,-0.0065185,0.00047122,-2,1,260
-4.3262,-5.3759,-0.0065185,0.00047122,-2,0,260
-2.4266,-3.3168,-0.0065185,0.00047122,-2,0,260
2.5209,3.1852,-0.0065185,0.00047122,-2,1,260
-2.1344,-0.12435,3.9935,0.00047122,1,1,260
1.837,3.2123,-0.0065185,0.00047122,-2,1,260
-1.8379,3.4179,-0.0065185,0.00047122,-2,1,260
0.57049,-3.4386,-0.0065185,0.00047122,-2,0,260
-0.32664,1.0179,-0.0065185,0.00047122,-2,1,260
0.87302,0.017889,-0.0065185,0.00047122,-2,1,260
0.74274,1.7179,2.9935,0.00047122,1,1,260
4.187,5.0179,-0.0065185,0.00047122,-2,1,260
-0.69038,0.017889,-0.0065185,0.00047122,-2,1,260
-0.58615,1.8603,-0.0065185,0.00047122,-2,1,260
-4.4976,-3.1946,-0.0065185,0.00047122,-2,0,260
-3.8223,-3.3821,-5.0065,0.00047122,1,0,260
5.8945,4.2679,-0.0065185,0.00047122,-2,1,260
-5.452,-2.5321,-0.0065185,0.00047122,-2,0,260
-2.0836,-2.0701,-0.0065185,0.00047122,-2,1,260
-2.9955,-2.9821,-0.0065185,0.00047122,-2,0,260
1.4545,4.0179,-0.0065185,0.00047122,-2,1,260
3.4045,3.4179,-0.0065185,0.00047122,-2,1,260
2.8945,1.0655,2.9935,0.00047122,1,1,260
5.461,5.0244,-0.0065185,0.00047122,-2,1,260
5.0925,1.6062,-0.0065185,0.00047122,-2,1,260
-4.7703,-1.7146,-0.0065185,0.00047122,-2,0,260
6.5131,4.0765,-0.0065185,0.00047122,-2,1,260
4.2868,5.5502,-0.0065185,0.00047122,-2,1,260
6.0944,6.1079,-0.0065185,0.00047122,-2,1,260
3.9309,3.9444,-0.0065185,0.00047122,-2,1,260
3.792,1.4975,-0.0065185,0.00047122,-2,1,260
-3.2149,-2.2238,1.9935,0.00047122,1,0,260
1.5734,1.5869,-0.0065185,0.00047122,-2,1,260
-3.4791,-2.7594,-0.0065185,0.00047122,-2,0,260
1.4156,-1.3997,-0.0065185,0.00047122,-2,1,260
-1.1949,-0.67117,3.9935,0.00047122,1,1,260
3.282,3.2954,-0.0065185,0.00047122,-2,1,260
3.3903,3.4038,-0.0065185,0.00047122,-2,1,260
-4.4735,-7.4386,-0.0065185,0.00047122,-2,0,260
-0.55182,0.64399,-0.0065185,0.00047122,-2,0,260
0.62732,0.49074,-0.0065185,0.00047122,-2,1,260
-0.52495,-0.51153,1.9935,0.00047122,1,1,260
1.727,-0.68211,-0.0065185,0.00047122,-2,1,260
-1.8455,-1.6862,-0.0065185,0.00047122,-2,0,260
3.727,1.5904,-0.0065185,0.00047122,-2,1,260
-2.6097,-2.7696,-0.0065185,0.00047122,-2,0,260
-2.5175,-2.6515,-0.0065185,0.00047122,-2,0,260
2.4482,2.4616,-0.0065185,0.00047122,-2,1,260
-2.0727,-1.9253,1.9935,0.00047122,1,1,260
3.4495,0.31789,-0.0065185,0.00047122,-2,1,260
-5.6955,-4.3315,-0.0065185,0.00047122,-2,0,260
-6.4405,-2.3888,-0.0065185,0.00047122,-2,0,260
-5.2238,-4.4846,-0.0065185,0.00047122,-2,0,260
-3.0395,-2.1967,-0.0065185,0.00047122,-2,0,260
0.89188,0.9053,-0.0065185,0.00047122,-2,1,260
-0.74983,-3.1929,-5.0065,0.00047122,1,0,260
-4.6367,-4.6233,-0.0065185,0.00047122,-2,0,260
-3.5405,-3.5271,-0.0065185,0.00047122,-2,0,260
-2.4588,-3.1479,-0.0065185,0.00047122,-2,0,260
0.39822,0.41164,-0.0065185,0.00047122,-2,1,260
0.66979,-1.7618,-0.0065185,0.00047122,-2,1,260
0.56999,-1.2688,4.9935,0.00047122,1,1,260
2.727,2.7404,-0.0065185,0.00047122,-2,1,260
0.6186,-0.86952,-0.0065185,0.00047122,-2,1,260
-0.51753,-3.5747,-0.0065185,0.00047122,-2,0,260
1.4482,-0.62327,-0.0065185,0.00047122,-2,1,260
1.2316,0.32291,-4.0065,0.00047122,1,0,260
1.727,-3.0615,-0.0065185,0.00047122,-2,1,260
5.8545,1.482,-0.0065185,0.00047122,-2,1,260
-4.718,-4.2137,-0.0065185,0.00047122,-2,0,260
4.6186,4.632,-0.0065185,0.00047122,-2,1,260
2.5265,2.5399,-0.0065185,0.00047122,-2,1,260
2.1482,2.7702,-2.0065,0.00047122,1,0,260
-4.4405,-1.2821,-0.0065185,0.00047122,-2,0,260
6.5545,2.2242,-0.0065185,0.00047122,-2,1,260
-3.163,-5.5496,-0.0065185,0.00047122,-2,1,260
0.85447,1.0995,-0.0065185,0.00047122,-2,1,260
-2.9955,-2.9821,-0.0065185,0.00047122,-2,0,260
-2.5455,-2.3648,-0.0065185,0.00047122,-2,0,260
2.172,-1.7569,4.9935,0.00047122,1,1,260
-2.8379,-6.0745,-0.0065185,0.00047122,-2,0,260
-5.5615,-5.5481,-0.0065185,0.00047122,-2,0,260
5.3356,-0.34957,-0.0065185,0.00047122,-2,1,260
-5.127,-5.1136,-0.0065185,0.00047122,-2,0,260
-4.3573,-2.0846,-5.0065,0.00047122,1,0,260
4.8219,3.5985,-0.0065185,0.00047122,-2,1,260
3.6993,2.4489,-0.0065185,0.00047122,-2,1,260
-3.5862,-2.3885,-0.0065185,0.00047122,-2,0,260
-3.0476,-3.0341,-5.0065,0.00047122,1,0,260
-1.4223,-1.4088,-0.0065185,0.00047122,-2,0,260
-0.35824,-3.9573,-0.0065185,0.00047122,-2,0,260
0.31278,-0.23456,-0.0065185,0.00047122,-2,1,260
0.74241,0.75583,-0.0065185,0.00047122,-2,1,260
-0.84553,-1.0145,-0.0065185,0.00047122,-2,0,260
-3.273,0.017889,-0.0065185,0.00047122,-2,0,260
-2.7814,0.63201,-3.0065,0.00047122,1,1,260
-3.4735,-5.4221,-0.0065185,0.00047122,-2,0,260
-0.39553,-2.9384,-0.0065185,0.00047122,-2,0,260
0.11447,0.12789,-0.0065185,0.00047122,-2,0,260
-2.452,0.41057,-0.0065185,0.00047122,-2,0,260
-5.0836,-5.0701,-0.0065185,0.00047122,-2,0,260
-4.3203,-1.7569,-4.0065,0.00047122,1,0,260
5.5131,5.1079,-0.0065185,0.00047122,-2,1,260
5.2868,4.9444,-0.0065185,0.00047122,-2,1,260
-6.0855,-3.2261,-0.0065185,0.00047122,-2,0,260
-3.922,-3.6515,-0.0065185,0.00047122,-2,0,260
-3.333,-4.3821,-3.0065,0.00047122,1,0,260
1.6738,1.5015,-0.0065185,0.00047122,-2,1,260
0.57344,0.42897,-0.0065185,0.00047122,-2,1,260
0.52085,-2.3081,-0.0065185,0.00047122,-2,1,260
-1.1455,-1.1321,-0.0065185,0.00047122,-2,0,260
-0.97303,1.3179,-0.0065185,3.0005,-1,0,260
2.5595,-1.3281,-0.0065185,0.00047122,-2,1,260
-3.3955,-3.3821,-0.0065185,0.00047122,-2,0,260
2.8945,-1.8436,-4.0065,0.00047122,1,0,260
2.0045,-1.3821,-0.0065185,0.00047122,-2,1,260
-2.2955,1.3516,-0.0065185,0.00047122,-2,0,260
0.60447,-1.9371,-0.0065185,0.00047122,-2,0,260
-0.50553,-0.49211,-3.0065,0.00047122,1,1,260
-3.452,0.11139,-0.0065185,0.00047122,-2,0,260
-5.0836,-1.2259,-0.0065185,0.00047122,-2,0,260
2.7793,2.7927,-0.0065185,0.00047122,-2,1,260
-2.3541,-3.6582,2.9935,0.00047122,1,1,260
1.282,0.17551,-0.0065185,0.00047122,-2,1,260
-2.3814,-5.1496,-0.0065185,0.00047122,-2,0,260
-4.4735,-6.8245,-0.0065185,0.00047122,-2,0,260
3.5608,2.8864,-0.0065185,0.00047122,-2,1,260
3.6273,3.0562,-0.0065185,0.00047122,-2,1,260
3.6839,3.2004,-0.0065185,0.00047122,-2,1,260
4.732,0.88842,-0.0065185,0.00047122,-2,1,260
4.0229,3.6773,3.9935,0.00047122,1,1,260
1.8076,2.9159,-0.0065185,0.00047122,-2,1,260
2.8371,2.5912,-0.0065185,0.00047122,-2,1,260
-2.4033,-1.9291,-1.0065,0.00047122,1,0,260
3.8836,3.7096,-0.0065185,0.00047122,-2,1,260
3.3017,1.1031,4.9935,0.00047122,1,1,260
4.9171,4.7951,-0.0065185,0.00047122,-2,1,260
2.9302,2.8285,-0.0065185,0.00047122,-2,1,260
-3.9324,-3.2755,-0.0065185,0.00047122,-2,0,260
3.3508,3.6072,2.9935,0.00047122,1,1,260
3.9589,2.4516,-0.0065185,0.00047122,-2,1,260
4.9657,4.9191,-0.0065185,0.00047122,-2,1,260
-4.9626,-5.0984,-0.0065185,0.00047122,-2,0,260
-1.9675,-2.0809,-0.0065185,0.00047122,-2,0,260
2.9807,2.1899,-0.0065185,0.00047122,-2,1,260
1.9842,1.9663,-0.0065185,0.00047122,-2,1,260
-1.6783,-2.2103,3.9935,0.00047122,1,1,260
-1.5505,1.823,-0.0065185,0.00047122,-2,0,260
1.2327,-2.8721,-0.0065185,0.00047122,-2,0,260
-3.0395,0.85427,-0.0065185,0.00047122,-2,0,260
5.7045,-3.9125,-0.0065185,0.00047122,-2,1,260
6.4495,4.8629,-0.0065185,0.00047122,-2,1,260
3.2327,2.9368,-0.0065185,0.00047122,-2,1,260
4.0485,1.8864,-0.0065185,0.00047122,-2,1,260
4.8919,4.9053,-0.0065185,0.00047122,-2,1,260
-4.7498,-0.39289,-0.0065185,0.00047122,-2,0,260
-2.6367,-1.2873,-0.0065185,0.00047122,-2,0,260
4.5495,3.4529,-0.0065185,0.00047122,-2,1,260
3.4677,3.4811,-0.0065185,0.00047122,-2,1,260
3.3982,2.5912,-0.0065185,0.00047122,-2,1,260
4.3392,4.3526,-0.0065185,0.00047122,-2,1,260
3.689,2.3904,-4.0065,0.00047122,1,0,260
4.8945,-1.3821,-0.0065185,0.00047122,-2,1,260
-0.69553,-1.268,-0.0065185,0.00047122,-2,1,260
-1.8455,2.7452,-0.0065185,0.00047122,-2,0,260
-0.71803,-0.70461,-0.0065185,0.00047122,-2,0,260
-2.6097,-1.0556,-0.0065185,0.00047122,-2,0,260
4.8545,4.8679,-0.0065185,0.00047122,-2,0,261
-6.3955,0.72924,-0.0065185,0.00047122,-2,0,261
-7.5455,-4.5384,-0.0065185,0.00047122,-2,0,261
-6.163,-3.605,-0.0065185,0.00047122,-2,0,261
3.8468,1.7853,-0.0065185,0.00047122,-2,1,261
-1.5615,-1.4096,-0.0065185,0.00047122,-2,0,261
4.3356,4.349,-0.0065185,0.00047122,-2,1,261
-3.127,-1.7852,-0.0065185,0.00047122,-2,0,261
5.9662,-0.14945,-0.0065185,0.00047122,-2,1,261
-3.813,-4.0899,-0.0065185,0.00047122,-2,0,261
3.2493,3.2627,-3.0065,0.00047122,1,1,261
2.4138,2.6707,-0.0065185,0.00047122,-2,0,261
-2.0435,-2.6195,-3.0065,0.00047122,1,1,261
-3.5688,-2.1054,-0.0065185,0.00047122,-2,1,261
0.36719,0.38061,-0.0065185,0.00047122,-2,0,261
-4.9955,-4.9821,-0.0065185,0.00047122,-2,0,261
-0.99553,-0.98211,-0.0065185,0.00047122,-2,0,261
0.0044729,-2.1089,-0.0065185,0.00047122,-2,0,261
0.0044729,-1.7569,3.9935,0.00047122,1,0,261
-2.9955,-4.4907,-0.0065185,0.00047122,-2,0,261
-2.9955,-2.9821,-0.0065185,0.00047122,-2,0,261
5.0045,-2.4386,-0.0065185,0.00047122,-2,1,261
3.0045,3.0179,-0.0065185,0.00047122,-2,1,261
-2.5455,-3.5946,3.9935,0.00047122,1,1,261
4.172,-1.3821,-0.0065185,0.00047122,-2,0,261
-3.8379,-4.5921,-0.0065185,0.00047122,-2,0,261
-2.6955,1.9908,-0.0065185,0.00047122,-2,0,261
-2.4405,-2.2771,-0.0065185,0.00047122,-2,0,261
-5.2238,-5.2104,-0.0065185,0.00047122,-2,0,261
-4.0395,-1.0016,-0.0065185,0.00047122,-2,0,261
-3.4329,-2.7846,-5.0065,0.00047122,1,0,261
-3.7498,-3.7364,-0.0065185,0.00047122,-2,0,261
1.6456,4.2715,-0.0065185,0.00047122,-2,1,261
2.4595,-1.3771,-0.0065185,0.00047122,-2,1,261
-1.4455,-0.83639,-0.0065185,0.00047122,-2,0,261
1.4045,1.2504,-0.0065185,0.00047122,-2,0,261
-1.2955,1.6227,-0.0065185,0.00047122,-2,1,261
2.4495,2.5839,-0.0065185,0.00047122,-2,1,261
1.2327,-0.92136,-0.0065185,0.00047122,-2,0,261
-1.0395,0.72882,4.9935,0.00047122,1,1,261
2.0045,-4.2321,-0.0065185,0.00047122,-2,0,261
-1.9955,-1.9821,-0.0065185,0.00047122,-2,0,261
-0.99553,1.4629,-0.0065185,0.00047122,-2,0,261
-0.84553,-0.83211,3.9935,0.00047122,1,1,261
-0.71803,-0.70461,-0.0065185,0.00047122,-2,0,261
-0.99553,-2.1773,-0.0065185,0.00047122,-2,1,261
0.0044729,0.60851,-0.0065185,0.00047122,-2,0,261
2.0045,2.7404,-0.0065185,0.00047122,-2,1,261
-0.99553,-0.98211,-0.0065185,0.00047122,-2,0,261
0.85447,0.017889,-4.0065,0.00047122,1,1,261
0.0044729,3.4179,-0.0065185,0.00047122,-2,1,261
-1.9955,-1.9821,-0.0065185,0.00047122,-2,1,261
-1.6955,-2.118,-0.0065185,0.00047122,-2,0,261
-2.9955,-5.0701,-0.0065185,0.00047122,-2,0,261
-2.5455,-1.7569,-0.0065185,0.00047122,-1,0,261
-2.163,-2.9821,-0.0065185,-2.9995,-1,0,261
-1.8379,-0.86952,-5.0065,0.00047122,1,1,261
3.5705,1.8621,-0.0065185,0.00047122,-2,1,261
-5.6955,-5.6821,-0.0065185,0.00047122,-2,1,261
-2.3955,-2.3821,-0.0065185,0.00047122,-2,0,261
-3.1455,-3.1321,-0.0065185,0.00047122,-2,0,261
-3.273,-2.7696,-0.0065185,0.00047122,-2,1,261
-2.3955,-2.768,-0.0065185,0.00047122,-2,1,261
2.0445,2.0579,-5.0065,0.00047122,1,0,261
3.461,3.4744,-0.0065185,0.00047122,-2,0,261
3.0925,3.1059,-0.0065185,0.00047122,-2,1,261
1.1545,5.0885,-0.0065185,0.00047122,-2,0,261
3.282,1.7912,-0.0065185,0.00047122,-2,0,261
2.3903,5.6364,-0.0065185,0.00047122,-2,1,261
-2.0235,-2.3501,3.9935,0.00047122,1,0,261
-7.163,-7.4386,-0.0065185,0.00047122,-2,1,261
-6.2455,-6.2321,-0.0065185,0.00047122,-2,0,261
-6.6955,-6.6821,-0.0065185,0.00047122,-2,1,261
-2.2455,-2.2321,-0.0065185,0.00047122,-2,1,261
1.917,-0.62548,2.9935,0.00047122,1,0,261
1.0751,1.0885,-0.0065185,0.00047122,-2,0,261
0.6145,0.62792,-0.0065185,0.00047122,-2,0,261
1.223,-2.0721,-0.0065185,0.00047122,-2,0,261
-2.8813,-3.4339,-0.0065185,0.00047122,-2,1,261
-3.5984,-3.585,-0.0065185,0.00047122,-2,0,261
3.0669,0.071016,4.9935,0.00047122,1,0,261
3.1626,0.89392,-0.0065185,0.00047122,-2,0,261
2.9888,5.3304,-0.0065185,0.00047122,-2,0,261
1.8412,1.3068,-0.0065185,0.00047122,-2,1,261
4.8545,5.4629,-0.0065185,0.00047122,-2,1,261
4.727,2.9589,-0.0065185,0.00047122,-2,1,261
-2.6097,-3.0261,-0.0065185,0.00047122,-2,0,261
2.2265,3.7953,-3.0065,0.00047122,1,0,261
3.4495,-2.0884,-0.0065185,0.00047122,-2,0,261
5.2327,1.8504,-0.0065185,0.00047122,-2,1,261
6.4045,5.1927,-0.0065185,0.00047122,-2,1,261
4.8945,3.2461,-0.0065185,0.00047122,-2,1,261
-4.152,-3.1936,-4.0065,0.00047122,1,1,261
2.5595,2.1755,-0.0065185,0.00047122,-2,0,261
4.4045,4.4179,-0.0065185,0.00047122,-2,1,261
-5.8455,0.67649,-0.0065185,0.00047122,-2,0,261
-4.968,-2.1441,-5.0065,0.00047122,1,1,261
-6.608,-6.5946,-0.0065185,0.00047122,-2,1,261
-6.0662,-6.5946,-0.0065185,0.00047122,-2,0,261
-4.5455,-4.5321,-0.0065185,0.00047122,-2,0,261
4.172,2.6136,-0.0065185,0.00047122,-2,1,261
-4.8379,-3.5245,-0.0065185,0.00047122,-2,0,261
2.5705,2.8404,-0.0065185,0.00047122,-2,1,261
-2.1766,-2.1632,-3.0065,0.00047122,1,1,261
-4.718,-6.5321,-0.0065185,0.00047122,-2,0,261
-8.3955,-3.9962,-0.0065185,0.00047122,-2,0,261
-4.8855,-4.8721,-0.0065185,0.00047122,-2,0,261
-7.452,-5.103,-0.0065185,0.00047122,-2,0,261
-6.0836,-5.1408,-0.0065185,0.00047122,-2,0,261
-5.1703,-3.4695,-5.0065,0.00047122,1,1,261
-4.8855,-5.7407,-0.0065185,0.00047122,-2,0,261
-4.152,-3.7209,-4.0065,0.00047122,1,0,261
5.4495,4.8629,-0.0065185,0.00047122,-2,0,261
5.4045,4.9079,-0.0065185,0.00047122,-2,0,261
-4.5855,-3.6596,-3.0065,0.00047122,1,0,261
-4.4405,-5.5321,-0.0065185,0.00047122,-2,0,261
-4.2238,-2.3259,-0.0065185,0.00047122,-2,1,261
3.5985,3.3689,2.9935,0.00047122,1,0,261
-0.16303,-0.14961,-0.0065185,0.00047122,-2,1,261
0.84685,0.10785,-0.0065185,0.00047122,-2,0,261
3.4385,3.4519,-0.0065185,0.00047122,-2,1,261
-0.66441,-1.1946,-0.0065185,0.00047122,-2,0,261
0.57302,-1.9826,-4.0065,0.00047122,1,1,261
1.9662,3.9869,-0.0065185,0.00047122,-2,1,261
-5.8455,-1.6496,-0.0065185,0.00047122,-2,0,261
-5.718,-5.7046,-0.0065185,0.00047122,-2,0,261
4.8686,5.7184,-4.0065,0.00047122,1,1,261
-1.5175,-1.5041,-0.0065185,0.00047122,-2,0,261
0.56077,1.3993,-0.0065185,0.00047122,-2,1,261
1.1545,1.1679,-0.0065185,0.00047122,-2,1,261
-0.97303,0.40591,3.9935,0.00047122,1,0,261
1.5595,3.1454,-0.0065185,0.00047122,-2,1,261
-4.5455,-1.6439,-0.0065185,0.00047122,-2,0,261
1.172,1.1854,-0.0065185,0.00047122,-2,0,261
2.1545,3.5509,-0.0065185,0.00047122,-2,0,261
-3.273,-3.2596,-0.0065185,0.00047122,-2,0,261
-4.3955,-4.3821,-0.0065185,0.00047122,-2,1,261
3.8545,2.7103,-0.0065185,0.00047122,-2,1,261
3.277,3.3222,-4.0065,0.00047122,1,1,261
-1.163,1.2504,-0.0065185,0.00047122,-2,1,261
-0.14553,1.9079,-0.0065185,0.00047122,-2,0,261
-3.1455,-3.0204,-0.0065185,0.00047122,-2,0,261
-2.673,-2.3821,-0.0065185,1.0005,-1,1,261
-2.2714,0.34588,4.9935,0.00047122,1,1,261
-1.4735,-1.2596,-0.0065185,0.00047122,-2,0,261
-3.6955,-3.6821,-0.0065185,0.00047122,-2,0,261
4.4495,-3.4299,-0.0065185,0.00047122,-2,1,261
-3.7738,-3.7604,1.9935,0.00047122,1,0,261
-4.0395,-4.0261,-0.0065185,0.00047122,-2,0,261
-3.8829,-1.0964,-0.0065185,0.00047122,-2,0,261
-5.7498,0.49184,-0.0065185,0.00047122,-2,1,261
-7.2455,-2.8697,-0.0065185,0.00047122,-2,0,261
7.5545,-2.0276,-0.0065185,0.00047122,-2,1,261
-7.163,-7.1496,-0.0065185,0.00047122,-2,0,261
-6.0879,-2.7579,1.9935,0.00047122,1,0,261
-2.5615,-2.5481,-0.0065185,0.00047122,-2,0,261
2.6734,4.6224,-0.0065185,0.00047122,-2,1,261
6.4045,2.2864,-0.0065185,0.00047122,-2,1,261
-5.8855,-3.5761,-0.0065185,0.00047122,-2,0,261
2.461,2.4744,-0.0065185,0.00047122,-2,0,261
1.0045,-0.73641,-0.0065185,0.00047122,-2,1,261
-2.9955,-0.83211,-0.0065185,0.00047122,-2,0,261
3.0045,2.5679,-0.0065185,0.00047122,-2,1,261
1.0045,1.0179,-0.0065185,0.00047122,-2,1,261
2.0045,-2.1496,-0.0065185,0.00047122,-2,1,261
4.7045,2.6796,-0.0065185,0.00047122,-2,1,261
6.4495,6.4629,-0.0065185,0.00047122,-2,1,261
5.2327,5.2461,-0.0065185,0.00047122,-2,1,261
4.0485,0.72882,-0.0065185,0.00047122,-2,1,261
3.4419,1.6062,-4.0065,0.00047122,1,0,261
0.17197,2.9397,-0.0065185,0.00047122,-2,0,261
-1.1532,-4.5721,-0.0065185,0.00047122,-2,0,261
1.4385,5.0244,-0.0065185,0.00047122,-2,1,261
0.33559,-4.6201,-0.0065185,0.00047122,-2,0,261
0.87302,2.6427,-0.0065185,0.00047122,-2,0,261
5.0045,1.5569,-0.0065185,0.00047122,-2,1,262
3.0045,4.2679,-0.0065185,0.00047122,-2,1,262
-2.9955,-2.5321,-0.0065185,0.00047122,-2,0,262
-2.9955,-2.9821,-0.0065185,0.00047122,-2,0,262
3.0045,2.1014,-0.0065185,0.00047122,-2,1,262
4.0045,3.9465,-0.0065185,0.00047122,-2,1,262
-3.9955,-2.1496,-0.0065185,0.00047122,-2,0,262
1.0045,0.9663,-0.0065185,0.00047122,-2,1,262
2.0045,2.864,-0.0065185,0.00047122,-2,1,262
5.0045,1.6806,-0.0065185,0.00047122,-2,1,262
5.0045,4.9862,-0.0065185,0.00047122,-2,1,262
-4.9955,-4.9821,-0.0065185,0.00047122,-2,0,262
4.2545,3.0885,-3.0065,0.00047122,1,1,262
-0.99553,2.5679,-0.0065185,0.00047122,-2,0,262
1.0045,0.86789,-0.0065185,0.00047122,-2,1,262
1.0045,1.0179,-0.0065185,0.00047122,-2,1,262
-2.9955,-0.70461,-0.0065185,0.00047122,-2,0,262
2.0045,2.5577,-0.0065185,0.00047122,-2,1,262
-1.6955,-1.6821,-5.0065,0.00047122,1,0,262
-3.9955,4.2679,-0.0065185,0.00047122,-2,1,262
2.0045,3.4179,-0.0065185,0.00047122,-2,0,262
-2.9955,-2.9874,-0.0065185,0.00047122,-2,0,262
2.5545,2.5679,1.9935,0.00047122,1,1,262
-2.163,-3.8496,-4.0065,0.00047122,1,0,262
0.1621,-4.4261,-0.0065185,0.00047122,-2,1,262
0.70447,-3.8721,-0.0065185,0.00047122,-2,0,262
2.1545,0.61289,-0.0065185,0.00047122,-2,1,262
-6.5455,-1.4007,-0.0065185,0.00047122,-2,0,262
-3.163,-3.1496,-0.0065185,0.00047122,-2,0,262
2.8468,4.7503,-0.0065185,0.00047122,-2,1,262
2.4205,1.6222,4.9935,0.00047122,1,1,262
2.3356,1.659,-0.0065185,0.00047122,-2,1,262
2.1359,1.5629,-0.0065185,0.00047122,-2,1,262
-2.9573,-2.9438,-0.0065185,0.00047122,-2,0,262
1.8219,1.4116,-0.0065185,0.00047122,-2,1,262
3.6993,2.9313,-0.0065185,0.00047122,-2,1,262
-4.5862,-3.1227,-0.0065185,0.00047122,-2,0,262
5.5065,3.9199,-0.0065185,0.00047122,-2,1,262
4.4312,4.4446,-0.0065185,0.00047122,-2,1,262
3.7672,3.8051,-3.0065,0.00047122,1,1,262
-2.3038,-2.2904,-0.0065185,0.00047122,-2,0,262
2.2665,-1.8875,-0.0065185,0.00047122,-2,1,262
4.2272,1.8252,-0.0065185,0.00047122,-2,1,262
3.5938,3.5091,4.9935,0.00047122,1,1,262
-5.1565,-4.3931,-0.0065185,0.00047122,-2,0,262
4.1413,4.0838,-0.0065185,0.00047122,-2,1,262
-4.1118,-4.0984,-0.0065185,0.00047122,-2,0,262
1.1033,3.1874,-0.0065185,0.00047122,-2,1,262
4.0885,0.90835,-0.0065185,0.00047122,-2,1,262
3.4759,3.4523,2.9935,0.00047122,1,1,262
2.0652,2.0786,-0.0065185,0.00047122,-2,1,262
2.0561,2.0427,-0.0065185,0.00047122,-2,1,262
1.7483,-1.961,-0.0065185,-1.9995,-1,1,262
5.0417,1.6019,-0.0065185,0.00047122,-2,1,262
3.0362,4.2996,-0.0065185,0.00047122,-2,1,262
2.0314,2.0309,-0.0065185,0.00047122,-2,1,262
-1.7184,-2.1725,3.9935,0.00047122,1,0,262
-0.014986,-0.0015697,-0.0065185,0.00047122,-2,0,262
-1.979,-2.8556,-0.0065185,0.00047122,-2,1,262
0.99041,1.7038,-0.0065185,0.00047122,-2,0,262
-1.9836,-0.82636,-0.0065185,0.00047122,-2,0,262
-2.2955,1.7077,-0.0065185,0.00047122,-2,0,262
1.9595,-0.5876,4.9935,0.00047122,1,0,262
0.77622,7.1579,-0.0065185,0.00047122,-2,1,262
0.70447,2.0307,-0.0065185,0.00047122,-2,0,262
2.1545,2.1679,-0.0065185,0.00047122,-2,1,262
-3.5455,-2.2104,-0.0065185,0.00047122,-2,0,262
2.172,0.78941,-0.0065185,0.00047122,-2,1,262
1.8468,1.8603,2.9935,0.00047122,1,1,262
5.5705,3.3222,-0.0065185,0.00047122,-2,1,262
-5.3266,-4.0233,-0.0065185,0.00047122,-2,0,262
-5.127,-4.5271,-0.0065185,0.00047122,-2,0,262
3.9662,3.9796,-0.0065185,0.00047122,-2,1,262
3.3719,2.8681,2.9935,0.00047122,1,1,262
-3.6904,-2.8668,-0.0065185,0.00047122,-2,0,262
-5.5862,-5.2666,-0.0065185,0.00047122,-2,0,262
5.5065,2.6874,-0.0065185,0.00047122,-2,1,262
1.4312,1.4446,-0.0065185,0.00047122,-2,1,262
-0.63281,-0.61939,-0.0065185,0.00047122,-2,1,262
-0.53722,3.3968,3.9935,0.00047122,1,1,262
1.7424,1.8917,-0.0065185,0.00047122,-2,0,262
1.2272,1.2406,-0.0065185,0.00047122,-2,1,262
0.19381,0.20723,-0.0065185,0.00047122,-2,1,262
0.16541,2.1834,-0.0065185,0.00047122,-2,1,262
-0.85873,0.15469,-0.0065185,0.00047122,-2,0,262
4.8545,-0.038119,-0.0065185,0.00047122,-2,1,262
-4.118,-4.1046,1.9935,0.00047122,1,0,262
-4.6097,-3.9821,-0.0065185,0.00047122,-2,0,262
-4.5175,0.94088,-0.0065185,0.00047122,-2,0,262
-4.4392,-4.4258,-0.0065185,0.00047122,-2,0,262
2.3816,2.0179,-0.0065185,0.00047122,-2,1,262
-2.0161,-2.7592,2.9935,0.00047122,1,0,262
-4.268,2.2954,-0.0065185,0.00047122,-2,0,262
-1.2271,-1.2137,-0.0065185,0.00047122,-2,0,262
-0.1924,-2.8721,-0.0065185,0.00047122,-2,0,262
-0.16287,-0.14945,-4.0065,0.00047122,1,0,262
4.1467,4.0179,-0.0065185,0.00047122,-2,1,262
-4.1164,-2.8721,-0.0065185,0.00047122,-2,0,262
3.1072,3.4179,-0.0065185,0.00047122,-2,1,262
-5.0829,-2.5321,-0.0065185,0.00047122,-2,0,262
-4.0698,-3.9821,-0.0065185,0.00047122,-2,0,262
1.0676,3.6304,-0.0065185,0.00047122,-2,1,262
-0.89917,-0.88576,1.9935,0.00047122,1,0,262
1.9589,2.0179,-0.0065185,0.00047122,-2,0,262
0.96571,0.97913,-0.0065185,0.00047122,-2,1,262
-4.8455,-1.2104,-0.0065185,0.00047122,-2,0,262
-4.718,-5.0261,-0.0065185,0.00047122,-2,0,262
3.6186,3.7953,-0.0065185,0.00047122,-2,1,262
-3.0675,-3.2864,1.9935,0.00047122,1,0,262
-2.4392,-2.6233,-0.0065185,0.00047122,-2,0,262
5.3816,-0.88213,-0.0065185,0.00047122,-2,1,262
0.32505,0.33847,-0.0065185,0.00047122,-2,1,262
-3.268,-3.9884,-0.0065185,0.00047122,-2,0,262
2.7861,2.7995,2.9935,0.00047122,1,1,262
3.2013,2.7648,-0.0065185,0.00047122,-2,1,262
-3.1629,-3.2239,-0.0065185,0.00047122,-2,0,262
-1.1378,-1.1877,-0.0065185,0.00047122,-2,0,262
1.8836,1.8432,-0.0065185,0.00047122,-2,0,262
-1.8928,1.6867,-0.0065185,0.00047122,-2,0,262
4.7045,1.5917,-0.0065185,0.00047122,-2,1,262
-1.4405,-3.9771,-0.0065185,0.00047122,-2,0,262
1.2327,1.2461,4.9935,0.00047122,1,1,262
-0.03954,-3.4146,-0.0065185,0.00047122,-2,0,262
3.8919,0.055299,-0.0065185,0.00047122,-2,1,262
4.7588,4.7722,-0.0065185,0.00047122,-2,1,262
-4.0367,-1.6476,-5.0065,0.00047122,1,0,262
-3.5405,-3.5271,-0.0065185,0.00047122,-2,0,262
1.4677,4.0936,-0.0065185,0.00047122,-2,1,262
2.3982,2.4116,-0.0065185,0.00047122,-2,1,262
-2.0302,-0.44255,3.9935,0.00047122,1,0,262
2.289,-3.0976,-0.0065185,0.00047122,-2,1,262
-2.2373,-1.7928,-0.0065185,0.00047122,-2,0,262
-1.9011,-1.2662,-1.0065,0.00047122,1,0,262
-0.82082,1.0426,-0.0065185,0.00047122,-2,1,262
-2.847,-2.8336,-0.0065185,0.00047122,-2,0,262
0.55447,0.83923,-0.0065185,0.00047122,-2,1,262
1.172,1.1854,-0.0065185,0.00047122,-2,0,262
0.99685,-0.31011,3.9935,0.00047122,1,0,262
-1.273,-2.1539,-0.0065185,0.00047122,-2,0,262
-0.29553,2.2938,-0.0065185,0.00047122,-2,1,262
2.5595,-0.73861,-0.0065185,0.00047122,-2,0,262
1.7762,0.92986,-0.0065185,0.00047122,-2,1,262
-1.5015,-1.4881,-5.0065,0.00047122,1,0,262
1.837,1.5614,-0.0065185,0.00047122,-2,0,262
-0.8379,-1.0701,-0.0065185,0.00047122,-2,1,262
0.72049,4.6545,-0.0065185,0.00047122,1,1,262
-0.60414,0.74039,2.9935,0.00047122,1,1,262
3.6186,5.5679,-0.0065185,0.00047122,-2,1,262
-3.0675,-1.1879,-1.0065,0.00047122,1,0,262
-2.4392,-3.8245,-0.0065185,0.00047122,-2,0,262
0.38162,1.1175,-0.0065185,0.00047122,-2,1,262
1.3251,2.349,-0.0065185,0.00047122,-2,1,262
5.277,6.1493,-0.0065185,0.00047122,-2,1,262
-4.4771,-0.94384,-5.0065,0.00047122,1,0,262
1.2013,4.4648,-0.0065185,0.00047122,-2,1,262
0.17182,1.0352,-0.0065185,0.00047122,-2,1,262
1.1467,1.1601,-0.0065185,0.00047122,-2,1,262
2.1254,2.1388,-0.0065185,0.00047122,-2,1,262
-1.0983,-1.4088,-0.0065185,0.00047122,-2,0,262
-1.0829,-1.3448,-0.0065185,0.00047122,-2,0,262
-1.9213,0.09214,-0.0065185,0.00047122,-2,1,262
0.067586,-1.619,-0.0065185,0.00047122,-2,1,262
1.9508,1.7951,-0.0065185,0.00047122,-2,1,262
1.3045,0.063488,-0.0065185,0.00047122,-2,0,262
-0.44053,2.5679,-0.0065185,0.00047122,-2,0,262
-3.2238,-1.9821,-0.0065185,0.00047122,-2,0,262
2.0485,2.0619,-0.0065185,0.00047122,-2,1,262
-2.8829,0.63201,-0.0065185,0.00047122,-2,0,262
-2.4498,-1.6821,3.9935,0.00047122,1,0,262
0.36332,3.4179,-0.0065185,0.00047122,-2,1,262
3.8545,5.9079,-0.0065185,0.00047122,-2,1,262
-5.718,-0.24138,-0.0065185,0.00047122,-2,0,262
5.6186,6.3559,-0.0065185,0.00047122,-2,1,262
4.5265,4.5399,-0.0065185,0.00047122,-2,1,262
-1.0614,-0.898,-0.0065185,0.00047122,-2,0,264
-3.9395,0.86789,-0.0065185,0.00047122,-2,0,264
0.40447,3.3703,-0.0065185,0.00047122,-2,0,264
-1.4455,0.67248,-0.0065185,0.00047122,-2,0,264
-0.59553,-0.58211,-0.0065185,0.00047122,-2,1,264
0.89447,0.90789,-0.0065185,0.00047122,-2,0,264
1.3045,1.3179,-0.0065185,0.00047122,-2,0,264
0.44947,0.349,-0.0065185,0.00047122,-2,1,264
-1.7673,1.4218,-0.0065185,0.00047122,-2,0,264
0.45447,1.2935,-0.0065185,0.00047122,-2,1,264
-0.44553,-0.43211,-0.0065185,0.00047122,-2,0,264
0.45447,-1.7778,-0.0065185,0.00047122,-2,1,264
-0.37803,0.94275,2.9935,0.00047122,1,1,264
0.1621,-0.36461,-0.0065185,0.00047122,-2,1,264
0.70447,0.72882,-0.0065185,0.00047122,-2,1,264
-3.4405,-3.4271,-0.0065185,0.00047122,-2,0,264
2.2327,0.6265,-0.0065185,0.00047122,-2,1,264
5.0485,5.0619,-0.0065185,0.00047122,-2,1,264
-4.2829,-1.592,-3.0065,0.00047122,1,0,264
3.7588,3.8354,-0.0065185,0.00047122,-2,1,264
2.6456,2.7127,-0.0065185,0.00047122,-2,1,264
-2.4505,2.4509,-0.0065185,0.00047122,-2,1,264
1.5412,2.1047,-0.0065185,0.00047122,-2,1,264
-1.3018,-1.7229,-5.0065,0.00047122,1,0,264
-3.4405,-5.6771,-0.0065185,0.00047122,-2,0,264
4.2327,4.5839,-0.0065185,0.00047122,-2,1,264
-5.0395,-5.0261,-0.0065185,0.00047122,-2,0,264
-3.8829,-2.3418,-0.0065185,0.00047122,-2,0,264
4.7588,3.5296,-0.0065185,0.00047122,-2,1,264
-4.6367,-4.0233,-0.0065185,0.00047122,-2,0,264
-3.9405,-3.9271,2.9935,0.00047122,1,0,264
-1.4588,1.9773,-0.0065185,0.00047122,-2,0,264
0.39822,1.3699,-0.0065185,0.00047122,-2,0,264
1.0045,1.7404,-0.0065185,0.00047122,-2,0,264
2.0045,2.0179,-0.0065185,0.00047122,-2,1,264
-0.99553,-0.46011,-0.0065185,0.00047122,-2,0,264
2.0045,-0.18765,-0.0065185,0.00047122,-2,1,264
1.0045,1.0179,-0.0065185,0.00047122,-2,1,264
0.0044729,-0.30269,-0.0065185,0.00047122,-2,1,264
0.0044729,-0.93787,-3.0065,0.00047122,1,0,264
-3.9955,-3.7505,-0.0065185,0.00047122,-2,0,264
-2.9955,-2.7852,-0.0065185,0.00047122,-2,0,264
2.0045,1.6929,-0.0065185,0.00047122,-2,1,264
1.7045,1.7179,3.9935,0.00047122,1,1,264
3.0045,3.0179,-0.0065185,0.00047122,-2,1,264
-3.9955,-3.8793,-0.0065185,0.00047122,-2,0,264
1.0045,2.387,-0.0065185,0.00047122,-2,1,264
2.0045,1.9436,-0.0065185,0.00047122,-2,1,264
4.0045,3.9548,-0.0065185,0.00047122,-2,1,264
-3.3955,-0.54259,-5.0065,0.00047122,1,0,264
4.0045,4.2223,-0.0065185,0.00047122,-2,1,264
4.0045,3.4179,-0.0065185,0.00047122,-2,1,264
1.0045,3.4179,-0.0065185,0.00047122,-2,1,264
0.0044729,-0.010115,-0.0065185,0.00047122,-2,0,264
-4.9955,0.017889,-0.0065185,0.00047122,-2,0,264
-0.99553,-4.2321,-0.0065185,0.00047122,-2,0,264
-0.84553,-0.83211,-3.0065,0.00047122,1,0,264
-1.9955,-2.5321,-0.0065185,0.00047122,-2,0,264
3.0045,2.6407,-0.0065185,0.00047122,-2,1,264
-0.99553,-1.1065,-0.0065185,0.00047122,-2,0,264
-2.9955,-2.7096,-0.0065185,0.00047122,-2,0,264
0.0044729,0.50877,-0.0065185,0.00047122,-2,0,264
-1.9955,-0.59624,-0.0065185,0.00047122,-2,1,264
-1.6955,-1.6821,-4.0065,0.00047122,1,1,264
0.0044729,-3.8258,-0.0065185,0.00047122,-2,1,264
1.0045,0.64074,-0.0065185,0.00047122,-2,1,264
2.0045,1.6973,-0.0065185,0.00047122,-2,1,264
-0.99553,0.29038,-0.0065185,0.00047122,-2,0,264
2.0045,2.0179,-0.0065185,0.00047122,-2,1,264
1.7045,0.54351,4.9935,0.00047122,1,1,264
5.0045,4.8505,-0.0065185,0.00047122,-2,1,264
5.0045,3.6304,-0.0065185,0.00047122,-2,1,264
-2.9955,-2.8612,-0.0065185,0.00047122,-2,0,264
0.0044729,0.12066,-0.0065185,0.00047122,-2,0,264
0.0044729,3.0012,4.9935,0.00047122,1,1,264
-0.99553,-0.98211,-0.0065185,0.00047122,-2,0,264
-2.8455,1.6304,-0.0065185,0.00047122,-2,0,264
-1.718,2.0885,-0.0065185,0.00047122,-2,0,264
-1.6097,-0.64184,-0.0065185,0.00047122,-2,0,264
2.5265,-0.20064,-0.0065185,0.00047122,-2,1,264
-2.1392,1.1811,-5.0065,0.00047122,1,0,264
-5.3727,-4.6093,-0.0065185,0.00047122,-2,0,264
-0.3161,-2.8697,-0.0065185,0.00047122,-2,0,264
1.277,-1.1402,-0.0065185,0.00047122,-2,1,264
4.2361,3.0335,-0.0065185,0.00047122,-2,1,264
0.20135,-0.81883,-0.0065185,0.00047122,-2,1,264
-2.1629,-2.1495,-0.0065185,0.00047122,-2,0,264
-1.8378,-0.64636,1.9935,0.00047122,1,1,264
2.5595,5.7179,-0.0065185,0.00047122,-2,1,264
-0.22378,0.64074,-0.0065185,0.00047122,-2,1,264
1.9605,0.068567,-0.0065185,0.00047122,-2,1,264
2.1171,3.6119,-0.0065185,0.00047122,-2,1,264
1.8002,2.3363,-3.0065,0.00047122,1,1,264
-1.3544,-2.7364,-0.0065185,0.00047122,-2,0,264
-2.4505,-3.6233,-0.0065185,0.00047122,-2,0,264
0.54124,-1.9667,-0.0065185,0.00047122,-2,1,264
0.46072,0.74698,4.9935,0.00047122,1,1,264
-2.6608,-3.3759,-0.0065185,0.00047122,-2,0,264
3.72,3.9651,-0.0065185,0.00047122,-2,1,264
4.7627,5.3024,-0.0065185,0.00047122,-2,1,264
3.7989,2.8448,-0.0065185,0.00047122,-2,1,264
2.8298,2.9642,-0.0065185,0.00047122,-2,1,264
-3.847,-4.1568,-0.0065185,0.00047122,-2,0,264
3.2782,2.4356,3.9935,0.00047122,1,1,264
1.8972,3.3849,-0.0065185,0.00047122,-2,1,264
-0.90433,-1.0894,-0.0065185,0.00047122,-2,0,264
2.927,1.5541,-0.0065185,0.00047122,-2,1,264
1.9386,2.0954,-0.0065185,0.00047122,-2,1,264
-2.0515,-1.9162,-0.0065185,0.00047122,-2,1,264
-1.7431,1.8456,3.9935,0.00047122,1,1,264
3.964,3.4655,-0.0065185,0.00047122,-2,1,264
3.9701,4.0073,-0.0065185,0.00047122,-2,1,264
-2.9663,-2.9065,-0.0065185,0.00047122,-2,0,264
-3.9707,-4.0113,-0.0065185,0.00047122,-2,0,264
3.3833,2.2102,-4.0065,0.00047122,1,1,264
3.9865,4.039,-0.0065185,0.00047122,-2,1,264
2.9892,-2.8768,-0.0065185,0.00047122,-2,1,264
0.9915,2.5832,-0.0065185,0.00047122,-2,1,264
-0.9845,-0.84508,-0.0065185,0.00047122,-2,0,264
-2.0049,0.87892,-0.0065185,0.00047122,-2,1,264
-1.7035,-1.6846,-4.0065,0.00047122,1,0,264
1.4495,1.4549,-0.0065185,0.00047122,-2,1,264
-1.2238,-2.8721,-3.0065,0.00047122,1,0,264
-2.0395,-2.0261,-0.0065185,0.00047122,-2,0,264
-2.1081,3.0728,-0.0065185,0.00047122,-2,1,264
-2.2412,-2.2278,-0.0065185,0.00047122,-2,0,264
1.9133,0.67679,2.9935,0.00047122,1,1,264
4.172,4.4103,-0.0065185,0.00047122,-2,1,264
3.8468,3.2839,-0.0065185,0.00047122,-2,1,264
-4.5615,-3.2481,-0.0065185,0.00047122,-2,0,264
3.8856,3.899,4.9935,0.00047122,1,1,264
2.1359,5.2296,-0.0065185,0.00047122,-2,1,264
0.042742,0.056157,-0.0065185,0.00047122,-2,1,264
-1.1455,-1.1321,-0.0065185,0.00047122,-2,1,264
-1.273,-1.2596,-0.0065185,0.00047122,-2,0,264
-1.2955,2.2399,-0.0065185,0.00047122,-2,0,264
0.45447,3.4616,-0.0065185,0.00047122,-2,0,264
-2.163,0.75775,-0.0065185,0.00047122,-2,0,264
1.8468,1.8603,-3.0065,0.00047122,1,1,264
1.4385,1.0019,-0.0065185,0.00047122,-2,0,264
2.6734,2.7995,-0.0065185,0.00047122,-2,1,264
0.40447,-0.81461,-0.0065185,0.00047122,-2,0,264
-1.5455,-1.5321,-0.0065185,0.00047122,-2,0,264
-1.313,1.6569,3.9935,0.00047122,1,0,264
0.1621,1.323,-0.0065185,0.00047122,-2,1,264
-0.29553,0.15187,-0.0065185,0.00047122,-2,0,264
-3.6955,-3.6821,-0.0065185,0.00047122,-2,0,264
-3.1405,0.97447,3.9935,0.00047122,1,0,264
-4.2238,2.1896,-0.0065185,0.00047122,-2,0,264
-5.0395,-5.0261,-0.0065185,0.00047122,-2,0,264
-4.8829,-4.8695,-0.0065185,0.00047122,-2,0,264
1.7588,2.6146,-0.0065185,0.00047122,-2,1,264
-1.6367,-1.4841,-0.0065185,0.00047122,-2,0,264
1.5495,1.5629,-0.0065185,0.00047122,-2,1,264
-1.3088,-1.0595,-3.0065,0.00047122,1,0,264
4.3982,2.9616,-0.0065185,0.00047122,-2,1,264
-5.3302,-3.6442,-0.0065185,0.00047122,-2,0,264
-4.28,-4.2666,-0.0065185,0.00047122,-2,0,264
-3.2373,-3.784,-0.0065185,0.00047122,-2,0,264
4.21,4.2234,-0.0065185,0.00047122,-2,1,264
-4.1702,-2.2864,-0.0065185,0.00047122,-2,0,264
5.153,3.5664,-0.0065185,0.00047122,-2,1,264
-5.1218,-4.3583,-0.0065185,0.00047122,-2,0,264
-2.1028,-2.0894,-0.0065185,0.00047122,-2,0,264
4.0957,3.7216,-0.0065185,0.00047122,-2,1,264
4.082,4.0954,-0.0065185,0.00047122,-2,1,264
3.0704,3.0838,-0.0065185,0.00047122,-2,1,264
0.94847,-2.4946,-0.0065185,0.00047122,-2,1,264
2.1545,2.1679,-0.0065185,0.00047122,-2,1,264
-1.823,-4.3069,3.9935,0.00047122,1,0,264
-3.163,3.391,-0.0065185,0.00047122,-2,0,264
-2.8379,-1.005,-0.0065185,0.00047122,-2,0,264
-1.5615,-0.72407,-0.0065185,0.00047122,-2,1,264
0.0044729,1.349,-0.0065185,0.00047122,-2,0,264
1.0045,1.0179,-0.0065185,0.00047122,-2,1,264
5.5265,2.7074,-0.0065185,0.00047122,-2,0,265
5.2545,2.6777,-0.0065185,0.00047122,-2,1,265
4.8545,4.7127,-0.0065185,0.00047122,-2,1,265
-1.718,-3.6434,-0.0065185,0.00047122,-2,0,265
0.39035,0.51586,-0.0065185,0.00047122,-2,1,265
0.85447,0.86789,-0.0065185,0.00047122,-2,1,265
0.28197,1.632,-0.0065185,0.00047122,-2,1,265
-1.1455,-0.21909,-0.0065185,0.00047122,-2,0,265
-2.2955,-0.18261,-0.0065185,0.00047122,-2,0,265
-1.3955,1.4038,-0.0065185,0.00047122,-2,1,265
1.3045,1.7896,-0.0065185,0.00047122,-2,0,265
-0.55053,-0.53711,-0.0065185,0.00047122,-2,0,265
-0.46728,1.3179,-0.0065185,3.0005,-1,0,265
-5.4405,-5.4271,-0.0065185,0.00047122,-2,0,265
6.2327,6.5265,-0.0065185,0.00047122,-2,1,265
-0.03954,-0.026124,-0.0065185,0.00047122,-2,0,265
-2.1081,-1.8921,-0.0065185,0.00047122,-2,0,265
1.8002,1.8136,4.9935,0.00047122,1,0,265
2.6456,-2.2321,-0.0065185,0.00047122,-2,0,265
-4.6955,-2.2271,-0.0065185,0.00047122,-2,1,265
3.9995,4.0129,-3.0065,0.00047122,1,1,265
-3.3913,2.5679,-0.0065185,0.00047122,-1,1,265
2.8909,1.6856,3.9935,0.00047122,1,1,265
-3.5615,-3.3821,-0.0065185,0.00047122,-2,0,265
3.3356,4.6079,-0.0065185,0.00047122,-2,1,265
-2.827,-4.1386,1.9935,0.00047122,1,0,265
-5.9573,-7.0701,-0.0065185,0.00047122,-2,0,265
3.8219,0.34771,-0.0065185,0.00047122,-2,1,265
-1.6904,-4.0407,-0.0065185,0.00047122,-2,0,265
1.4451,1.4585,-4.0065,0.00047122,1,1,265
-0.4935,-2.8801,-0.0065185,0.00047122,-2,0,265
-2.8455,-4.8721,-0.0065185,0.00047122,-2,0,265
4.727,1.6869,-0.0065185,0.00047122,-2,1,265
-2.6097,-2.5962,-0.0065185,0.00047122,-2,0,265
3.5265,4.7927,-0.0065185,0.00047122,-2,1,265
-2.9892,-3.9472,3.9935,0.00047122,1,0,265
1.3816,-2.0998,-0.0065185,0.00047122,-2,1,265
0.6839,0.69731,-0.0065185,0.00047122,-2,1,265
-0.57304,0.094357,3.9935,0.00047122,1,0,265
1.727,0.40376,-0.0065185,0.00047122,-2,1,265
1.6186,-3.3941,-0.0065185,0.00047122,-2,1,265
-1.4735,-1.4601,-0.0065185,0.00047122,-2,1,265
1.2608,-1.1483,-4.0065,0.00047122,1,1,265
-5.4405,0.31144,-0.0065185,0.00047122,-2,0,265
3.2327,2.8959,-0.0065185,0.00047122,-2,1,265
-3.0395,0.47439,-0.0065185,0.00047122,-2,0,265
0.11706,-1.05,-0.0065185,0.00047122,-2,0,265
-0.74983,2.6427,-0.0065185,0.00047122,-2,1,265
0.64563,-0.9771,-5.0065,0.00047122,1,0,265
-2.9955,4.882,-0.0065185,0.00047122,-2,0,265
3.5545,3.5679,-0.0065185,0.00047122,-2,1,265
-6.163,3.0885,-0.0065185,0.00047122,-2,0,265
5.8468,5.2603,-0.0065185,0.00047122,-2,1,265
-4.5615,-0.76358,-0.0065185,0.00047122,-2,0,265
2.3356,2.349,-0.0065185,0.00047122,-2,1,265
-1.977,-3.5701,3.9935,0.00047122,1,0,265
-3.9573,-1.6197,-0.0065185,0.00047122,-2,0,265
-3.363,-1.7996,-0.0065185,-0.99953,-1,0,265
-2.6904,3.4588,-0.0065185,0.00047122,-2,0,265
-4.5862,-0.8454,-0.0065185,0.00047122,-2,0,265
-3.4976,-2.2709,-0.0065185,0.00047122,-2,0,265
-4.4223,-2.2676,-0.0065185,0.00047122,-2,0,265
-3.7582,-3.7448,-4.0065,0.00047122,1,0,265
-3.3038,-2.5453,-0.0065185,0.00047122,-2,0,265
-4.2576,-2.5009,-0.0065185,0.00047122,-2,0,265
4.2272,4.2406,-0.0065185,0.00047122,-2,1,265
-4.1849,-2.6039,-0.0065185,0.00047122,-2,0,265
-4.1565,-3.1541,-0.0065185,0.00047122,-2,0,265
-3.5323,-3.1883,-5.0065,0.00047122,1,1,265
5.8945,4.3842,-0.0065185,0.00047122,-2,1,265
-6.5455,-6.5321,-0.0065185,0.00047122,-2,0,265
-6.163,-4.2376,-0.0065185,0.00047122,-2,0,265
-6.8379,-6.8245,-0.0065185,0.00047122,-2,0,265
-5.8115,-4.4381,-4.0065,0.00047122,1,0,265
-2.3266,-2.3132,-0.0065185,0.00047122,-2,0,265
2.1359,1.0617,-0.0065185,0.00047122,-2,1,265
-0.95726,-2.4759,-0.0065185,0.00047122,-2,0,265
2.187,2.2004,-0.0065185,0.00047122,-2,1,265
-6.5455,0.044821,-0.0065185,0.00047122,-2,0,265
5.572,5.5854,4.9935,0.00047122,1,0,265
-4.8855,-4.2321,-0.0065185,0.00047122,-2,0,265
5.7045,2.4744,-0.0065185,0.00047122,-2,1,265
-4.4405,-3.3821,-0.0065185,0.00047122,-2,0,265
-3.2238,-1.9821,-0.0065185,0.00047122,-2,0,265
2.0485,3.2294,-0.0065185,0.00047122,-2,1,265
-3.8829,-0.83211,-0.0065185,0.00047122,-2,0,265
3.3088,2.5679,-4.0065,0.00047122,1,1,265
1.6456,-2.741,-0.0065185,0.00047122,-2,1,265
0.54945,0.56287,-0.0065185,0.00047122,-2,1,265
-2.5323,0.74039,-0.0065185,0.00047122,-2,0,265
6.5545,6.5679,-0.0065185,0.00047122,-2,1,265
-5.563,-1.8149,-5.0065,0.00047122,1,0,265
-5.8379,-3.5384,-0.0065185,0.00047122,-2,0,265
6.5705,5.1964,-0.0065185,0.00047122,-2,1,265
-4.3266,-5.5632,-0.0065185,0.00047122,-2,0,265
-3.677,-2.2596,1.9935,0.00047122,1,1,265
-5.163,-1.2821,-0.0065185,0.00047122,-2,0,265
-6.5455,-4.3745,-0.0065185,0.00047122,-2,0,265
-7.163,-4.077,-0.0065185,0.00047122,-2,0,265
-5.8379,-6.0745,-0.0065185,0.00047122,-2,0,265
-5.5615,-3.8841,-0.0065185,0.00047122,-2,0,265
-3.3266,-2.4088,-0.0065185,0.00047122,-2,0,265
2.8359,3.2706,4.9935,0.00047122,1,1,265
-2.9573,-5.1938,-0.0065185,0.00047122,-2,0,265
-2.813,-2.4996,-0.0065185,0.00047122,-2,0,265
-1.6904,-1.9049,-0.0065185,0.00047122,-2,0,265
-1.5862,-1.1715,-0.0065185,0.00047122,-2,0,265
-5.4976,-1.2066,-0.0065185,0.00047122,-2,0,265
-4.6723,-4.3689,-3.0065,0.00047122,1,0,265
-2.3582,-2.0984,-0.0065185,0.00047122,-2,0,265
-1.3038,-2.4579,-0.0065185,0.00047122,-2,0,265
4.2665,4.1019,-0.0065185,0.00047122,-2,1,265
-3.2183,-0.77602,-0.0065185,0.00047122,-2,0,265
2.7438,2.6286,4.9935,0.00047122,1,1,265
-3.1565,-4.2837,-0.0065185,0.00047122,-2,0,265
-4.1323,-4.026,-0.0065185,0.00047122,-2,0,265
-2.1118,-2.2659,-0.0065185,0.00047122,-2,0,265
-3.0944,-1.7809,-0.0065185,0.00047122,-2,0,265
-2.0795,-2.6161,-0.0065185,0.00047122,-2,0,265
4.0759,4.0408,-0.0065185,0.00047122,-2,1,265
-3.0562,-1.4466,-0.0065185,0.00047122,-2,0,265
2.6061,2.5844,-3.0065,0.00047122,1,1,265
0.96062,0.97403,-0.0065185,0.00047122,-2,1,265
5.8545,5.8679,-0.0065185,0.00047122,-2,1,265
3.727,3.7404,-0.0065185,0.00047122,-2,1,265
-3.1597,-0.5876,-4.0065,0.00047122,1,0,265
-4.5175,-4.5041,-0.0065185,0.00047122,-2,0,265
5.4482,6.1493,-0.0065185,0.00047122,-2,1,265
-4.3727,-4.3593,-0.0065185,0.00047122,-2,0,265
3.7251,2.9234,-2.0065,0.00047122,1,0,265
2.1145,1.4454,-0.0065185,0.00047122,-2,1,265
-1.539,-2.7235,-0.0065185,0.00047122,-2,0,265
-2.9075,-6.2104,-0.0065185,0.00047122,-2,0,265
-1.2207,-4.0261,-0.0065185,0.00047122,-2,0,265
0.49587,3.3618,-0.0065185,0.00047122,-2,1,265
-2.7132,-2.4364,-0.0065185,0.00047122,-2,0,265
-1.9056,-2.7127,-0.0065185,0.00047122,-2,0,265
-1.6191,-1.9631,3.9935,0.00047122,1,1,265
-0.82803,-2.9189,-0.0065185,0.00047122,-2,0,265
1.1621,5.4579,-0.0065185,0.00047122,-2,1,265
0.43845,0.45187,-0.0065185,0.00047122,-2,1,265
0.67336,4.1059,-0.0065185,0.00047122,-2,1,265
0.57302,0.72882,-3.0065,0.00047122,1,1,265
2.0427,-3.4938,-0.0065185,0.00047122,-2,1,265
2.187,4.3002,-0.0065185,0.00047122,-2,1,265
3.3096,3.323,-0.0065185,0.00047122,-2,1,265
2.8138,1.2696,-4.0065,0.00047122,1,1,265
4.5065,3.2304,-0.0065185,0.00047122,-2,1,265
5.4045,5.4179,-0.0065185,0.00047122,-2,1,265
-4.8855,-3.2348,-0.0065185,0.00047122,-2,0,265
-7.452,-7.4386,-0.0065185,0.00047122,-2,0,265
6.0925,3.5509,-0.0065185,0.00047122,-2,1,265
-4.7703,-5.1569,-0.0065185,0.00047122,-2,0,265
-4.0541,-3.8144,-3.0065,0.00047122,1,0,265
-5.2778,-3.8144,-0.0065185,0.00047122,-2,0,265
-4.0855,-3.9086,-0.0065185,0.00047122,-2,0,265
4.9309,3.8344,-0.0065185,0.00047122,-2,1,265
-4.783,-4.0515,-0.0065185,0.00047122,-2,0,265
-2.6649,-2.6515,-0.0065185,0.00047122,-2,0,265
-2.5645,-3.3557,-0.0065185,0.00047122,-2,0,265
-1.4791,-2.1657,-0.0065185,0.00047122,-2,0,265
3.4156,1.279,-0.0065185,0.00047122,-2,1,265
-3.3449,-3.2791,-0.0065185,0.00047122,-2,0,265
-2.2925,-2.2346,-0.0065185,0.00047122,-2,0,265
-2.248,-2.0769,-0.0065185,0.00047122,-2,0,265
-2.2101,-2.1967,-0.0065185,0.00047122,-2,0,265
-0.17792,-0.16451,-0.0065185,0.00047122,-2,0,265
-0.15057,-0.13715,-0.0065185,0.00047122,-2,0,265
0.13626,1.1937,-4.0065,0.00047122,1,0,265
3.0045,3.9053,-0.0065185,0.00047122,-2,1,265
-5.5455,-3.063,-0.0065185,0.00047122,-2,0,265
5.172,5.1854,-0.0065185,0.00047122,-2,1,265
3.8468,3.8603,-0.0065185,0.00047122,-2,1,265
-6.5615,0.22669,-0.0065185,0.00047122,-2,0,265
4.2463,3.8722,-0.0065185,0.00047122,-2,1,266
2.7989,-3.5877,-0.0065185,0.00047122,-2,0,266
-3.8208,-2.3574,-0.0065185,0.00047122,-2,0,266
-7.3955,-6.1496,-0.0065185,0.00047122,-2,0,266
5.8945,5.9079,-0.0065185,0.00047122,-2,1,266
-5.002,-2.4386,3.9935,0.00047122,1,0,266
-5.0836,-4.3132,-0.0065185,0.00047122,-2,0,266
4.7793,-1.0973,-0.0065185,0.00047122,-2,1,266
-5.5041,-3.4938,-0.0065185,0.00047122,-2,0,266
-6.2778,-5.7996,-0.0065185,0.00047122,-2,0,266
-4.0855,-4.0721,-0.0065185,0.00047122,-2,0,266
2.9309,3.4009,-0.0065185,0.00047122,-2,1,266
-2.483,-2.4696,-3.0065,0.00047122,1,0,266
3.6738,3.2373,-0.0065185,0.00047122,-2,1,266
-2.5645,-2.8948,-0.0065185,0.00047122,-2,0,266
5.4881,2.2015,-0.0065185,0.00047122,-2,1,266
4.6656,3.429,-0.0065185,3.0005,-1,1,266
-3.9574,-2.2049,-0.0065185,-1.9995,-1,0,266
-3.3632,-3.2421,-4.0065,0.00047122,1,0,266
-2.248,-2.1431,-0.0065185,0.00047122,-2,0,266
-0.21011,-0.11891,-0.0065185,0.00047122,-2,1,266
2.0045,-0.43861,-0.0065185,0.00047122,-2,1,266
0.0044729,2.261,-0.0065185,0.00047122,-2,1,266
0.0044729,-0.11389,-3.0065,0.00047122,1,0,266
4.0045,3.9059,-0.0065185,0.00047122,-2,1,266
-7.3955,-1.8146,-0.0065185,0.00047122,-2,0,266
6.8945,-1.8245,-0.0065185,0.00047122,-2,1,266
6.461,2.4519,-0.0065185,0.00047122,-2,1,266
7.0925,4.9959,-0.0065185,0.00047122,-2,1,266
6.7793,6.7927,-0.0065185,0.00047122,-2,1,266
5.7631,5.139,3.9935,0.00047122,1,1,266
0.28678,4.7002,-0.0065185,0.00047122,-2,0,266
-0.84553,-0.83211,-0.0065185,0.00047122,-2,0,266
-0.71803,-0.70461,-0.0065185,0.00047122,-2,0,266
-0.60965,-1.0983,-0.0065185,0.00047122,-2,1,266
3.0045,-1.3302,-0.0065185,0.00047122,-2,0,266
1.0045,1.3806,-0.0065185,0.00047122,-2,1,266
2.1545,-0.83211,-0.0065185,0.00047122,-2,1,266
0.45447,0.46789,-0.0065185,0.00047122,-2,0,266
-0.37803,-1.5481,-4.0065,0.00047122,1,1,266
-1.1532,-3.3821,-0.0065185,0.00047122,-2,1,266
-1.4295,-2.9821,-0.0065185,0.00047122,-2,0,266
-3.5455,-3.5321,-0.0065185,0.00047122,-2,0,266
3.022,1.0539,-3.0065,0.00047122,1,1,266
2.8468,2.8603,-0.0065185,0.00047122,-2,1,266
4.5705,4.5839,-0.0065185,0.00047122,-2,1,266
0.33559,0.349,-0.0065185,0.00047122,-2,1,266
-3.127,0.62218,-0.0065185,0.00047122,-2,0,266
-1.9573,-1.7996,-0.0065185,0.00047122,-2,0,266
1.6719,2.2804,-4.0065,0.00047122,1,1,266
-1.6904,-1.5727,-0.0065185,0.00047122,-2,0,266
3.5951,3.6085,-0.0065185,0.00047122,-2,1,266
1.5065,1.5199,-0.0065185,0.00047122,-2,1,266
1.4312,1.4446,-0.0065185,0.00047122,-2,1,266
4.3672,4.3806,-0.0065185,0.00047122,-2,1,266
-4.3038,-4.2442,-0.0065185,0.00047122,-2,0,266
-3.6576,1.0774,-3.0065,0.00047122,1,0,266
-5.2183,-5.2049,-0.0065185,0.00047122,-2,0,266
-4.1849,-2.3106,-0.0065185,0.00047122,-2,0,266
5.1654,5.1788,-0.0065185,0.00047122,-2,1,266
-1.1323,-3.0089,-0.0065185,0.00047122,-2,0,266
4.1208,0.98417,-0.0065185,0.00047122,-2,1,266
-2.0944,-2.0661,-0.0065185,0.00047122,-2,0,266
-1.7795,-2.9435,3.9935,0.00047122,1,0,266
-4.0669,3.3572,-0.0065185,0.00047122,-2,0,266
-4.0562,-4.0337,-0.0065185,0.00047122,-2,0,266
-2.0471,-2.916,-0.0065185,0.00047122,-2,0,266
-4.0394,-4.026,-0.0065185,0.00047122,-2,0,266
-3.4328,-1.0138,-0.0065185,-0.99953,-1,0,266
-2.9172,-1.2373,1.9935,0.00047122,1,0,266
3.0314,3.0448,-0.0065185,0.00047122,-2,1,266
-4.0184,1.4434,-0.0065185,0.00047122,-2,0,266
-3.015,-2.9987,-0.0065185,0.00047122,-2,0,266
-5.0121,-4.9987,-0.0065185,0.00047122,-2,0,266
4.2685,2.4884,-4.0065,0.00047122,1,1,266
0.99252,1.0077,-0.0065185,0.00047122,-2,1,266
-2.8455,-0.82195,-0.0065185,0.00047122,-2,0,266
-3.718,-3.7046,-0.0065185,0.00047122,-2,0,266
5.6186,3.5509,-0.0065185,0.00047122,-2,1,266
-3.5175,-4.7541,-0.0065185,0.00047122,-2,0,266
2.9982,3.0116,4.9935,0.00047122,1,1,266
-5.3727,-4.6093,-0.0065185,0.00047122,-2,0,266
-3.3161,-3.3027,-0.0065185,0.00047122,-2,0,266
4.277,3.9029,-0.0065185,0.00047122,-2,1,266
2.2361,2.2495,-0.0065185,0.00047122,-2,1,266
-3.1924,-3.069,-0.0065185,0.00047122,-2,0,266
4.1718,3.1369,-0.0065185,0.00047122,-2,1,266
3.5467,3.9015,4.9935,0.00047122,1,1,266
4.1254,4.679,-0.0065185,0.00047122,-2,1,266
2.1072,2.1207,-0.0065185,0.00047122,-2,1,266
2.0918,2.1052,-0.0065185,0.00047122,-2,1,266
3.0787,2.7268,-0.0065185,0.00047122,-2,1,266
2.6176,2.7825,-2.0065,0.00047122,1,1,266
-4.0492,1.6642,-0.0065185,0.00047122,-2,0,266
-4.0411,-4.0277,-0.0065185,0.00047122,-2,0,266
5.0432,2.9466,-0.0065185,0.00047122,-2,1,266
4.2874,4.3799,2.9935,0.00047122,1,1,266
3.0325,2.6631,-0.0065185,0.00047122,-2,1,266
4.0283,4.0417,-0.0065185,0.00047122,-2,1,266
-1.0158,-2.1698,-0.0065185,0.00047122,-2,0,266
-2.0127,-1.9993,-0.0065185,0.00047122,-2,0,266
3.0191,3.0676,-0.0065185,0.00047122,-2,1,266
-3.008,-2.9945,-0.0065185,0.00047122,-2,0,266
2.565,0.5758,-4.0065,0.00047122,1,0,266
-1.828,-7.3821,-0.0065185,0.00047122,-2,0,266
2.1621,2.9003,-0.0065185,0.00047122,-2,1,266
-3.4295,-4.6615,-0.0065185,0.00047122,-2,0,266
2.6734,6.1059,-0.0065185,0.00047122,-2,1,266
-1.8641,-2.207,-0.0065185,0.00047122,-2,0,266
1.5927,4.0765,-3.0065,0.00047122,1,1,266
-3.1781,-3.8148,-0.0065185,0.00047122,-2,0,266
-2.3007,2.3276,-0.0065185,0.00047122,-2,0,266
-2.4049,-3.9086,-0.0065185,0.00047122,-2,0,266
-2.4935,-2.8793,-0.0065185,0.00047122,-2,0,266
2.1277,2.5296,-3.0065,0.00047122,1,1,266
4.6418,5.5869,-0.0065185,0.00047122,-2,1,266
-3.6872,1.7018,-0.0065185,0.00047122,-2,0,266
-4.7335,-5.3932,-0.0065185,0.00047122,-2,0,266
3.7817,3.2573,-0.0065185,0.00047122,-2,1,266
-2.8062,-3.6791,-0.0065185,0.00047122,-2,0,266
4.8435,2.8203,-0.0065185,0.00047122,-2,1,266
4.8677,5.2325,-0.0065185,0.00047122,-2,1,266
-4.1292,-3.777,-3.0065,0.00047122,1,0,266
-4.8967,-5.1371,-0.0065185,0.00047122,-2,0,266
2.9205,2.3172,-0.0065185,0.00047122,-2,1,266
-0.066937,0.1299,-0.0065185,0.00047122,-2,0,266
0.065171,-2.1372,-4.0065,0.00047122,1,1,266
2.0045,2.0179,-0.0065185,0.00047122,-2,1,266
-0.99553,2.9079,-0.0065185,0.00047122,-2,0,266
-0.99553,-0.46323,-0.0065185,0.00047122,-2,1,266
-0.84553,-1.9636,4.9935,0.00047122,1,1,266
-1.9955,-2.9438,-0.0065185,0.00047122,-2,1,266
-2.9955,3.6304,-0.0065185,0.00047122,-2,1,266
3.0045,2.5679,-0.0065185,0.00047122,-2,1,266
-2.5455,-2.7402,-0.0065185,0.00047122,-2,0,266
-2.163,-2.1496,-0.0065185,0.00047122,-2,0,266
-2.8379,-1.5481,-0.0065185,0.00047122,-2,0,266
-2.5615,-2.3132,-0.0065185,0.00047122,-2,0,266
2.1856,1.8718,4.9935,0.00047122,1,1,266
3.1359,2.9796,-0.0065185,0.00047122,-2,1,266
-0.95726,-0.94384,-0.0065185,0.00047122,-2,0,266
-2.813,-3.7476,-0.0065185,0.00047122,-2,0,266
-1.6904,-2.377,-0.0065185,0.00047122,-2,0,266
-1.4362,-1.4227,2.9935,0.00047122,1,1,266
-4.718,-4.7046,-0.0065185,0.00047122,-2,0,266
-6.3955,-1.2146,-0.0065185,0.00047122,-2,0,266
3.8945,1.3262,-0.0065185,0.00047122,-2,1,266
-3.302,-4.6061,-4.0065,0.00047122,1,0,266
-3.0836,-1.2049,-0.0065185,0.00047122,-2,0,266
1.2297,-4.6469,-0.0065185,0.00047122,-2,1,266
-0.54553,2.6353,-0.0065185,0.00047122,-2,1,266
0.30447,0.31789,-0.0065185,0.00047122,-2,1,266
2.7045,2.8603,-0.0065185,0.00047122,-2,1,266
1.5595,-1.3283,-0.0065185,0.00047122,-2,0,266
-1.3173,-1.201,-2.0065,0.00047122,1,1,266
-1.9515,-1.9381,-0.0065185,0.00047122,-2,0,266
-0.54553,-0.46538,-0.0065185,0.00047122,-2,0,266
-0.16303,-0.14961,-0.0065185,0.00047122,-2,0,266
0.84685,-0.3831,-0.0065185,0.00047122,-2,0,266
1.1545,0.78964,-0.0065185,0.00047122,-2,0,266
-3.273,-0.59073,-0.0065185,0.00047122,-2,1,266
-3.3814,-2.768,-0.0065185,0.00047122,-2,0,266
3.4045,2.1536,-0.0065185,0.00047122,-2,1,266
-0.10553,-0.52561,-0.0065185,0.00047122,-2,1,266
0.54797,-2.4386,-0.0065185,0.00047122,-2,0,266
1.0925,-0.75729,-0.0065185,0.00047122,-2,0,266
0.85447,0.41057,-0.0065185,0.00047122,-2,1,266
1.727,2.8603,-0.0065185,0.00047122,-2,1,266
-0.60965,-1.5481,-0.0065185,0.00047122,-2,0,266
0.52648,1.349,-2.0065,0.00047122,1,1,266
1.4482,-1.2384,-0.0065185,0.00047122,-2,1,266
-0.61838,-0.60496,-0.0065185,0.00047122,-2,1,266
-2.6749,1.5579,-0.0065185,0.00047122,-2,0,266
-7.5455,-2.2596,-0.0065185,0.00047122,-2,0,266
6.172,6.4354,-0.0065185,0.00047122,-2,1,266
-3.0395,-0.6998,-0.0065185,0.00047122,-2,0,267
-0.88294,1.1079,-0.0065185,0.00047122,-2,1,267
-0.99553,-0.73641,-0.0065185,0.00047122,-2,1,267
-0.99553,2.199,-0.0065185,0.00047122,-2,0,267
-2.9955,-1.8507,-0.0065185,0.00047122,-2,0,267
-2.5455,-2.0204,-0.0065185,-2.9995,-1,0,267
-2.163,-0.16464,-0.0065185,-0.99953,-1,0,267
2.0045,2.0179,-0.0065185,0.00047122,-2,1,267
-0.99553,-0.39149,-0.0065185,0.00047122,-2,0,267
-0.99553,-0.10699,-0.0065185,0.00047122,-2,1,267
-2.9955,-0.83211,-0.0065185,0.00047122,-2,0,267
-0.54553,-0.53211,-0.0065185,0.00047122,-2,0,267
0.47197,0.94032,3.9935,0.00047122,1,0,267
-2.5505,-7.3821,-0.0065185,0.00047122,-2,0,267
6.4045,3.6406,-0.0065185,0.00047122,-2,1,267
5.4445,4.9079,-0.0065185,2.0005,-1,1,267
-5.452,-3.2811,-0.0065185,0.00047122,-2,0,267
-6.0836,-4.9438,-0.0065185,0.00047122,-2,0,267
-5.1703,-2.9671,3.9935,0.00047122,1,0,267
-3.5041,1.9093,-0.0065185,0.00047122,-2,0,267
5.2868,3.0002,-0.0065185,0.00047122,-2,1,267
6.0944,6.1079,-0.0065185,0.00047122,-2,1,267
-2.922,-2.4088,-0.0065185,0.00047122,-2,0,267
-2.483,-3.2261,1.9935,0.00047122,1,0,267
-0.6649,-0.65148,-0.0065185,0.00047122,-2,1,267
4.0045,-0.24417,-0.0065185,0.00047122,-2,1,267
2.0045,2.0179,-0.0065185,0.00047122,-2,1,267
1.0045,2.9079,-0.0065185,0.00047122,-2,1,267
-2.9955,-3.8695,-0.0065185,0.00047122,-2,0,267
4.0045,1.4947,-0.0065185,0.00047122,-2,1,267
-3.3955,-4.0233,-5.0065,0.00047122,1,0,267
4.0045,4.8129,-0.0065185,0.00047122,-2,1,267
4.0045,4.0179,-0.0065185,0.00047122,-2,0,267
2.4045,2.4179,-0.0065185,0.00047122,-2,0,267
0.11447,-2.7733,-0.0065185,0.00047122,-2,1,267
1.548,1.9299,-0.0065185,0.00047122,-2,1,267
-2.9075,-2.8941,-0.0065185,0.00047122,-2,0,267
-3.2207,-0.31589,-0.0065185,0.00047122,-2,0,267
-2.4869,-2.4735,-0.0065185,0.00047122,-2,0,267
-2.1132,-2.3123,-5.0065,0.00047122,1,0,267
1.9145,2.0914,-0.0065185,0.00047122,-2,1,267
3.078,3.2304,-0.0065185,0.00047122,-2,1,267
-2.208,-2.2652,-0.0065185,0.00047122,-2,0,267
1.8851,1.9989,-4.0065,0.00047122,1,0,267
1.837,3.9869,-0.0065185,0.00047122,-2,1,267
-3.1532,-1.5397,-0.0065185,0.00047122,-2,0,267
0.43845,6.7244,-0.0065185,0.00047122,-2,1,267
0.33559,-0.351,-0.0065185,0.00047122,-2,1,267
0.28592,-3.4271,-0.0065185,-1.9995,-1,0,267
-0.23476,2.249,-2.0065,0.00047122,1,0,267
-3.3814,-3.368,-0.0065185,0.00047122,-2,0,267
-3.4735,-5.4271,-0.0065185,0.00047122,-2,0,267
-2.5518,1.5056,-0.0065185,0.00047122,-2,1,267
6.5545,0.17449,-0.0065185,0.00047122,-2,1,267
-5.3955,-5.3821,-0.0065185,0.00047122,-2,0,267
-6.8855,-4.7145,-0.0065185,0.00047122,-2,0,267
5.861,4.059,4.9935,0.00047122,1,1,267
-5.0836,-4.7771,-0.0065185,0.00047122,-2,0,267
2.7793,3.0311,-0.0065185,0.00047122,-2,1,267
-2.3541,-5.4907,-0.0065185,-3.9995,-1,0,267
-3.2778,-1.0393,-0.0065185,0.00047122,-2,0,267
-4.0855,-2.7721,-0.0065185,0.00047122,-2,1,267
3.5545,1.7047,-0.0065185,0.00047122,-2,1,267
-3.013,-2.3552,-5.0065,0.00047122,1,0,267
-4.718,-4.7046,-0.0065185,0.00047122,-2,1,267
5.4045,3.7789,-0.0065185,0.00047122,-2,1,267
3.7045,2.1441,-0.0065185,0.00047122,-2,1,267
4.4495,3.1252,-0.0065185,0.00047122,-2,1,267
5.2327,4.1091,-0.0065185,0.00047122,-2,0,267
-4.4395,-2.8009,-4.0065,0.00047122,1,0,267
-5.8829,-3.7595,-0.0065185,0.00047122,-2,0,267
-3.7498,-3.7364,-0.0065185,0.00047122,-2,0,267
-4.6367,-6.0511,-0.0065185,0.00047122,-2,0,267
5.5495,5.5059,-0.0065185,0.00047122,-2,1,267
-4.7088,-6.0069,1.9935,0.00047122,1,0,267
-3.3893,-4.4907,-0.0065185,0.00047122,-2,0,267
1.3392,-0.1448,-0.0065185,0.00047122,-2,1,267
-0.71104,0.10785,-0.0065185,0.00047122,-2,0,267
-3.1455,-4.7046,-0.0065185,0.00047122,-2,0,267
-1.3955,0.53485,-0.0065185,0.00047122,-2,1,267
-1.1855,-1.1721,4.9935,0.00047122,1,1,267
1.5595,2.4959,-0.0065185,0.00047122,-2,0,267
0.77622,1.5742,-0.0065185,0.00047122,-2,0,267
-0.95151,3.4657,-0.0065185,0.00047122,-2,0,267
-6.6955,3.5153,-0.0065185,0.00047122,-2,0,267
3.4495,5.7129,-0.0065185,0.00047122,-2,1,267
-4.2238,0.20364,-0.0065185,0.00047122,-2,0,267
-3.5895,-0.92923,-4.0065,0.00047122,1,0,267
-0.10812,-0.094701,-0.0065185,0.00047122,-2,1,267
-0.24123,-0.22781,-0.0065185,0.00047122,-2,0,267
-1.1455,-4.4386,-0.0065185,0.00047122,-2,0,267
1.7045,0.99539,-0.0065185,0.00047122,-2,0,267
-1.4405,1.3432,4.9935,0.00047122,1,1,267
0.0044729,0.53989,-0.0065185,0.00047122,-2,0,267
-2.9955,3.6304,-0.0065185,0.00047122,-2,0,267
-3.9955,-0.91149,-0.0065185,0.00047122,-2,0,267
3.4045,-0.42464,3.9935,0.00047122,1,1,267
-1.9955,-1.1636,-0.0065185,0.00047122,-2,0,267
-0.99553,0.90364,-0.0065185,0.00047122,-2,0,267
-1.9955,-1.4271,-0.0065185,0.00047122,-2,0,267
0.0044729,-1.3446,-0.0065185,0.00047122,-2,0,267
-0.99553,-0.98211,-0.0065185,0.00047122,-2,0,267
0.0044729,0.017889,-0.0065185,0.00047122,-2,0,267
0.0044729,-1.0261,4.9935,0.00047122,1,1,267
-1.9955,-4.2321,-0.0065185,0.00047122,-2,0,267
-3.9955,-3.9821,-0.0065185,0.00047122,-2,0,267
5.0045,0.82173,-0.0065185,0.00047122,-2,1,267
5.0045,5.0179,-0.0065185,0.00047122,-2,1,267
-3.9955,-3.5946,-0.0065185,0.00047122,-2,0,267
3.4045,3.0241,4.9935,0.00047122,1,0,267
-5.8855,-4.2321,-0.0065185,0.00047122,-2,0,267
3.5545,5.0244,-0.0065185,0.00047122,-2,1,267
-5.163,-0.83211,-0.0065185,0.00047122,-2,0,267
-5.8379,-3.9821,-0.0065185,0.00047122,-2,0,267
4.9705,3.7514,-2.0065,0.00047122,1,1,267
4.3356,3.0179,-0.0065185,0.00047122,-2,1,267
5.1359,4.0179,-0.0065185,0.00047122,-2,1,267
-4.9573,1.2461,-0.0065185,0.00047122,-2,0,267
-2.813,-1.9821,-0.0065185,0.00047122,-2,0,267
4.6993,2.9079,-0.0065185,0.00047122,-2,1,267
3.5951,4.0085,-0.0065185,0.00047122,-2,1,267
4.5065,3.0699,-0.0065185,0.00047122,-2,1,267
3.8312,3.8446,4.9935,0.00047122,1,1,267
-0.35824,0.017889,-0.0065185,0.00047122,-2,0,267
5.3128,3.9387,-0.0065185,0.00047122,-2,1,267
4.2665,4.0179,-0.0065185,0.00047122,-2,1,267
-3.6183,-3.5946,-5.0065,0.00047122,1,0,267
1.8151,2.0179,-0.0065185,0.00047122,-2,0,267
0.16541,0.17883,-0.0065185,0.00047122,-2,0,267
0.0044729,0.017889,-0.0065185,0.00047122,-2,1,267
0.0044729,0.017889,-4.0065,0.00047122,1,0,267
3.0045,3.4179,-0.0065185,0.00047122,-2,1,267
-3.9955,-0.64636,-0.0065185,0.00047122,-2,0,267
-2.9955,-1.7792,-0.0065185,0.00047122,-2,0,267
4.0045,4.0179,-0.0065185,0.00047122,-2,1,267
-1.9955,-2.1496,-0.0065185,0.00047122,-2,0,267
-0.99553,-0.69774,-0.0065185,0.00047122,-2,0,267
1.0045,1.0179,-0.0065185,0.00047122,-2,1,267
-0.84553,-0.70461,-5.0065,0.00047122,1,0,267
-2.9955,-2.3776,-0.0065185,0.00047122,-2,0,267
-1.9955,-1.9821,-0.0065185,0.00047122,-2,0,267
1.0045,3.0885,-0.0065185,0.00047122,-2,1,267
-1.9955,-0.46086,-0.0065185,0.00047122,-2,0,267
1.7045,1.7179,-4.0065,0.00047122,1,1,267
-2.9955,3.4179,-0.0065185,0.00047122,-2,0,267
2.0045,2.0179,-0.0065185,0.00047122,-2,1,267
3.7045,3.7179,-0.0065185,0.00047122,-2,1,267
3.1495,-1.6598,-3.0065,0.00047122,1,1,267
3.2327,0.45187,-0.0065185,0.00047122,-2,1,267
2.0485,2.0619,-0.0065185,0.00047122,-2,1,267
3.8919,-0.93708,-0.0065185,0.00047122,-2,1,267
-1.7498,-0.02038,-0.0065185,0.00047122,-2,0,267
-0.35437,-0.34096,-0.0065185,0.00047122,-2,0,267
3.8545,1.5627,-0.0065185,0.00047122,-2,1,267
-3.268,-0.96609,2.9935,0.00047122,1,0,267
-0.3814,-1.918,-0.0065185,0.00047122,-2,0,267
-2.1455,-2.1321,-0.0065185,0.00047122,-2,1,267
2.282,1.1755,-0.0065185,0.00047122,-2,1,267
1.4545,4.8354,-0.0065185,0.00047122,-2,0,267
2.172,2.1854,-0.0065185,0.00047122,-2,1,267
-1.8379,-1.3808,-0.0065185,0.00047122,-2,0,267
4.5705,1.5839,-0.0065185,0.00047122,-2,1,267
-4.3266,-2.1054,-0.0065185,0.00047122,-2,0,267
-3.127,-3.1136,-0.0065185,0.00047122,-2,0,267
-3.9573,-1.8413,-0.0065185,0.00047122,-2,0,267
-2.813,-2.27,-0.0065185,0.00047122,-2,0,267
-4.6904,-1.4594,-0.0065185,0.00047122,-2,0,267
-1.5862,-0.79277,-0.0065185,0.00047122,-2,0,267
-0.49756,0.17883,-0.0065185,0.00047122,-2,1,267
0.4312,0.44461,-4.0065,0.00047122,1,0,267
0.0044729,0.017889,-0.0065185,0.00047122,-2,1,267
3.0045,3.0179,-0.0065185,0.00047122,-2,1,267
-3.9955,-1.4907,-0.0065185,0.00047122,-2,0,267
-4.9955,-1.2941,-0.0065185,0.00047122,-2,0,267
-4.2455,-4.2321,3.9935,0.00047122,1,0,267
-5.6955,-5.6821,-0.0065185,0.00047122,-2,0,268
-4.4405,-4.4271,-0.0065185,0.00047122,-2,0,268
-3.2238,-0.12637,-0.0065185,0.00047122,-2,0,268
-3.0395,-2.7261,-0.0065185,0.00047122,-2,0,268
-0.88294,-1.8495,-0.0065185,0.00047122,-2,1,268
0.0044729,0.017889,-0.0065185,0.00047122,-2,0,268
-1.9955,-0.62327,-0.0065185,0.00047122,-2,1,268
0.0044729,-2.7261,-0.0065185,0.00047122,-2,1,268
-0.99553,-0.98211,-0.0065185,0.00047122,-2,0,268
1.0045,0.26359,-0.0065185,0.00047122,-2,1,268
4.0045,3.3767,-0.0065185,0.00047122,-2,1,268
3.0045,0.017889,-0.0065185,0.00047122,-2,1,268
-2.5455,-2.5321,1.9935,0.00047122,1,1,268
1.172,1.7916,-0.0065185,0.00047122,-2,1,268
2.1545,-2.2771,-0.0065185,0.00047122,-2,1,268
2.282,2.2834,-0.0065185,0.00047122,-2,1,268
3.3903,1.9538,-0.0065185,0.00047122,-2,1,268
2.4825,2.4959,-0.0065185,0.00047122,-2,1,268
-2.1018,-2.4284,1.9935,0.00047122,1,0,268
-3.6184,-3.605,-0.0065185,0.00047122,-2,0,268
1.6839,-1.5533,-0.0065185,0.00047122,-2,0,268
1.7045,1.7179,-0.0065185,0.00047122,-2,0,268
-0.55053,-3.0261,-0.0065185,0.00047122,-2,0,268
-0.46728,-1.0664,-5.0065,0.00047122,1,0,268
-2.0395,-2.0261,-0.0065185,0.00047122,-2,1,268
0.11706,0.13048,-0.0065185,0.00047122,-2,1,268
2.2502,2.2636,-0.0065185,0.00047122,-2,1,268
4.3633,4.3767,-0.0065185,0.00047122,-2,1,268
-4.4505,-1.6557,-0.0065185,0.00047122,-2,0,268
3.5412,3.8047,-0.0065185,0.00047122,-2,1,268
-3.0018,-2.9884,-5.0065,0.00047122,1,0,268
1.6698,3.9332,-0.0065185,0.00047122,-2,1,268
-1.411,-1.8877,-4.0065,0.00047122,1,0,268
-1.7537,-1.7403,-0.0065185,0.00047122,-2,0,268
-1.79,-1.7766,-0.0065185,0.00047122,-2,0,268
-3.8208,-2.5648,-0.0065185,0.00047122,-2,0,268
-3.847,-4.0894,-0.0065185,0.00047122,-2,0,268
4.8782,4.8917,-0.0065185,0.00047122,-2,1,268
-3.8882,-2.3313,-0.0065185,0.00047122,-2,0,268
3.3133,3.3267,4.9935,0.00047122,1,1,268
-3.918,-4.1546,-0.0065185,0.00047122,-2,0,268
3.9386,3.352,-0.0065185,0.00047122,-2,1,268
2.9485,2.9619,-0.0065185,0.00047122,-2,1,268
-2.4979,-2.9065,-5.0065,0.00047122,1,0,268
-2.9551,-2.9416,-0.0065185,0.00047122,-2,0,268
-0.029923,3.596,-0.0065185,0.00047122,-2,1,268
0.033709,-0.0032345,-0.0065185,0.00047122,-2,0,268
-1.9707,-6.60E-05,-0.0065185,0.00047122,-2,0,268
-2.9744,-2.961,-0.0065185,0.00047122,-2,0,268
-2.5276,-1.4401,-5.0065,0.00047122,1,0,268
-1.9803,-4.2168,-0.0065185,0.00047122,-2,0,268
-0.0084994,1.7049,-0.0065185,0.00047122,-2,1,268
2.0155,2.0099,-0.0065185,0.00047122,-2,0,268
4.0138,0.011117,-0.0065185,0.00047122,-2,1,268
1.4045,1.4179,-0.0065185,0.00047122,-2,1,268
-0.10553,-2.9821,-0.0065185,0.00047122,-2,0,268
0.097973,-2.4444,3.9935,0.00047122,1,1,268
-1.163,-1.1496,-0.0065185,0.00047122,-2,1,268
-1.1455,-4.8721,-0.0065185,0.00047122,-2,0,268
1.3045,3.0214,-0.0065185,0.00047122,-2,1,268
3.5545,-0.81299,-0.0065185,0.00047122,-2,1,268
-5.163,-1.3541,-0.0065185,0.00047122,-2,0,268
6.8468,4.4103,-0.0065185,0.00047122,-2,1,268
5.8205,5.8339,-2.0065,0.00047122,1,1,268
-5.3266,-4.3027,-0.0065185,0.00047122,-2,0,268
5.1359,-0.29566,-0.0065185,0.00047122,-2,1,268
1.9662,4.3796,-0.0065185,0.00047122,-2,1,268
-2.813,-2.179,-0.0065185,0.00047122,-2,0,268
3.6993,0.90773,-0.0065185,0.00047122,-2,1,268
3.1451,3.1585,-4.0065,0.00047122,1,1,268
2.5065,-3.2612,-0.0065185,0.00047122,-2,1,268
-1.5688,-1.8793,-0.0065185,0.00047122,-2,1,268
0.64176,-1.5145,-0.0065185,0.00047122,-2,0,268
0.31278,0.3262,-0.0065185,0.00047122,-2,1,268
0.26654,-0.6415,-2.0065,0.00047122,1,1,268
2.7817,1.6642,-0.0065185,0.00047122,-2,1,268
-1.5455,-1.2378,-0.0065185,0.00047122,-2,0,268
0.83697,-1.2996,-0.0065185,0.00047122,-2,0,268
2.1621,0.72551,-0.0065185,0.00047122,-2,1,268
3.4045,1.298,-0.0065185,0.00047122,-2,1,268
2.8945,1.8603,-4.0065,0.00047122,1,1,268
6.461,6.4744,-0.0065185,0.00047122,-2,1,268
3.0925,-1.541,-0.0065185,0.00047122,-2,1,268
-5.7703,-5.7569,-0.0065185,0.00047122,-2,0,268
4.5131,1.7021,-0.0065185,0.00047122,-2,1,268
4.2868,3.3854,-0.0065185,0.00047122,-2,1,268
-2.0855,-2.0721,-0.0065185,0.00047122,-2,0,268
1.7809,2.776,-2.0065,0.00047122,1,1,268
1.792,1.5199,-0.0065185,0.00047122,-2,1,268
-0.6649,0.79352,-0.0065185,0.00047122,-2,0,268
-2.4266,-2.6194,-0.0065185,0.00047122,-2,0,268
2.5545,2.0843,-0.0065185,0.00047122,-2,1,268
-2.163,0.017889,2.9935,0.00047122,1,0,268
-0.8379,1.0179,-0.0065185,0.00047122,-2,0,268
-0.71155,2.1854,-0.0065185,0.00047122,1,0,268
-2.3266,0.017889,-0.0065185,0.00047122,-2,0,268
1.9859,1.9993,-3.0065,0.00047122,1,1,268
3.0427,4.0179,-0.0065185,0.00047122,-2,0,268
-2.1781,-2.1646,-0.0065185,0.00047122,-2,1,268
2.3096,3.0179,-0.0065185,0.00047122,-2,1,268
0.55447,-0.41609,-0.0065185,0.00047122,-2,1,268
-1.163,-1.6476,-0.0065185,0.00047122,-2,0,268
4.8468,1.0103,-0.0065185,0.00047122,-2,1,268
4.1205,3.5296,2.9935,0.00047122,1,1,268
5.3356,3.899,-0.0065185,0.00047122,-2,1,268
5.1359,4.1127,-0.0065185,0.00047122,-2,1,268
0.9662,0.60851,-0.0065185,0.00047122,-2,1,268
0.82194,0.51992,-0.0065185,0.00047122,-2,1,268
3.6993,3.4446,-0.0065185,0.00047122,-2,1,268
3.1451,2.6965,-2.0065,0.00047122,1,1,268
-1.4976,1.2159,-0.0065185,0.00047122,-2,0,268
4.4312,1.13,-0.0065185,0.00047122,-2,1,268
5.3672,3.6406,-0.0065185,0.00047122,-2,1,268
-2.3038,-2.2904,-0.0065185,0.00047122,-2,0,268
1.9665,3.8925,3.9935,0.00047122,1,1,268
-1.2183,-3.6049,-0.0065185,0.00047122,-2,0,268
0.19381,1.0572,-0.0065185,0.00047122,-2,1,268
3.1654,3.1788,-0.0065185,0.00047122,-2,1,268
3.1413,0.1019,-0.0065185,0.00047122,-2,1,268
-0.87925,-0.9107,-0.0065185,0.00047122,-2,1,268
-0.89669,-0.92141,-0.0065185,0.00047122,-2,1,268
3.0885,1.9119,-0.0065185,0.00047122,-2,1,268
2.6259,2.6117,-4.0065,0.00047122,1,1,268
-5.0562,-5.0428,-0.0065185,0.00047122,-2,0,268
-4.0471,-4.0337,-0.0065185,0.00047122,-2,0,268
2.0483,2.0448,-0.0065185,0.00047122,-2,1,268
1.7417,-2.0329,-4.0065,0.00047122,1,1,268
1.0362,1.0496,-0.0065185,0.00047122,-2,1,268
4.0314,4.0344,-0.0065185,0.00047122,-2,1,268
-5.0184,2.4515,-0.0065185,0.00047122,-2,0,268
4.2739,4.2798,-4.0065,0.00047122,1,1,268
1.9879,3.4013,-0.0065185,0.00047122,-2,0,268
-1.0096,-0.99617,-0.0065185,0.00047122,-2,0,268
2.9925,3.0059,-0.0065185,0.00047122,-2,0,268
-2.9854,-2.9759,-0.0065185,0.00047122,-2,0,268
-2.5455,-1.0261,-0.0065185,0.00047122,-2,0,268
4.172,2.1781,-0.0065185,0.00047122,-2,1,268
-3.8379,-3.5245,-0.0065185,0.00047122,-2,0,268
-3.2615,-2.3233,3.9935,0.00047122,1,0,268
1.3356,1.349,-0.0065185,0.00047122,-2,1,268
-2.127,1.7764,-0.0065185,0.00047122,-2,0,268
-5.9573,-5.3759,-0.0065185,0.00047122,-2,0,268
-4.813,-1.0393,-0.0065185,0.00047122,-2,0,268
-4.0904,-4.077,-3.0065,0.00047122,1,0,268
-3.5862,-2.7739,-0.0065185,0.00047122,-2,0,268
4.5065,4.5199,-0.0065185,0.00047122,-2,1,268
-2.4223,-2.3243,-0.0065185,0.00047122,-2,0,268
2.0672,2.0806,-4.0065,0.00047122,1,1,268
1.6962,1.8917,-0.0065185,0.00047122,-2,0,268
3.7424,3.9106,-0.0065185,0.00047122,-2,0,268
0.78172,2.2516,-0.0065185,0.00047122,-2,0,268
3.8151,0.79037,-0.0065185,0.00047122,-2,1,268
6.4045,3.7404,-0.0065185,0.00047122,-2,1,268
6.8945,4.632,-0.0065185,0.00047122,-2,1,268
-5.852,-0.38784,-5.0065,0.00047122,1,0,268
5.0925,6.3559,-0.0065185,0.00047122,-2,1,268
-5.7703,-2.9093,-0.0065185,0.00047122,-2,0,268
5.5131,3.7385,-0.0065185,0.00047122,-2,1,268
5.2868,4.7002,-0.0065185,0.00047122,-2,1,268
2.0944,2.1079,-0.0065185,0.00047122,-2,1,268
3.9309,3.1048,-0.0065185,0.00047122,-2,1,268
-2.208,-2.8148,-0.0065185,0.00047122,-2,1,268
-0.32615,-0.31274,-0.0065185,0.00047122,-2,1,268
3.5734,2.4292,-0.0065185,0.00047122,-2,1,268
2.4881,2.6707,-0.0065185,0.00047122,-2,1,268
0.41555,0.10524,-0.0065185,0.00047122,-2,1,268
0.35389,1.8123,-0.0065185,0.00047122,-2,1,268
-0.29253,-0.045225,-0.0065185,0.00047122,-2,0,268
-0.24798,-0.035758,-0.0065185,0.00047122,-2,0,268
0.21906,0.063488,-2.0065,0.00047122,1,1,268
-0.81313,-0.94335,-0.0065185,0.00047122,-2,1,268
-0.84049,-0.82707,-0.0065185,0.00047122,-2,1,268
-2.8637,-1.0786,-0.0065185,0.00047122,-2,0,268
-1.5455,-1.5321,-0.0065185,0.00047122,-2,0,268
3.172,0.88507,-0.0065185,0.00047122,-2,1,268
-5.3955,-5.3821,-0.0065185,0.00047122,-2,0,269
-4.8855,0.56287,-0.0065185,0.00047122,-2,0,269
-4.452,-1.6821,-0.0065185,0.00047122,-2,0,269
6.0925,3.8059,-0.0065185,0.00047122,-2,1,269
-5.7703,-5.1569,-0.0065185,0.00047122,-2,0,269
-3.5041,-3.3821,-0.0065185,0.00047122,-2,0,269
-2.2778,-0.98211,-0.0065185,0.00047122,-2,0,269
-2.0855,-1.4271,-0.0065185,0.00047122,-2,1,269
4.1545,-2.1368,-0.0065185,0.00047122,-2,1,269
-3.273,-3.2596,-0.0065185,0.00047122,-2,0,269
-0.60965,2.743,-0.0065185,0.00047122,-2,0,269
-1.9955,0.53989,-0.0065185,0.00047122,-2,1,269
1.7045,4.3279,-5.0065,0.00047122,1,0,269
2.0045,4.2679,-0.0065185,0.00047122,-2,1,269
-1.9955,-1.6821,-0.0065185,0.00047122,-2,1,269
-0.69553,0.17577,-0.0065185,0.00047122,-2,0,269
0.15447,0.61289,-0.0065185,0.00047122,-2,0,269
0.13197,3.2461,-0.0065185,2.0005,-1,0,269
-0.1039,0.27976,-4.0065,0.00047122,1,0,269
0.48247,4.3053,-0.0065185,0.00047122,-2,1,269
-0.55182,-3.7221,-0.0065185,0.00047122,-2,0,269
-0.61838,-3.4386,-0.0065185,0.00047122,-2,0,269
-1.6749,-4.0701,-0.0065185,0.00047122,-2,0,269
1.432,2.4068,-4.0065,0.00047122,1,1,269
0.23609,1.9093,-0.0065185,0.00047122,-2,0,269
-2.1924,1.3002,-0.0065185,0.00047122,-2,0,269
-0.69553,1.0179,-0.0065185,0.00047122,-2,0,269
0.55947,2.0179,-0.0065185,0.00047122,-2,1,269
5.7045,5.7179,-0.0065185,0.00047122,-2,1,269
-4.4405,-0.3831,-0.0065185,0.00047122,-2,0,269
-3.7738,-2.3921,2.9935,0.00047122,1,1,269
-5.163,-5.1496,-0.0065185,0.00047122,-2,1,269
-1.8379,1.298,-0.0065185,0.00047122,-2,1,269
1.4385,4.8603,-0.0065185,0.00047122,-2,1,269
-2.6644,-2.651,-0.0065185,0.00047122,-2,0,269
3.873,1.349,-0.0065185,0.00047122,-2,1,269
-0.033796,-3.2704,-0.0065185,0.00047122,-2,0,269
-1.1781,-1.1646,-0.0065185,0.00047122,-2,0,269
1.3096,2.8354,-0.0065185,0.00047122,-2,1,269
1.1138,0.041391,-4.0065,0.00047122,1,0,269
0.55947,5.4179,-0.0065185,0.00047122,-2,1,269
-0.22378,3.9079,-0.0065185,0.00047122,-2,1,269
0.048485,-0.60496,-0.0065185,0.00047122,-2,0,269
0.041884,0.70118,3.9935,0.00047122,1,0,269
-2.2412,3.6904,-0.0065185,0.00047122,-2,0,269
3.3633,5.5265,-0.0065185,0.00047122,-2,1,269
2.4595,4.3002,-0.0065185,0.00047122,-2,1,269
-0.45876,1.1079,-0.0065185,0.00047122,-2,1,269
0.61072,1.9444,-0.0065185,0.00047122,-2,1,269
-0.51084,-2.1007,3.9935,0.00047122,1,0,269
1.289,0.34852,-0.0065185,0.00047122,-2,1,269
1.0963,1.8679,-0.0065185,1.0005,-1,1,269
4.727,0.81464,-0.0065185,0.00047122,-2,0,269
-4.3955,-5.4701,-0.0065185,0.00047122,-2,0,269
-5.8455,-6.7569,-0.0065185,0.00047122,-2,0,269
3.727,1.5721,-0.0065185,0.00047122,-2,1,269
-3.1597,-3.8144,-5.0065,0.00047122,1,1,269
-4.163,-4.1496,-0.0065185,0.00047122,-2,0,269
2.7045,1.4616,-0.0065185,0.00047122,-2,1,269
3.4495,3.4657,-0.0065185,0.00047122,-2,1,269
0.77622,-2.9104,-0.0065185,0.00047122,-2,1,269
1.3045,-1.4096,-0.0065185,0.00047122,-2,0,269
1.4495,-3.7604,-0.0065185,0.00047122,-2,1,269
-1.2238,-1.2104,1.9935,0.00047122,1,0,269
-3.0395,-1.0947,-0.0065185,0.00047122,-2,0,269
2.8919,-2.1814,-0.0065185,0.00047122,-2,1,269
-0.74983,-0.73641,-0.0065185,0.00047122,-2,0,269
-0.63668,-0.62327,-0.0065185,0.00047122,-2,0,269
-1.5405,-0.74713,-0.0065185,0.00047122,-2,0,269
-1.3088,-1.2953,1.9935,0.00047122,1,0,269
-4.3893,1.3241,-0.0065185,0.00047122,-2,0,269
4.3392,3.1334,-0.0065185,0.00047122,-2,1,269
-4.28,-3.1403,-0.0065185,0.00047122,-2,0,269
-2.2373,-2.2239,-0.0065185,0.00047122,-2,0,269
-1.9011,-3.0777,-5.0065,0.00047122,1,0,269
-0.17024,-4.0836,-0.0065185,0.00047122,-2,1,269
-1.9955,-1.9821,-0.0065185,0.00047122,-2,0,269
1.0045,-2.0527,-0.0065185,0.00047122,-2,1,269
-4.9955,-4.9821,-0.0065185,0.00047122,-2,0,269
-4.9955,-4.9821,-0.0065185,0.00047122,-2,0,269
4.2545,-0.05963,4.9935,0.00047122,1,1,269
-3.9955,-4.2321,-0.0065185,0.00047122,-2,0,269
-0.99553,-0.98211,-0.0065185,0.00047122,-2,0,269
1.0045,1.7498,-0.0065185,0.00047122,-2,1,269
4.0045,-0.11648,-0.0065185,0.00047122,-2,1,269
3.0045,3.4179,-0.0065185,0.00047122,-2,1,269
4.0045,1.8567,-0.0065185,0.00047122,-2,1,269
3.4045,2.8134,-3.0065,0.00047122,1,0,269
-0.10553,2.9079,-0.0065185,0.00047122,-2,0,269
-1.539,-4.6996,-0.0065185,0.00047122,-2,0,269
2.9164,5.2603,-0.0065185,0.00047122,-2,1,269
1.2297,4.5839,-0.0065185,0.00047122,-2,1,269
-1.0369,-4.9257,3.9935,0.00047122,1,0,269
1.7222,-2.2507,-0.0065185,0.00047122,-2,1,269
2.9145,4.9796,-0.0065185,0.00047122,-2,1,269
2.078,3.8354,-0.0065185,0.00047122,-2,1,269
-1.758,-1.037,3.9935,0.00047122,1,1,269
-2.163,-2.1388,-0.0065185,0.00047122,-2,0,269
3.0045,-2.3701,-0.0065185,0.00047122,-2,1,269
-2.9955,-2.5321,-0.0065185,0.00047122,-2,0,269
3.0045,2.9306,-0.0065185,0.00047122,-2,1,269
-3.9955,-2.5321,-0.0065185,0.00047122,-2,0,269
-0.99553,-0.98211,-0.0065185,0.00047122,-2,0,269
0.85447,3.1306,4.9935,0.00047122,1,1,269
1.0045,1.2072,-0.0065185,0.00047122,-2,1,269
-0.99553,-0.98211,-0.0065185,0.00047122,-2,0,269
3.0045,3.1547,-0.0065185,0.00047122,-2,1,269
0.0044729,0.13417,-0.0065185,0.00047122,-2,1,269
2.0045,-2.2006,-0.0065185,0.00047122,-2,1,269
-1.6955,-1.5981,-5.0065,0.00047122,1,0,269
-5.4405,-5.4271,-0.0065185,0.00047122,-2,0,269
6.2327,3.6554,-0.0065185,0.00047122,-2,1,269
-3.0395,-3.0261,-0.0065185,0.00047122,-2,0,269
-1.1081,3.5153,-0.0065185,0.00047122,-2,1,269
0.95017,0.96359,1.9935,0.00047122,1,1,269
2.5595,-2.3933,-0.0065185,0.00047122,-2,0,269
-2.7673,-2.1539,-0.0065185,0.00047122,-2,0,269
5.4045,5.4179,-0.0065185,0.00047122,-2,1,269
-3.8855,-3.4386,-0.0065185,0.00047122,-2,0,269
-4.452,-4.0701,-0.0065185,0.00047122,-2,0,269
5.0925,1.0384,-0.0065185,0.00047122,-2,1,269
3.7793,3.7927,-0.0065185,0.00047122,-2,1,269
-3.2041,-3.4319,-3.0065,0.00047122,1,0,269
1.2868,3.6579,-0.0065185,0.00047122,-2,1,269
-0.90556,1.1079,-0.0065185,0.00047122,-2,0,269
-1.2955,-0.76961,-0.0065185,0.00047122,-2,1,269
1.1095,2.5679,3.9935,0.00047122,1,0,269
-1.2238,0.017889,-0.0065185,0.00047122,-2,0,269
-2.0395,-0.98211,-0.0065185,0.00047122,-2,0,269
1.1171,2.0179,-0.0065185,0.00047122,-2,1,269
0.95017,1.3516,2.9935,0.00047122,1,1,269
-6.4405,-4.3069,-0.0065185,0.00047122,-2,0,269
6.2327,6.2461,-0.0065185,0.00047122,-2,1,269
-5.0395,-5.2644,-0.0065185,0.00047122,-2,0,269
4.2919,2.9053,-0.0065185,2.0005,-1,1,269
3.7588,3.7722,-0.0065185,0.00047122,-2,1,269
2.6456,2.659,-0.0065185,0.00047122,-2,1,269
1.5495,2.4486,-0.0065185,0.00047122,-2,1,269
-1.3088,-1.4011,-4.0065,0.00047122,1,0,269
0.39822,3.8116,-0.0065185,0.00047122,-2,1,269
0.66979,-0.39319,-0.0065185,0.00047122,-2,1,269
0.15447,-0.54763,-0.0065185,0.00047122,-2,0,269
-0.27303,-0.83211,-0.0065185,0.00047122,-2,1,269
0.24035,0.25376,3.9935,0.00047122,1,0,269
4.5265,-3.3821,-0.0065185,0.00047122,-2,1,269
-3.8392,-3.3821,0.99348,0.00047122,1,0,269
-4.3727,-3.9821,-0.0065185,0.00047122,-2,0,269
3.7251,-0.70461,-4.0065,0.00047122,1,1,269
2.277,2.0179,-0.0065185,0.00047122,-2,1,269
-4.2271,-4.2137,-0.0065185,0.00047122,-2,0,269
3.2013,3.0179,-0.0065185,0.00047122,-2,1,269
-2.1629,1.9386,-0.0065185,0.00047122,-2,0,269
0.86223,1.0179,-0.0065185,0.00047122,-2,1,269
-1.1455,-1.1321,-0.0065185,0.00047122,-2,0,269
0.98197,2.9461,2.9935,0.00047122,1,1,269
-3.4405,-2.0695,-0.0065185,0.00047122,-2,0,269
-5.2238,-2.2239,-0.0065185,0.00047122,-2,0,269
5.0485,4.4619,-0.0065185,0.00047122,-2,1,269
2.8919,2.9053,-0.0065185,0.00047122,-2,1,269
-1.7498,-2.9177,-0.0065185,0.00047122,-2,0,269
1.4956,1.509,2.9935,0.00047122,1,1,269
-3.5405,-3.0151,-0.0065185,0.00047122,-2,0,269
-1.4588,-1.0101,-0.0065185,0.00047122,-2,0,269
-0.38928,-2.2182,-0.0065185,0.00047122,-2,0,269
-0.33021,-0.002344,-0.0065185,0.00047122,-2,1,269
0.0044729,0.017889,-0.0065185,0.00047122,-2,0,269
-2.9955,-0.22392,-0.0065185,0.00047122,-2,0,269
0.0044729,-0.18765,-0.0065185,0.00047122,-2,0,269
-0.99553,-2.1496,-0.0065185,0.00047122,-2,0,269
-0.84553,-0.98061,-5.0065,0.00047122,1,0,269
3.0045,2.8917,-0.0065185,0.00047122,-2,0,269
3.0045,2.9106,-0.0065185,0.00047122,-2,1,269
-0.54553,5.0885,-0.0065185,0.00047122,-2,0,269
1.172,-2.5921,-0.0065185,0.00047122,-2,1,269
-1.1532,-1.1397,-0.0065185,0.00047122,-2,0,269
7.4045,7.4179,-0.0065185,0.00047122,-2,0,270
6.4045,6.4179,-0.0065185,0.00047122,-2,1,270
-0.44553,1.7313,-0.0065185,0.00047122,-2,1,270
2.172,0.9053,-0.0065185,0.00047122,-2,1,270
0.84685,-0.30724,-0.0065185,0.00047122,-2,0,270
-0.84553,-1.8245,-0.0065185,0.00047122,-2,0,270
0.28197,0.29539,-0.0065185,0.00047122,-2,0,270
-3.6097,-0.133,-0.0065185,0.00047122,-2,0,270
1.4825,-3.6636,-0.0065185,0.00047122,-2,1,270
3.7045,1.2742,-0.0065185,0.00047122,-2,1,270
-5.4405,-3.1271,-0.0065185,0.00047122,-2,0,270
-3.2238,-3.2104,-0.0065185,0.00047122,-2,0,270
2.7485,1.5768,4.9935,0.00047122,1,1,270
3.8919,3.1364,-0.0065185,0.00047122,-2,1,270
2.7588,1.0562,-0.0065185,0.00047122,-2,1,270
4.6456,2.8265,-0.0065185,0.00047122,-2,1,270
-3.5405,-3.9271,-0.0065185,0.00047122,-2,0,270
3.4677,2.4273,-0.0065185,0.00047122,-2,1,270
2.9482,2.5791,-2.0065,0.00047122,1,1,270
-3.3302,1.3832,-0.0065185,0.00047122,-2,0,270
3.289,2.2052,-0.0065185,0.00047122,-2,1,270
-5.2373,-2.7739,-0.0065185,0.00047122,-2,0,270
0.21001,-0.24417,-0.0065185,0.00047122,-2,0,270
-0.17024,-0.15682,3.9935,0.00047122,1,1,270
-2.9955,-2.9821,-0.0065185,0.00047122,-2,0,270
3.5545,5.1779,-0.0065185,0.00047122,-2,1,270
4.172,4.1854,-0.0065185,0.00047122,-2,1,270
3.8468,-1.3476,-0.0065185,0.00047122,-2,1,270
4.5705,1.2431,-0.0065185,0.00047122,-2,1,270
0.33559,-0.045709,-0.0065185,0.00047122,-2,0,270
-0.27698,-0.26356,3.9935,0.00047122,1,1,270
2.282,4.0619,-0.0065185,0.00047122,-2,1,270
6.5545,1.1279,-0.0065185,0.00047122,-2,1,270
7.172,2.5614,-0.0065185,0.00047122,-2,1,270
5.8468,-2.5138,-0.0065185,0.00047122,-2,1,270
3.5705,1.6431,-0.0065185,0.00047122,-2,1,270
1.3356,1.349,-0.0065185,0.00047122,-2,1,270
-2.127,-2.5586,-0.0065185,0.00047122,-2,0,270
-2.9573,-2.9438,-0.0065185,0.00047122,-2,0,270
2.5219,1.5579,4.9935,0.00047122,1,1,270
1.6993,0.23039,-0.0065185,0.00047122,-2,1,270
1.4138,-4.1852,-0.0065185,0.00047122,-2,1,270
1.2024,-1.0527,-0.0065185,2.0005,-1,1,270
-1.0138,2.1443,-5.0065,0.00047122,1,0,270
-3.2238,-3.2104,-0.0065185,0.00047122,-2,0,270
-2.7395,-3.0964,-0.0065185,-4.9995,-1,0,270
3.8919,1.4856,-0.0065185,0.00047122,-2,1,270
4.7588,2.6554,-0.0065185,0.00047122,-2,1,270
-4.6367,-0.99153,-0.0065185,0.00047122,-2,0,270
3.9495,2.4335,4.9935,0.00047122,1,1,270
5.4677,4.1812,-0.0065185,0.00047122,-2,1,270
4.6482,-2.6933,-0.0065185,-1.9995,-1,1,270
-4.3302,-4.3168,-0.0065185,0.00047122,-2,0,270
-3.28,-2.8766,-0.0065185,0.00047122,-2,0,270
-3.2373,-2.7739,-0.0065185,0.00047122,-2,0,270
2.21,1.6466,-0.0065185,0.00047122,-2,1,270
-1.8702,-1.834,-5.0065,0.00047122,1,0,270
-3.144,-4.3806,-0.0065185,0.00047122,-2,0,270
-5.1218,-5.1083,-0.0065185,0.00047122,-2,0,270
2.1118,1.8241,-0.0065185,0.00047122,-2,1,270
1.9133,-1.9157,-0.0065185,0.00047122,-2,1,270
0.70447,-1.4081,-0.0065185,0.00047122,-2,0,270
0.15447,1.1369,-0.0065185,0.00047122,-2,1,270
0.13197,0.52364,3.9935,0.00047122,1,1,270
-1.273,-0.9381,-0.0065185,0.00047122,-2,0,270
-1.6955,-1.6821,-0.0065185,0.00047122,-2,0,270
-2.4405,2.9964,-0.0065185,0.00047122,-2,0,270
-3.2238,-3.2104,-0.0065185,0.00047122,-2,0,270
2.0485,-1.0344,-0.0065185,0.00047122,-2,1,270
-1.7329,0.67649,-5.0065,0.00047122,1,0,270
0.25017,2.3002,-0.0065185,0.00047122,-2,1,270
-3.8455,0.63039,-0.0065185,0.00047122,-2,0,270
-3.718,0.088514,-0.0065185,0.00047122,-2,0,270
0.6186,-3.0554,-0.0065185,0.00047122,-2,1,270
-0.51753,2.2364,-3.0065,0.00047122,1,0,270
2.4482,3.0116,-0.0065185,0.00047122,-2,0,270
2.7045,0.5825,-0.0065185,0.00047122,-2,1,270
-2.8455,-0.064659,-0.0065185,0.00047122,-2,0,270
2.727,2.4404,-0.0065185,0.00047122,-2,1,270
2.6186,2.632,-0.0065185,0.00047122,-2,1,270
2.2265,1.9849,-3.0065,0.00047122,1,1,270
5.4482,5.4616,-0.0065185,0.00047122,-2,1,270
-4.3727,-3.3776,-0.0065185,0.00047122,-2,0,270
5.3251,-1.5039,-0.0065185,0.00047122,-2,1,270
4.277,4.5404,-0.0065185,0.00047122,-2,1,270
3.2361,3.0466,-0.0065185,0.00047122,-2,1,270
2.2013,1.7023,-0.0065185,0.00047122,-2,1,270
1.8718,2.3527,2.9935,0.00047122,1,0,270
-1.5505,-0.43211,-0.0065185,0.00047122,-2,0,270
0.23272,1.9916,-0.0065185,0.00047122,-2,0,270
-0.03954,-0.31323,-0.0065185,0.00047122,-2,1,270
4.1171,3.8864,-0.0065185,0.00047122,-2,1,270
-3.4912,0.73488,2.9935,0.00047122,1,0,270
-2.3544,3.6993,-0.0065185,0.00047122,-2,0,270
3.4595,3.323,-0.0065185,0.00047122,-2,1,270
2.5412,2.4273,-0.0065185,0.00047122,-2,1,270
-2.1518,-1.1296,3.9935,0.00047122,1,0,270
-4.6608,4.0085,-0.0065185,0.00047122,-2,0,270
-2.711,-3.7301,-0.0065185,0.00047122,-2,0,270
-3.7537,-2.1054,-0.0065185,0.00047122,-2,0,270
1.7989,1.7558,-0.0065185,0.00047122,-2,1,270
-0.82082,-2.5638,-0.0065185,0.00047122,-2,1,270
-3.8455,-2.2493,-0.0065185,0.00047122,-2,0,270
-3.268,-3.2546,3.9935,0.00047122,1,0,270
-1.163,-1.1496,-0.0065185,0.00047122,-2,1,270
0.85447,0.86789,-0.0065185,0.00047122,-2,1,270
2.282,-0.80345,-0.0065185,0.00047122,-2,1,270
2.5545,-0.066123,-0.0065185,0.00047122,-2,1,270
1.172,-1.0535,-0.0065185,0.00047122,-2,0,270
-0.9879,-0.97449,-4.0065,0.00047122,1,1,270
0.72697,-2.0998,-0.0065185,0.00047122,-2,1,270
0.6186,1.1079,-3.0065,0.00047122,1,1,270
-3.4735,-3.0556,-0.0065185,0.00047122,-2,0,270
3.4045,1.7417,-0.0065185,0.00047122,-2,1,270
-2.8855,-2.8721,3.9935,0.00047122,1,0,270
-4.452,-3.5481,-0.0065185,0.00047122,-2,0,270
5.0925,-1.541,-0.0065185,0.00047122,-2,1,270
2.7793,2.1493,-0.0065185,0.00047122,-2,1,270
-3.5041,-3.6582,-0.0065185,0.00047122,-2,0,270
0.28678,2.5354,-0.0065185,0.00047122,-2,0,270
-0.14553,-2.5171,-0.0065185,0.00047122,-2,0,270
3.1545,-0.10961,-0.0065185,0.00047122,-2,1,270
2.682,-0.15548,-4.0065,0.00047122,1,1,270
-2.8855,0.52789,-0.0065185,0.00047122,-2,0,270
-0.53903,2.4744,-0.0065185,0.00047122,-2,0,270
-0.54553,2.0179,-0.0065185,0.00047122,-2,1,270
-0.46303,-1.829,4.9935,0.00047122,1,1,270
-0.55053,4.5404,-0.0065185,0.00047122,-2,0,270
-5.6955,4.8586,-0.0065185,0.00047122,-2,0,270
2.4495,2.4629,-0.0065185,0.00047122,-2,1,270
-2.0738,-4.1004,-4.0065,0.00047122,1,0,270
-2.9515,4.4619,-0.0065185,0.00047122,-2,0,270
4.4045,4.4179,-0.0065185,0.00047122,-2,1,270
-4.8855,0.47439,-0.0065185,0.00047122,-2,0,270
-6.452,-1.8941,-0.0065185,0.00047122,-2,0,270
-5.0836,-1.2073,-0.0065185,0.00047122,-2,0,270
-3.7703,-0.47351,-0.0065185,0.00047122,-2,0,270
1.5131,1.5265,-0.0065185,0.00047122,-2,1,270
1.2868,-0.36086,4.9935,0.00047122,1,1,270
5.0944,5.1079,-0.0065185,0.00047122,-2,1,270
-1.922,-2.8071,-0.0065185,0.00047122,-2,0,270
1.792,0.19852,-0.0065185,0.00047122,-2,1,270
2.6738,1.4489,-0.0065185,0.00047122,-2,1,270
-2.2645,-0.22099,-4.0065,0.00047122,1,0,270
1.4881,3.0068,-0.0065185,0.00047122,-2,1,270
-1.5844,-2.3315,-0.0065185,0.00047122,-2,0,270
-0.69553,1.0898,-0.0065185,0.00047122,-2,0,270
-0.59053,-0.57711,-4.0065,0.00047122,1,0,270
-2.2238,-2.8601,-0.0065185,0.00047122,-2,0,270
-5.0395,-1.8761,-0.0065185,0.00047122,-2,0,270
-5.8829,-4.2695,-0.0065185,0.00047122,-2,0,270
5.7588,3.9473,-0.0065185,0.00047122,-2,1,270
-2.6367,-4.8733,-0.0065185,0.00047122,-2,0,270
-2.5405,-1.7505,-0.0065185,0.00047122,-2,0,270
-2.1588,-1.8903,-4.0065,0.00047122,1,0,270
-5.3893,-5.3759,-0.0065185,0.00047122,-2,0,270
-4.3302,-2.7299,-0.0065185,0.00047122,-2,0,270
-5.28,-4.8612,-0.0065185,0.00047122,-2,0,270
-5.2373,-4.8793,-0.0065185,0.00047122,-2,0,270
-4.4511,-3.1877,-0.0065185,-2.9995,-1,0,270
0.82976,-2.2448,-0.0065185,0.00047122,-2,1,270
-3.8455,1.7296,-0.0065185,0.00047122,-2,0,270
3.727,1.0593,-0.0065185,0.00047122,-2,1,270
-1.3814,-3.2644,-0.0065185,0.00047122,-2,0,270
1.3045,2.7074,-0.0065185,0.00047122,-2,0,270
-2.5505,-4.3745,-0.0065185,0.00047122,-2,0,270
1.4045,0.95714,-0.0065185,0.00047122,-2,1,270
0.11447,-0.12449,-0.0065185,0.00047122,-2,0,270
1.461,1.4744,-0.0065185,0.00047122,-2,0,270
-1.2336,-0.46323,-2.0065,0.00047122,1,1,270
2.282,0.99539,-0.0065185,0.00047122,-2,1,270
-1.4455,-2.5371,-0.0065185,0.00047122,-2,0,270
6.4045,1.2504,-0.0065185,0.00047122,-2,1,270
-3.8855,-5.4221,-0.0065185,0.00047122,-2,0,270
4.461,3.3244,-0.0065185,0.00047122,-2,1,270
-1.6904,-3.5321,-0.0065185,0.00047122,-2,0,271
-1.5862,-3.1496,-0.0065185,0.00047122,-2,0,271
-0.49756,-1.8245,-0.0065185,0.00047122,-2,1,271
-1.9955,-0.015057,-0.0065185,0.00047122,-2,0,271
-0.29553,1.0767,-0.0065185,0.00047122,-2,1,271
-0.55053,-0.53711,-0.0065185,0.00047122,-2,0,271
-1.2955,1.6977,-0.0065185,0.00047122,-2,0,271
-1.1005,1.2289,0.99348,0.00047122,1,0,271
-0.16303,-0.14961,-0.0065185,0.00047122,-2,1,271
2.7045,2.7179,-0.0065185,0.00047122,-2,1,271
-2.4405,-1.5962,-0.0065185,0.00047122,-2,0,271
-0.22378,0.49588,-0.0065185,0.00047122,-2,0,271
0.19849,0.45396,4.9935,0.00047122,1,0,271
-1.273,-6.2321,-0.0065185,0.00047122,-2,0,271
1.0903,1.7124,-3.0065,0.00047122,1,1,271
0.55947,1.1229,-0.0065185,0.00047122,-2,0,271
-2.7673,-3.4371,-0.0065185,0.00047122,-2,0,271
-2.3515,-0.3831,3.9935,0.00047122,1,0,271
-0.10553,-0.092111,-0.0065185,0.00047122,-2,1,271
1.461,1.4744,-0.0065185,0.00047122,-2,0,271
-2.1455,-0.019522,-0.0065185,0.00047122,-2,1,271
-3.273,-0.44409,-0.0065185,0.00047122,-2,0,271
-2.7814,-2.768,3.9935,0.00047122,1,0,271
4.8945,3.8603,-0.0065185,0.00047122,-2,1,271
-1.452,-1.4386,-0.0065185,0.00047122,-2,1,271
-1.1455,1.1433,-0.0065185,0.00047122,-2,0,271
-1.2955,0.42684,-0.0065185,0.00047122,-2,0,271
2.5545,-0.81299,-0.0065185,0.00047122,-2,1,271
5.172,5.1854,-0.0065185,0.00047122,-2,1,271
4.3968,1.8603,4.9935,0.00047122,1,0,271
3.172,5.2679,-0.0065185,0.00047122,-2,1,271
-0.84553,-0.30269,-0.0065185,0.00047122,-2,0,271
-2.718,-2.2546,-0.0065185,0.00047122,-2,0,271
4.6186,0.24951,-0.0065185,0.00047122,-2,1,271
5.5265,3.9399,-0.0065185,0.00047122,-2,1,271
1.4482,1.4616,-0.0065185,0.00047122,-2,1,271
1.3816,1.395,-0.0065185,0.00047122,-2,1,271
0.32505,0.33847,-0.0065185,0.00047122,-2,1,271
0.27696,2.9004,-2.0065,0.00047122,1,1,271
1.2361,-1.4505,-0.0065185,0.00047122,-2,1,271
3.8076,3.9436,-0.0065185,0.00047122,-2,1,271
5.4045,5.4179,-0.0065185,0.00047122,-2,1,271
-4.5855,0.77426,-5.0065,0.00047122,1,0,271
2.461,6.7244,-0.0065185,0.00047122,-2,1,271
5.0925,5.1059,-0.0065185,0.00047122,-2,1,271
-4.7703,-1.7569,-0.0065185,0.00047122,-2,0,271
5.5131,4.0765,-0.0065185,0.00047122,-2,1,271
-3.2778,-4.6644,-0.0065185,0.00047122,-2,0,271
2.7944,2.8079,4.9935,0.00047122,1,1,271
2.9309,2.9444,-0.0065185,0.00047122,-2,1,271
-5.783,-4.3821,-0.0065185,0.00047122,-2,0,271
-4.6649,-4.0899,-0.0065185,0.00047122,-2,0,271
-0.56449,-3.2612,-0.0065185,0.00047122,-2,0,271
3.5209,4.1207,-0.0065185,0.00047122,-2,1,271
0.40447,0.41789,-0.0065185,0.00047122,-2,1,271
-0.33553,0.36731,2.9935,0.00047122,1,1,271
0.83697,0.46789,-0.0065185,0.00047122,-2,0,271
0.1621,1.8535,-0.0065185,0.00047122,-2,1,271
-1.2955,-0.12449,-0.0065185,0.00047122,-2,1,271
0.44947,-1.0235,-0.0065185,0.00047122,-2,0,271
-0.84553,-0.83211,-0.0065185,0.00047122,-2,0,271
1.727,0.81625,-0.0065185,0.00047122,-2,1,271
-1.4597,-1.4462,-3.0065,0.00047122,1,1,271
1.282,-0.53211,-0.0065185,0.00047122,-2,0,271
-1.2955,-1.2821,-0.0065185,0.00047122,-2,0,271
-1.5505,-1.4658,-0.0065185,0.00047122,-2,0,271
2.2327,2.2461,-0.0065185,0.00047122,-2,1,271
1.8545,1.8679,-0.0065185,0.00047122,-2,1,271
-1.568,2.4509,-4.0065,0.00047122,1,0,271
2.6186,1.8519,-0.0065185,0.00047122,-2,1,271
-4.5175,-0.351,-0.0065185,0.00047122,-2,0,271
-5.4392,-3.8507,-0.0065185,0.00047122,-2,0,271
-3.3727,-2.0204,-0.0065185,0.00047122,-2,0,271
2.8751,1.6569,4.9935,0.00047122,1,1,271
1.277,0.32304,-0.0065185,0.00047122,-2,1,271
1.7729,-3.004,-0.0065185,0.00047122,-2,1,271
-5.6955,-1.4852,-0.0065185,0.00047122,-2,0,271
-5.4405,-4.8271,-0.0065185,0.00047122,-2,0,271
-4.6238,-1.1636,0.99348,0.00047122,1,0,271
3.9385,-2.7179,-4.0065,0.00047122,1,0,271
2.461,-0.70461,-0.0065185,0.00047122,-2,0,271
3.0925,0.40376,-0.0065185,0.00047122,-2,0,271
-3.7703,-0.10126,-0.0065185,0.00047122,-2,0,271
-0.29553,-0.28211,-0.0065185,0.00047122,-2,1,271
1.5595,0.34771,-0.0065185,0.00047122,-2,0,271
0.77622,2.1741,-0.0065185,0.00047122,-2,1,271
-0.65151,-1.1056,-5.0065,0.00047122,1,1,271
0.11706,0.57548,-0.0065185,0.00047122,-2,1,271
1.1545,1.1679,-0.0065185,0.00047122,-2,0,271
-1.273,4.1325,-0.0065185,0.00047122,-2,0,271
-3.6955,0.62792,-0.0065185,0.00047122,-2,1,271
3.1495,0.94088,3.9935,0.00047122,1,0,271
-4.4405,-4.8271,-0.0065185,0.00047122,-2,0,271
4.5545,2.1907,-0.0065185,0.00047122,-2,1,271
5.172,5.1854,-0.0065185,0.00047122,-2,1,271
-4.3879,-3.2695,-5.0065,0.00047122,1,1,271
1.172,3.2679,-0.0065185,0.00047122,-2,1,271
-3.1455,-2.5347,-0.0065185,0.00047122,-2,0,271
-2.273,-4.6644,-0.0065185,0.00047122,-2,0,271
2.3903,2.4038,-0.0065185,0.00047122,-2,1,271
-1.4735,-2.9086,-0.0065185,0.00047122,-2,0,271
-1.5518,-2.7696,-0.0065185,0.00047122,-2,0,271
-1.3184,-1.171,-5.0065,0.00047122,1,0,271
-1.6749,-1.6615,-0.0065185,0.00047122,-2,0,271
-1.723,-1.7096,-0.0065185,0.00047122,-2,0,271
-3.7639,-3.4638,-0.0065185,0.00047122,-2,0,271
-4.7987,-5.3315,-0.0065185,0.00047122,-2,0,271
-3.8282,-4.2791,-0.0065185,0.00047122,-2,0,271
-3.2533,-2.6911,1.9935,0.00047122,1,0,271
3.1254,2.8033,-0.0065185,0.00047122,-2,1,271
-0.44553,-1.5371,-0.0065185,0.00047122,-2,0,271
-2.5455,-0.36461,-0.0065185,0.00047122,-2,0,271
-3.163,-0.90786,-0.0065185,0.00047122,-2,0,271
-2.6879,-1.8245,-3.0065,0.00047122,1,0,271
5.5705,3.9642,-0.0065185,0.00047122,-2,1,271
-4.3266,-3.4807,-0.0065185,0.00047122,-2,0,271
-3.127,-1.9434,-0.0065185,0.00047122,-2,0,271
-3.9573,-2.9492,-0.0065185,0.00047122,-2,0,271
-2.813,-2.642,-0.0065185,0.00047122,-2,0,271
-2.6904,-2.677,-0.0065185,0.00047122,-2,0,271
-2.5862,-2.5727,-0.0065185,0.00047122,-2,0,271
-2.1976,-1.7124,-3.0065,0.00047122,1,0,271
1.4312,2.5533,-0.0065185,0.00047122,-2,1,271
-1.3582,-1.1948,-0.0065185,0.00047122,-2,0,271
-4.3038,-3.9715,-0.0065185,0.00047122,-2,0,271
-3.6576,-0.96667,-5.0065,0.00047122,1,0,271
3.2272,3.0103,-0.0065185,0.00047122,-2,1,271
-2.1849,-3.5881,-0.0065185,0.00047122,-2,0,271
-4.1565,-4.1431,-0.0065185,0.00047122,-2,0,271
3.5413,1.4582,-3.0065,0.00047122,1,1,271
-1.1118,2.4516,-0.0065185,0.00047122,-2,0,271
1.9056,1.9191,-0.0065185,0.00047122,-2,0,271
0.92046,1.0208,-0.0065185,0.00047122,-2,0,271
-1.0669,-1.0535,-0.0065185,0.00047122,-2,0,271
-0.90623,-2.98,-0.0065185,-2.9995,-1,0,271
-5.0471,-0.47741,-0.0065185,0.00047122,-2,0,271
4.0483,4.0164,-0.0065185,0.00047122,-2,1,271
-3.4328,-3.6319,-5.0065,0.00047122,1,0,271
4.0362,4.2668,-0.0065185,0.00047122,-2,1,271
1.0314,1.017,-0.0065185,0.00047122,-2,1,271
-5.0184,-5.005,-0.0065185,0.00047122,-2,0,271
2.0239,2.0172,-0.0065185,0.00047122,-2,1,271
-1.7121,-2.0696,-5.0065,0.00047122,1,0,271
3.0185,4.2674,-0.0065185,0.00047122,-2,1,271
-2.0075,-2.5317,-0.0065185,0.00047122,-2,0,271
0.99432,1.0182,-0.0065185,0.00047122,-2,0,271
-0.83689,1.4626,-2.0065,0.00047122,1,1,271
-0.0028658,0.01055,-0.0065185,0.00047122,-2,0,271
1.0107,1.0177,-0.0065185,0.00047122,-2,1,271
0.0097752,0.017707,-0.0065185,0.00047122,-2,1,271
-1,-0.98662,-0.0065185,0.00047122,-2,0,271
2.0006,0.90147,-0.0065185,0.00047122,-2,0,271
-1.9923,-1.6822,-0.0065185,0.00047122,-2,1,271
1.7017,1.718,1.9935,0.00047122,1,0,271
2.0021,2.0155,-0.0065185,0.00047122,-2,0,271
-3.9935,-1.4272,-0.0065185,0.00047122,-2,1,271
1.0028,3.4179,-0.0065185,0.00047122,-2,0,271
1.003,1.0164,-0.0065185,0.00047122,-2,0,271
2.0032,2.0179,-0.0065185,0.00047122,-2,0,271
1.0034,1.0179,-0.0065185,0.00047122,-2,0,271
1.0036,0.53901,-0.0065185,0.00047122,-2,0,271
4.0037,0.86713,-0.0065185,0.00047122,-2,0,271
3.0038,3.0179,-0.0065185,0.00047122,-2,0,271
1.0039,1.0173,-0.0065185,0.00047122,-2,0,271
-1.9951,-2.4386,-0.0065185,0.00047122,-2,1,271
-3.9959,1.7179,-0.0065185,0.00047122,-2,0,271
5.0048,3.4179,-0.0065185,0.00047122,-2,1,271
2.0048,2.0179,-0.0065185,0.00047122,-2,1,271
-1.6958,-3.5946,1.9935,0.00047122,1,0,271
3.0047,-1.6821,-0.0065185,0.00047122,-2,1,271
-0.9957,-0.98229,-0.0065185,0.00047122,-2,0,271
-0.99568,-0.98226,-0.0065185,0.00047122,-2,0,271
-4.9957,-4.9822,-0.0065185,0.00047122,-2,0,271
5.0046,5.0179,-0.0065185,0.00047122,-2,1,271
0.83697,-1.2622,-0.0065185,0.00047122,-2,0,272
-0.8379,-0.82449,-0.0065185,0.00047122,-2,1,272
-2.8455,-4.1496,-0.0065185,0.00047122,-2,0,272
-2.718,-3.8245,-0.0065185,0.00047122,-2,0,272
1.6186,1.2633,-0.0065185,0.00047122,-2,1,272
2.5265,2.5399,-0.0065185,0.00047122,-2,1,272
2.4482,3.1493,-0.0065185,0.00047122,-2,1,272
2.3816,1.0092,-0.0065185,0.00047122,-2,1,272
5.3251,2.5354,-0.0065185,0.00047122,-2,1,272
-4.268,-4.927,-0.0065185,0.00047122,-2,0,272
2.2361,4.0085,-0.0065185,0.00047122,-2,1,272
2.2013,2.2148,-0.0065185,0.00047122,-2,1,272
-1.8629,-1.8538,-5.0065,0.00047122,1,0,272
-0.13777,-0.34483,-0.0065185,0.00047122,-2,0,272
0.12538,3.9387,-0.0065185,0.00047122,-2,1,272
-1.8928,-1.72,-0.0065185,0.00047122,-2,0,272
-1.6955,0.10524,-0.0065185,0.00047122,-2,0,272
3.4495,0.017889,-0.0065185,0.00047122,-2,1,272
-2.9238,-1.6821,-4.0065,0.00047122,1,0,272
-5.0395,-4.4261,-0.0065185,0.00047122,-2,0,272
-2.8829,-3.3821,-0.0065185,0.00047122,-2,0,272
-3.7498,-2.4364,-0.0065185,0.00047122,-2,0,272
-2.6367,-3.1733,-0.0065185,0.00047122,-2,0,272
2.2495,1.7179,-4.0065,0.00047122,1,1,272
-0.45876,2.9547,-0.0065185,0.00047122,-2,1,272
-2.9955,2.9079,-0.0065185,0.00047122,-2,1,272
-2.9955,-2.5321,-0.0065185,0.00047122,-2,1,272
3.0045,2.5679,-0.0065185,0.00047122,-2,1,272
1.5545,1.1854,-0.0065185,0.00047122,-2,1,272
0.83697,-0.31589,-0.0065185,0.00047122,-2,0,272
-0.70315,-0.96609,2.9935,0.00047122,1,1,272
-0.42951,-0.651,-0.0065185,0.00047122,-2,0,272
1.7045,0.38677,-0.0065185,0.00047122,-2,1,272
0.55947,-1.4271,-0.0065185,0.00047122,-2,1,272
1.3045,-3.2481,-0.0065185,0.00047122,-2,1,272
4.5545,4.5679,-0.0065185,0.00047122,-2,1,272
0.17197,-1.1136,-0.0065185,0.00047122,-2,0,272
-0.29553,-1.8245,-0.0065185,0.00047122,-2,0,272
-5.6955,-5.5481,-0.0065185,0.00047122,-2,0,272
4.8495,0.12075,4.9935,0.00047122,1,1,272
-2.2238,-5.3636,-0.0065185,0.00047122,-2,1,272
4.1545,1.4054,-0.0065185,0.00047122,-2,1,272
-3.273,-3.2596,-0.0065185,0.00047122,-2,0,272
-2.7814,3.3822,1.9935,0.00047122,1,1,272
1.8945,-2.6821,-0.0065185,0.00047122,-2,0,272
1.461,-2.4271,-0.0065185,0.00047122,-2,0,272
-2.0836,1.6233,-0.0065185,0.00047122,-2,1,272
3.7793,-1.0261,-0.0065185,0.00047122,-2,1,272
4.7045,3.0179,-0.0065185,0.00047122,-2,1,272
-3.9905,0.30237,-5.0065,0.00047122,1,0,272
-5.2238,-3.9821,-0.0065185,0.00047122,-2,0,272
-5.0395,-4.6386,-0.0065185,0.00047122,-2,0,272
1.8919,1.0179,-0.0065185,0.00047122,-2,1,272
4.7588,4.0179,-0.0065185,0.00047122,-2,1,272
-2.6367,-3.0798,-0.0065185,0.00047122,-2,0,272
-4.5405,-2.2271,-0.0065185,0.00047122,-2,0,272
-3.8588,-3.3821,-4.0065,0.00047122,1,0,272
4.3982,3.4179,-0.0065185,0.00047122,-2,1,272
3.3392,3.0179,-0.0065185,0.00047122,-2,1,272
-4.28,-3.1566,-0.0065185,0.00047122,-2,0,272
-3.2373,-2.9821,-0.0065185,0.00047122,-2,0,272
-2.2011,-1.9821,-0.0065185,0.00047122,-2,0,272
-3.1702,-2.6133,-0.0065185,0.00047122,-2,0,272
-2.694,-2.5321,3.9935,0.00047122,1,1,272
-6.163,3.2917,-0.0065185,0.00047122,-2,0,272
-2.3955,-1.9318,-0.0065185,0.00047122,-2,0,272
-1.1055,2.0579,-0.0065185,0.00047122,-2,1,272
0.54797,2.9404,-0.0065185,0.00047122,-2,1,272
-0.44553,0.81986,-0.0065185,0.00047122,-2,1,272
-0.37803,6.4744,-0.0065185,4.0005,-1,1,272
-0.15315,-0.061586,-0.0065185,0.00047122,-2,0,272
0.30447,0.31789,-0.0065185,0.00047122,-2,1,272
-0.69553,-0.31323,-0.0065185,0.00047122,-2,1,272
0.59947,0.61289,-4.0065,0.00047122,1,0,272
-2.273,4.1404,-0.0065185,0.00047122,-2,0,272
-0.54553,4.9079,-0.0065185,0.00047122,-2,1,272
0.70447,0.71789,-0.0065185,0.00047122,-2,0,272
1.1545,1.1679,-0.0065185,0.00047122,-2,0,272
-1.273,-0.41609,-0.0065185,0.00047122,-2,0,272
-1.0814,0.12998,-5.0065,0.00047122,1,1,272
3.4825,0.94088,-0.0065185,0.00047122,-2,1,272
-3.3955,-4.8229,-0.0065185,0.00047122,-2,0,272
-3.8855,-3.8721,-0.0065185,0.00047122,-2,0,272
4.461,0.9053,-0.0065185,0.00047122,-2,1,272
6.0925,4.7722,-0.0065185,0.00047122,-2,1,272
-3.7703,-3.7569,-0.0065185,0.00047122,-2,0,272
-3.2041,-1.7553,-4.0065,0.00047122,1,0,272
-3.2778,-4.6644,-0.0065185,0.00047122,-2,0,272
-5.0855,-2.0759,-0.0065185,0.00047122,-2,0,272
-5.922,-4.3086,-0.0065185,0.00047122,-2,0,272
-3.783,-3.7696,-0.0065185,0.00047122,-2,0,272
-3.2149,-4.264,-5.0065,0.00047122,1,0,272
-2.5645,-2.1877,-0.0065185,0.00047122,-2,0,272
-3.4791,-3.1568,-0.0065185,0.00047122,-2,0,272
-2.4066,-2.1306,-0.0065185,0.00047122,-2,0,272
2.0539,2.7541,-4.0065,0.00047122,1,1,272
-2.2925,-2.2791,-0.0065185,0.00047122,-2,0,272
-5.248,2.6554,-0.0065185,0.00047122,-2,0,272
-5.2101,-4.4467,-0.0065185,0.00047122,-2,0,272
-4.4279,-4.298,-4.0065,0.00047122,1,0,272
4.1595,3.4739,-0.0065185,0.00047122,-2,1,272
4.1363,4.0655,-0.0065185,0.00047122,-2,1,272
-3.5075,-2.9126,-5.0065,0.00047122,1,0,272
-4.0907,-4.0165,-0.0065185,0.00047122,-2,0,272
-4.0765,-4.0113,-0.0065185,0.00047122,-2,0,272
-5.0643,-5.0509,-0.0065185,0.00047122,-2,0,272
-1.054,-1.0406,-0.0065185,0.00047122,-2,0,272
-2.0452,-2.2503,-0.0065185,0.00047122,-2,0,272
-1.7378,-1.7244,-5.0065,0.00047122,1,0,272
-0.031437,-4.268,-0.0065185,0.00047122,-2,1,272
-0.99553,-4.5946,-0.0065185,0.00047122,-2,0,272
0.15447,0.0085163,-0.0065185,0.00047122,-2,0,272
3.282,4.0099,-0.0065185,0.00047122,-2,1,272
2.7903,0.12626,4.9935,0.00047122,1,1,272
2.8945,0.63201,-0.0065185,0.00047122,-2,1,272
-1.452,-4.1166,-0.0065185,0.00047122,-2,0,272
-0.083552,1.5742,-0.0065185,0.00047122,-2,1,272
4.7045,4.7179,-0.0065185,0.00047122,-2,1,272
-2.4405,-1.5962,-0.0065185,0.00047122,-2,0,272
-2.2238,-1.5041,-0.0065185,0.00047122,-2,0,272
0.048485,0.061901,-0.0065185,0.00047122,-2,0,272
-0.032938,0.49074,4.9935,0.00047122,1,1,272
-2.273,5.0554,-0.0065185,0.00047122,-2,0,272
-2.5455,-1.918,-0.0065185,0.00047122,-2,0,272
-3.163,-3.1496,-0.0065185,0.00047122,-2,0,272
-2.6879,-1.8245,-3.0065,0.00047122,1,0,272
0.43845,0.45187,-0.0065185,0.00047122,-2,1,272
-1.6955,0.29964,-0.0065185,0.00047122,-2,0,272
1.4495,-1.8245,-0.0065185,0.00047122,1,1,272
1.2327,1.2461,-3.0065,0.00047122,1,0,272
-0.99553,1.349,-0.0065185,0.00047122,-2,1,272
0.0044729,0.86789,-0.0065185,0.00047122,-2,0,272
-0.99553,0.017889,-0.0065185,0.00047122,-2,1,272
0.0044729,0.017889,-0.0065185,0.00047122,-2,1,272
-1.9955,-1.9821,-0.0065185,0.00047122,-2,0,272
-6.6955,-6.6821,-0.0065185,0.00047122,-2,0,272
5.4495,4.5399,-0.0065185,0.00047122,-2,1,272
4.6327,0.42867,3.9935,0.00047122,1,1,272
3.0485,3.795,-0.0065185,0.00047122,-2,1,272
-0.88294,-0.86952,-0.0065185,0.00047122,-2,0,272
-0.24123,1.7354,-0.0065185,0.00047122,-2,0,272
-1.8455,1.8873,-0.0065185,0.00047122,-2,0,272
-1.568,0.2119,1.9935,0.00047122,1,1,272
-2.718,-0.28211,-0.0065185,0.00047122,-2,0,272
-6.6955,-1.1182,-0.0065185,0.00047122,-2,0,272
-6.4405,-5.4258,-0.0065185,0.00047122,-2,0,272
5.4827,4.0075,-4.0065,0.00047122,1,0,272
-4.608,2.4179,-0.0065185,0.00047122,-2,0,272
-0.14553,3.4779,-0.0065185,0.00047122,-2,0,272
2.8545,2.8679,-0.0065185,0.00047122,-2,1,272
-3.718,-1.0964,-0.0065185,0.00047122,-2,0,272
2.6186,-2.13,-0.0065185,0.00047122,-2,1,272
4.5265,2.2399,-0.0065185,0.00047122,-2,1,272
3.8482,2.2598,-4.0065,0.00047122,1,1,272
3.3816,2.0335,-0.0065185,0.00047122,-2,1,272
0.32505,-0.81883,-0.0065185,0.00047122,-2,1,272
0.27696,-0.69332,-0.0065185,0.00047122,-2,1,272
0.77286,2.7104,-0.0065185,0.00047122,-2,1,272
3.8545,4.7927,-0.0065185,0.00047122,-2,1,272
-0.71803,-1.3234,-0.0065185,0.00047122,-2,0,272
3.3903,2.7356,-0.0065185,0.00047122,-2,0,272
-1.4735,1.1079,-0.0065185,0.00047122,-2,0,272
1.3045,3.0179,-0.0065185,0.00047122,-2,0,272
-0.44053,1.0179,-0.0065185,0.00047122,-2,0,272
0.77622,2.0179,-0.0065185,0.00047122,-2,1,272
0.30447,0.78941,-0.0065185,0.00047122,-2,1,272
1.3045,-0.23711,-0.0065185,0.00047122,-2,0,272
0.55947,0.57289,-0.0065185,0.00047122,-2,1,272
-0.46728,-1.5085,-3.0065,0.00047122,1,0,272
3.4495,4.0129,-0.0065185,0.00047122,-2,1,272
-6.2238,-3.2481,-0.0065185,0.00047122,-2,0,272
-5.0395,-5.5632,-0.0065185,0.00047122,-2,0,272
-3.8829,-4.2695,-0.0065185,0.00047122,-2,0,272
-0.74983,-0.73641,-0.0065185,0.00047122,-2,0,272
-1.8405,0.20029,-0.0065185,0.00047122,-2,1,273
0.13626,0.17293,-0.0065185,0.00047122,-2,0,273
2.0045,2.0179,-0.0065185,0.00047122,-2,1,273
-5.6955,-0.45386,-0.0065185,0.00047122,-2,0,273
2.4495,4.8629,-0.0065185,0.00047122,-2,1,273
-3.2238,-0.83211,-0.0065185,0.00047122,-2,0,273
6.0485,2.7619,-0.0065185,0.00047122,-2,1,273
-4.8829,-5.1195,-0.0065185,0.00047122,-2,0,273
-4.7498,-3.9821,-0.0065185,0.00047122,-2,0,273
-3.6367,-3.6233,-0.0065185,0.00047122,-2,0,273
-5.5405,-4.9821,-0.0065185,0.00047122,-2,0,273
-3.4588,-3.4453,-0.0065185,0.00047122,-2,0,273
-2.9393,-1.7569,2.9935,0.00047122,1,0,273
-2.3302,-1.9821,-0.0065185,0.00047122,-2,0,273
-2.28,1.9009,-0.0065185,0.00047122,-2,0,273
-2.2373,-2.2239,-0.0065185,0.00047122,-2,0,273
-3.2011,-1.4271,-0.0065185,0.00047122,-2,0,273
2.1792,2.1926,-0.0065185,0.00047122,-2,1,273
-1.844,-2.2981,1.9935,0.00047122,1,0,273
2.1307,-1.5559,-0.0065185,0.00047122,-2,1,273
1.1118,1.1252,-0.0065185,0.00047122,-2,1,273
-1.0867,-0.98211,-0.0065185,0.00047122,-2,0,273
-2.073,-1.2104,-0.0065185,0.00047122,-2,0,273
1.7704,1.7838,-2.0065,0.00047122,1,1,273
4.0605,4.0739,-0.0065185,0.00047122,-2,1,273
3.0521,3.0655,-0.0065185,0.00047122,-2,1,273
-4.036,1.2057,-0.0065185,0.00047122,-2,0,273
2.0389,3.4523,-0.0065185,0.00047122,-2,1,273
-1.0248,-1.6821,-0.0065185,0.00047122,-2,0,273
-2.0204,-0.83211,-0.0065185,0.00047122,-2,0,273
-1.7167,-1.7032,-5.0065,0.00047122,1,0,273
-4.0135,-4.0001,-0.0065185,0.00047122,-2,0,273
-3.0108,-3.5946,-0.0065185,0.00047122,-2,0,273
-0.98255,-0.96914,-0.0065185,0.00047122,-2,0,273
2.1545,2.1679,-0.0065185,0.00047122,-2,1,273
2.5545,2.5679,-0.0065185,0.00047122,-2,0,273
-2.9955,-1.5481,-0.0065185,0.00047122,-2,0,273
-3.5455,-0.98211,-0.0065185,0.00047122,-2,0,273
-7.163,-7.1496,-0.0065185,0.00047122,-2,0,273
6.0968,1.8603,-2.0065,0.00047122,1,1,273
5.5705,5.5839,-0.0065185,0.00047122,-2,1,273
-2.3266,-0.98211,-0.0065185,0.00047122,-2,0,273
-5.127,-3.9821,-0.0065185,0.00047122,-2,0,273
-4.3573,0.10017,-5.0065,0.00047122,1,0,273
5.8219,5.0854,-0.0065185,0.00047122,-2,1,273
-4.6904,-4.927,-0.0065185,0.00047122,-2,0,273
-3.5862,-2.9821,-0.0065185,0.00047122,-2,0,273
3.5065,3.4099,-0.0065185,0.00047122,-2,1,273
3.4312,3.4446,-0.0065185,0.00047122,-2,1,273
-2.9082,-2.5123,-4.0065,0.00047122,1,0,273
-2.3038,-3.3821,-0.0065185,0.00047122,-2,0,273
2.2665,2.28,-0.0065185,0.00047122,-2,1,273
2.2272,2.2406,-0.0065185,0.00047122,-2,1,273
0.19381,0.20723,-0.0065185,0.00047122,-2,0,273
0.0044729,0.017889,-0.0065185,0.00047122,-2,0,273
1.0045,-0.86952,-0.0065185,0.00047122,-2,1,273
0.85447,-0.73641,3.9935,0.00047122,1,1,273
1.727,0.37673,-0.0065185,0.00047122,-2,1,273
-4.6097,-3.4862,-0.0065185,0.00047122,-2,0,273
4.5265,3.5547,-0.0065185,0.00047122,-2,1,273
-3.4392,-3.4258,-0.0065185,0.00047122,-2,0,273
4.3816,2.8515,-0.0065185,0.00047122,-2,1,273
3.3251,3.1334,-0.0065185,0.00047122,-2,1,273
2.827,2.3261,4.9935,0.00047122,1,1,273
2.2361,2.2495,-0.0065185,0.00047122,-2,1,273
4.2013,4.2148,-0.0065185,0.00047122,-2,1,273
-4.1629,-3.2201,-0.0065185,0.00047122,-2,0,273
3.1467,3.2917,-0.0065185,0.00047122,-2,1,273
2.1254,2.4606,-0.0065185,0.00047122,-2,1,273
1.8072,1.8207,4.9935,0.00047122,1,1,273
2.0918,2.1052,-0.0065185,0.00047122,-2,1,273
-4.0698,-3.6689,-0.0065185,0.00047122,-2,0,273
4.0676,3.481,-0.0065185,0.00047122,-2,1,273
3.0581,3.0715,-0.0065185,0.00047122,-2,1,273
2.6001,2.8674,4.9935,0.00047122,1,1,273
-3.9568,4.2335,-0.0065185,0.00047122,-2,0,273
-6.3955,-6.3821,-0.0065185,0.00047122,-2,0,273
6.8945,2.8799,-0.0065185,0.00047122,-2,1,273
-6.452,-5.8386,-0.0065185,0.00047122,-2,0,273
-5.0836,-1.1636,-0.0065185,0.00047122,-2,0,273
-4.3203,-4.3069,1.9935,0.00047122,1,0,273
6.5131,-0.17351,-0.0065185,0.00047122,-2,1,273
-3.2778,-5.5144,-0.0065185,0.00047122,-2,0,273
-2.0855,-2.0721,-0.0065185,0.00047122,-2,0,273
1.9309,2.3894,-0.0065185,0.00047122,-2,1,273
-0.78302,0.8546,-0.0065185,0.00047122,-2,0,273
-0.32615,-0.31274,-0.0065185,0.00047122,-2,0,273
0.28551,0.0082912,4.9935,0.00047122,1,1,273
-0.27303,-0.25961,-0.0065185,0.00047122,-2,1,273
0.6186,3.1867,-0.0065185,0.00047122,-2,0,273
1.0045,-3.5747,-0.0065185,0.00047122,-2,1,273
1.0045,1.7779,-0.0065185,0.00047122,-2,1,273
0.85447,0.86789,4.9935,0.00047122,1,1,273
-3.718,-4.9546,-0.0065185,0.00047122,-2,0,273
-1.6097,-1.5962,-0.0065185,0.00047122,-2,0,273
4.5265,3.5742,-0.0065185,0.00047122,-2,1,273
3.8482,2.304,-4.0065,0.00047122,1,1,273
-3.3727,3.0407,-0.0065185,0.00047122,-2,0,273
2.3251,1.7454,-0.0065185,0.00047122,-2,1,273
-0.26802,-0.2546,-0.0065185,0.00047122,-2,0,273
1.2361,0.82101,-0.0065185,0.00047122,-2,1,273
-3.1924,-3.179,-0.0065185,0.00047122,-2,0,273
0.17182,-0.12435,-0.0065185,0.00047122,-2,1,273
0.14671,1.2916,4.9935,0.00047122,1,1,273
1.1254,0.91512,-0.0065185,0.00047122,-2,1,273
0.10724,0.12066,-0.0065185,0.00047122,-2,1,273
-1.0829,-3.1401,-0.0065185,0.00047122,-2,0,273
-0.92128,0.94214,-0.0065185,0.00047122,-2,0,273
-0.14553,-0.13211,-0.0065185,0.00047122,-2,0,273
0.13197,1.482,4.9935,0.00047122,1,1,273
1.727,1.7404,-0.0065185,0.00047122,-2,1,273
-1.6097,-4.2087,-0.0065185,0.00047122,-2,0,273
-0.51753,-0.50412,-0.0065185,0.00047122,-2,0,273
-3.5518,-4.0059,-0.0065185,0.00047122,-2,0,273
3.0273,3.0407,-2.0065,0.00047122,1,1,273
-7.8855,-4.4601,-0.0065185,0.00047122,-2,0,273
7.461,7.4744,-0.0065185,0.00047122,-2,1,273
-6.0836,-3.605,-0.0065185,0.00047122,-2,0,273
5.7793,5.7927,-0.0065185,0.00047122,-2,1,273
-6.5041,-0.6033,-0.0065185,0.00047122,-2,0,273
4.2868,5.5502,-0.0065185,0.00047122,-2,1,273
-4.0855,-2.3352,-0.0065185,0.00047122,-2,0,273
-3.472,-2.3648,2.9935,0.00047122,1,0,273
2.792,2.8054,-0.0065185,0.00047122,-2,1,273
-1.6649,2.3063,-0.0065185,0.00047122,-2,0,273
-0.56449,-0.72934,-0.0065185,0.00047122,-2,0,273
-0.47915,0.10524,3.9935,0.00047122,1,0,273
-0.40661,-0.39319,-0.0065185,0.00047122,-2,1,273
2.0045,-0.87211,-0.0065185,0.00047122,-2,1,273
2.7045,2.7179,-0.0065185,0.00047122,-2,1,273
-2.2905,0.063488,3.9935,0.00047122,1,0,273
-2.7673,-2.1539,-0.0065185,0.00047122,-2,0,273
-2.3955,-1.8721,-0.0065185,0.00047122,-2,0,273
0.11447,0.56139,-0.0065185,0.00047122,-2,1,273
-5.5455,2.4982,-0.0065185,0.00047122,-2,0,273
-2.163,0.038121,-0.0065185,0.00047122,-2,0,273
0.1621,-2.1324,-0.0065185,0.00047122,-2,0,273
-1.5615,0.15187,-0.0065185,0.00047122,-2,0,273
1.3356,1.349,4.9935,0.00047122,1,1,273
6.1359,6.1493,-0.0065185,0.00047122,-2,1,273
4.9662,4.9796,-0.0065185,0.00047122,-2,1,273
-1.813,-3.0451,-0.0065185,0.00047122,-2,0,273
-0.69038,-0.82563,-0.0065185,0.00047122,-2,0,273
-0.58615,-0.57273,2.9935,0.00047122,1,0,273
-0.4935,-2.0301,-0.0065185,0.00047122,-2,0,273
-2.1455,2.1894,-0.0065185,0.00047122,-2,0,273
-0.44553,-0.43211,-0.0065185,0.00047122,-2,0,273
0.38697,2.5708,3.9935,0.00047122,1,1,273
1.837,-5.5496,-0.0065185,0.00047122,-2,1,273
-2.3955,3.3516,-0.0065185,0.00047122,-2,0,273
2.8945,-3.2886,-0.0065185,0.00047122,-2,1,273
-1.452,-2.4386,-0.0065185,0.00047122,-2,0,273
2.0925,-2.6069,-0.0065185,0.00047122,-2,1,273
2.7793,-0.49071,-0.0065185,0.00047122,-2,1,273
-2.3541,-1.4907,-5.0065,0.00047122,1,0,273
1.2868,3.1779,-0.0065185,0.00047122,-2,1,273
-2.0855,0.94436,-0.0065185,0.00047122,-2,0,273
-4.922,-3.1946,-0.0065185,0.00047122,-2,0,273
3.792,0.071016,-0.0065185,0.00047122,-2,1,273
4.6738,3.4489,-0.0065185,0.00047122,-2,1,273
5.5734,4.5343,-0.0065185,0.00047122,-2,1,273
3.4881,2.6068,-0.0065185,0.00047122,-2,1,273
-2.4066,-1.9592,-0.0065185,0.00047122,-2,0,273
-3.3449,-3.3315,-0.0065185,0.00047122,-2,0,273
-5.2925,-1.7241,-0.0065185,0.00047122,-2,0,273
-4.248,-4.2346,-0.0065185,0.00047122,-2,0,273
2.2191,1.8355,-0.0065185,0.00047122,-2,1,273
-1.1779,-3.2351,-0.0065185,0.00047122,-2,0,273
-4.1506,-4.1371,-0.0065185,0.00047122,-2,0,273
-3.5273,-0.83639,-3.0065,0.00047122,1,0,273
3.1165,2.9227,-0.0065185,0.00047122,-2,1,273
0.90926,-2.0687,-0.0065185,0.00047122,-2,1,273
0.85447,0.78696,-0.0065185,0.00047122,-2,0,273
3.0045,2.9491,-0.0065185,0.00047122,-2,1,273
1.5545,1.5679,-0.0065185,0.00047122,-2,1,273
-2.3727,0.97962,-0.0065185,0.00047122,-2,0,274
4.7045,4.7179,-0.0065185,0.00047122,-2,1,274
-3.4405,-1.6996,-0.0065185,0.00047122,-2,0,274
-6.2238,-1.6821,-0.0065185,0.00047122,-2,0,274
5.0485,5.0619,-0.0065185,0.00047122,-2,1,274
5.8919,5.9053,-0.0065185,0.00047122,-2,1,274
5.7588,5.7722,-0.0065185,0.00047122,-2,1,274
3.6456,3.659,-0.0065185,0.00047122,-2,1,274
-4.5405,-2.7456,-0.0065185,0.00047122,-2,0,274
-3.4588,-3.3821,-0.0065185,0.00047122,-2,0,274
-4.3893,-2.9259,-0.0065185,0.00047122,-2,0,274
4.3392,3.7526,-0.0065185,0.00047122,-2,1,274
3.689,-2.6976,-0.0065185,-2.9995,-1,1,274
-4.2373,-2.8721,-0.0065185,0.00047122,-2,1,274
3.4045,3.6234,-0.0065185,0.00047122,-2,1,274
-1.9955,-1.9821,-0.0065185,0.00047122,-2,0,274
3.0045,3.1664,-0.0065185,0.00047122,-2,1,274
-2.5455,-1.4907,3.9935,0.00047122,1,0,274
-2.9955,-2.9821,-0.0065185,0.00047122,-2,1,274
0.45447,0.46789,-0.0065185,0.00047122,-2,0,274
1.4545,-2.3611,-0.0065185,0.00047122,-2,0,274
-0.39553,4.2734,-0.0065185,0.00047122,-2,0,274
-0.33553,-1.0297,3.9935,0.00047122,1,0,274
-0.82803,-0.81461,-0.0065185,0.00047122,-2,0,274
-1.1532,-1.651,-0.0065185,0.00047122,-2,0,274
2.4385,-4.0046,-0.0065185,0.00047122,-2,1,274
3.6734,3.6868,-0.0065185,0.00047122,-2,1,274
-0.86408,-1.7407,-0.0065185,0.00047122,-2,0,274
-2.0338,-2.2873,-0.0065185,0.00047122,-2,0,274
1.737,0.64542,-4.0065,0.00047122,1,1,274
-3.3007,4.1127,-0.0065185,0.00047122,-2,0,274
-3.4049,-3.5554,-0.0065185,0.00047122,-2,0,274
4.5024,2.4059,-0.0065185,0.00047122,-2,1,274
-0.5688,-3.8054,-0.0065185,0.00047122,-2,0,274
-0.63281,-0.57005,-0.0065185,0.00047122,-2,0,274
1.6962,1.7096,-0.0065185,0.00047122,-2,1,274
1.7424,1.7558,-0.0065185,0.00047122,-2,1,274
1.4817,3.7951,-0.0065185,4.0005,-1,1,274
-1.2512,-0.31478,-5.0065,0.00047122,1,1,274
-0.22378,-4.1158,-0.0065185,0.00047122,-2,0,274
-0.84553,-0.83211,-0.0065185,0.00047122,-2,1,274
-1.273,-1.8981,-0.0065185,0.00047122,-2,0,274
-1.0814,0.35952,-4.0065,0.00047122,1,1,274
-3.4405,-3.3214,-0.0065185,0.00047122,-2,0,274
-2.6955,-0.12739,-0.0065185,0.00047122,-2,0,274
-5.4405,-0.78826,-0.0065185,0.00047122,-2,0,274
-6.2238,-4.9448,-0.0065185,0.00047122,-2,0,274
-4.0395,-2.9504,-0.0065185,0.00047122,-2,0,274
-3.4329,-3.326,3.9935,0.00047122,1,1,274
4.172,-1.3821,-0.0065185,0.00047122,-2,1,274
-5.6955,-1.7375,-0.0065185,0.00047122,-2,1,274
-5.3955,-5.3821,-0.0065185,0.00047122,-2,0,274
5.7045,5.2461,-0.0065185,0.00047122,-2,1,274
-5.4405,-2.1161,-0.0065185,0.00047122,-2,0,274
5.2327,4.3053,-0.0065185,0.00047122,-2,1,274
-4.4395,-4.4261,-5.0065,0.00047122,1,0,274
-4.8829,-5.1195,-0.0065185,0.00047122,-2,0,274
-4.7498,-4.7364,-0.0065185,0.00047122,-2,0,274
-2.6367,-3.3353,-0.0065185,0.00047122,-2,0,274
1.5495,2.1116,-0.0065185,0.00047122,-2,1,274
-3.4588,-3.4453,-0.0065185,0.00047122,-2,0,274
-3.3893,-3.3759,-0.0065185,0.00047122,-2,0,274
-2.8802,-0.93092,-5.0065,0.00047122,1,1,274
1.172,4.4734,-0.0065185,0.00047122,-2,1,274
-4.1455,-0.60053,-0.0065185,0.00047122,-2,0,274
-3.273,-3.5096,-0.0065185,0.00047122,-2,0,274
-4.3814,-3.5083,-0.0065185,0.00047122,-2,0,274
-3.4735,-3.4601,-0.0065185,0.00047122,-2,0,274
-2.9518,-3.1509,-3.0065,0.00047122,1,0,274
3.6273,4.0954,-0.0065185,0.00047122,-2,1,274
-0.67495,-1.829,-0.0065185,0.00047122,-2,0,274
-0.72304,-1.0381,-0.0065185,0.00047122,-2,0,274
-1.7639,-0.47299,-0.0065185,0.00047122,-2,0,274
-1.4987,-1.7226,3.9935,0.00047122,1,1,274
-2.4405,-2.4271,-0.0065185,0.00047122,-2,0,274
2.8545,-2.0221,-0.0065185,0.00047122,-2,1,274
-4.718,-2.4046,-0.0065185,0.00047122,-2,0,274
4.0186,4.032,-1.0065,0.00047122,1,1,274
-2.5175,0.95524,-0.0065185,0.00047122,-2,0,274
-2.1392,-1.6079,3.9935,0.00047122,1,0,274
-0.61838,-0.60496,-0.0065185,0.00047122,-2,1,274
-1.3161,-0.92846,-0.0065185,0.00047122,-2,0,274
-0.26802,2.52,-0.0065185,0.00047122,-2,0,274
-3.2271,-3.2137,-0.0065185,0.00047122,-2,0,274
3.2013,0.21476,-0.0065185,0.00047122,-2,1,274
-5.1629,-4.9541,-0.0065185,0.00047122,-2,0,274
-4.3878,-2.2919,3.9935,0.00047122,1,0,274
0.12538,-3.2612,-0.0065185,0.00047122,-2,1,274
0.9017,-0.084881,-0.0065185,0.00047122,-2,1,274
-0.14553,0.88251,-0.0065185,0.00047122,-2,0,274
0.85447,0.86789,-0.0065185,0.00047122,-2,1,274
-0.71803,-0.70461,3.9935,0.00047122,1,0,274
1.3903,1.4038,-0.0065185,0.00047122,-2,0,274
0.48247,0.49588,-0.0065185,0.00047122,-2,1,274
-2.1455,-2.1321,-0.0065185,0.00047122,-2,1,274
-1.823,0.7459,-4.0065,0.00047122,1,1,274
-0.3814,-0.36799,-0.0065185,0.00047122,-2,0,274
-0.14553,1.3993,-0.0065185,0.00047122,-2,1,274
-0.71803,-0.70461,-0.0065185,0.00047122,-2,0,274
-1.6097,-1.5962,-0.0065185,0.00047122,-2,1,274
1.1545,1.1679,-0.0065185,0.00047122,-2,1,274
-2.273,2.249,-0.0065185,0.00047122,-2,0,274
1.9403,3.0116,2.9935,0.00047122,1,1,274
-1.5175,2.945,-0.0065185,0.00047122,-2,0,274
2.1545,-1.2758,-0.0065185,0.00047122,-2,1,274
-5.5455,-1.4473,-0.0065185,0.00047122,-2,1,274
-3.5455,-2.5481,-0.0065185,0.00047122,-2,0,274
3.8545,4.0278,-0.0065185,0.00047122,-2,1,274
-3.268,-3.2546,3.9935,0.00047122,1,0,274
0.39035,0.40376,-0.0065185,0.00047122,-2,0,274
0.52648,-2.3501,-0.0065185,0.00047122,-2,0,274
-2.9955,-2.9821,-0.0065185,0.00047122,-2,0,274
5.5545,3.8354,-0.0065185,0.00047122,-2,1,274
4.722,-1.0621,4.9935,0.00047122,1,0,274
2.172,4.2679,-0.0065185,0.00047122,-2,0,274
-0.15315,0.3016,-0.0065185,0.00047122,-2,0,274
2.4385,0.94726,-0.0065185,0.00047122,-2,1,274
-2.6644,1.1829,-0.0065185,0.00047122,-2,1,274
-3.3955,-1.2104,-0.0065185,0.00047122,-2,0,274
5.0045,2.9079,-0.0065185,0.00047122,-2,1,274
-1.9955,-4.2321,-0.0065185,0.00047122,-2,0,274
1.7045,1.7179,-4.0065,0.00047122,1,0,274
-0.44053,4.4179,-0.0065185,0.00047122,-2,0,274
2.1545,0.39614,-0.0065185,0.00047122,-2,1,274
-0.27303,-1.8096,-0.0065185,0.00047122,-2,0,274
0.24035,0.25376,4.9935,0.00047122,1,0,274
2.727,2.7404,-0.0065185,0.00047122,-2,1,274
-1.2955,-1.2821,-0.0065185,0.00047122,-2,1,274
1.5595,2.8629,-0.0065185,0.00047122,-2,1,274
-1.3173,-1.3039,3.9935,0.00047122,1,1,274
-0.03954,-2.3821,-0.0065185,0.00047122,-2,1,274
-0.14553,-2.7553,-0.0065185,0.00047122,-2,0,274
-0.14553,0.049688,-0.0065185,0.00047122,-2,0,274
3.8545,3.8679,-0.0065185,0.00047122,-2,1,274
4.727,-0.07423,-0.0065185,0.00047122,-2,0,274
1.6045,1.6179,-0.0065185,0.00047122,-2,0,274
-5.2455,0.09619,-0.0065185,0.00047122,-2,0,274
4.467,4.4804,4.9935,0.00047122,1,0,274
-6.0662,-3.3733,-0.0065185,0.00047122,-2,1,274
-5.6056,-5.5921,-0.0065185,0.00047122,-2,0,274
-6.5455,-6.5321,-0.0065185,0.00047122,-2,0,274
-6.163,-4.4345,-0.0065185,0.00047122,-2,1,274
-5.2379,-5.2245,-4.0065,0.00047122,1,1,274
-6.8855,-5.2679,-0.0065185,0.00047122,-2,1,274
-5.452,-4.585,-0.0065185,0.00047122,-2,0,274
7.5545,4.6559,-0.0065185,0.00047122,-2,1,274
-6.413,-6.3996,1.9935,0.00047122,1,1,274
-5.608,-5.6826,-0.0065185,0.00047122,-2,0,274
-0.69553,-0.68211,-0.0065185,0.00047122,-2,0,274
-4.4405,-4.4271,-0.0065185,0.00047122,-2,0,274
1.2327,0.20213,-0.0065185,0.00047122,-2,1,274
1.9605,-1.0261,-0.0065185,0.00047122,-2,0,274
-3.1081,-1.6447,-0.0065185,0.00047122,-2,1,274
-2.6412,-3.2278,-0.0065185,-3.9995,-1,1,274
3.6456,3.659,-0.0065185,0.00047122,-2,1,274
-1.4505,-1.4371,-0.0065185,0.00047122,-2,1,274
-3.5323,-3.5189,-0.0065185,0.00047122,-2,0,274
-6.3955,-6.3821,-0.0065185,0.00047122,-2,1,274
4.5545,1.6685,-0.0065185,0.00047122,-2,0,274
4.172,1.0032,-0.0065185,0.00047122,-2,1,274
-4.6955,-3.5245,-0.0065185,0.00047122,-2,1,274
-5.5455,-4.5481,-0.0065185,0.00047122,-2,0,274
-3.5455,-3.5321,-0.0065185,0.00047122,-2,0,274
0.83697,0.85039,-0.0065185,0.00047122,-2,1,274
1.4545,5.5839,-0.0065185,0.00047122,-2,0,274
-0.82803,-0.81461,-0.0065185,0.00047122,-2,0,274
2.5545,1.5604,-0.0065185,0.00047122,-2,1,274
2.172,0.36731,4.9935,0.00047122,1,0,274
-0.99553,-1.8245,-0.0065185,0.00047122,-2,1,274
1.0045,1.0179,-0.0065185,0.00047122,-2,1,274
-0.99553,-0.98211,-0.0065185,0.00047122,-2,0,274
-5.8455,-5.8321,-0.0065185,0.00047122,-2,1,274
-7.2455,-7.2321,-0.0065185,0.00047122,-2,0,274
6.3356,3.899,-0.0065185,0.00047122,-2,1,275
-3.127,-2.0695,-0.0065185,0.00047122,-2,0,275
-3.9573,-3.0564,-0.0065185,0.00047122,-2,0,275
-4.813,-4.0452,-0.0065185,0.00047122,-2,1,275
0.60447,-3.287,-0.0065185,0.00047122,-2,0,275
0.51447,0.42727,-0.0065185,1.0005,-1,0,275
-4.8855,2.9764,-0.0065185,0.00047122,-2,0,275
-4.6955,-0.89409,-0.0065185,0.00047122,-2,0,275
-1.4405,1.7927,-0.0065185,0.00047122,-2,1,275
2.0045,3.021,-0.0065185,0.00047122,-2,1,275
-2.6955,-1.6821,-0.0065185,0.00047122,-2,0,275
1.4495,2.3129,-0.0065185,0.00047122,-2,0,275
1.2327,-2.2596,-0.0065185,-2.9995,-1,0,275
2.0045,2.632,-0.0065185,0.00047122,-2,1,275
5.7045,5.7179,-0.0065185,0.00047122,-2,1,275
6.4495,6.4629,-0.0065185,0.00047122,-2,1,275
4.2327,4.2461,-0.0065185,0.00047122,-2,1,275
3.5985,0.35258,4.9935,0.00047122,1,1,275
4.8919,4.5524,-0.0065185,0.00047122,-2,1,275
-3.7498,-4.1364,-0.0065185,0.00047122,-2,0,275
3.1956,2.2234,-0.0065185,2.0005,-1,1,275
-0.54051,-0.52709,-0.0065185,0.00047122,-2,0,275
0.46771,2.3235,-2.0065,0.00047122,1,1,275
0.39822,0.14412,-0.0065185,0.00047122,-2,1,275
-1.3302,1.1282,-0.0065185,0.00047122,-2,0,275
2.289,2.1091,-0.0065185,0.00047122,-2,1,275
-4.2373,-4.2239,-0.0065185,0.00047122,-2,0,275
-4.2011,-4.1877,-0.0065185,0.00047122,-2,0,275
3.1792,3.0739,-0.0065185,0.00047122,-2,1,275
2.703,0.6101,2.9935,0.00047122,1,1,275
-2.1218,-2.6583,-0.0065185,0.00047122,-2,0,275
5.1118,1.8252,-0.0065185,0.00047122,-2,1,275
2.0957,4.2971,-0.0065185,0.00047122,-2,1,275
5.082,1.7427,-0.0065185,0.00047122,-2,1,275
5.0704,5.0838,-0.0065185,0.00047122,-2,1,275
4.0605,3.6483,-0.0065185,0.00047122,-2,1,275
4.0521,3.4655,-0.0065185,0.00047122,-2,1,275
3.0449,3.0309,-0.0065185,0.00047122,-2,1,275
-2.5799,-2.9065,-5.0065,0.00047122,1,0,275
-1.0248,-1.0113,-0.0065185,0.00047122,-2,0,275
-2.0204,-2.007,-0.0065185,0.00047122,-2,0,275
4.0256,4.0247,-0.0065185,0.00047122,-2,1,275
3.4224,2.6459,-4.0065,0.00047122,1,1,275
-0.010789,3.4026,-0.0065185,0.00047122,-2,0,275
2.0174,0.022047,-0.0065185,0.00047122,-2,1,275
-4.0066,-1.6931,-0.0065185,0.00047122,-2,0,275
5.0138,3.4273,-0.0065185,0.00047122,-2,1,275
4.0124,4.0204,-0.0065185,0.00047122,-2,1,275
3.4112,3.6326,-4.0065,0.00047122,1,1,275
-3.0013,-2.9879,-0.0065185,0.00047122,-2,0,275
-3.0004,-2.987,-0.0065185,0.00047122,-2,0,275
1.0086,1.0192,-0.0065185,0.00047122,-2,1,275
-2.992,-2.069,-0.0065185,0.00047122,-2,1,275
3.0015,2.5649,-0.0065185,0.00047122,-2,1,275
-3.5455,-2.1488,-0.0065185,0.00047122,-2,0,275
3.022,2.7103,-4.0065,0.00047122,1,1,275
0.84685,0.58391,-0.0065185,0.00047122,-2,0,275
-0.14553,1.9079,-0.0065185,0.00047122,-2,1,275
-1.273,-0.59073,-0.0065185,0.00047122,-2,0,275
-0.29553,-0.28211,-0.0065185,0.00047122,-2,0,275
-1.2955,0.75616,-0.0065185,0.00047122,-2,1,275
-1.1005,-1.0235,-4.0065,0.00047122,1,0,275
-0.82803,0.95714,-0.0065185,0.00047122,-2,1,275
-1.1532,-1.1397,-0.0065185,0.00047122,-2,1,275
0.57049,0.58391,-0.0065185,0.00047122,-2,1,275
2.6734,0.52915,-0.0065185,0.00047122,-2,1,275
-0.39553,-0.38211,-0.0065185,0.00047122,-2,0,275
0.34447,1.3993,3.9935,0.00047122,1,1,275
0.54797,-5.8386,-0.0065185,0.00047122,-2,0,275
3.0925,1.9796,-0.0065185,0.00047122,-2,0,275
2.8545,2.8679,-0.0065185,0.00047122,-2,1,275
3.7045,3.7179,-0.0065185,0.00047122,-2,1,275
3.1495,-0.10313,4.9935,0.00047122,1,1,275
1.2327,5.4961,-0.0065185,0.00047122,-2,1,275
1.0485,3.0619,-0.0065185,2.0005,-1,1,275
-0.88294,-0.76961,-0.0065185,0.00047122,-2,0,275
-1.2412,0.68726,-0.0065185,0.00047122,-2,0,275
1.7045,1.7179,-0.0065185,0.00047122,-2,1,275
-1.4405,0.56287,3.9935,0.00047122,1,0,275
2.2327,-2.1539,-0.0065185,0.00047122,-2,1,275
-0.03954,1.0179,-0.0065185,0.00047122,-2,0,275
-2.1081,-2.0947,-0.0065185,0.00047122,-2,1,275
1.2502,-0.59624,-0.0065185,0.00047122,-2,0,275
2.3633,1.7179,-0.0065185,0.00047122,-2,1,275
1.4545,-0.88213,-0.0065185,0.00047122,-2,0,275
-1.228,-1.2146,-4.0065,0.00047122,1,1,275
0.84685,0.061901,-0.0065185,0.00047122,-2,1,275
-0.42951,-1.3061,-0.0065185,0.00047122,-2,1,275
1.3356,-0.351,-0.0065185,0.00047122,-2,0,275
-1.9955,-3.4271,-0.0065185,0.00047122,-2,0,275
1.7045,-0.52709,-4.0065,0.00047122,1,1,275
-0.99553,2.3739,-0.0065185,0.00047122,-2,0,275
-0.99553,-1.7195,-0.0065185,0.00047122,-2,0,275
-1.9955,-2.7364,-0.0065185,0.00047122,-2,0,275
-1.6955,-0.70461,-4.0065,0.00047122,1,0,275
-2.9955,-3.5271,-0.0065185,0.00047122,-2,0,275
-2.9955,-2.9821,-0.0065185,0.00047122,-2,0,275
-0.99553,-0.98211,-0.0065185,0.00047122,-2,0,275
-2.9955,-2.4048,-0.0065185,0.00047122,-2,1,275
1.4545,2.2431,-0.0065185,0.00047122,-2,1,275
2.837,2.8504,-0.0065185,0.00047122,-2,1,275
2.4121,-1.8245,4.9935,0.00047122,1,1,275
2.4385,3.1779,-0.0065185,0.00047122,-2,1,275
2.6734,3.0914,-0.0065185,0.00047122,-2,1,275
-2.8641,-2.0846,-0.0065185,0.00047122,-2,0,275
-1.0338,-1.3127,-0.0065185,0.00047122,-2,0,275
-4.1781,-4.4131,-0.0065185,0.00047122,-2,0,275
3.5596,1.9908,4.9935,0.00047122,1,1,275
2.4138,3.6773,-0.0065185,0.00047122,-2,1,275
2.5024,2.2185,-0.0065185,0.00047122,-2,1,275
-1.5688,-2.2351,-0.0065185,0.00047122,-2,0,275
-1.6328,-1.7297,-0.0065185,0.00047122,-2,0,275
1.3962,1.1546,-4.0065,0.00047122,1,0,275
-0.55053,-5.3821,-0.0065185,0.00047122,-2,1,275
1.3045,1.3179,-0.0065185,0.00047122,-2,1,275
-3.5505,-4.8503,-0.0065185,0.00047122,-2,0,275
2.7762,0.66017,-0.0065185,0.00047122,-2,1,275
0.96046,2.3739,-0.0065185,0.00047122,-2,1,275
2.1171,0.83048,-0.0065185,0.00047122,-2,1,275
4.2502,4.2636,-0.0065185,0.00047122,-2,1,275
3.6133,1.5442,3.9935,0.00047122,1,1,275
1.4595,1.4729,-0.0065185,0.00047122,-2,1,275
-0.45876,2.8656,-0.0065185,0.00047122,-2,1,275
0.39822,0.053798,-0.0065185,0.00047122,-2,1,275
-0.33021,-0.3168,-5.0065,0.00047122,1,0,275
0.0044729,0.017889,-0.0065185,0.00047122,-2,0,275
-0.99553,-0.98211,-0.0065185,0.00047122,-2,0,275
2.0045,2.0179,-0.0065185,0.00047122,-2,0,275
-1.6955,2.6279,4.9935,0.00047122,1,1,275
2.0045,-4.2321,-0.0065185,0.00047122,-2,1,275
-2.6955,-2.6821,-0.0065185,0.00047122,-2,0,275
4.4495,1.4629,-0.0065185,0.00047122,-2,1,275
-5.2238,-3.7604,-0.0065185,0.00047122,-2,0,275
4.0485,1.1994,-0.0065185,0.00047122,-2,1,275
-5.8829,-3.4195,-0.0065185,0.00047122,-2,1,275
5.2545,5.2679,-0.0065185,0.00047122,-2,1,275
-4.458,-2.6745,1.9935,0.00047122,1,0,275
-1.718,-1.7046,-0.0065185,0.00047122,-2,0,275
0.6186,-0.96648,-0.0065185,0.00047122,-2,1,275
-3.4735,-4.8188,-0.0065185,0.00047122,-2,1,275
-1.5518,-2.6933,-0.0065185,0.00047122,-2,0,275
-1.3184,-0.49237,-5.0065,0.00047122,1,0,275
-5.4405,-4.7364,-0.0065185,0.00047122,-2,0,275
-5.2238,-4.6233,-0.0065185,0.00047122,-2,0,275
4.0485,4.0619,-0.0065185,0.00047122,-2,1,275
-3.4329,-3.4796,-5.0065,0.00047122,1,0,275
-2.7498,-2.3759,-0.0065185,0.00047122,-2,0,275
2.6456,4.2715,-0.0065185,0.00047122,-2,1,275
-0.54051,-1.9666,-0.0065185,0.00047122,-2,0,275
-1.4588,-1.2239,-0.0065185,0.00047122,-2,0,275
1.2482,0.41164,2.9935,0.00047122,1,1,275
1.6698,-2.7068,-0.0065185,0.00047122,-2,0,275
-1.411,-1.3976,-3.0065,0.00047122,1,1,275
0.76266,2.3261,-0.0065185,0.00047122,-2,1,275
1.8545,2.0781,-0.0065185,0.00047122,-2,1,275
3.727,3.7404,-0.0065185,0.00047122,-2,1,275
4.6186,2.3064,-0.0065185,0.00047122,-2,0,275
-5.3955,-1.1182,-0.0065185,0.00047122,-2,0,275
4.7045,4.7179,-0.0065185,0.00047122,-2,1,275
6.4495,2.8515,-0.0065185,0.00047122,-2,1,275
-5.2238,-4.5527,-0.0065185,0.00047122,-2,0,275
-2.0395,-1.2546,-0.0065185,0.00047122,-2,0,275
2.8919,2.9053,-0.0065185,0.00047122,-2,1,275
-3.7498,-3.179,-0.0065185,0.00047122,-2,0,275
0.64563,2.2733,-0.0065185,0.00047122,-2,1,275
-0.45055,-0.83987,-0.0065185,0.00047122,-2,1,275
-1.5323,-1.5189,-0.0065185,0.00047122,-2,0,275
1.3107,-0.084881,3.9935,0.00047122,1,1,275
-0.55053,-1.9821,-0.0065185,0.00047122,-2,0,275
0.70447,-4.1004,-0.0065185,0.00047122,-2,1,275
-1.5505,-1.5371,-0.0065185,0.00047122,-2,1,275
1.7762,-0.48786,-0.0065185,0.00047122,-2,1,275
3.5545,1.632,-0.0065185,0.00047122,-2,1,275
-0.84553,0.017889,3.9935,0.00047122,1,1,276
4.0045,0.61789,-0.0065185,0.00047122,-2,0,276
-2.9955,2.2938,-0.0065185,0.00047122,-2,0,276
0.45447,-2.5321,-0.0065185,0.00047122,-2,1,276
-2.5455,-2.5321,-0.0065185,0.00047122,-2,0,276
-6.163,-6.1496,-0.0065185,0.00047122,-2,0,276
-4.8379,-4.8245,-0.0065185,0.00047122,-2,0,276
-2.5615,-2.5481,-0.0065185,0.00047122,-2,0,276
2.1856,-0.98211,-0.0065185,-0.99953,-1,1,276
2.1359,-0.17899,-0.0065185,0.00047122,-2,0,276
0.85447,0.86789,-0.0065185,0.00047122,-2,0,276
1.727,1.7404,-0.0065185,0.00047122,-2,1,276
1.4686,0.59183,-4.0065,0.00047122,1,1,276
-1.273,-2.6596,-0.0065185,0.00047122,-2,0,276
3.7045,2.4059,-0.0065185,0.00047122,-2,0,276
3.7045,1.5912,-0.0065185,0.00047122,-2,1,276
3.7045,3.7179,-0.0065185,0.00047122,-2,1,276
5.4495,5.4629,-0.0065185,0.00047122,-2,1,276
-4.6238,-2.2544,1.9935,0.00047122,1,0,276
5.0485,-0.6381,-0.0065185,0.00047122,-2,1,276
-4.8829,-4.0233,-0.0065185,0.00047122,-2,0,276
3.7588,4.1722,-0.0065185,0.00047122,-2,1,276
-4.6367,-3.1733,-0.0065185,0.00047122,-2,0,276
3.9495,3.9629,4.9935,0.00047122,1,1,276
2.4677,2.4811,-0.0065185,0.00047122,-2,1,276
3.3982,3.4116,-0.0065185,0.00047122,-2,1,276
3.3392,3.3526,-0.0065185,0.00047122,-2,1,276
-1.28,-1.1877,-0.0065185,0.00047122,-2,0,276
1.7627,1.8432,-0.0065185,0.00047122,-2,1,276
0.30447,-1.4766,-0.0065185,0.00047122,-2,1,276
-0.25053,-3.285,-4.0065,0.00047122,1,0,276
0.55947,1.8694,-0.0065185,0.00047122,-2,0,276
-0.76728,3.0341,-0.0065185,0.00047122,-2,1,276
0.96046,1.6106,-0.0065185,0.00047122,-2,1,276
1.3045,1.3179,-0.0065185,0.00047122,-2,0,276
1.4495,1.2461,-0.0065185,0.00047122,-2,1,276
-3.2238,-3.2104,-0.0065185,0.00047122,-2,0,276
-0.95151,-1.0947,-0.0065185,0.00047122,-2,0,276
-3.6955,-3.6821,-0.0065185,0.00047122,-2,1,276
-3.1405,-2.0759,-2.0065,0.00047122,1,0,276
-3.2238,0.32436,-0.0065185,0.00047122,-2,0,276
0.96046,1.7334,-0.0065185,0.00047122,-2,0,276
0.81706,-5.2239,-0.0065185,-4.9995,-1,0,276
0.69517,-1.4159,-5.0065,0.00047122,1,0,276
2.3633,-4.4068,-0.0065185,0.00047122,-2,0,276
-1.4505,-1.2278,-0.0065185,0.00047122,-2,0,276
-0.29553,2.0592,-0.0065185,0.00047122,-2,0,276
2.3045,1.3556,-0.0065185,0.00047122,-2,0,276
-2.5505,-2.5371,-0.0065185,0.00047122,-2,1,276
2.1762,2.8304,-3.0065,0.00047122,1,1,276
-1.1055,-1.5256,-0.0065185,0.00047122,-2,0,276
0.60447,0.61789,-0.0065185,0.00047122,-2,0,276
1.1145,1.1279,-0.0065185,0.00047122,-2,0,276
-2.452,-4.0046,-0.0065185,0.00047122,-2,0,276
0.092498,-1.4371,-0.0065185,0.00047122,-2,0,276
0.30447,0.31789,-0.0065185,0.00047122,-2,0,276
-0.25053,-0.045709,3.9935,0.00047122,1,0,276
2.4495,-2.3821,-0.0065185,0.00047122,-2,1,276
-1.2238,-1.0721,-0.0065185,0.00047122,-2,0,276
0.96046,1.0914,-0.0065185,0.00047122,-2,1,276
-2.2955,3.8059,-0.0065185,0.00047122,-2,1,276
-1.5505,-1.5371,-0.0065185,0.00047122,-2,0,276
0.55447,2.5679,-0.0065185,0.00047122,-2,1,276
-0.46303,-0.73861,-3.0065,0.00047122,1,0,276
1.1621,0.92986,-0.0065185,0.00047122,-2,1,276
1.5545,-3.1496,-0.0065185,0.00047122,-2,1,276
1.172,0.85427,-0.0065185,0.00047122,-2,1,276
2.8468,1.0103,-0.0065185,0.00047122,-2,1,276
0.43845,0.499,-0.0065185,0.00047122,-2,1,276
-0.36441,-0.351,-4.0065,0.00047122,1,1,276
-2.8641,-7.3821,-0.0065185,0.00047122,-2,0,276
-3.3955,-3.3821,-0.0065185,0.00047122,-2,0,276
3.8945,0.57418,-0.0065185,0.00047122,-2,0,276
0.15447,1.7127,-0.0065185,0.00047122,-2,1,276
0.13197,-1.4795,-2.0065,0.00047122,1,1,276
0.39035,1.5199,-0.0065185,0.00047122,-2,1,276
1.4825,1.4959,-0.0065185,0.00047122,-2,1,276
-2.5518,1.6898,-0.0065185,0.00047122,-2,1,276
1.4545,5.0619,-0.0065185,0.00047122,-2,1,276
-0.82803,2.4475,-0.0065185,0.00047122,-2,1,276
0.7121,3.3222,-4.0065,0.00047122,1,1,276
-3.4295,3.6072,-0.0065185,0.00047122,-2,1,276
6.2545,4.8129,-0.0065185,0.00047122,-2,1,276
3.7045,2.4811,-0.0065185,0.00047122,-2,1,276
-4.4405,-0.25958,-0.0065185,0.00047122,-2,0,276
-5.2238,-3.7604,-0.0065185,0.00047122,-2,0,276
4.0485,3.3024,-0.0065185,0.00047122,-2,1,276
-3.4329,-3.1139,-5.0065,0.00047122,1,0,276
-2.7498,-4.9864,-0.0065185,0.00047122,-2,0,276
-3.6367,-2.3233,-0.0065185,0.00047122,-2,0,276
3.5495,2.7164,-0.0065185,0.00047122,-2,1,276
-1.4588,-1.4453,-0.0065185,0.00047122,-2,0,276
-1.2393,-2.2569,-5.0065,0.00047122,1,0,276
-2.3302,-2.0733,-0.0065185,0.00047122,-2,0,276
0.71999,-3.8791,-0.0065185,0.00047122,-2,0,276
-0.23734,-0.22392,-0.0065185,0.00047122,-2,0,276
-0.20107,0.68438,-3.0065,0.00047122,1,0,276
-1.8208,2.6155,-0.0065185,0.00047122,-2,1,276
0.15298,0.058354,-0.0065185,0.00047122,-2,1,276
-2.1218,1.3367,-0.0065185,0.00047122,-2,1,276
3.7045,1.7471,-0.0065185,0.00047122,-2,1,276
-5.6955,1.0371,-0.0065185,0.00047122,-2,0,276
-4.4405,-4.4271,-0.0065185,0.00047122,-2,0,276
-3.7738,-4.1004,-3.0065,0.00047122,1,0,276
-0.03954,-3.5761,-0.0065185,0.00047122,-2,0,276
1.1171,-0.019522,-0.0065185,0.00047122,-2,0,276
-3.7498,1.7069,-0.0065185,0.00047122,-2,0,276
-2.6367,-3.1733,-0.0065185,0.00047122,-2,0,276
-5.5405,-1.6901,-0.0065185,0.00047122,-2,0,276
-4.7088,-4.6953,-4.0065,0.00047122,1,0,276
3.3982,3.0236,-0.0065185,0.00047122,-2,1,276
-4.3302,-2.877,-0.0065185,0.00047122,-2,0,276
4.289,3.422,-0.0065185,0.00047122,-2,1,276
1.2463,1.0214,-0.0065185,0.00047122,-2,1,276
-1.0511,-2.8751,-4.0065,0.00047122,1,0,276
0.82976,-3.5568,-0.0065185,0.00047122,-2,0,276
1.856,0.71939,-0.0065185,0.00047122,-2,0,276
2.8782,2.8917,-0.0065185,0.00047122,-2,0,276
1.8972,1.3556,-0.0065185,0.00047122,-2,0,276
0.91327,1.7166,-0.0065185,0.00047122,-2,1,276
-1.1455,-0.53711,-0.0065185,0.00047122,-2,1,276
0.98197,-1.7046,-0.0065185,-0.99953,-1,0,276
-0.8264,1.0059,2.9935,0.00047122,1,0,276
-5.2238,0.49229,-0.0065185,0.00047122,-2,0,276
5.0485,1.8504,-0.0065185,0.00047122,-2,1,276
-1.8829,-1.0165,-0.0065185,0.00047122,-2,0,276
-1.5998,-0.87259,1.9935,0.00047122,1,0,276
1.6456,-3.0132,-0.0065185,0.00047122,-2,1,276
-3.5405,0.29934,-0.0065185,0.00047122,-2,0,276
-2.4588,-2.5501,-0.0065185,0.00047122,-2,0,276
-2.0893,-0.86464,-5.0065,0.00047122,1,0,276
0.66979,-4.2451,-0.0065185,0.00047122,-2,0,276
2.72,3.0069,-0.0065185,0.00047122,-2,0,276
0.76266,1.0085,-0.0065185,0.00047122,-2,0,276
-2.2011,-1.9901,-0.0065185,0.00047122,-2,0,276
3.1792,2.6552,-0.0065185,0.00047122,-2,1,276
-3.144,0.7699,-0.0065185,0.00047122,-2,1,276
-2.5455,0.39015,-0.0065185,0.00047122,-2,1,276
-2.163,0.33847,4.9935,0.00047122,1,1,276
-1.8379,0.29038,-0.0065185,0.00047122,-2,0,276
4.0045,1.5839,-0.0065185,0.00047122,-2,1,276
-1.9955,-3.3821,-0.0065185,0.00047122,-2,0,276
0.0044729,0.92792,-0.0065185,0.00047122,-2,0,276
0.0044729,0.017889,-5.0065,0.00047122,1,0,276
-1.9955,-2.3464,-0.0065185,0.00047122,-2,0,276
0.0044729,1.6208,-0.0065185,0.00047122,-2,1,276
-3.9955,0.017889,-0.0065185,0.00047122,-2,1,276
3.4045,-1.2104,-5.0065,0.00047122,1,0,276
2.8945,2.9079,-0.0065185,0.00047122,-2,1,276
3.0045,-0.59461,-0.0065185,0.00047122,-2,1,276
-3.9955,3.0885,-0.0065185,0.00047122,-2,1,276
4.4045,4.4179,-0.0065185,0.00047122,-2,1,276
4.8545,4.8679,-0.0065185,0.00047122,-2,1,276
-0.27303,-0.25961,-0.0065185,0.00047122,-2,0,276
-0.2314,0.017889,2.9935,0.00047122,1,0,276
-2.273,-2.5321,-0.0065185,0.00047122,-2,0,276
-1.5455,-1.1496,-0.0065185,0.00047122,-2,1,276
0.15447,1.6634,-0.0065185,0.00047122,-2,1,276
2.8545,3.8603,-0.0065185,0.00047122,-2,1,276
2.727,0.96978,-0.0065185,0.00047122,-2,0,276
-0.29553,-0.28211,-0.0065185,0.00047122,-2,0,276
-1.5505,1.9849,-0.0065185,0.00047122,-2,1,276
0.45447,-2.9093,-0.0065185,0.00047122,-2,0,276
1.4545,-0.038684,-0.0065185,0.00047122,-2,1,276
-0.82803,-3.6546,-0.0065185,0.00047122,-2,0,276
-2.1532,-2.1397,-0.0065185,0.00047122,-2,0,276
3.4385,2.3823,-0.0065185,0.00047122,-2,1,276
-2.6644,-2.901,-0.0065185,0.00047122,-2,1,276
0.40447,3.5601,-0.0065185,0.00047122,-2,1,276
-0.33553,-3.1736,3.9935,0.00047122,1,0,276
-0.16303,-3.2793,-0.0065185,0.00047122,-2,1,276
0.1621,2.1052,-0.0065185,0.00047122,-2,1,276
-3.4295,-1.5014,-0.0065185,0.00047122,-2,0,276
2.6734,4.331,-0.0065185,0.00047122,-2,0,276
-1.5955,-1.3696,-0.0065185,0.00047122,-2,0,276
0.13845,2.9715,2.9935,0.00047122,1,0,277
-0.32664,1.2368,-0.0065185,0.00047122,-2,0,277
-0.86408,0.29934,-0.0065185,0.00047122,-2,0,277
-1.6955,-0.70461,-0.0065185,0.00047122,-2,0,277
-3.4405,-2.5962,-0.0065185,0.00047122,-2,1,277
1.7045,1.9155,-0.0065185,0.00047122,-2,1,277
4.0045,-1.4271,-0.0065185,0.00047122,-2,0,277
4.0045,4.0179,-0.0065185,0.00047122,-2,1,277
-2.3955,-2.6278,-0.0065185,0.00047122,-2,0,277
0.89447,2.0579,-0.0065185,0.00047122,-2,1,277
0.54797,-0.37014,-0.0065185,0.00047122,-2,0,277
0.46645,0.79307,-5.0065,0.00047122,1,0,277
0.22965,0.50929,-0.0065185,0.00047122,-2,0,277
1.5131,1.5265,-0.0065185,0.00047122,-2,1,277
-1.2778,-4.0721,-0.0065185,-2.9995,-1,0,277
2.0944,2.1079,-0.0065185,0.00047122,-2,1,277
-1.922,-1.7696,-0.0065185,0.00047122,-2,0,277
-1.633,-2.5372,3.9935,0.00047122,1,0,277
-4.6649,-4.6515,-0.0065185,0.00047122,-2,0,277
-5.5645,-5.4657,-0.0065185,0.00047122,-2,0,277
2.4881,-1.955,-0.0065185,0.00047122,-2,0,277
2.3045,1.7565,-0.0065185,0.00047122,-2,0,277
1.9595,-1.7241,1.9935,0.00047122,1,0,277
-0.10553,-3.2346,-0.0065185,0.00047122,-2,0,277
0.46097,0.47439,-0.0065185,0.00047122,-2,0,277
0.092498,1.0637,-0.0065185,0.00047122,-2,0,277
-1.2207,-3.1371,-0.0065185,0.00047122,-2,0,277
-1.0369,-0.11389,-0.0065185,0.00047122,-1,0,277
-3.2778,-3.2644,-0.0065185,0.00047122,-2,1,277
2.7944,-1.1213,-4.0065,0.00047122,1,0,277
-4.922,2.4914,-0.0065185,0.00047122,-2,1,277
-3.783,-3.7696,-0.0065185,0.00047122,-2,0,277
1.5545,2.5094,-0.0065185,0.00047122,-2,0,277
1.8545,1.8679,-0.0065185,0.00047122,-2,1,277
-2.718,1.3834,-0.0065185,0.00047122,-2,0,277
-2.3097,-1.718,-2.0065,0.00047122,1,0,277
-1.5175,-1.0126,-0.0065185,0.00047122,-2,0,277
3.4482,3.4616,-0.0065185,0.00047122,-2,1,277
-2.9227,-1.2324,-3.0065,0.00047122,1,0,277
-0.3161,-2.5509,-0.0065185,0.00047122,-2,0,277
0.73198,0.0019555,-0.0065185,0.00047122,-2,0,277
3.2361,-0.60049,-0.0065185,0.00047122,-2,1,277
-2.7424,-2.729,3.9935,0.00047122,1,0,277
5.1718,-3.2148,-0.0065185,0.00047122,-2,1,277
-5.1378,-4.9904,-0.0065185,0.00047122,-2,0,277
-4.1164,-3.6017,-0.0065185,0.00047122,-2,0,277
-2.0983,-3.3881,-0.0065185,0.00047122,-2,0,277
-3.0829,-1.7695,-0.0065185,0.00047122,-2,0,277
-2.6198,-2.5365,3.9935,0.00047122,1,0,277
-4.0586,-3.9858,-0.0065185,0.00047122,-2,0,277
-4.0492,2.9048,-0.0065185,0.00047122,-2,0,277
1.0501,3.4635,-0.0065185,0.00047122,-2,1,277
-0.034287,0.015622,-0.0065185,0.00047122,-2,0,277
-0.028473,0.015962,-0.0065185,0.00047122,-2,0,277
-2.0235,-1.9837,-0.0065185,0.00047122,-2,0,277
-1.7193,-0.52792,-4.0065,0.00047122,1,0,277
-1.0158,-1.0023,-0.0065185,0.00047122,-2,0,277
2.0217,2.9251,-0.0065185,0.00047122,-2,1,277
2.0191,2.0325,-0.0065185,0.00047122,-2,1,277
-1.008,-0.98284,-0.0065185,0.00047122,-2,0,277
-0.0060887,-1.2209,-0.0065185,0.00047122,-2,0,277
2.0135,0.026866,-0.0065185,0.00047122,-2,1,277
-1.7032,-1.6897,-5.0065,0.00047122,1,0,277
1.011,4.2744,-0.0065185,0.00047122,-2,1,277
-0.0010403,-0.83762,-0.0065185,0.00047122,-2,0,277
0.0091592,0.022575,-0.0065185,0.00047122,-2,1,277
1.0005,1.0177,-0.0065185,0.00047122,-2,0,277
0.0010871,0.017691,-0.0065185,0.00047122,-2,0,277
0.0073509,0.020767,3.9935,0.00047122,1,1,277
-2.998,-2.9823,-0.0065185,0.00047122,-2,0,277
3.0066,3.02,-0.0065185,0.00047122,-2,1,277
-4.9973,-2.4404,-0.0065185,0.00047122,-2,0,277
-3.997,-4.2322,-0.0065185,0.00047122,-2,0,277
-3.3968,-3.3822,-5.0065,0.00047122,1,0,277
-1.9966,-1.9822,-0.0065185,0.00047122,-2,0,277
-0.9946,3.6313,-0.0065185,0.00047122,-2,1,277
3.0037,3.0178,-0.0065185,0.00047122,-2,0,277
4.0038,0.73972,-0.0065185,0.00047122,-2,0,277
-3.995,-3.3815,-0.0065185,0.00047122,-2,0,277
3.404,3.4179,-2.0065,0.00047122,1,0,277
2.0041,2.0179,-0.0065185,0.00047122,-2,1,277
5.7045,6.1059,-0.0065185,0.00047122,-2,1,277
2.4495,2.7927,-0.0065185,0.00047122,-2,1,277
2.0827,0.20213,1.9935,0.00047122,1,1,277
-2.9515,3.0002,-0.0065185,0.00047122,-2,0,277
-5.3955,-0.53711,-0.0065185,0.00047122,-2,0,277
-4.5855,-2.1178,-5.0065,0.00047122,1,0,277
-7.452,-7.4386,-0.0065185,0.00047122,-2,0,277
-6.0836,-2.7072,-0.0065185,0.00047122,-2,0,277
-5.7703,-3.2278,-0.0065185,0.00047122,-2,0,277
-4.5041,-4.3807,-0.0065185,0.00047122,-2,0,277
3.8368,3.8502,-4.0065,0.00047122,1,1,277
5.0944,5.1079,-0.0065185,0.00047122,-2,1,277
-3.922,1.9814,-0.0065185,0.00047122,-2,0,277
2.792,3.3554,-0.0065185,0.00047122,-2,1,277
-2.3649,-1.3976,-5.0065,0.00047122,1,0,277
3.5734,4.8369,-0.0065185,0.00047122,-2,1,277
4.4881,4.5015,-0.0065185,0.00047122,-2,1,277
-4.4066,-2.5607,-0.0065185,0.00047122,-2,0,277
-4.3449,-3.2336,-0.0065185,0.00047122,-2,0,277
-4.2925,-3.2559,-0.0065185,0.00047122,-2,0,277
-5.248,-3.2748,-0.0065185,0.00047122,-2,0,277
-4.4601,-4.4467,-5.0065,0.00047122,1,0,277
-3.1779,-2.9046,-0.0065185,0.00047122,-2,0,277
-5.1506,-5.1371,-0.0065185,0.00047122,-2,0,277
4.1363,3.2203,-0.0065185,0.00047122,-2,1,277
-1.1075,-0.9345,-0.0065185,0.00047122,-2,0,277
-3.0907,-2.9416,-0.0065185,0.00047122,-2,0,277
-2.6265,-2.4042,-4.0065,0.00047122,1,0,277
5.0733,3.4867,-0.0065185,0.00047122,-2,1,277
3.0629,3.0764,-0.0065185,0.00047122,-2,1,277
-4.0452,-3.961,-0.0065185,0.00047122,-2,0,277
-3.0378,-3.095,-0.0065185,0.00047122,-2,0,277
-2.5814,-2.5168,-3.0065,0.00047122,1,0,277
-4.0261,-2.5626,-0.0065185,0.00047122,-2,0,277
-5.0215,-3.3711,-0.0065185,0.00047122,-2,0,277
4.0265,4.0399,-0.0065185,0.00047122,-2,1,277
-5.0143,-3.6134,-0.0065185,0.00047122,-2,0,277
-3.0115,-2.9753,-0.0065185,0.00047122,-2,0,277
-5.0091,-4.9957,-0.0065185,0.00047122,-2,0,277
-2.007,-3.0478,-0.0065185,0.00047122,-2,0,277
-1.7053,-1.6919,3.9935,0.00047122,1,0,277
0.99616,1.0096,-0.0065185,0.00047122,-2,0,277
2.9974,3.0108,-0.0065185,0.00047122,-2,0,277
3.9985,4.0204,-0.0065185,0.00047122,-2,1,277
-3.3904,-2.065,3.9935,0.00047122,1,0,277
7.8945,-1.6073,-0.0065185,0.00047122,-2,1,277
6.461,5.5265,-0.0065185,0.00047122,-2,1,277
6.0925,6.1059,-0.0065185,0.00047122,-2,1,277
-5.1703,-4.1427,1.9935,0.00047122,1,0,277
5.5131,5.5265,-0.0065185,0.00047122,-2,1,277
5.2868,-0.1448,-0.0065185,0.00047122,-2,1,277
0.094435,-0.31274,-0.0065185,0.00047122,-2,1,277
2.9309,2.9444,-0.0065185,0.00047122,-2,1,277
-1.783,-2.9222,-0.0065185,0.00047122,-2,0,277
-3.6649,-3.3932,-0.0065185,0.00047122,-2,0,277
2.4355,2.6685,-0.0065185,0.00047122,-2,0,277
-2.0619,1.1156,-4.0065,0.00047122,1,0,277
0.17197,3.1654,-0.0065185,0.00047122,-2,1,277
1.1621,2.1616,-0.0065185,0.00047122,-2,1,277
1.5545,1.5679,-0.0065185,0.00047122,-2,0,277
-2.1455,-0.89409,-0.0065185,0.00047122,-2,1,277
1.832,0.3394,-5.0065,0.00047122,1,0,277
-3.3814,5.7765,-0.0065185,0.00047122,-2,1,277
1.4825,2.1356,-0.0065185,0.00047122,-2,1,277
-1.6955,-1.6821,-0.0065185,0.00047122,-2,0,277
1.4495,1.0857,-4.0065,0.00047122,1,1,277
1.2327,1.2461,-0.0065185,0.00047122,-2,1,277
5.0485,5.0619,-0.0065185,0.00047122,-2,1,277
3.8919,-0.93001,-0.0065185,0.00047122,-2,1,277
4.7588,5.3002,-0.0065185,0.00047122,-2,1,277
4.0456,-1.8921,-0.0065185,-2.9995,-1,1,277
2.5495,2.4052,-0.0065185,0.00047122,-2,1,277
2.1677,2.5054,-4.0065,0.00047122,1,1,277
-3.3893,-3.3759,-0.0065185,0.00047122,-2,0,277
1.3392,1.5869,-0.0065185,0.00047122,-2,1,277
-0.28001,-0.26659,-0.0065185,0.00047122,-2,0,277
0.76266,0.77608,-0.0065185,0.00047122,-2,0,277
-0.78999,-1.5514,-0.0065185,0.00047122,-2,1,277
-1.1702,0.69318,-0.0065185,0.00047122,-2,0,277
-0.14403,-0.13061,-0.0065185,0.00047122,-2,0,277
-3.8693,-3.7675,-0.0065185,0.00047122,-2,0,277
4.4045,3.3106,-0.0065185,0.00047122,-2,1,277
-1.8855,-3.7221,-0.0065185,0.00047122,-2,1,277
5.8545,1.3116,-0.0065185,0.00047122,-2,1,277
4.727,4.7404,-0.0065185,0.00047122,-2,1,277
-4.6097,-4.2087,-0.0065185,0.00047122,-2,0,277
-4.5175,-4.5041,-0.0065185,0.00047122,-2,0,277
3.8482,2.5307,-4.0065,0.00047122,1,1,277
3.3816,-3.7027,-0.0065185,0.00047122,-2,1,277
2.3251,2.8885,-0.0065185,0.00047122,-2,1,277
1.277,1.2904,-0.0065185,0.00047122,-2,1,277
-3.2271,-1.6587,-0.0065185,0.00047122,-2,0,277
4.2013,3.8505,-0.0065185,0.00047122,-2,1,277
2.1718,2.0584,-0.0065185,0.00047122,-2,1,278
2.1467,2.1601,-0.0065185,0.00047122,-2,1,278
0.12538,0.047125,-0.0065185,0.00047122,-2,1,278
-3.0983,-1.6509,-0.0065185,0.00047122,-2,0,278
-5.0829,-5.0695,-0.0065185,0.00047122,-2,0,278
4.0787,4.0358,-0.0065185,0.00047122,-2,1,278
3.0676,1.9234,-0.0065185,0.00047122,-2,1,278
1.0581,1.0309,-0.0065185,0.00047122,-2,1,278
1.0501,1.0289,-0.0065185,0.00047122,-2,1,278
-1.9568,1.8696,-0.0065185,0.00047122,-2,1,278
-3.9626,-1.6741,-0.0065185,0.00047122,-2,1,278
-3.9675,-3.9753,-0.0065185,0.00047122,-2,0,278
-3.3717,-3.3583,3.9935,0.00047122,1,1,278
0.024706,0.038121,-0.0065185,0.00047122,-2,1,278
-1.0127,2.0887,-0.0065185,0.00047122,-2,0,278
2.0191,3.3244,-0.0065185,0.00047122,-2,1,278
2.0169,4.1059,-0.0065185,0.00047122,-2,1,278
-4.0061,-1.4377,-0.0065185,0.00047122,-2,0,278
3.4135,3.4269,-4.0065,0.00047122,1,1,278
-2.0032,3.4103,-0.0065185,0.00047122,-2,0,278
3.011,2.8079,-0.0065185,0.00047122,-2,1,278
3.01,3.4944,-0.0065185,0.00047122,-2,1,278
2.0092,2.8054,-0.0065185,0.00047122,-2,1,278
1.7085,2.8548,-4.0065,0.00047122,1,1,278
-2.9989,3.4145,-0.0065185,0.00047122,-2,0,278
4.0074,4.5015,-0.0065185,0.00047122,-2,1,278
2.0069,2.5965,-0.0065185,0.00047122,-2,1,278
0.0065522,2.0673,-0.0065185,0.00047122,-2,1,278
2.0027,2.0161,-0.0065185,0.00047122,-2,0,278
2.003,2.0164,-0.0065185,0.00047122,-2,1,278
-1.6943,-1.4675,-3.0065,0.00047122,1,1,278
-2.9944,-2.5321,-0.0065185,0.00047122,-2,0,278
-0.54553,2.0179,-0.0065185,0.00047122,-2,0,278
-3.163,-2.0178,-0.0065185,0.00047122,-2,0,278
0.1621,-0.83211,-0.0065185,0.00047122,-2,0,278
3.5705,3.5839,-0.0065185,0.00047122,-2,1,278
4.3356,4.349,-0.0065185,0.00047122,-2,1,278
3.1359,3.1493,-0.0065185,0.00047122,-2,1,278
4.9662,4.9796,-0.0065185,0.00047122,-2,1,278
-4.213,0.087828,-5.0065,0.00047122,1,1,278
1.1145,4.7722,-0.0065185,0.00047122,-2,1,278
2.548,5.659,-0.0065185,0.00047122,-2,1,278
1.9164,-3.0527,-0.0065185,0.00047122,-2,1,278
1.6297,3.8811,3.9935,0.00047122,1,1,278
2.4959,3.8116,-0.0065185,0.00047122,-2,1,278
2.7222,3.7526,-0.0065185,0.00047122,-2,1,278
1.9145,3.3024,-0.0065185,0.00047122,-2,1,278
-4.0691,-3.6197,-0.0065185,0.00047122,-2,0,278
-4.208,-3.824,-0.0065185,0.00047122,-2,0,278
3.5851,1.1215,3.9935,0.00047122,1,1,278
-4.4266,-2.5454,-0.0065185,0.00047122,-2,0,278
0.52085,4.3941,-0.0065185,0.00047122,-2,1,278
-0.58445,-0.22758,-0.0065185,0.00047122,-2,0,278
-3.6461,-3.4683,-0.0065185,0.00047122,-2,0,278
2.7075,0.30362,-0.0065185,0.00047122,-2,1,278
3.752,4.0838,-0.0065185,0.00047122,-2,1,278
-3.1809,-1.834,3.9935,0.00047122,1,0,278
3.8221,-3.6503,-0.0065185,0.00047122,-2,1,278
0.84943,0.78989,-0.0065185,0.00047122,-2,1,278
-0.86374,-2.6783,-0.0065185,0.00047122,-2,0,278
-1.1075,0.89713,-0.0065185,0.00047122,-2,1,278
-2.0907,-1.9573,-0.0065185,0.00047122,-2,0,278
-2.6955,-1.7046,-0.0065185,0.00047122,-2,0,278
-2.2905,-1.5283,-3.0065,0.00047122,1,0,278
-0.22378,-0.21036,-0.0065185,0.00047122,-2,0,278
1.0485,0.46159,-0.0065185,0.00047122,-2,1,278
1.1171,-2.2016,-0.0065185,0.00047122,-2,1,278
2.7045,-2.3024,-0.0065185,0.00047122,-2,1,278
0.44947,-2.3132,-0.0065185,0.00047122,-2,1,278
-0.37378,-1.9329,-5.0065,0.00047122,1,1,278
4.727,3.4038,-0.0065185,0.00047122,-2,1,278
-1.6097,2.8129,-0.0065185,0.00047122,-2,1,278
-2.1455,0.42418,-0.0065185,0.00047122,-2,0,278
4.282,4.4273,-0.0065185,0.00047122,-2,1,278
3.6403,1.6834,-4.0065,0.00047122,1,0,278
-2.608,3.9399,-0.0065185,0.00047122,-2,1,278
0.075098,-3.7221,-0.0065185,0.00047122,-2,0,278
-0.3855,-5.4386,-0.0065185,0.00047122,-2,0,278
1.7859,4.2734,-0.0065185,0.00047122,-2,1,278
2.1187,5.7927,-0.0065185,0.00047122,-2,1,278
-1.7926,-2.0546,3.9935,0.00047122,1,0,278
3.642,-2.0998,-0.0065185,0.00047122,-2,1,278
-1.8374,-5.3221,-0.0065185,0.00047122,-2,0,278
3.0201,3.4944,-0.0065185,0.00047122,-2,1,278
-3.1588,-3.5554,-0.0065185,0.00047122,-2,0,278
0.29326,1.6873,-0.0065185,0.00047122,-2,1,278
-0.60005,0.58686,-0.0065185,0.00047122,-2,0,278
0.51832,0.27995,4.9935,0.00047122,1,1,278
1.0045,2.4931,-0.0065185,0.00047122,-2,1,278
1.0045,0.86789,-0.0065185,0.00047122,-2,1,278
2.0045,-0.41442,-0.0065185,0.00047122,-2,1,278
-4.9955,-4.9821,-0.0065185,0.00047122,-2,0,278
4.2545,1.4629,4.9935,0.00047122,1,0,278
7.617,3.4804,-0.0065185,0.00047122,-2,1,278
7.4045,4.4619,-0.0065185,0.00047122,-2,1,278
6.8945,3.4489,-0.0065185,0.00047122,-2,1,278
-5.852,-5.3286,-5.0065,0.00047122,1,0,278
-1.0836,-1.0701,-0.0065185,0.00047122,-2,0,278
-0.92035,-2.7569,-0.0065185,-0.99953,-1,0,278
2.4959,2.5093,-0.0065185,0.00047122,-2,1,278
3.4045,3.4179,-0.0065185,0.00047122,-2,1,278
-3.8855,1.2364,-0.0065185,0.00047122,-2,0,278
-1.452,2.9036,-0.0065185,0.00047122,-2,0,278
-1.2336,-2.2252,1.9935,0.00047122,1,0,278
-3.7703,3.0803,-0.0065185,0.00047122,-2,0,278
-0.50413,-0.52403,-0.0065185,0.00047122,-2,1,278
1.8545,-2.7094,-0.0065185,0.00047122,-2,1,278
3.727,-0.36036,-0.0065185,0.00047122,-2,1,278
5.6186,1.5239,-0.0065185,0.00047122,-2,1,278
4.7765,3.3805,4.9935,0.00047122,1,1,278
-5.4392,-4.6758,-0.0065185,0.00047122,-2,0,278
4.3816,3.6267,-0.0065185,0.00047122,-2,1,278
-3.3161,-3.7027,-0.0065185,0.00047122,-2,0,278
3.277,2.8404,-0.0065185,0.00047122,-2,1,278
2.7861,2.1741,-4.0065,0.00047122,1,1,278
5.2013,-3.1852,-0.0065185,0.00047122,-2,1,278
4.1718,3.9834,-0.0065185,0.00047122,-2,1,278
3.1467,3.5601,-0.0065185,0.00047122,-2,1,278
0.88357,-2.653,-0.0065185,0.00047122,-2,0,278
2.1072,-0.72934,-0.0065185,0.00047122,-2,1,278
-2.0829,-1.7695,-0.0065185,0.00047122,-2,0,278
2.0787,1.7921,-0.0065185,0.00047122,-2,1,278
1.7676,1.6106,2.9935,0.00047122,1,1,278
3.0581,2.6215,-0.0065185,0.00047122,-2,1,278
-4.0411,-2.5777,-0.0065185,0.00047122,-2,0,278
3.0432,3.4566,-0.0065185,0.00047122,-2,1,278
-2.5785,-2.5651,-5.0065,0.00047122,1,0,278
-3.0235,-3.0101,-0.0065185,0.00047122,-2,0,278
5.0283,3.6542,-0.0065185,0.00047122,-2,1,278
5.0247,4.2335,-0.0065185,0.00047122,-2,1,278
4.2717,4.2851,2.9935,0.00047122,1,1,278
5.0191,2.543,-0.0065185,0.00047122,-2,1,278
4.0169,4.2468,-0.0065185,0.00047122,-2,1,278
4.015,4.0285,-0.0065185,0.00047122,-2,1,278
-1.0045,-2.8811,-0.0065185,0.00047122,-2,0,278
-5.0032,-4.9897,-0.0065185,0.00047122,-2,0,278
2.011,2.0069,-0.0065185,0.00047122,-2,1,278
1.999,2.0124,-0.0065185,0.00047122,-2,0,278
-1.6908,0.53193,4.9935,0.00047122,1,1,278
-1.9915,-1.9781,-0.0065185,0.00047122,-2,1,278
2.0011,-3.598,-0.0065185,0.00047122,-2,1,278
-4.6955,3.0836,-0.0065185,0.00047122,-2,0,278
-0.44053,3.6279,-0.0065185,0.00047122,-2,0,278
0.38272,-0.033138,2.9935,0.00047122,1,1,278
-2.0395,-2.0261,-0.0065185,0.00047122,-2,0,278
-0.88294,-0.86952,-0.0065185,0.00047122,-2,1,278
4.0045,-1.3446,-0.0065185,0.00047122,-2,0,278
-3.3955,-4.9481,-3.0065,0.00047122,1,0,278
-4.8855,-2.8721,-0.0065185,0.00047122,-2,0,278
4.461,4.1854,-0.0065185,0.00047122,-2,1,278
-3.0836,-3.0701,-0.0065185,0.00047122,-2,0,278
0.22965,-2.7764,-0.0065185,0.00047122,-2,0,278
0.49587,0.68677,-0.0065185,0.00047122,-2,1,278
-3.6955,-3.4271,-0.0065185,0.00047122,-2,0,278
3.1495,0.37293,3.9935,0.00047122,1,1,278
-0.76728,4.6461,-0.0065185,0.00047122,-2,1,278
3.0485,-0.7947,-0.0065185,0.00047122,-2,1,278
-4.8829,-2.4364,-0.0065185,0.00047122,-2,0,278
4.7588,4.7722,-0.0065185,0.00047122,-2,1,278
4.6456,3.4529,-0.0065185,0.00047122,-2,1,278
-3.5405,-3.8453,-0.0065185,0.00047122,-2,0,278
5.4677,5.4811,-0.0065185,0.00047122,-2,1,278
5.3982,2.5201,-0.0065185,0.00047122,-2,1,278
5.3392,5.3526,-0.0065185,0.00047122,-2,1,278
4.289,4.3024,-0.0065185,0.00047122,-2,1,278
-5.2373,-3.2583,-0.0065185,0.00047122,-2,0,278
-3.2011,-3.1568,-0.0065185,0.00047122,-2,0,278
4.1792,3.8051,-0.0065185,0.00047122,-2,1,278
3.153,3.1664,-0.0065185,0.00047122,-2,1,278
-2.6718,-2.9794,-4.0065,0.00047122,1,0,278
5.1118,5.1252,-0.0065185,0.00047122,-2,1,278
4.0957,4.1091,-0.0065185,0.00047122,-2,1,278
5.082,2.5519,-0.0065185,0.00047122,-2,1,278
-3.0614,-4.2881,-0.0065185,0.00047122,-2,0,278
3.0605,3.0739,-0.0065185,0.00047122,-2,1,278
-2.2238,-2.2104,-0.0065185,0.00047122,-2,0,279
1.8985,-0.5397,-2.0065,0.00047122,1,1,279
-3.1081,-3.2278,-0.0065185,0.00047122,-2,0,279
0.40447,-1.5371,-0.0065185,0.00047122,-2,0,279
1.5545,-0.32211,-0.0065185,0.00047122,-2,1,279
0.83697,2.4729,-0.0065185,0.00047122,-2,1,279
0.45447,-0.68974,-0.0065185,0.00047122,-2,1,279
-0.54553,-0.53211,-0.0065185,0.00047122,-2,0,279
1.172,0.349,-0.0065185,0.00047122,-2,1,279
-2.8379,-0.66985,-0.0065185,0.00047122,-2,0,279
-1.5615,-2.3981,-0.0065185,0.00047122,-2,0,279
-0.32664,-0.31323,-0.0065185,0.00047122,-2,0,279
-0.27698,-1.1136,3.9935,0.00047122,1,0,279
1.9662,-2.7915,-0.0065185,0.00047122,-2,1,279
-0.813,-1.6496,-0.0065185,0.00047122,-2,0,279
1.6993,0.44461,-0.0065185,0.00047122,-2,1,279
-3.5862,-1.1948,-0.0065185,0.00047122,-2,0,279
-5.4976,-5.2904,-0.0065185,0.00047122,-2,0,279
-4.6723,-2.5763,2.9935,0.00047122,1,0,279
-3.3582,2.3451,-0.0065185,0.00047122,-2,0,279
-5.3038,-2.8404,-0.0065185,0.00047122,-2,0,279
-3.2576,-4.4942,-0.0065185,0.00047122,-2,0,279
-1.2183,-1.1189,-0.0065185,0.00047122,-2,0,279
1.0438,2.3017,-4.0065,0.00047122,1,1,279
1.8435,3.3191,-0.0065185,0.00047122,-2,0,279
3.8677,1.5811,-0.0065185,0.00047122,-2,0,279
-2.8792,-2.9107,-0.0065185,0.00047122,-2,0,279
1.5545,1.9079,-0.0065185,0.00047122,-2,1,279
0.17197,2.1014,-0.0065185,0.00047122,-2,1,279
0.84685,1.1059,-0.0065185,0.00047122,-2,0,279
0.72049,0.73391,3.9935,0.00047122,1,0,279
-0.71803,-0.70461,-0.0065185,0.00047122,-2,0,279
1.3903,2.2938,-0.0065185,0.00047122,-2,0,279
-3.5175,-3.8695,-0.0065185,0.00047122,-2,0,279
3.4482,-0.67281,-0.0065185,0.00047122,-2,1,279
-4.3727,-2.9093,-0.0065185,0.00047122,-2,0,279
-2.3161,-2.3027,-0.0065185,0.00047122,-2,0,279
0.27696,3.3711,-0.0065185,0.00047122,-2,1,279
0.23609,0.41164,-0.0065185,0.00047122,-2,1,279
-0.1924,-0.3168,-5.0065,0.00047122,1,0,279
-1.1629,-1.2666,-0.0065185,0.00047122,-2,0,279
3.1467,3.8722,-0.0065185,0.00047122,-2,1,279
-4.1164,-4.103,-0.0065185,0.00047122,-2,0,279
-3.4983,-2.2524,2.9935,0.00047122,1,0,279
3.0918,-2.3836,-0.0065185,0.00047122,-2,1,279
-2.0698,-2.6583,-0.0065185,0.00047122,-2,0,279
0.067586,1.8252,-0.0065185,0.00047122,-2,1,279
-1.0492,-1.0358,-0.0065185,0.00047122,-2,0,279
-1.9499,-1.9046,-0.0065185,0.00047122,-2,1,279
1.6657,-0.020871,2.9935,0.00047122,1,0,279
-2.9626,-2.4761,-0.0065185,0.00047122,-2,1,279
2.9765,2.9899,-0.0065185,0.00047122,-2,1,279
1.5545,2.1449,-0.0065185,0.00047122,-2,1,279
3.172,2.8603,-0.0065185,0.00047122,-2,1,279
0.84685,0.58391,-0.0065185,0.00047122,-2,1,279
-3.5615,-3.5481,-0.0065185,0.00047122,-2,0,279
3.0356,0.827,-2.0065,0.00047122,1,1,279
0.87302,0.58644,-0.0065185,0.00047122,-2,0,279
-3.0338,-0.86464,-0.0065185,0.00047122,-2,1,279
-2.1781,-2.6873,-0.0065185,0.00047122,-2,1,279
2.3096,2.323,-0.0065185,0.00047122,-2,1,279
-0.44553,-0.43211,-0.0065185,0.00047122,-2,1,279
1.837,-1.3978,-0.0065185,0.00047122,-2,1,279
1.5621,-1.4618,3.9935,0.00047122,1,1,279
1.8945,6.3079,-0.0065185,0.00047122,-2,1,279
-2.452,-1.5886,-0.0065185,0.00047122,-2,0,279
1.0925,-0.75936,-0.0065185,0.00047122,-2,1,279
0.22965,0.24307,-0.0065185,0.00047122,-2,1,279
-1.6955,-1.5212,-0.0065185,0.00047122,-2,0,279
1.4495,1.4629,4.9935,0.00047122,1,1,279
3.2327,3.2461,-0.0065185,0.00047122,-2,1,279
-2.0395,-0.98211,-0.0065185,0.00047122,-2,0,279
-0.88294,-3.9401,-0.0065185,0.00047122,-2,0,279
-0.74983,-1.9821,-0.0065185,-1.9995,-1,0,279
0.64563,0.65904,4.9935,0.00047122,1,1,279
2.4595,3.0179,-0.0065185,0.00047122,-2,0,279
-1.5323,-1.5189,-0.0065185,0.00047122,-2,1,279
0.39822,0.41164,-0.0065185,0.00047122,-2,1,279
0.66979,1.0179,-0.0065185,0.00047122,-2,0,279
-1.28,-2.4851,-0.0065185,0.00047122,-2,0,279
-1.0873,-0.83211,-4.0065,0.00047122,1,0,279
4.21,4.2234,-0.0065185,0.00047122,-2,1,279
-2.1702,-3.0468,-0.0065185,0.00047122,-2,0,279
-0.14403,-1.6821,-0.0065185,0.00047122,-2,0,279
-1.1218,-0.10834,-0.0065185,0.00047122,-2,0,279
-1.1028,-1.0894,-0.0065185,0.00047122,-2,0,279
2.9133,-0.70461,-0.0065185,0.00047122,-2,0,279
2.477,2.4904,2.9935,0.00047122,1,0,279
3.9386,4.0179,-0.0065185,0.00047122,-2,0,279
-1.9395,-2.0936,-0.0065185,0.00047122,-2,1,279
1.9569,1.6703,-0.0065185,0.00047122,-2,1,279
-0.29553,-0.53711,-0.0065185,0.00047122,-2,1,279
-0.25053,1.4629,-4.0065,0.00047122,1,0,279
1.5595,-2.3381,-0.0065185,0.00047122,-2,0,279
0.23272,0.35789,-0.0065185,0.00047122,-2,1,279
0.96046,-1.5886,-0.0065185,0.00047122,-2,0,279
0.81706,1.7179,3.9935,0.00047122,1,0,279
1.2502,2.0179,-0.0065185,0.00047122,-2,1,279
-1.2955,-0.092111,-0.0065185,0.00047122,-2,0,279
-0.44553,-0.1448,-0.0065185,0.00047122,-2,1,279
-2.163,-2.1496,-0.0065185,0.00047122,-2,0,279
-2.8379,-2.8245,-0.0065185,0.00047122,-2,0,279
-1.5615,1.0728,-0.0065185,0.00047122,-2,0,279
1.3356,0.68726,-4.0065,0.00047122,1,1,279
2.873,2.8864,-0.0065185,0.00047122,-2,1,279
-3.3955,-2.8985,-0.0065185,0.00047122,-2,0,279
2.8945,2.4744,-0.0065185,0.00047122,-2,1,279
5.461,2.1059,-0.0065185,0.00047122,-2,1,279
6.0925,6.1059,-0.0065185,0.00047122,-2,1,279
5.1793,3.694,3.9935,0.00047122,1,1,279
-2.5041,-2.4907,-0.0065185,0.00047122,-2,0,279
4.2868,4.1902,-0.0065185,0.00047122,-2,1,279
1.0944,3.4944,-0.0065185,0.00047122,-2,1,279
-2.922,-2.9086,-0.0065185,0.00047122,-2,0,279
2.492,0.80539,-2.0065,0.00047122,1,0,279
-1.4405,1.7179,-0.0065185,0.00047122,-2,1,279
-2.2238,0.46289,-0.0065185,0.00047122,-2,1,279
-5.0395,-2.7539,-0.0065185,0.00047122,-2,1,279
-2.8829,-0.9381,-0.0065185,0.00047122,-2,0,279
3.7045,1.7179,-0.0065185,0.00047122,-2,1,279
2.4495,1.2703,-0.0065185,0.00047122,-2,1,279
5.2327,5.2461,-0.0065185,0.00047122,-2,1,279
-4.4395,-2.2544,-3.0065,0.00047122,1,0,279
0.89188,0.17293,-0.0065185,0.00047122,-2,1,279
-1.2412,-1.8503,-0.0065185,0.00047122,-2,1,279
1.3633,1.3767,-0.0065185,0.00047122,-2,0,279
-1.1505,2.1289,-4.0065,0.00047122,1,0,279
-5.4405,-3.3012,-0.0065185,0.00047122,-2,0,279
-6.2238,-2.2507,-0.0065185,0.00047122,-2,0,279
-5.0395,-6.6886,-0.0065185,0.00047122,-2,0,279
4.2919,5.5059,-3.0065,0.00047122,1,1,279
-3.7498,0.79307,-0.0065185,0.00047122,-2,0,279
-5.6367,-6.4907,-0.0065185,0.00047122,-2,0,279
-4.5405,-3.4801,-0.0065185,0.00047122,-2,0,279
-0.45876,-1.3978,-0.0065185,0.00047122,-2,0,279
-1.3893,-0.90858,-0.0065185,0.00047122,-2,0,279
4.3392,1.6554,-0.0065185,0.00047122,-2,1,279
4.289,4.6873,-0.0065185,0.00047122,-2,1,279
-3.6373,-3.4411,3.9935,0.00047122,1,0,279
-3.2011,-3.4657,-0.0065185,0.00047122,-2,0,279
-2.7202,3.0688,1.9935,0.00047122,1,0,279
0.85597,1.1547,-0.0065185,0.00047122,-2,0,279
3.8782,4.1342,-0.0065185,0.00047122,-2,1,279
3.2972,0.99369,-2.0065,0.00047122,1,1,279
-3.8855,-3.8721,-0.0065185,0.00047122,-2,0,279
1.461,-0.5397,-0.0065185,0.00047122,-2,1,279
1.0925,-0.22781,-0.0065185,0.00047122,-2,1,279
-0.92035,-1.0344,3.9935,0.00047122,1,1,279
-1.273,-1.368,-0.0065185,0.00047122,-2,1,279
0.39035,-1.8721,-0.0065185,0.00047122,-2,1,279
-2.1455,-2.5884,-0.0065185,0.00047122,-2,1,279
-3.273,-3.6474,-0.0065185,0.00047122,-2,1,279
-2.3814,-0.018205,-0.0065185,0.00047122,-2,0,279
0.45447,-2.0101,-0.0065185,0.00047122,-2,1,279
-0.37803,-0.1942,-3.0065,0.00047122,1,1,279
0.1621,1.9885,-0.0065185,0.00047122,-2,1,279
1.7045,1.8603,-0.0065185,0.00047122,-2,1,279
-0.44053,-0.42711,-0.0065185,0.00047122,-2,1,279
-1.1455,-1.1321,-0.0065185,0.00047122,-2,1,279
-1.718,0.349,-0.0065185,0.00047122,-2,0,279
0.6186,0.63201,-0.0065185,0.00047122,-2,1,279
1.4825,1.7971,-0.0065185,0.00047122,-2,0,279
-2.4392,-2.4258,-0.0065185,0.00047122,-2,0,279
0.62732,1.7127,-0.0065185,0.00047122,-2,0,279
0.6839,0.69731,-0.0065185,0.00047122,-2,0,279
1.277,-0.75363,-0.0065185,0.00047122,-2,1,279
2.2361,2.2495,-0.0065185,0.00047122,-2,1,279
-0.79865,-0.78524,-0.0065185,0.00047122,-2,1,279
0.83713,1.3262,-0.0065185,0.00047122,-2,0,279
0.71223,-0.24205,-5.0065,0.00047122,1,0,279
0.12538,4.3888,-0.0065185,0.00047122,-2,1,279
-0.89276,-0.87934,-0.0065185,0.00047122,-2,1,279
2.0918,2.1052,-0.0065185,0.00047122,-2,1,279
-3.0698,-2.8453,-0.0065185,0.00047122,-2,0,279
4.0676,4.081,-0.0065185,0.00047122,-2,1,279
1.6273,1.4831,-0.0065185,0.00047122,-2,0,282
2.7045,0.5598,-0.0065185,0.00047122,-2,1,282
0.85447,-0.96648,-0.0065185,0.00047122,-2,1,282
1.727,1.8718,-0.0065185,0.00047122,-2,1,282
0.6186,-0.69332,-0.0065185,0.00047122,-2,0,282
-0.99553,-0.98211,-0.0065185,0.00047122,-2,0,282
1.0045,0.46159,-0.0065185,0.00047122,-2,1,282
1.8545,1.395,-0.0065185,0.00047122,-2,1,282
-2.718,-0.74639,-0.0065185,0.00047122,-2,0,282
1.6186,2.332,-0.0065185,0.00047122,-2,0,282
3.1545,-1.0637,-0.0065185,0.00047122,-2,1,282
3.282,3.2954,-0.0065185,0.00047122,-2,1,282
2.7903,4.4038,-0.0065185,5.0005,-1,1,282
-1.4735,-1.0947,-0.0065185,0.00047122,-2,0,282
2.5608,2.5742,-0.0065185,0.00047122,-2,1,282
1.6273,1.6407,-0.0065185,0.00047122,-2,1,282
-3.6749,-3.4371,-0.0065185,0.00047122,-2,0,282
-3.123,-0.99193,-5.0065,0.00047122,1,0,282
-3.7639,-3.5884,-0.0065185,0.00047122,-2,0,282
2.8076,3.4335,-0.0065185,0.00047122,-2,1,282
-3.8282,-3.6976,-0.0065185,0.00047122,-2,0,282
-3.8533,-1.9078,-0.0065185,0.00047122,-2,0,282
3.2836,3.297,-4.0065,0.00047122,1,0,282
2.8945,2.9079,-0.0065185,0.00047122,-2,1,282
5.0045,5.0179,-0.0065185,0.00047122,-2,1,282
-2.9955,2.4744,-0.0065185,0.00047122,-2,0,282
0.0044729,0.017889,-0.0065185,0.00047122,-2,1,282
-3.9955,-2.0584,-0.0065185,0.00047122,-2,1,282
-0.99553,-3.3821,-0.0065185,0.00047122,-2,0,282
-0.84553,-2.3981,-4.0065,0.00047122,1,0,282
0.28197,0.29539,-0.0065185,0.00047122,-2,0,282
2.3903,-4.9601,-0.0065185,0.00047122,-2,1,282
1.5545,2.0459,-0.0065185,0.00047122,-2,0,282
-1.8455,-2.9201,-0.0065185,0.00047122,-2,0,282
-2.718,-1.2093,-0.0065185,0.00047122,-2,0,282
-2.6097,-2.2962,-0.0065185,0.00047122,-2,0,282
-4.5175,-4.5041,-0.0065185,0.00047122,-2,0,282
-5.4392,-1.6587,-0.0065185,0.00047122,-2,0,282
-4.6227,-4.429,-4.0065,0.00047122,1,0,282
1.6839,1.6973,-0.0065185,0.00047122,-2,0,282
3.732,3.7454,-0.0065185,0.00047122,-2,1,282
2.4045,-2.5595,-0.0065185,0.00047122,-2,1,282
2.0445,2.0579,-4.0065,0.00047122,1,0,282
-2.718,-5.3821,-0.0065185,0.00047122,-2,0,282
-4.6097,-6.8721,-0.0065185,0.00047122,-2,0,282
4.5265,1.8222,-0.0065185,0.00047122,-2,1,282
-4.4392,-6.0701,-0.0065185,0.00047122,-2,0,282
-3.3727,-4.7569,-0.0065185,0.00047122,-2,0,282
-2.8661,-3.9472,2.9935,0.00047122,1,0,282
-2.723,-2.2596,-0.0065185,0.00047122,-2,0,282
6.5545,6.5679,-0.0065185,0.00047122,-2,1,282
-7.163,-6.8245,-0.0065185,0.00047122,-2,0,282
4.8468,4.8603,-0.0065185,0.00047122,-2,1,282
-4.5615,-4.3132,-0.0065185,0.00047122,-2,0,282
2.3356,0.58037,-0.0065185,0.00047122,-2,1,282
-1.977,-1.7938,-5.0065,0.00047122,1,0,282
4.9662,4.9796,-0.0065185,0.00047122,-2,1,282
-4.813,-4.677,-0.0065185,0.00047122,-2,0,282
-3.6904,-3.5727,-0.0065185,0.00047122,-2,0,282
3.5951,3.2185,-0.0065185,0.00047122,-2,1,282
3.5065,3.4446,-0.0065185,0.00047122,-2,1,282
-0.5688,2.6121,-0.0065185,0.00047122,-2,0,282
-0.48281,-0.5238,-5.0065,0.00047122,1,0,282
4.727,2.4519,-0.0065185,0.00047122,-2,1,282
-4.6097,-4.5962,-0.0065185,0.00047122,-2,0,282
-3.5175,-1.9213,-0.0065185,0.00047122,-2,1,282
-5.5455,-2.9758,-0.0065185,0.00047122,-2,1,282
-5.163,-5.1496,-0.0065185,0.00047122,-2,0,282
-4.3879,-4.4179,-5.0065,0.00047122,1,0,282
-7.163,-6.3996,-0.0065185,0.00047122,-2,0,282
4.8468,4.5839,-0.0065185,0.00047122,-2,1,282
-3.5615,-3.5481,-0.0065185,0.00047122,-2,0,282
-2.3266,-4.1842,-0.0065185,0.00047122,-2,0,282
-1.977,-1.9636,2.9935,0.00047122,1,1,282
-3.718,1.7504,-0.0065185,0.00047122,-2,0,282
-5.5455,-3.677,-0.0065185,0.00047122,-2,0,282
-6.163,-2.6716,-0.0065185,0.00047122,-2,0,282
-6.8379,-5.2245,-0.0065185,0.00047122,-2,0,282
-5.5615,-4.4088,-0.0065185,0.00047122,-2,0,282
-4.7266,-4.9257,-3.0065,0.00047122,1,0,282
-4.127,-2.8404,-0.0065185,0.00047122,-2,0,282
-3.9573,-3.9438,-0.0065185,0.00047122,-2,0,282
-4.813,-4.7996,-0.0065185,0.00047122,-2,0,282
-0.69038,-0.17145,-0.0065185,0.00047122,-2,1,282
1.0045,2.5839,-0.0065185,0.00047122,-2,0,282
-0.99553,0.349,-0.0065185,0.00047122,-2,1,282
0.85447,0.86789,-5.0065,0.00047122,1,0,282
1.727,1.7404,-0.0065185,0.00047122,-2,1,282
-0.14553,-3.9029,-0.0065185,0.00047122,-2,1,282
-2.273,-6.0527,-0.0065185,0.00047122,-2,0,282
0.45447,-0.090486,-0.0065185,0.00047122,-2,1,282
0.38697,0.40039,4.9935,0.00047122,1,1,282
1.172,-0.53841,-0.0065185,0.00047122,-2,0,282
2.1545,6.6304,-0.0065185,0.00047122,-2,1,282
1.5545,1.5679,-0.0065185,0.00047122,-2,0,282
-1.313,-0.46323,4.9935,0.00047122,1,0,282
2.8468,-3.2321,-0.0065185,0.00047122,-2,1,282
3.5705,-4.0383,-0.0065185,0.00047122,-2,1,282
5.3356,-1.3527,-0.0065185,0.00047122,-2,1,282
4.1359,0.80786,-0.0065185,0.00047122,-2,1,282
1.9662,0.34936,-0.0065185,0.00047122,-2,0,282
3.8545,1.3699,-0.0065185,0.00047122,-2,1,282
-3.268,-2.2512,-4.0065,0.00047122,1,0,282
-3.163,-1.3448,-0.0065185,0.00047122,-2,1,282
-2.8455,-2.8321,-0.0065185,0.00047122,-2,0,282
2.7045,4.1744,-0.0065185,0.00047122,-2,1,282
0.44947,0.46289,-0.0065185,0.00047122,-2,0,282
-1.1455,-2.7046,-0.0065185,0.00047122,-2,0,282
0.98197,0.25712,-3.0065,0.00047122,1,1,282
2.4495,2.4629,-0.0065185,0.00047122,-2,1,282
5.2327,-1.4548,-0.0065185,0.00047122,-2,1,282
4.0485,4.4619,-0.0065185,0.00047122,-2,1,282
-1.8829,-3.4195,-0.0065185,0.00047122,-2,0,282
1.6088,1.2946,-4.0065,0.00047122,1,0,282
2.727,-1.3821,-0.0065185,0.00047122,-2,1,282
-2.6955,-1.5271,-0.0065185,0.00047122,-2,0,282
2.4495,2.4629,-0.0065185,0.00047122,-2,1,282
6.2327,0.85534,-0.0065185,0.00047122,-2,1,282
5.0485,4.3526,-0.0065185,0.00047122,-2,1,282
4.8919,4.9053,-0.0065185,0.00047122,-2,1,282
-1.7498,-3.2945,-0.0065185,0.00047122,-2,0,282
1.4956,1.0734,2.9935,0.00047122,1,1,282
4.5495,4.5629,-0.0065185,0.00047122,-2,1,282
-4.4588,-2.2981,-0.0065185,0.00047122,-2,0,282
-4.3893,-4.1083,-0.0065185,0.00047122,-2,0,282
3.7392,3.0152,3.9935,0.00047122,1,1,282
-4.28,-3.4733,-0.0065185,0.00047122,-2,0,282
4.2463,4.2597,-0.0065185,0.00047122,-2,1,282
-2.2011,-2.048,-0.0065185,0.00047122,-2,0,282
1.8792,2.5304,4.9935,0.00047122,1,1,282
5.153,5.1664,-0.0065185,0.00047122,-2,1,282
-3.1218,-3.6351,-0.0065185,0.00047122,-2,0,282
3.1118,2.6752,-0.0065185,0.00047122,-2,1,282
4.0957,2.6591,-0.0065185,0.00047122,-2,1,282
4.082,3.4427,-0.0065185,0.00047122,-2,1,282
-1.0614,-3.4032,-0.0065185,0.00047122,-2,0,282
-1.0515,-1.0001,-0.0065185,0.00047122,-2,0,282
0.90208,0.75565,4.9935,0.00047122,1,1,282
1.0449,4.3084,-0.0065185,0.00047122,-2,1,282
-0.96113,-0.94772,-0.0065185,0.00047122,-2,0,282
4.8545,0.85852,-0.0065185,0.00047122,-2,1,282
-5.718,-4.1046,-0.0065185,0.00047122,-2,0,282
-4.8597,-3.7101,-3.0065,0.00047122,1,0,282
-3.5175,-2.5384,-0.0065185,0.00047122,-2,0,282
-3.4392,-2.605,-0.0065185,0.00047122,-2,0,282
2.9316,1.395,-0.0065185,1.0005,-1,1,282
-2.4836,-1.8687,1.9935,0.00047122,1,0,282
-0.26802,1.9495,-0.0065185,0.00047122,-2,1,282
-1.9955,-0.21373,-0.0065185,0.00047122,-2,1,282
-3.9955,-3.9821,-0.0065185,0.00047122,-2,0,282
5.4045,2.3739,-0.0065185,0.00047122,-2,1,282
-6.8855,-4.5721,-0.0065185,0.00047122,-2,0,282
-4.452,-3.0261,-0.0065185,0.00047122,-2,0,282
3.7925,4.9959,-4.0065,0.00047122,1,0,282
-4.4405,-3.1929,-0.0065185,0.00047122,-2,1,282
-5.2238,-6.0701,-0.0065185,0.00047122,-2,0,282
-8.3955,-8.3821,-0.0065185,0.00047122,-2,0,282
6.8945,5.8603,-0.0065185,0.00047122,-2,1,282
6.461,5.5839,-0.0065185,0.00047122,-2,1,282
-6.0836,0.19537,-0.0065185,0.00047122,-2,0,282
-3.7703,-3.7569,-0.0065185,0.00047122,-2,0,282
-3.5041,-4.3807,-0.0065185,0.00047122,-2,0,282
-0.27784,-0.26442,-0.0065185,0.00047122,-2,1,282
-0.14553,-2.122,-0.0065185,0.00047122,-2,0,282
-4.8455,-4.8321,-0.0065185,0.00047122,-2,0,282
-5.718,-5.4841,-0.0065185,0.00047122,-2,0,282
-2.6097,-0.07423,-0.0065185,0.00047122,-2,0,282
-3.4735,-3.6194,-0.0065185,0.00047122,-2,0,282
2.9608,2.9742,-4.0065,0.00047122,1,1,282
-1.8855,0.52789,-0.0065185,0.00047122,-2,1,282
2.1545,-1.8761,-0.0065185,0.00047122,-2,0,282
1.832,1.5614,-0.0065185,4.0005,-1,0,282
0.39035,0.40376,-0.0065185,0.00047122,-2,1,282
-0.14553,0.86026,-0.0065185,0.00047122,-2,0,282
-4.017,0.88644,-0.0065185,2.0005,-1,0,283
-1.0338,-1.9821,-0.0065185,0.00047122,-2,0,283
2.7045,1.632,-0.0065185,0.00047122,-2,1,283
0.55947,0.57289,-0.0065185,0.00047122,-2,0,283
1.2327,0.65552,-0.0065185,0.00047122,-2,1,283
0.048485,0.39504,-0.0065185,0.00047122,-2,0,283
1.8545,-0.86952,-0.0065185,0.00047122,-2,1,283
-3.718,-3.7046,-0.0065185,0.00047122,-2,0,283
-3.6097,-3.5962,-0.0065185,0.00047122,-2,0,283
-4.5175,-1.1182,-0.0065185,0.00047122,-2,0,283
-3.4392,-3.4258,-0.0065185,0.00047122,-2,0,283
-1.3727,-3.2493,-0.0065185,0.00047122,-2,0,283
-1.1661,-0.83211,-3.0065,0.00047122,1,1,283
-3.718,-2.8046,-0.0065185,0.00047122,-2,0,283
3.5545,3.5679,-0.0065185,0.00047122,-2,1,283
-1.828,-1.8146,-0.0065185,0.00047122,-2,1,283
-1.1532,-1.1397,-0.0065185,0.00047122,-2,0,283
0.45447,0.46789,-0.0065185,0.00047122,-2,1,283
-0.37803,-0.42359,-3.0065,0.00047122,1,0,283
-0.82803,4.7354,-0.0065185,0.00047122,-2,0,283
1.5545,-2.237,-0.0065185,0.00047122,-2,1,283
2.172,2.1854,-0.0065185,0.00047122,-2,0,283
-1.9955,2.3064,-0.0065185,0.00047122,-2,0,283
1.7045,-1.3132,4.9935,0.00047122,1,1,283
-1.4405,-3.1007,-0.0065185,0.00047122,-2,0,283
0.23272,-0.94384,-0.0065185,0.00047122,-2,0,283
2.1545,1.0619,-0.0065185,0.00047122,-2,0,283
2.282,3.0179,-0.0065185,0.00047122,-2,1,283
0.45447,-1.5355,-0.0065185,0.00047122,-2,0,283
-3.163,-2.8245,-0.0065185,0.00047122,-2,1,283
2.6968,-0.30724,-5.0065,0.00047122,1,0,283
0.72697,-1.8245,-0.0065185,0.00047122,-2,1,283
1.0045,3.0163,-0.0065185,0.00047122,-2,1,283
0.15447,0.53989,-0.0065185,0.00047122,-2,0,283
-2.273,-1.2758,-0.0065185,0.00047122,-2,0,283
1.4545,3.2954,-0.0065185,0.00047122,-2,1,283
-0.39553,2.4959,-0.0065185,0.00047122,-2,0,283
0.11447,1.4166,-0.0065185,0.00047122,-2,0,283
-1.452,0.64074,-0.0065185,0.00047122,-2,1,283
-1.2336,-1.2201,3.9935,0.00047122,1,0,283
-0.77035,4.4179,-0.0065185,0.00047122,-2,0,283
-1.5041,4.4739,-0.0065185,0.00047122,-2,1,283
1.0045,-1.2644,-0.0065185,0.00047122,-2,1,283
0.85447,0.86789,-2.0065,0.00047122,1,1,283
-2.9955,0.75616,-0.0065185,0.00047122,-2,1,283
0.45447,4.4629,-0.0065185,0.00047122,-2,1,283
-0.82803,-1.2104,-0.0065185,0.00047122,-2,0,283
-3.1532,-6.0261,-0.0065185,0.00047122,-2,0,283
-2.4295,-0.58359,-0.0065185,0.00047122,-2,0,283
-2.0644,-4.1364,3.9935,0.00047122,1,1,283
-4.8855,-1.7407,-0.0065185,0.00047122,-2,1,283
-2.452,-2.4386,-0.0065185,0.00047122,-2,1,283
1.0925,-0.99361,-0.0065185,0.00047122,-2,0,283
3.2297,3.2431,-0.0065185,0.00047122,-2,0,283
8.2545,4.7404,-0.0065185,0.00047122,-2,1,283
5.4045,5.4179,-0.0065185,0.00047122,-2,1,283
-4.5855,-4.335,2.9935,0.00047122,1,0,283
0.46097,0.47439,-0.0065185,0.00047122,-2,1,283
4.0925,4.1059,-0.0065185,0.00047122,-2,1,283
-3.7703,-2.7696,-0.0065185,0.00047122,-2,1,283
-4.6955,-4.6821,-0.0065185,0.00047122,-2,1,283
-2.4405,-2.4271,-0.0065185,0.00047122,-2,0,283
0.85447,-0.023598,-0.0065185,0.00047122,-2,1,283
0.72697,0.94436,-2.0065,0.00047122,1,1,283
5.6186,-1.068,-0.0065185,0.00047122,-2,0,283
8.2545,-0.75774,-0.0065185,0.00047122,-2,0,283
6.617,6.6304,-0.0065185,0.00047122,-2,1,283
5.5545,5.5679,-0.0065185,0.00047122,-2,0,283
5.5545,5.5679,-0.0065185,0.00047122,-2,1,283
4.722,1.3516,-4.0065,0.00047122,1,1,283
7.172,7.1854,-0.0065185,0.00047122,-2,0,283
6.2545,6.2679,-0.0065185,0.00047122,-2,0,283
3.617,-2.4386,-0.0065185,0.00047122,-2,1,283
-0.99553,-2.0721,-0.0065185,0.00047122,-2,0,283
0.85447,2.6279,-4.0065,0.00047122,1,0,283
2.727,4.2364,-0.0065185,0.00047122,-2,1,283
-4.6955,2.2385,-0.0065185,0.00047122,-2,0,283
-4.4405,-3.5511,-0.0065185,0.00047122,-2,0,283
3.2327,3.2461,-0.0065185,0.00047122,-2,1,283
3.0485,2.9043,-0.0065185,0.00047122,-2,1,283
2.5919,2.6053,2.9935,0.00047122,1,1,283
-4.7498,-4.2791,-0.0065185,0.00047122,-2,0,283
2.6456,2.4378,-0.0065185,0.00047122,-2,1,283
4.5495,2.2629,-0.0065185,0.00047122,-2,1,283
3.4677,3.4811,-0.0065185,0.00047122,-2,1,283
-1.3893,-1.1371,-0.0065185,0.00047122,-2,0,283
0.33916,2.6062,-0.0065185,0.00047122,-2,1,283
-0.28001,-0.094126,2.9935,0.00047122,1,1,283
-3.9955,-3.9821,-0.0065185,0.00047122,-2,1,283
3.0045,0.22343,-0.0065185,0.00047122,-2,0,283
3.0045,1.1755,-0.0065185,0.00047122,-2,0,283
-2.9955,-2.1496,-0.0065185,0.00047122,-2,0,283
2.5545,1.2368,2.9935,0.00047122,1,1,283
-6.163,-4.0981,-0.0065185,0.00047122,-2,0,283
6.8468,4.749,-0.0065185,0.00047122,-2,1,283
5.5705,5.1493,-0.0065185,0.00047122,-2,1,283
4.7356,4.9615,-4.0065,0.00047122,1,0,283
1.8945,2.0885,-0.0065185,0.00047122,-2,0,283
-3.452,-3.287,-0.0065185,0.00047122,-2,0,283
1.8545,-1.848,-0.0065185,0.00047122,-2,1,283
1.727,1.5199,-0.0065185,0.00047122,-2,1,283
-0.3814,-0.36799,-0.0065185,0.00047122,-2,0,283
2.1545,-0.46939,-0.0065185,0.00047122,-2,1,283
1.832,3.0899,-4.0065,0.00047122,1,0,283
2.3903,-0.38211,-0.0065185,0.00047122,-2,0,283
2.0325,-2.6494,2.9935,0.00047122,1,0,283
0.56077,0.11139,-0.0065185,0.00047122,-2,0,283
-1.6184,-1.1046,-0.0065185,0.00047122,-2,1,283
1.3839,2.2431,-0.0065185,4.0005,-1,1,283
1.4495,1.6598,-0.0065185,0.00047122,-2,1,283
-0.76728,2.9079,-0.0065185,0.00047122,-2,0,283
2.3045,1.0619,-0.0065185,0.00047122,-2,0,283
0.44947,-1.9371,-0.0065185,0.00047122,-2,1,283
0.23272,0.24614,-0.0065185,0.00047122,-2,1,283
-0.18954,-0.30362,1.9935,0.00047122,1,0,283
-3.8829,-3.8695,-0.0065185,0.00047122,-2,0,283
-2.7498,-2.7364,-0.0065185,0.00047122,-2,0,283
-3.6367,-2.9821,-0.0065185,0.00047122,-2,0,283
-4.5405,-4.5271,-0.0065185,0.00047122,-2,0,283
-5.4588,0.9053,-0.0065185,0.00047122,-2,0,283
-3.3893,-4.6259,-0.0065185,0.00047122,-2,0,283
3.3392,2.9026,-0.0065185,0.00047122,-2,0,283
-2.83,-2.5321,4.9935,0.00047122,1,1,283
0.83697,0.85039,-0.0065185,0.00047122,-2,1,283
-0.8379,1.788,-0.0065185,0.00047122,-2,1,283
-1.5615,-1.5481,-0.0065185,0.00047122,-2,0,283
-1.3266,-0.39106,-4.0065,0.00047122,1,0,283
-4.9955,-3.3821,-0.0065185,0.00047122,-2,0,283
3.0045,4.2679,-0.0065185,0.00047122,-2,1,283
-3.9955,-3.5384,-0.0065185,0.00047122,-2,0,283
-3.3955,-2.1496,1.9935,0.00047122,1,1,283
2.8945,-1.6821,-0.0065185,0.00047122,-2,0,283
-0.45203,0.45187,-0.0065185,0.00047122,-2,1,283
-0.083552,0.68677,-0.0065185,0.00047122,-2,1,283
1.2297,1.8864,-0.0065185,0.00047122,-2,1,283
3.4959,1.0726,-0.0065185,0.00047122,-2,1,283
-2.7132,-4.9864,-0.0065185,0.00047122,-2,0,283
0.91451,2.723,-0.0065185,0.00047122,-2,1,283
0.77801,1.1273,3.9935,0.00047122,1,1,283
1.792,0.55465,-0.0065185,0.00047122,-2,1,283
-0.84553,2.4812,-0.0065185,0.00047122,-2,0,283
0.28197,2.4744,-0.0065185,0.00047122,-2,0,283
-3.6097,-0.89409,-0.0065185,0.00047122,-2,0,283
-3.0675,0.21838,2.9935,0.00047122,1,0,283
-2.4392,4.0765,-0.0065185,0.00047122,-2,0,283
-1.3727,0.3002,-0.0065185,0.00047122,-2,0,283
-0.3161,1.1079,-0.0065185,0.00047122,-2,1,283
-0.26802,5.0179,-0.0065185,5.0005,-1,0,283
0.77286,-1.2577,-0.0065185,0.00047122,-2,1,283
-3.1455,-4.8695,-0.0065185,0.00047122,-2,0,283
-0.39553,3.811,-0.0065185,0.00047122,-2,1,283
0.45447,2.2938,-0.0065185,0.00047122,-2,1,283
-1.5455,-1.5321,-0.0065185,0.00047122,-2,0,283
0.83697,0.85039,-0.0065185,0.00047122,-2,1,283
-0.70315,-0.75729,-4.0065,0.00047122,1,0,283
3.172,2.349,-0.0065185,0.00047122,-2,0,283
2.8545,4.9079,-0.0065185,0.00047122,-2,1,283
4.7045,4.7179,-0.0065185,0.00047122,-2,1,283
4.4495,4.4629,-0.0065185,0.00047122,-2,1,283
-6.2238,-1.6356,-0.0065185,0.00047122,-2,0,283
6.0485,6.0619,-0.0065185,0.00047122,-2,1,283
4.8919,4.5178,-0.0065185,0.00047122,-2,1,283
2.7588,2.7722,-0.0065185,0.00047122,-2,1,283
0.36332,-3.4627,-0.0065185,0.00047122,-2,1,283
-3.8455,3.0194,-0.0065185,0.00047122,-2,0,283
-5.718,-5.7046,-0.0065185,0.00047122,-2,0,283
-5.6097,-5.5962,-0.0065185,0.00047122,-2,0,283
-5.5175,-3.4735,-0.0065185,0.00047122,-2,0,283
-5.4392,-1.9918,-0.0065185,0.00047122,-2,1,283
3.2545,0.25904,-0.0065185,0.00047122,-2,0,283
-3.608,-0.26356,-0.0065185,0.00047122,-2,1,283
-0.066152,2.0562,-0.0065185,0.00047122,-2,1,283
-4.6056,-2.5921,-0.0065185,0.00047122,-2,0,283
-1.6955,-1.6821,-0.0065185,0.00047122,-2,1,283
2.2545,1.5839,-0.0065185,0.00047122,-2,0,284
7.617,7.6304,-0.0065185,0.00047122,-2,1,284
-7.3955,-2.5371,-0.0065185,0.00047122,-2,0,284
6.8945,-0.24863,-0.0065185,0.00047122,-2,1,284
-7.452,-2.3381,-0.0065185,0.00047122,-2,1,284
-8.2455,-6.8721,-0.0065185,0.00047122,-2,1,284
-6.608,-5.4386,-0.0065185,0.00047122,-2,0,284
2.5545,1.5265,-0.0065185,0.00047122,-2,1,284
4.172,4.7954,-0.0065185,0.00047122,-2,1,284
3.5468,0.86026,-0.0065185,-0.99953,-1,1,284
-0.42951,-0.41609,-0.0065185,0.00047122,-2,0,284
0.70447,-2.2104,-0.0065185,0.00047122,-2,0,284
-0.59053,-0.57711,-3.0065,0.00047122,1,0,284
-2.7673,-1.4321,-0.0065185,0.00047122,-2,1,284
0.96046,0.97388,-0.0065185,0.00047122,-2,1,284
1.7045,-1.4134,-0.0065185,0.00047122,-2,1,284
2.5595,2.5729,-0.0065185,0.00047122,-2,1,284
-5.3955,-3.0851,-0.0065185,0.00047122,-2,1,284
-4.5855,0.27034,-3.0065,0.00047122,1,1,284
-2.4405,-2.3175,-0.0065185,0.00047122,-2,1,284
4.2327,4.2461,-0.0065185,0.00047122,-2,0,284
-5.0395,-1.7486,-0.0065185,0.00047122,-2,0,284
-1.3955,-0.46445,-0.0065185,0.00047122,-2,1,284
1.1945,1.2079,2.9935,0.00047122,1,0,284
0.55947,0.57289,-0.0065185,0.00047122,-2,1,284
1.3045,0.85039,-0.0065185,0.00047122,-2,0,284
-2.5505,-2.5371,-0.0065185,0.00047122,-2,1,284
1.7762,-1.1519,-0.0065185,0.00047122,-2,1,284
1.5545,1.2368,-0.0065185,0.00047122,-2,0,284
-3.1455,-3.1321,-0.0065185,0.00047122,-2,1,284
2.682,-0.90793,-3.0065,0.00047122,1,0,284
2.3903,2.2004,-0.0065185,0.00047122,-2,1,284
6.5545,6.5679,-0.0065185,0.00047122,-2,0,284
-5.3955,2.304,-0.0065185,0.00047122,-2,1,284
4.8945,4.9079,-0.0065185,0.00047122,-2,0,284
6.461,1.1423,-0.0065185,0.00047122,-2,1,284
8.4045,3.3342,-0.0065185,0.00047122,-2,1,284
6.8945,5.0619,-0.0065185,0.00047122,-2,1,284
5.461,5.4744,-0.0065185,0.00047122,-2,1,284
-4.6336,-5.1408,-5.0065,0.00047122,1,1,284
-4.163,-4.5921,-0.0065185,0.00047122,-2,0,284
3.7045,2.5629,-0.0065185,0.00047122,-2,1,284
6.4495,3.5517,-0.0065185,0.00047122,-2,1,284
-5.4738,-5.4604,-5.0065,0.00047122,1,0,284
-3.0395,-3.0261,-0.0065185,0.00047122,-2,0,284
-3.8829,-3.8695,-0.0065185,0.00047122,-2,0,284
4.7588,4.2597,-0.0065185,0.00047122,-2,1,284
-3.6367,-3.6233,-0.0065185,0.00047122,-2,0,284
4.5495,4.1926,-0.0065185,0.00047122,-2,1,284
3.8677,2.3669,2.9935,0.00047122,1,1,284
1.3982,2.6941,-0.0065185,0.00047122,-2,1,284
0.33916,0.12518,-0.0065185,0.00047122,-2,1,284
1.289,0.83159,-0.0065185,0.00047122,-2,1,284
-3.2373,-1.0739,-0.0065185,0.00047122,-2,0,284
4.21,4.0838,-0.0065185,0.00047122,-2,1,284
-0.82082,2.3601,-0.0065185,0.00047122,-2,1,284
0.70597,0.71939,-5.0065,0.00047122,1,0,284
-4.1218,-4.1083,-0.0065185,0.00047122,-2,0,284
4.1118,4.0523,-0.0065185,0.00047122,-2,1,284
-3.0867,-3.0733,-0.0065185,0.00047122,-2,0,284
3.082,3.0427,-0.0065185,0.00047122,-2,1,284
4.0704,2.2575,-0.0065185,0.00047122,-2,1,284
2.0605,3.4358,-0.0065185,0.00047122,-2,1,284
1.7521,1.7332,-4.0065,0.00047122,1,0,284
-1.5505,1.5034,-0.0065185,0.00047122,-2,1,284
-2.5455,-2.5321,-0.0065185,0.00047122,-2,1,284
-2.163,0.047125,-0.0065185,0.00047122,-2,0,284
-4.9955,-4.9821,-0.0065185,0.00047122,-2,1,284
4.2545,6.0427,-0.0065185,0.00047122,-2,0,284
-3.608,-1.3132,4.9935,0.00047122,1,1,284
-5.0662,3.1364,-0.0065185,0.00047122,-2,1,284
-2.6056,-0.94384,-0.0065185,0.00047122,-2,0,284
3.0045,2.2364,-0.0065185,0.00047122,-2,1,284
5.0045,5.0179,-0.0065185,0.00047122,-2,1,284
-4.2455,-3.1936,-5.0065,0.00047122,1,0,284
-1.9955,-1.9821,-0.0065185,0.00047122,-2,1,284
-1.6955,-1.6821,-0.0065185,0.00047122,-2,1,284
0.55947,0.57289,-0.0065185,0.00047122,-2,0,284
-2.2955,-4.5271,-0.0065185,0.00047122,-2,0,284
-2.5505,-4.4453,-0.0065185,0.00047122,-2,0,284
2.1762,0.67539,4.9935,0.00047122,1,0,284
-1.8855,-3.2321,-0.0065185,0.00047122,-2,1,284
-0.53903,-1.6197,-0.0065185,0.00047122,-2,1,284
-0.44553,-0.50274,-0.0065185,0.00047122,-2,0,284
-1.828,-4.1877,-0.0065185,0.00047122,-2,1,284
1.6045,-1.5397,-0.0065185,0.00047122,-2,0,284
0.25447,0.26789,-0.0065185,0.00047122,-2,1,284
-0.20803,0.25279,-5.0065,0.00047122,1,1,284
0.075098,-1.7407,-0.0065185,0.00047122,-2,0,284
1.3944,1.6062,-0.0065185,0.00047122,-2,0,284
-1.3955,0.92101,-0.0065185,0.00047122,-2,1,284
4.8945,0.16026,-0.0065185,0.00047122,-2,0,284
-4.152,-4.1386,-3.0065,0.00047122,1,1,284
6.0925,3.899,-0.0065185,0.00047122,-2,0,284
-5.7703,-5.7569,-0.0065185,0.00047122,-2,0,284
-7.3955,-7.3821,-0.0065185,0.00047122,-2,0,284
-6.2855,-3.2561,3.9935,0.00047122,1,0,284
5.461,5.4744,-0.0065185,0.00047122,-2,1,284
-4.6336,0.81986,1.9935,0.00047122,1,0,284
4.7793,0.09271,-0.0065185,0.00047122,-2,1,284
3.5131,3.5265,-0.0065185,0.00047122,-2,1,284
-5.2778,-3.2396,-0.0065185,0.00047122,-2,0,284
-5.0855,-5.0721,-0.0065185,0.00047122,-2,0,284
-4.322,-3.6596,3.9935,0.00047122,1,0,284
-4.783,2.6304,-0.0065185,0.00047122,-2,0,284
5.6738,4.0873,-0.0065185,0.00047122,-2,1,284
5.5734,5.5869,-0.0065185,0.00047122,-2,1,284
-4.4791,-4.3932,-0.0065185,0.00047122,-2,0,284
2.4156,2.429,-0.0065185,0.00047122,-2,1,284
-2.0449,-2.9416,3.9935,0.00047122,1,0,284
-1.2925,3.1654,-0.0065185,0.00047122,-2,1,284
0.15447,3.9079,-0.0065185,0.00047122,-2,0,284
2.8545,0.14539,-0.0065185,0.00047122,-2,0,284
-3.718,-1.4997,-0.0065185,0.00047122,-2,1,284
3.1686,3.182,-5.0065,0.00047122,1,0,284
3.5265,2.8861,-0.0065185,0.00047122,-2,1,284
-0.44553,3.0116,-0.0065185,0.00047122,-2,1,284
-0.82803,-6.0527,-0.0065185,0.00047122,-2,1,284
0.84685,-0.30724,-0.0065185,0.00047122,-2,1,284
1.4385,5.2364,-0.0065185,0.00047122,-2,1,284
-4.5455,0.6265,-0.0065185,0.00047122,-2,1,284
2.7045,3.8854,-0.0065185,0.00047122,-2,0,284
-2.2905,-2.2771,2.9935,0.00047122,1,0,284
-3.718,3.3854,-0.0065185,0.00047122,-2,0,284
-5.6097,-2.8146,-0.0065185,0.00047122,-2,1,284
-6.2455,-2.6716,-0.0065185,0.00047122,-2,1,284
-5.308,-5.2946,-4.0065,0.00047122,1,0,284
-6.4405,-6.4271,-0.0065185,0.00047122,-2,1,284
5.4827,3.349,-0.0065185,2.0005,-1,1,284
-1.0395,-6.0511,-0.0065185,0.00047122,-2,0,284
0.89188,1.4629,-4.0065,0.00047122,1,0,284
-2.9955,0.41789,-0.0065185,0.00047122,-2,0,284
-1.4455,2.5679,-0.0065185,0.00047122,-2,1,284
-2.163,-1.2644,-0.0065185,0.00047122,-2,1,284
-2.9955,-2.9821,-0.0065185,0.00047122,-2,1,284
0.0044729,0.90837,-0.0065185,0.00047122,-2,1,284
-3.9955,2.1059,-0.0065185,0.00047122,-2,0,284
0.60447,4.0179,-0.0065185,0.00047122,-2,1,284
-0.50553,2.9079,-5.0065,0.00047122,1,0,284
-1.1055,7.1579,-0.0065185,0.00047122,-2,0,284
-1.3955,-1.3821,-0.0065185,0.00047122,-2,1,284
0.70447,3.0885,-0.0065185,0.00047122,-2,1,284
-0.44053,0.86789,-0.0065185,0.00047122,-2,1,284
0.38272,0.52364,-5.0065,0.00047122,1,0,284
-1.718,-4.9546,-0.0065185,0.00047122,-2,1,284
-0.84553,-3.5946,-0.0065185,0.00047122,-2,1,284
-1.718,-1.7046,-0.0065185,0.00047122,-2,0,284
-1.4597,-3.4421,1.9935,0.00047122,1,0,284
2.282,2.2954,-0.0065185,0.00047122,-2,1,284
-5.5455,-2.2596,-0.0065185,0.00047122,-2,1,284
4.5545,4.5679,-0.0065185,0.00047122,-2,1,284
4.7045,0.86503,-0.0065185,0.00047122,-2,1,284
-2.4405,-2.4271,-0.0065185,0.00047122,-2,1,284
0.85447,2.9397,-0.0065185,0.00047122,-2,0,284
0.72697,1.8603,3.9935,0.00047122,1,1,284
3.0045,4.032,-0.0065185,0.00047122,-2,0,284
0.55447,2.5679,-0.0065185,0.00047122,-2,0,284
0.83697,2.5742,-0.0065185,0.00047122,-2,0,284
-2.5455,-1.4271,-0.0065185,0.00047122,-2,0,284
3.0045,2.1854,-0.0065185,0.00047122,-2,1,284
4.0045,4.0179,-0.0065185,0.00047122,-2,1,284
-1.9955,-0.85066,-0.0065185,0.00047122,-2,1,284
-4.6955,-4.8245,-0.0065185,0.00047122,-2,0,284
-7.5455,-4.9821,-0.0065185,0.00047122,-2,0,284
5.172,1.2461,-0.0065185,0.00047122,-2,0,284
2.5545,1.0619,-0.0065185,0.00047122,-2,0,284
-3.163,-3.1496,-0.0065185,0.00047122,-2,1,284
4.8468,3.7722,-0.0065185,0.00047122,-2,0,284
2.5705,1.659,-0.0065185,0.00047122,-2,1,284
-2.1766,-2.1632,1.9935,0.00047122,1,0,284
0.28197,0.90042,-0.0065185,0.00047122,-2,0,284
-2.6097,0.17304,-0.0065185,0.00047122,-2,1,284
4.7045,2.2399,-0.0065185,0.00047122,-2,1,284
-2.5455,-2.5321,-0.0065185,0.00047122,-2,1,284
-2.9955,-2.4601,-0.0065185,0.00047122,-2,0,284
3.5608,3.5742,-0.0065185,0.00047122,-2,1,285
-0.61838,-1.4657,-0.0065185,0.00047122,-2,0,285
2.6839,2.6973,-0.0065185,0.00047122,-2,1,285
-0.26802,-0.2546,-0.0065185,0.00047122,-2,0,285
-0.99553,-2.7569,-0.0065185,0.00047122,-2,0,285
-0.14553,0.86789,-0.0065185,0.00047122,-2,0,285
1.8545,-0.1967,-0.0065185,0.00047122,-2,0,285
-1.1455,1.5904,-0.0065185,0.00047122,-2,1,285
-5.6955,-1.8371,-0.0065185,0.00047122,-2,0,285
0.40447,0.41789,-0.0065185,0.00047122,-2,1,285
-3.8855,0.34958,-0.0065185,0.00047122,-2,0,285
-3.452,-3.4386,-0.0065185,0.00047122,-2,0,285
-2.9336,-0.78554,-5.0065,0.00047122,1,1,285
-1.718,-1.5962,-0.0065185,0.00047122,-2,1,285
1.6186,2.0485,-0.0065185,0.00047122,-2,1,285
-3.8455,-3.8321,-0.0065185,0.00047122,-2,0,285
-0.71803,-0.70461,-0.0065185,0.00047122,-2,0,285
-0.3814,-0.055643,-0.0065185,0.00047122,-2,0,285
0.33247,-2.3899,-4.0065,0.00047122,1,0,285
-0.43923,0.29668,-0.0065185,0.00047122,-2,0,285
-1.3727,-1.3593,-0.0065185,0.00047122,-2,0,285
3.6839,-2.4386,-0.0065185,0.00047122,-2,1,285
-6.3955,-6.3821,-0.0065185,0.00047122,-2,0,285
5.4445,-0.21373,-4.0065,0.00047122,1,1,285
6.461,-3.3821,-0.0065185,0.00047122,-2,1,285
-5.0836,-5.0701,-0.0065185,0.00047122,-2,0,285
4.7793,3.0179,-0.0065185,0.00047122,-2,1,285
4.5131,3.0179,-0.0065185,0.00047122,-2,1,285
-3.2778,-3.2644,-0.0065185,0.00047122,-2,0,285
-2.0855,-2.0721,-0.0065185,0.00047122,-2,0,285
1.7809,2.453,-2.0065,0.00047122,1,1,285
2.217,0.93039,-0.0065185,0.00047122,-2,1,285
-4.5455,-4.5321,-0.0065185,0.00047122,-2,0,285
-2.163,-1.2104,-0.0065185,0.00047122,-2,1,285
1.0045,1.0179,-0.0065185,0.00047122,-2,0,285
-1.9955,-1.5481,-0.0065185,0.00047122,-2,1,285
-2.9955,-1.6821,-0.0065185,0.00047122,-2,0,285
5.5545,1.4629,-0.0065185,0.00047122,-2,1,285
-4.713,-3.7604,1.9935,0.00047122,1,0,285
-4.8379,-0.12449,-0.0065185,0.00047122,-2,0,285
5.5705,4.9053,-0.0065185,0.00047122,-2,1,285
-6.3266,-2.9039,-0.0065185,0.00047122,-2,0,285
-5.377,-5.3636,3.9935,0.00047122,1,0,285
-1.9573,2.8729,-0.0065185,0.00047122,-2,0,285
-3.813,-1.6496,-0.0065185,0.00047122,-2,0,285
-5.6904,-5.677,-0.0065185,0.00047122,-2,0,285
-4.8362,-2.7402,-2.0065,0.00047122,1,0,285
-3.4976,-3.2666,-0.0065185,0.00047122,-2,0,285
2.9812,1.7047,4.9935,0.00047122,1,1,285
-3.3582,-4.4377,-0.0065185,0.00047122,-2,0,285
3.3128,2.7426,-0.0065185,0.00047122,-2,1,285
-5.2576,-2.7942,-0.0065185,0.00047122,-2,0,285
4.2272,4.3941,-0.0065185,0.00047122,-2,1,285
-2.1849,-3.5715,-0.0065185,0.00047122,-2,0,285
-1.1565,-1.8431,-0.0065185,0.00047122,-2,0,285
-0.98233,-0.90963,-5.0065,0.00047122,1,0,285
3.8882,3.952,-0.0065185,0.00047122,-2,1,285
1.4045,1.4179,-0.0065185,0.00047122,-2,1,285
-0.88553,5.0885,-0.0065185,0.00047122,-2,1,285
-0.69553,2.403,-0.0065185,0.00047122,-2,0,285
0.44947,0.61289,-0.0065185,0.00047122,-2,0,285
0.15447,0.29539,-0.0065185,0.00047122,-2,1,285
-0.12303,0.69653,-4.0065,0.00047122,1,0,285
3.282,-3.4194,-0.0065185,0.00047122,-2,1,285
6.4045,2.8038,-0.0065185,0.00047122,-2,1,285
0.89447,5.4579,-0.0065185,0.00047122,-2,1,285
0.54797,3.8059,-0.0065185,0.00047122,-2,1,285
2.5545,1.4629,-0.0065185,0.00047122,-2,1,285
-2.163,-0.37479,3.9935,0.00047122,1,0,285
2.8468,-2.3381,-0.0065185,0.00047122,-2,1,285
2.5705,1.9053,-0.0065185,0.00047122,-2,1,285
4.3356,3.7722,-0.0065185,0.00047122,-2,1,285
-5.127,-1.7277,-0.0065185,0.00047122,-2,0,285
-4.3573,-4.3438,2.9935,0.00047122,1,0,285
-0.813,1.7504,-0.0065185,0.00047122,-2,0,285
4.6993,0.41164,-0.0065185,0.00047122,-2,1,285
-5.5862,-3.9727,-0.0065185,0.00047122,-2,0,285
-4.4976,-4.7341,-0.0065185,0.00047122,-2,0,285
2.4312,2.2597,-0.0065185,0.00047122,-2,1,285
-2.0582,-3.0777,3.9935,0.00047122,1,1,285
-1.4405,3.1096,-0.0065185,0.00047122,-2,1,285
-2.2238,-2.0701,-0.0065185,0.00047122,-2,1,285
-2.0395,1.6244,-0.0065185,0.00047122,-2,0,285
-0.84553,-0.70461,-0.0065185,0.00047122,-2,0,285
-0.71803,-0.59624,-0.0065185,0.00047122,-2,0,285
1.6186,1.632,-0.0065185,0.00047122,-2,1,285
-1.3675,-1.4306,1.9935,0.00047122,1,1,285
2.727,0.31789,-0.0065185,0.00047122,-2,1,285
1.7045,1.7179,-0.0065185,0.00047122,-2,1,285
0.55947,-0.82357,-0.0065185,0.00047122,-2,1,285
2.7045,2.7179,-0.0065185,0.00047122,-2,1,285
2.2995,-1.4372,-4.0065,0.00047122,1,0,285
2.727,-2.1539,-0.0065185,0.00047122,-2,0,285
3.6186,0.12789,-0.0065185,0.00047122,-2,1,285
-2.5455,-1.891,-0.0065185,0.00047122,-2,0,285
2.172,1.2461,-4.0065,0.00047122,1,1,285
6.8468,6.0619,-0.0065185,0.00047122,-2,1,285
5.5705,-1.9847,-0.0065185,0.00047122,-2,0,285
0.60447,1.1433,-0.0065185,0.00047122,-2,1,285
0.89447,0.90789,-0.0065185,0.00047122,-2,1,285
0.30447,-0.87211,-0.0065185,0.00047122,-2,1,285
1.4495,2.9715,-0.0065185,0.00047122,-2,1,285
-1.2238,-3.3524,3.9935,0.00047122,1,1,285
0.96046,0.24307,-0.0065185,0.00047122,-2,1,285
1.1171,0.50929,-0.0065185,0.00047122,-2,1,285
4.2502,-1.2644,-0.0065185,0.00047122,-2,1,285
2.3633,5.1059,-0.0065185,0.00047122,-2,1,285
-2.0005,-5.3694,-4.0065,0.00047122,1,0,285
1.7087,4.9265,4.9935,0.00047122,1,1,285
-0.60178,-5.5144,-0.0065185,0.00047122,-2,1,285
3.8545,3.0614,-0.0065185,0.00047122,-2,1,285
-6.5455,-6.5321,-0.0065185,0.00047122,-2,0,285
7.172,2.7995,-0.0065185,0.00047122,-2,1,285
-6.0879,-6.0745,-5.0065,0.00047122,1,0,285
-2.5615,-2.5481,-0.0065185,0.00047122,-2,0,285
0.67336,0.68677,-0.0065185,0.00047122,-2,1,285
2.3045,-1.8967,-0.0065185,0.00047122,-2,1,285
0.40447,-3.1645,-0.0065185,0.00047122,-2,1,285
-0.33553,-6.8721,-0.0065185,-3.9995,-1,0,285
0.29347,4.3601,1.9935,0.00047122,1,1,285
3.0925,0.90587,-0.0065185,0.00047122,-2,0,285
2.6293,2.6427,-5.0065,0.00047122,1,1,285
6.5131,6.5265,-0.0065185,0.00047122,-2,1,285
6.2868,6.3002,-0.0065185,0.00047122,-2,1,285
6.0944,-2.1653,-0.0065185,0.00047122,-2,1,285
5.1809,5.1944,-3.0065,0.00047122,1,1,285
3.792,-4.7506,-0.0065185,0.00047122,-2,1,285
2.6738,3.2373,-0.0065185,0.00047122,-2,0,285
5.7045,0.5825,-0.0065185,0.00047122,-2,1,285
4.8495,0.10044,-3.0065,0.00047122,1,0,285
5.2327,5.2461,-0.0065185,0.00047122,-2,1,285
-1.3955,-0.43861,-0.0065185,0.00047122,-2,0,285
-0.10553,1.0655,-0.0065185,0.00047122,-2,1,285
-0.53903,-0.075611,-0.0065185,0.00047122,-2,1,285
-0.083552,0.50929,-0.0065185,0.00047122,-2,1,285
0.30447,-0.37479,-0.0065185,0.00047122,-2,0,285
-0.44053,-0.82449,-0.0065185,0.00047122,-2,0,285
0.38272,-0.19886,-2.0065,0.00047122,1,1,285
0.96046,0.68677,-0.0065185,0.00047122,-2,1,285
-1.2955,-1.2821,-0.0065185,0.00047122,-2,0,285
-0.44553,-2.2278,-0.0065185,0.00047122,-2,0,285
-1.4455,0.40039,-0.0065185,0.00047122,-2,1,285
-1.228,-2.4947,3.9935,0.00047122,1,1,285
0.1621,0.17551,-0.0065185,0.00047122,-2,0,285
-1.4295,-2.341,-0.0065185,0.00047122,-2,0,285
-1.4455,1.2368,-0.0065185,0.00047122,-2,0,285
1.237,3.2374,-4.0065,0.00047122,1,1,285
0.11447,2.4562,-0.0065185,0.00047122,-2,0,285
2.461,2.4744,-0.0065185,0.00047122,-2,1,285
1.0925,-0.061586,-0.0065185,0.00047122,-2,1,285
-0.22071,0.94271,-0.0065185,0.00047122,-2,0,285
1.7045,0.23836,-0.0065185,0.00047122,-2,1,285
0.55947,0.57289,-0.0065185,0.00047122,-2,0,285
0.47622,-0.50412,3.9935,0.00047122,1,0,285
-2.0395,2.3739,-0.0065185,0.00047122,-2,0,285
1.8919,1.395,-0.0065185,0.00047122,-2,1,285
4.7588,4.3385,-0.0065185,0.00047122,-2,1,285
3.6456,3.2904,-0.0065185,0.00047122,-2,1,285
-1.5405,-1.5271,-0.0065185,0.00047122,-2,0,285
1.3177,0.21476,-0.0065185,0.00047122,-1,1,285
1.6107,-0.5266,-0.0065185,0.00047122,-2,0,285
-1.6608,-1.5399,-0.0065185,0.00047122,-2,0,285
1.3045,1.5729,-0.0065185,0.00047122,-2,1,285
-1.4455,-1.4321,-0.0065185,0.00047122,-2,1,285
-0.16303,1.8123,-0.0065185,0.00047122,-2,1,285
0.70447,0.061901,-0.0065185,0.00047122,-2,0,285
2.1545,2.1679,-0.0065185,0.00047122,-2,0,285
1.282,0.52364,-0.0065185,0.00047122,-2,1,285
-1.0814,0.10532,3.9935,0.00047122,1,0,285
1.5595,2.1305,-0.0065185,0.00047122,-2,1,285
2.5545,2.5679,-0.0065185,0.00047122,-2,1,285
-1.163,-1.4386,-0.0065185,0.00047122,-2,1,285
-3.1455,-3.1321,-0.0065185,0.00047122,-2,0,285
-0.39553,-0.38211,-0.0065185,0.00047122,-2,1,285
4.3662,1.2304,-0.0065185,2.0005,-1,0,286
-6.8855,-6.8721,-0.0065185,0.00047122,-2,0,286
0.40447,-2.2873,-0.0065185,0.00047122,-2,1,286
0.89447,1.8368,-0.0065185,0.00047122,-2,1,286
0.46097,-1.1801,-0.0065185,0.00047122,-2,0,286
-0.29553,-0.62514,-0.0065185,0.00047122,-2,0,286
-1.2955,0.27289,-0.0065185,0.00047122,-2,1,286
-0.44053,1.0593,-0.0065185,0.00047122,-2,0,286
-1.7673,-1.7539,-0.0065185,0.00047122,-2,0,286
-3.5455,-1.7046,-0.0065185,0.00047122,-2,0,286
2.172,1.2589,-0.0065185,0.00047122,-2,0,286
1.0045,0.23039,-0.0065185,0.00047122,-2,1,286
-0.84553,-0.42582,-5.0065,0.00047122,1,0,286
2.727,4.9904,-0.0065185,0.00047122,-2,1,286
-4.6097,-2.0027,-0.0065185,0.00047122,-2,0,286
-3.5175,-3.6546,-0.0065185,0.00047122,-2,0,286
2.4482,2.4616,-0.0065185,0.00047122,-2,1,286
4.3816,4.395,-0.0065185,0.00047122,-2,0,286
-3.7161,-1.9918,2.9935,0.00047122,1,1,286
-1.1055,0.35789,-0.0065185,0.00047122,-2,0,286
2.548,0.96139,-0.0065185,0.00047122,-2,1,286
1.9164,1.9299,-0.0065185,0.00047122,-2,1,286
2.2297,2.6687,-0.0065185,0.00047122,-2,1,286
1.8959,1.9093,-2.0065,0.00047122,1,1,286
1.7222,1.7356,-0.0065185,0.00047122,-2,1,286
-2.9056,2.5529,-0.0065185,0.00047122,-2,0,286
-2.0691,-2.0556,-0.0065185,0.00047122,-2,0,286
-3.208,-3.1946,-0.0065185,0.00047122,-2,0,286
1.3351,2.1117,-0.0065185,0.00047122,-2,1,286
2.5734,-1.1131,-0.0065185,0.00047122,-2,1,286
-2.1791,1.2008,-3.0065,0.00047122,1,0,286
-5.4405,-2.7539,-0.0065185,0.00047122,-2,0,286
-5.2238,-5.2104,-0.0065185,0.00047122,-2,0,286
-4.0395,-2.0947,-0.0065185,0.00047122,-2,0,286
4.8919,0.82961,-0.0065185,0.00047122,-2,1,286
-4.7498,-4.1364,-0.0065185,0.00047122,-2,0,286
2.6456,2.8729,-0.0065185,0.00047122,-2,0,286
-3.6955,-2.2271,-0.0065185,0.00047122,-2,0,286
4.7045,4.1744,-0.0065185,0.00047122,-2,1,286
-3.9905,-2.9259,3.9935,0.00047122,1,0,286
0.77622,3.0832,-0.0065185,0.00047122,-2,1,286
1.7045,2.9079,-0.0065185,0.00047122,-2,1,286
3.4495,4.4744,-0.0065185,0.00047122,-2,1,286
-2.9238,-1.3158,3.9935,0.00047122,1,0,286
-5.0395,-5.7569,-0.0065185,0.00047122,-2,0,286
1.8919,1.9053,-0.0065185,0.00047122,-2,1,286
1.2502,0.73558,-0.0065185,0.00047122,-2,1,286
1.7045,1.7179,-0.0065185,0.00047122,-2,1,286
2.5595,2.2431,-0.0065185,0.00047122,-2,0,286
2.1762,-1.0275,-5.0065,0.00047122,1,1,286
-0.10553,-2.5884,-0.0065185,0.00047122,-2,0,286
-4.5455,-6.1446,-0.0065185,0.00047122,-2,0,286
-1.163,-1.1496,-0.0065185,0.00047122,-2,0,286
-0.8379,-3.2695,-0.0065185,0.00047122,-2,0,286
0.43845,1.4729,-0.0065185,0.00047122,-2,0,286
1.6734,2.5547,-0.0065185,0.00047122,-2,1,286
1.423,1.4364,4.9935,0.00047122,1,1,286
2.172,2.1854,-0.0065185,0.00047122,-2,1,286
-1.8379,-4.0383,-0.0065185,0.00047122,-2,0,286
0.57049,0.39504,-0.0065185,0.00047122,-2,1,286
0.67336,0.54731,-0.0065185,0.00047122,-2,1,286
-1.6955,0.42684,-0.0065185,0.00047122,-2,0,286
6.4495,0.63201,-0.0065185,0.00047122,-2,1,286
-5.4738,-5.4604,-5.0065,0.00047122,1,0,286
-5.0395,-5.2761,-0.0065185,0.00047122,-2,0,286
2.8919,2.395,-0.0065185,0.00047122,-2,1,286
-3.7498,-3.7364,-0.0065185,0.00047122,-2,0,286
-3.6367,-3.6233,-0.0065185,0.00047122,-2,0,286
-0.54051,-2.3018,-0.0065185,0.00047122,-2,1,286
-0.45876,-0.44535,3.9935,0.00047122,1,1,286
-2.9955,1.9093,-0.0065185,0.00047122,-2,0,286
1.5545,-2.8721,-0.0065185,0.00047122,-2,1,286
0.17197,-4.4386,-0.0065185,0.00047122,-2,1,286
2.1621,2.1755,-0.0065185,0.00047122,-2,1,286
1.8385,2.4068,4.9935,0.00047122,1,1,286
2.8945,4.7899,-0.0065185,0.00047122,-2,1,286
3.461,0.46159,-0.0065185,0.00047122,-2,1,286
3.0925,1.245,-0.0065185,0.00047122,-2,0,286
0.15447,-2.6069,-0.0065185,0.00047122,-2,1,286
-3.273,-3.368,-0.0065185,0.00047122,-2,0,286
-2.7814,-0.090486,-3.0065,0.00047122,1,0,286
-2.5175,2.0459,-0.0065185,0.00047122,-2,0,286
-1.6955,2.1854,-0.0065185,0.00047122,-2,0,286
2.4495,2.4629,-0.0065185,0.00047122,-2,1,286
4.2327,4.2461,-0.0065185,0.00047122,-2,1,286
4.0485,4.0619,-0.0065185,0.00047122,-2,0,286
-5.5455,-1.4007,-0.0065185,0.00047122,-2,0,286
4.722,-0.7765,-4.0065,0.00047122,1,1,286
5.172,2.2004,-0.0065185,0.00047122,-2,1,286
-5.8379,3.6027,-0.0065185,0.00047122,-2,0,286
6.5705,2.8273,-0.0065185,0.00047122,-2,1,286
-3.3266,-3.7301,-0.0065185,0.00047122,-2,0,286
2.8359,1.2912,-4.0065,0.00047122,1,0,286
-0.55053,-2.4204,-0.0065185,0.00047122,-2,0,286
-1.7673,-5.8721,-0.0065185,0.00047122,-2,0,286
-2.0395,3.9194,-0.0065185,0.00047122,-2,1,286
1.7419,-1.2201,1.9935,0.00047122,1,0,286
0.75877,2.4722,-0.0065185,0.00047122,-2,0,286
2.3633,4.5265,-0.0065185,0.00047122,-2,1,286
-2.4505,-2.4371,-0.0065185,0.00047122,-2,1,286
1.4545,4.0179,-0.0065185,0.00047122,-2,1,286
-1.163,-0.90858,-0.0065185,0.00047122,-2,1,286
-3.8379,-0.97449,-0.0065185,0.00047122,-2,0,286
-3.2615,0.74039,1.9935,0.00047122,1,1,286
-4.3266,-2.9821,-0.0065185,0.00047122,-2,0,286
4.5545,-0.19886,-0.0065185,0.00047122,-2,1,286
-1.163,-2.7261,-0.0065185,0.00047122,-2,0,286
2.1621,3.1305,-0.0065185,0.00047122,-2,0,286
1.4385,2.2636,-0.0065185,0.00047122,-2,1,286
1.2234,1.2368,-4.0065,0.00047122,1,0,286
-1.8641,2.8959,-0.0065185,0.00047122,-2,1,286
3.0427,1.6062,-0.0065185,0.00047122,-2,1,286
0.40447,-0.27111,-0.0065185,0.00047122,-2,1,286
-1.8855,-1.8721,-0.0065185,0.00047122,-2,0,286
1.611,-0.58359,-4.0065,0.00047122,1,1,286
2.0925,2.1059,-0.0065185,0.00047122,-2,0,286
-2.9955,-1.7407,-0.0065185,0.00047122,-2,0,286
2.0045,5.0244,-0.0065185,0.00047122,-2,1,286
0.0044729,-3.7701,-0.0065185,0.00047122,-2,0,286
-1.9955,1.7927,-0.0065185,0.00047122,-2,0,286
0.30447,2.0179,-0.0065185,0.00047122,-2,0,286
2.4495,1.4629,-0.0065185,0.00047122,-2,1,286
-2.0738,-0.83211,-5.0065,0.00047122,1,1,286
-2.718,-2.7046,-0.0065185,0.00047122,-2,0,286
5.7045,4.5178,-0.0065185,0.00047122,-2,1,286
6.4495,6.4629,-0.0065185,0.00047122,-2,1,286
5.4827,3.549,3.9935,0.00047122,1,1,286
6.0485,3.9629,-0.0065185,0.00047122,-2,1,286
5.8919,5.9053,-0.0065185,0.00047122,-2,1,286
-4.7498,-4.3489,-0.0065185,0.00047122,-2,0,286
4.0456,4.059,-4.0065,0.00047122,1,1,286
0.54945,0.30237,-0.0065185,0.00047122,-2,0,286
-3.9955,0.48112,-0.0065185,0.00047122,-2,0,286
1.0045,3.4744,-0.0065185,0.00047122,-2,1,286
-2.9955,-4.9601,-0.0065185,0.00047122,-2,0,286
-3.9955,-5.7569,-0.0065185,0.00047122,-2,0,286
5.0045,3.694,-0.0065185,0.00047122,-2,1,286
-2.9955,-2.9821,-0.0065185,0.00047122,-2,0,286
-2.5455,-4.6846,2.9935,0.00047122,1,0,286
-0.99553,-1.6056,-0.0065185,0.00047122,-2,0,286
0.85447,0.86789,-3.0065,0.00047122,1,1,286
3.727,4.8603,-0.0065185,0.00047122,-2,1,286
4.6186,4.632,-0.0065185,0.00047122,-2,1,286
-3.9175,0.52915,3.9935,0.00047122,1,0,286
-4.4392,-5.1136,-0.0065185,0.00047122,-2,0,286
3.3816,-2.495,-0.0065185,0.00047122,-2,1,286
-3.3161,-3.3496,-0.0065185,0.00047122,-2,0,286
2.827,2.8404,2.9935,0.00047122,1,1,286
-1.7639,2.7995,-0.0065185,0.00047122,-2,0,286
-1.4987,-1.6821,-0.0065185,0.00047122,-1,0,286
-2.4405,-2.4271,-0.0065185,0.00047122,-2,0,286
-0.22378,-0.84764,-0.0065185,0.00047122,-2,0,286
-0.03954,-0.026124,-0.0065185,0.00047122,-2,1,286
3.8545,1.8718,-0.0065185,0.00047122,-2,1,286
3.277,3.182,-4.0065,0.00047122,1,1,286
5.6186,5.632,-0.0065185,0.00047122,-2,1,286
3.5265,-2.4284,-0.0065185,0.00047122,-2,1,286
-2.4392,-2.4258,-0.0065185,0.00047122,-2,0,286
-4.3727,-4.3593,-0.0065185,0.00047122,-2,0,286
1.3251,2.1808,-0.0065185,0.00047122,-2,1,286
-3.268,-1.1046,-0.0065185,0.00047122,-2,0,286
-1.2271,-1.2137,-0.0065185,0.00047122,-2,0,286
-1.7987,-1.8148,-0.0065185,0.00047122,-2,0,286
1.7045,1.5505,-0.0065185,0.00047122,-2,1,286
2.4495,2.4629,-0.0065185,0.00047122,-2,1,286
-4.2238,1.349,-0.0065185,0.00047122,-2,0,286
4.0485,3.6119,-0.0065185,0.00047122,-2,1,286
5.8919,5.9053,-0.0065185,0.00047122,-2,1,286
-4.7498,-3.1646,-0.0065185,0.00047122,-2,0,286
-4.0367,-1.1296,-5.0065,0.00047122,1,0,286
4.5495,4.8129,-0.0065185,0.00047122,-2,1,286
4.4677,4.4811,-0.0065185,0.00047122,-2,1,286
-3.3893,-2.4454,-0.0065185,0.00047122,-2,0,286
2.3392,2.9026,-0.0065185,0.00047122,-2,1,286
2.289,2.3024,-0.0065185,0.00047122,-2,1,286
-0.44553,2.0659,-0.0065185,0.00047122,-2,0,287
-1.5455,0.59116,-0.0065185,0.00047122,-2,1,287
1.8545,1.8679,-0.0065185,0.00047122,-2,1,287
0.28197,1.9053,-0.0065185,0.00047122,-2,1,287
0.85447,0.96978,-0.0065185,0.00047122,-2,1,287
3.727,4.349,-0.0065185,0.00047122,-2,1,287
5.6186,0.63201,-0.0065185,0.00047122,-2,1,287
4.5265,4.5399,-0.0065185,0.00047122,-2,1,287
0.44818,0.46159,-0.0065185,0.00047122,-2,0,287
-1.9955,-5.0527,-0.0065185,0.00047122,-2,0,287
-1.6955,-1.6821,-0.0065185,0.00047122,-2,0,287
-0.44053,-0.42711,-0.0065185,0.00047122,-2,1,287
0.38272,-0.40539,1.9935,0.00047122,1,0,287
-1.273,-0.95961,-0.0065185,0.00047122,-2,0,287
1.3045,1.5729,-0.0065185,0.00047122,-2,0,287
2.5595,2.7896,-0.0065185,0.00047122,-2,1,287
-2.3955,-2.1539,-0.0065185,0.00047122,-2,0,287
0.11447,0.12789,-0.0065185,0.00047122,-2,1,287
0.097973,0.74039,4.9935,0.00047122,1,0,287
1.0925,-5.2321,-0.0065185,0.00047122,-2,1,287
-0.77035,1.8603,-0.0065185,0.00047122,-2,1,287
-0.84553,-3.9027,-0.0065185,0.00047122,-2,0,287
-4.718,-4.7046,-0.0065185,0.00047122,-2,0,287
4.0186,0.63201,-4.0065,0.00047122,1,1,287
3.5265,3.5399,-0.0065185,0.00047122,-2,1,287
-5.4392,2.4642,-0.0065185,0.00047122,-2,0,287
4.6316,4.645,-2.0065,0.00047122,1,1,287
-3.3161,1.3973,-0.0065185,0.00047122,-2,0,287
-5.268,-5.2546,-0.0065185,0.00047122,-2,1,287
8.2545,4.6946,-0.0065185,0.00047122,-2,1,287
7.017,5.2603,3.9935,0.00047122,1,0,287
-4.0662,-4.3821,-0.0065185,0.00047122,-2,0,287
-3.1455,2.199,-0.0065185,0.00047122,-2,0,287
-0.39553,1.3721,-0.0065185,0.00047122,-2,1,287
0.55447,0.56789,-0.0065185,0.00047122,-2,1,287
-0.16303,0.30689,-0.0065185,0.00047122,-2,1,287
1.3045,-1.9333,-0.0065185,0.00047122,-2,0,287
1.4495,-0.75729,-0.0065185,0.00047122,-2,1,287
0.23272,0.52649,-0.0065185,0.00047122,-2,0,287
-0.18954,-1.0261,-4.0065,0.00047122,1,0,287
1.1171,-1.3821,-0.0065185,0.00047122,-2,1,287
-5.6955,-4.5962,-0.0065185,0.00047122,-2,0,287
3.4495,0.82173,-0.0065185,0.00047122,-2,1,287
2.9327,2.9461,-4.0065,0.00047122,1,0,287
5.4495,5.4629,-0.0065185,0.00047122,-2,1,287
3.4045,3.4179,-0.0065185,0.00047122,-2,1,287
0.89447,-2.1661,-0.0065185,0.00047122,-2,1,287
2.461,0.77439,-0.0065185,0.00047122,-2,0,287
1.0045,-0.42711,-0.0065185,0.00047122,-2,1,287
0.85447,0.18523,-4.0065,0.00047122,1,1,287
-1.718,3.2756,-0.0065185,0.00047122,-2,0,287
-0.60965,-0.10302,-0.0065185,0.00047122,-2,0,287
-1.4735,0.84316,-0.0065185,0.00047122,-2,1,287
-3.5518,-3.5384,-0.0065185,0.00047122,-2,1,287
-2.6184,-2.9079,-0.0065185,0.00047122,-2,0,287
-0.54553,-0.53211,-0.0065185,0.00047122,-2,1,287
-0.46303,-0.75363,-4.0065,0.00047122,1,0,287
5.8468,-0.5397,-0.0065185,0.00047122,-2,1,287
-4.5615,-4.1364,-0.0065185,0.00047122,-2,0,287
-4.3266,-3.6233,-0.0065185,0.00047122,-2,0,287
-6.127,-5.5271,-0.0065185,0.00047122,-2,0,287
-5.9573,-6.7569,-0.0065185,0.00047122,-2,0,287
3.8219,1.9777,-0.0065185,0.00047122,-2,1,287
-3.2404,-3.8144,2.9935,0.00047122,1,1,287
5.172,-2.2476,-0.0065185,0.00047122,-2,1,287
-6.5455,-2.0663,-0.0065185,0.00047122,-2,0,287
-6.163,-4.1877,-0.0065185,0.00047122,-2,0,287
3.8468,3.0826,-0.0065185,0.00047122,-2,0,287
2.3045,-4.0046,-0.0065185,0.00047122,-2,1,287
1.9595,1.9729,-4.0065,0.00047122,1,0,287
-1.1055,-5.1569,-0.0065185,0.00047122,-2,0,287
0.46097,-0.92561,-0.0065185,0.00047122,-2,1,287
0.30447,-4.1386,-0.0065185,0.00047122,-2,1,287
0.55947,0.57289,-0.0065185,0.00047122,-2,1,287
0.47622,-0.62514,-4.0065,0.00047122,1,0,287
1.4495,-4.4261,-0.0065185,0.00047122,-2,1,287
-3.9955,-0.13871,-0.0065185,0.00047122,-2,0,287
3.0045,3.4179,-0.0065185,0.00047122,-2,1,287
3.0045,2.3767,-0.0065185,0.00047122,-2,1,287
5.0045,2.1854,-0.0065185,0.00047122,-2,1,287
4.2545,4.2679,4.9935,0.00047122,1,1,287
-1.9955,-3.8384,-0.0065185,0.00047122,-2,0,287
-0.99553,-0.98211,-0.0065185,0.00047122,-2,0,287
0.15447,0.16789,-0.0065185,0.00047122,-2,1,287
3.1545,4.2597,-0.0065185,0.00047122,-2,1,287
-2.673,2.0619,-0.0065185,1.0005,-1,0,287
-0.10553,-0.092111,-0.0065185,0.00047122,-2,0,287
0.097973,3.3222,2.9935,0.00047122,1,1,287
3.172,3.0116,-0.0065185,0.00047122,-2,1,287
0.84685,2.7103,-0.0065185,0.00047122,-2,0,287
-2.8455,-1.2596,-0.0065185,0.00047122,-2,0,287
-3.718,-0.43212,-0.0065185,0.00047122,-2,0,287
3.1686,3.182,3.9935,0.00047122,1,0,287
-5.163,-1.7059,-0.0065185,0.00047122,-2,0,287
-4.5455,-2.495,-0.0065185,0.00047122,-2,0,287
4.172,3.8854,-0.0065185,0.00047122,-2,0,287
-3.5379,-1.4096,3.9935,0.00047122,1,0,287
-4.5615,0.41789,-0.0065185,0.00047122,-2,0,287
-4.3266,-2.7852,-0.0065185,0.00047122,-2,0,287
-4.127,-0.52561,-0.0065185,0.00047122,-2,0,287
-3.9573,-0.89409,-0.0065185,0.00047122,-2,0,287
-5.813,-0.50236,-0.0065185,0.00047122,-2,0,287
-0.69038,0.12066,-0.0065185,0.00047122,-2,1,287
0.5951,-1.2644,-5.0065,0.00047122,1,0,287
3.0045,4.2679,-0.0065185,0.00047122,-2,1,287
3.0045,3.0179,-0.0065185,0.00047122,-2,1,287
2.0045,2.0179,-0.0065185,0.00047122,-2,1,287
-0.99553,-1.8245,-0.0065185,0.00047122,-2,1,287
0.85447,-0.018978,-0.0065185,0.00047122,-2,0,287
-0.71803,-1.3132,-3.0065,0.00047122,1,1,287
-0.3814,-0.36799,-0.0065185,0.00047122,-2,0,287
-1.5175,-1.9438,-0.0065185,0.00047122,-2,0,287
0.85447,2.304,-0.0065185,0.00047122,-2,0,287
1.0045,1.0179,-0.0065185,0.00047122,-2,1,287
0.85447,1.1885,2.9935,0.00047122,1,1,287
3.727,3.2904,-0.0065185,0.00047122,-2,1,287
3.6186,3.632,-0.0065185,0.00047122,-2,1,287
-4.5175,-4.3593,-0.0065185,0.00047122,-2,0,287
1.4482,2.304,-0.0065185,0.00047122,-2,1,287
-2.3727,-1.1046,-0.0065185,0.00047122,-2,0,287
5.3251,5.3385,-0.0065185,0.00047122,-2,1,287
-4.268,-4.179,-0.0065185,0.00047122,-2,0,287
3.6361,1.4778,4.9935,0.00047122,1,1,287
-4.1924,-4.3744,-0.0065185,0.00047122,-2,0,287
-4.1629,-4.103,-0.0065185,0.00047122,-2,0,287
-5.1378,-5.0849,-0.0065185,0.00047122,-2,0,287
4.3754,2.5953,2.9935,0.00047122,1,1,287
4.1072,2.6707,-0.0065185,0.00047122,-2,1,287
4.0918,4.1052,-0.0065185,0.00047122,-2,1,287
1.0787,2.9615,-0.0065185,0.00047122,-2,0,287
0.91759,0.931,3.9935,0.00047122,1,1,287
3.0581,3.0715,-0.0065185,0.00047122,-2,1,287
-5.0411,-7.8721,-0.0065185,0.00047122,-2,0,287
-3.0343,-5.4386,-0.0065185,0.00047122,-2,0,287
-3.0285,-5.0701,-0.0065185,0.00047122,-2,0,287
2.5825,2.8827,1.9935,0.00047122,1,1,287
-0.01933,-3.1907,-0.0065185,0.00047122,-2,1,287
-0.99553,0.038121,-0.0065185,0.00047122,-2,0,287
0.85447,-0.36036,-2.0065,0.00047122,1,1,287
3.0045,1.9739,-0.0065185,0.00047122,-2,1,287
-3.9955,1.4629,-0.0065185,0.00047122,-2,0,287
-2.9955,-2.9821,-0.0065185,0.00047122,-2,0,287
3.0045,2.2667,-0.0065185,0.00047122,-2,1,287
-2.5455,-1.9871,-5.0065,0.00047122,1,1,287
-0.16303,-4.2321,-0.0065185,0.00047122,-2,1,287
-0.8379,-0.82449,-0.0065185,0.00047122,-2,1,287
0.57049,1.6435,-0.0065185,0.00047122,-2,0,287
-0.47664,-0.46323,4.9935,0.00047122,1,1,287
1.873,3.1364,-0.0065185,0.00047122,-2,1,287
-3.0338,-2.0964,-0.0065185,0.00047122,-2,0,287
3.187,3.2004,-0.0065185,0.00047122,-2,1,287
2.3096,2.323,-0.0065185,0.00047122,-2,1,287
3.4138,3.4273,-0.0065185,0.00047122,-2,1,287
-2.4935,-1.9977,-0.0065185,0.00047122,-2,0,287
2.1277,0.72261,-4.0065,0.00047122,1,1,287
0.64176,0.30668,-0.0065185,0.00047122,-2,1,287
-0.30384,-3.1804,-0.0065185,0.00047122,-2,0,287
-0.99553,-3.4386,-0.0065185,0.00047122,-2,0,287
-0.99553,-0.98211,-0.0065185,0.00047122,-2,0,287
-0.99553,-0.35337,-0.0065185,0.00047122,-2,0,287
2.0045,3.5265,-0.0065185,0.00047122,-2,1,287
-2.9955,-1.9869,-0.0065185,0.00047122,-2,0,287
0.0044729,3.6579,-0.0065185,0.00047122,-2,0,287
4.0045,0.017889,-0.0065185,0.00047122,-2,1,287
1.0045,-0.82449,-0.0065185,0.00047122,-2,1,287
-2.9955,-1.3061,-0.0065185,0.00047122,-2,0,287
2.0045,2.0179,-0.0065185,0.00047122,-2,1,287
-3.9955,-2.8507,-0.0065185,0.00047122,-2,0,287
4.0045,1.8603,-0.0065185,0.00047122,-2,1,287
-3.3955,-2.5646,-5.0065,0.00047122,1,0,287
-2.9955,-2.2873,-0.0065185,0.00047122,-2,0,287
-3.9955,-3.3915,-0.0065185,0.00047122,-2,0,287
-4.9955,-4.4801,-0.0065185,0.00047122,-2,0,287
-4.2455,-0.55539,-0.0065185,-0.99953,-1,0,287
2.0045,2.0179,-0.0065185,0.00047122,-2,1,287
2.8877,1.9045,1.9935,0.00047122,1,1,288
-0.35824,-3.0132,-0.0065185,0.00047122,-2,1,288
0.0044729,1.4092,-0.0065185,0.00047122,-2,1,288
-1.9955,-2.0277,-0.0065185,0.00047122,-2,0,288
3.7045,1.7179,-0.0065185,0.00047122,-2,1,288
-2.4405,-3.1271,-0.0065185,0.00047122,-2,0,288
2.2327,2.0961,-0.0065185,0.00047122,-2,1,288
0.048485,0.061901,-0.0065185,0.00047122,-2,0,288
-4.8455,-4.8321,-0.0065185,0.00047122,-2,0,288
-4.718,-4.7046,-0.0065185,0.00047122,-2,0,288
1.6186,0.49588,-0.0065185,0.00047122,-2,1,288
-0.47352,0.53989,-0.0065185,0.00047122,-2,0,288
-0.40182,-0.35926,3.9935,0.00047122,1,0,288
-3.718,-2.9821,-0.0065185,0.00047122,-2,0,288
5.6186,-2.258,-0.0065185,0.00047122,-2,1,288
-4.5175,-3.9821,-0.0065185,0.00047122,-2,0,288
4.4482,4.4616,-0.0065185,0.00047122,-2,1,288
-4.3727,-3.0527,-0.0065185,0.00047122,-2,0,288
3.7251,3.7385,4.9935,0.00047122,1,1,288
5.277,5.2904,-0.0065185,0.00047122,-2,1,288
5.2361,5.2495,-0.0065185,0.00047122,-2,1,288
5.2013,5.2148,-0.0065185,0.00047122,-2,1,288
-5.1629,-4.9821,-0.0065185,0.00047122,-2,0,288
-4.3878,-2.3429,1.9935,0.00047122,1,0,288
-4.1164,-3.9821,-0.0065185,0.00047122,-2,0,288
-5.0983,-5.0849,-0.0065185,0.00047122,-2,0,288
1.0918,-1.123,-0.0065185,0.00047122,-2,1,288
1.9302,-0.90636,-0.0065185,0.00047122,-2,1,288
0.70447,-0.70461,-0.0065185,0.00047122,-2,1,288
1.5595,-0.57711,-0.0065185,0.00047122,-2,1,288
-1.3173,-1.2266,-3.0065,0.00047122,1,0,288
1.172,3.182,-0.0065185,0.00047122,-2,1,288
1.1621,1.1755,-0.0065185,0.00047122,-2,1,288
-0.44553,0.29668,-0.0065185,0.00047122,-2,1,288
-1.828,-0.36461,-0.0065185,0.00047122,-2,1,288
2.1621,1.5755,-0.0065185,0.00047122,-2,1,288
-4.3955,-4.3821,-0.0065185,0.00047122,-2,0,288
2.8945,2.4744,-0.0065185,0.00047122,-2,1,288
0.46097,0.10591,-0.0065185,0.00047122,-2,0,288
-0.38355,-1.7976,4.9935,0.00047122,1,1,288
3.4495,3.4629,-0.0065185,0.00047122,-2,1,288
5.2327,5.2461,-0.0065185,0.00047122,-2,1,288
2.0485,3.2559,-0.0065185,0.00047122,-2,1,288
1.7419,1.0101,4.9935,0.00047122,1,0,288
2.727,1.4947,-0.0065185,0.00047122,-2,0,288
4.6186,2.332,-0.0065185,0.00047122,-2,0,288
-1.4735,3.9399,-0.0065185,0.00047122,-2,0,288
-2.5518,-1.2384,-0.0065185,0.00047122,-2,0,288
1.6273,0.34936,-0.0065185,0.00047122,-2,1,288
-1.3749,0.20364,1.9935,0.00047122,1,1,288
0.55947,-1.1546,-0.0065185,0.00047122,-2,1,288
0.47622,0.48964,-3.0065,0.00047122,1,1,288
1.9605,-3.5761,-0.0065185,0.00047122,-2,1,288
0.89188,-3.5761,-0.0065185,0.00047122,-2,0,288
1.2502,1.2636,-0.0065185,0.00047122,-2,1,288
-0.63668,-0.62327,-0.0065185,0.00047122,-2,1,288
0.54945,-0.62327,3.9935,0.00047122,1,0,288
-0.45876,-0.44535,-0.0065185,0.00047122,-2,1,288
2.3982,1.5547,-0.0065185,0.00047122,-2,1,288
-3.6955,-2.7733,-0.0065185,0.00047122,-2,0,288
3.4495,3.1629,-0.0065185,0.00047122,-2,1,288
-0.22378,-3.4569,-0.0065185,0.00047122,-2,1,288
-1.1455,-2.4711,-0.0065185,0.00047122,-2,0,288
0.98197,0.1828,-4.0065,0.00047122,1,1,288
-2.4405,-2.4271,-0.0065185,0.00047122,-2,0,288
-5.2238,2.2667,-0.0065185,0.00047122,-2,0,288
-4.0395,-3.5271,-0.0065185,0.00047122,-2,0,288
-0.88294,-0.44535,-0.0065185,0.00047122,-2,0,288
0.75877,2.8681,-0.0065185,0.00047122,-2,1,288
-0.63668,-0.62327,-3.0065,0.00047122,1,0,288
-0.54051,-0.26659,-0.0065185,0.00047122,-2,0,288
-2.5323,2.4272,-0.0065185,0.00047122,-2,0,288
-0.44553,2.1741,-0.0065185,0.00047122,-2,0,288
-1.4455,4.1339,-0.0065185,0.00047122,-2,1,288
1.237,1.2504,-5.0065,0.00047122,1,0,288
-5.8379,-4.4739,-0.0065185,0.00047122,-2,0,288
-6.5615,-3.5877,-0.0065185,0.00047122,-2,0,288
-4.3266,-4.3132,-0.0065185,0.00047122,-2,0,288
-5.127,-5.1136,-0.0065185,0.00047122,-2,0,288
5.9662,4.0502,-0.0065185,0.00047122,-2,1,288
-5.063,-4.3394,-5.0065,0.00047122,1,0,288
-3.6904,-3.0733,-0.0065185,0.00047122,-2,0,288
-3.5862,-3.6721,-0.0065185,0.00047122,-2,0,288
-1.4976,-3.0341,-0.0065185,0.00047122,-2,0,288
4.4312,1.2946,-0.0065185,0.00047122,-2,1,288
5.3672,5.3806,-0.0065185,0.00047122,-2,1,288
4.3128,4.3262,-0.0065185,0.00047122,-2,1,288
-3.6576,-2.473,-4.0065,0.00047122,1,0,288
-2.2183,-3.4113,-0.0065185,0.00047122,-2,0,288
-3.1849,-1.8715,-0.0065185,0.00047122,-2,0,288
4.1654,2.7288,-0.0065185,0.00047122,-2,1,288
-4.1323,-3.5189,-0.0065185,0.00047122,-2,0,288
3.5208,3.5342,-2.0065,0.00047122,1,1,288
-1.0944,1.7049,-0.0065185,0.00047122,-2,0,288
-1.9115,0.9519,-0.0065185,0.00047122,-2,0,288
-0.29553,-0.71398,-0.0065185,0.00047122,-2,1,288
-0.25053,-0.23711,4.9935,0.00047122,1,0,288
-1.5505,1.9849,-0.0065185,0.00047122,-2,0,288
-1.4455,-1.4321,-0.0065185,0.00047122,-2,0,288
-0.39553,-0.38211,-0.0065185,0.00047122,-2,1,288
-0.44553,5.1779,-0.0065185,0.00047122,-2,1,288
-1.163,2.8404,-0.0065185,0.00047122,-2,1,288
-3.1455,-1.8146,-0.0065185,0.00047122,-2,1,288
2.682,-0.25847,1.9935,0.00047122,1,0,288
2.3903,2.4038,-0.0065185,0.00047122,-2,1,288
-0.44553,-1.5371,-0.0065185,0.00047122,-2,1,288
-0.82803,1.0539,-0.0065185,0.00047122,-2,1,288
1.1621,1.9739,-0.0065185,0.00047122,-2,0,288
-2.4295,-2.4161,-0.0065185,0.00047122,-2,0,288
2.0734,2.6636,4.9935,0.00047122,1,1,288
-0.10553,-0.092111,-0.0065185,0.00047122,-2,0,288
-0.44553,1.2368,-0.0065185,0.00047122,-2,0,288
-1.5455,-5.6027,-0.0065185,0.00047122,-2,0,288
0.17197,1.3354,-0.0065185,0.00047122,-2,1,288
-0.1379,0.90042,2.9935,0.00047122,1,0,288
-1.5615,1.873,-0.0065185,0.00047122,-2,0,288
1.3356,1.349,-0.0065185,0.00047122,-2,1,288
0.87302,-1.1136,-0.0065185,0.00047122,-2,1,288
-1.6955,-1.6821,-0.0065185,0.00047122,-2,0,288
-0.44053,-0.42711,-0.0065185,0.00047122,-2,1,288
0.15447,0.70958,-0.0065185,0.00047122,-2,1,288
3.1545,-0.10961,-0.0065185,0.00047122,-2,1,288
-2.673,-0.59624,-5.0065,0.00047122,1,0,288
-2.8855,-7.1221,-0.0065185,0.00047122,-2,0,288
-2.452,-2.4386,-0.0065185,0.00047122,-2,0,288
-0.083552,-2.0701,-0.0065185,0.00047122,-2,0,288
-0.070348,-0.056933,-5.0065,0.00047122,1,0,288
1.4959,2.7454,-0.0065185,0.00047122,-2,0,288
-0.27784,-4.8769,-0.0065185,0.00047122,-2,1,288
1.8545,-2.0527,-0.0065185,0.00047122,-2,1,288
1.577,0.57305,4.9935,0.00047122,1,1,288
-2.6097,0.23642,-0.0065185,0.00047122,-2,0,288
-0.51753,1.9036,-0.0065185,0.00047122,-2,0,288
2.5608,4.6208,-0.0065185,0.00047122,-2,1,288
-6.5455,3.0051,-0.0065185,0.00047122,-2,0,288
-6.163,-6.1496,-0.0065185,0.00047122,-2,1,288
-0.39553,-0.38211,-0.0065185,0.00047122,-2,1,288
-0.88553,-0.87211,-0.0065185,0.00047122,-2,1,288
-0.75203,-1.0762,4.9935,0.00047122,1,1,288
0.092498,-2.4573,-0.0065185,0.00047122,-2,0,288
3.2297,0.20929,-0.0065185,0.00047122,-2,1,288
-3.4869,-2.9498,-0.0065185,0.00047122,-2,0,288
1.7222,1.7356,-0.0065185,0.00047122,-2,1,288
1.4645,2.5404,3.9935,0.00047122,1,1,288
1.9309,-2.5946,-0.0065185,0.00047122,-2,0,288
-4.783,-4.7696,-0.0065185,0.00047122,-2,0,288
-2.3955,-1.2736,-0.0065185,0.00047122,-2,0,288
-2.0355,-2.0221,-3.0065,0.00047122,1,0,288
-0.45203,-0.43861,-0.0065185,0.00047122,-2,1,288
3.7045,-2.5933,-0.0065185,0.00047122,-2,1,288
-4.4405,0.16026,-0.0065185,0.00047122,-2,0,288
-6.2238,-3.4161,-0.0065185,0.00047122,-2,0,288
3.0485,3.0619,-0.0065185,0.00047122,-2,1,288
-0.88294,1.1493,-0.0065185,0.00047122,-2,0,288
0.75877,2.3382,4.9935,0.00047122,1,1,288
-3.6367,-3.4146,-0.0065185,0.00047122,-2,0,288
-0.54051,0.71274,-0.0065185,0.00047122,-2,0,288
2.4677,2.4811,-0.0065185,0.00047122,-2,1,288
2.3982,1.3582,-0.0065185,0.00047122,-2,1,288
2.3392,1.5912,-0.0065185,0.00047122,-2,1,288
0.28896,1.7474,-0.0065185,0.00047122,-2,1,288
0.76266,1.3262,-0.0065185,0.00047122,-2,1,288
-0.84553,-0.62657,-0.0065185,0.00047122,-2,0,288
1.282,0.017889,-0.0065185,0.00047122,-2,1,288
3.7045,1.1038,-0.0065185,0.00047122,-2,1,288
-1.4405,0.017889,-0.0065185,0.00047122,-2,0,288
1.2327,1.2461,-0.0065185,0.00047122,-2,1,288
0.048485,0.061901,-0.0065185,0.00047122,-2,0,288
-3.8455,1.0619,-0.0065185,0.00047122,-2,0,288
-3.268,-3.2546,3.9935,0.00047122,1,0,288
4.6186,-2.768,-0.0065185,0.00047122,-2,1,288
-3.5175,-2.341,-0.0065185,0.00047122,-2,0,288
-4.4392,-2.3271,-0.0065185,0.00047122,-2,0,288
-3.3727,-3.3593,-0.0065185,0.00047122,-2,0,288
2.3251,3.2285,-0.0065185,0.00047122,-2,1,288
2.5705,2.4339,-0.0065185,0.00047122,-2,1,289
-2.8455,-1.6311,-0.0065185,0.00047122,-2,1,289
4.7045,4.7179,-0.0065185,0.00047122,-2,0,289
-5.4405,-4.6515,-0.0065185,0.00047122,-2,0,289
-6.3955,-6.3821,-0.0065185,0.00047122,-2,1,289
-3.5455,-3.5321,-0.0065185,0.00047122,-2,0,289
-3.8455,-1.2467,-0.0065185,0.00047122,-2,1,289
0.45447,2.2636,-0.0065185,0.00047122,-2,1,289
-3.163,-2.7637,-0.0065185,0.00047122,-2,0,289
3.1545,3.1679,-0.0065185,0.00047122,-2,0,289
3.282,3.2954,-0.0065185,0.00047122,-2,0,289
2.3903,-0.98999,-0.0065185,0.00047122,-2,1,289
-2.0235,0.67315,3.9935,0.00047122,1,1,289
1.4482,1.2904,-0.0065185,0.00047122,-2,0,289
0.85447,0.86789,-0.0065185,0.00047122,-2,1,289
-0.99553,-3.4386,-0.0065185,0.00047122,-2,1,289
1.1545,1.349,-0.0065185,0.00047122,-2,0,289
-0.29553,0.99539,-0.0065185,0.00047122,-2,1,289
0.25947,0.63201,-5.0065,0.00047122,1,0,289
-5.4405,2.8229,-0.0065185,0.00047122,-2,1,289
-4.2238,-4.2104,-0.0065185,0.00047122,-2,0,289
-4.5455,-4.8721,-0.0065185,0.00047122,-2,1,289
-2.6955,-2.4702,-0.0065185,0.00047122,-2,1,289
2.2995,1.1404,-3.0065,0.00047122,1,1,289
1.282,4.5679,-0.0065185,0.00047122,-2,0,289
2.3903,5.1854,-0.0065185,0.00047122,-2,0,289
2.4825,-1.3915,-0.0065185,0.00047122,-2,1,289
-2.5455,-2.5321,-0.0065185,0.00047122,-2,0,289
-0.82803,-3.6233,-0.0065185,0.00047122,-2,1,289
-0.15315,-2.5271,-0.0065185,0.00047122,-2,0,289
0.13845,0.15187,-4.0065,0.00047122,1,1,289
0.55947,1.9729,-0.0065185,0.00047122,-2,1,289
0.70447,1.9079,-0.0065185,0.00047122,-2,1,289
-0.44053,-0.42711,-0.0065185,0.00047122,-2,1,289
-1.8455,2.6079,-0.0065185,0.00047122,-2,0,289
-0.71803,-0.70461,-0.0065185,0.00047122,-2,1,289
1.0045,1.0179,-0.0065185,0.00047122,-2,1,289
1.0045,1.632,-0.0065185,0.00047122,-2,0,289
0.0044729,0.27995,-0.0065185,0.00047122,-2,1,289
0.0044729,0.017889,-2.0065,0.00047122,1,0,289
-1.9955,-3.6821,-0.0065185,0.00047122,-2,1,289
0.70447,0.33847,-0.0065185,0.00047122,-2,1,289
-0.14553,-0.57711,-0.0065185,0.00047122,-2,1,289
-0.12303,-1.2104,-4.0065,0.00047122,1,1,289
4.282,3.9739,-0.0065185,0.00047122,-2,1,289
-2.3814,-2.368,-0.0065185,0.00047122,-2,0,289
-3.4735,-3.4601,-0.0065185,0.00047122,-2,0,289
0.56077,0.37673,-0.0065185,0.00047122,-2,1,289
-0.37268,-0.52709,-0.0065185,0.00047122,-2,1,289
-0.3161,-1.8113,-3.0065,0.00047122,1,1,289
-1.268,-1.3759,-0.0065185,0.00047122,-2,1,289
0.77286,0.78627,-0.0065185,0.00047122,-2,0,289
0.85447,0.86789,-0.0065185,0.00047122,-2,0,289
3.727,3.7404,-0.0065185,0.00047122,-2,0,289
1.6186,-1.5188,-0.0065185,0.00047122,-2,1,289
5.8545,0.36519,-0.0065185,0.00047122,-2,1,289
-4.968,-4.9546,2.9935,0.00047122,1,0,289
-4.6097,-4.5962,-0.0065185,0.00047122,-2,1,289
-0.39553,-0.38211,-0.0065185,0.00047122,-2,1,289
-1.1055,2.8167,-0.0065185,0.00047122,-2,0,289
-0.53903,-0.52561,-0.0065185,0.00047122,-2,1,289
-6.5455,-6.5321,-0.0065185,0.00047122,-2,0,289
-6.3955,-6.3821,-0.0065185,0.00047122,-2,1,289
-5.4355,-3.0319,-3.0065,0.00047122,1,1,289
0.17197,4.3427,-0.0065185,0.00047122,-2,1,289
-3.2955,-3.2821,-0.0065185,0.00047122,-2,1,289
-1.2455,-3.3905,-0.0065185,0.00047122,-2,1,289
-1.608,1.2368,-0.0065185,0.00047122,-2,1,289
-1.0662,0.58644,-0.0065185,0.00047122,-2,0,289
0.9145,1.1829,-4.0065,0.00047122,1,1,289
1.4495,4.6461,-0.0065185,0.00047122,-2,1,289
3.0045,1.2461,-0.0065185,0.00047122,-2,0,289
3.5545,5.0244,-0.0065185,0.00047122,-2,0,289
3.022,1.7553,1.9935,0.00047122,1,0,289
-4.8379,-4.8245,-0.0065185,0.00047122,-2,0,289
5.5545,2.104,-0.0065185,0.00047122,-2,1,289
-4.163,-4.6996,-0.0065185,0.00047122,-2,0,289
2.8468,2.0619,-0.0065185,0.00047122,-2,0,289
-2.8455,-2.3981,-0.0065185,0.00047122,-2,0,289
2.427,2.5773,-3.0065,0.00047122,1,1,289
0.55947,1.4364,-0.0065185,0.00047122,-2,0,289
1.7762,2.0562,-0.0065185,0.00047122,-2,1,289
-0.54553,-1.4881,-0.0065185,0.00047122,-2,0,289
-1.163,-1.1496,-0.0065185,0.00047122,-2,1,289
0.85447,0.41888,-0.0065185,0.00047122,-2,0,289
3.0045,0.74039,-0.0065185,0.00047122,-2,1,289
2.5545,-0.12229,-3.0065,0.00047122,1,0,289
2.0045,-0.53211,-0.0065185,0.00047122,-2,1,289
1.7045,1.7179,-0.0065185,0.00047122,-2,0,289
3.0045,2.5547,-0.0065185,0.00047122,-2,1,289
1.5545,2.5679,-0.0065185,0.00047122,-2,0,289
-1.313,-1.1136,-4.0065,0.00047122,1,0,289
0.1621,1.0562,-0.0065185,0.00047122,-2,1,289
-0.29553,-0.28211,-0.0065185,0.00047122,-2,1,289
0.44947,0.46289,-0.0065185,0.00047122,-2,0,289
-0.37378,0.42418,3.9935,0.00047122,1,1,289
0.28197,-4.1046,-0.0065185,0.00047122,-2,1,289
-0.84553,-0.83211,-0.0065185,0.00047122,-2,1,289
3.0045,-2.4386,-0.0065185,0.00047122,-2,0,289
-0.99553,-1.4421,-0.0065185,0.00047122,-2,0,289
-0.84553,1.1679,-0.0065185,2.0005,-1,0,289
2.282,-1.8245,-0.0065185,0.00047122,-2,0,289
1.9403,1.9538,2.9935,0.00047122,1,1,289
1.172,1.1854,-0.0065185,0.00047122,-2,1,289
-1.8379,-2.1496,-0.0065185,0.00047122,-2,0,289
5.5705,0.89853,-0.0065185,0.00047122,-2,0,289
7.4045,4.749,-0.0065185,0.00047122,-2,0,289
4.8945,4.9079,-0.0065185,0.00047122,-2,1,289
4.161,2.3173,2.9935,0.00047122,1,0,289
2.0925,0.96086,-0.0065185,0.00047122,-2,0,289
3.7793,-0.40884,-0.0065185,0.00047122,-2,0,289
5.5131,3.5603,-0.0065185,0.00047122,-2,0,289
-4.2778,-4.9481,-0.0065185,0.00047122,-2,1,289
3.6444,3.899,-5.0065,0.00047122,1,1,289
-1.163,5.2679,-0.0065185,0.00047122,-2,0,289
-1.1532,-1.1397,-0.0065185,0.00047122,-2,1,289
2.4385,7.0885,-0.0065185,0.00047122,-2,1,289
-5.3955,1.2122,-0.0065185,0.00047122,-2,1,289
-4.6955,-4.6821,-0.0065185,0.00047122,-2,0,289
3.5545,3.4744,-0.0065185,0.00047122,-2,1,289
0.83697,-1.2527,-0.0065185,0.00047122,-2,0,289
0.7121,0.72551,2.9935,0.00047122,1,1,289
1.172,1.1854,-0.0065185,0.00047122,-2,0,289
1.1545,1.1679,-0.0065185,0.00047122,-2,0,289
1.282,0.7703,-0.0065185,0.00047122,-2,0,289
-1.0814,-0.75564,-4.0065,0.00047122,1,0,289
2.4495,0.94088,-0.0065185,0.00047122,-2,1,289
2.2327,3.7579,-0.0065185,0.00047122,-2,0,289
-4.8455,-1.7486,-0.0065185,0.00047122,-2,1,289
4.127,4.032,3.9935,0.00047122,1,1,289
-2.8855,-3.3821,-0.0065185,0.00047122,-2,0,289
2.461,3.4299,-0.0065185,0.00047122,-2,0,289
0.0044729,0.017889,-0.0065185,0.00047122,-2,0,289
3.0045,3.0179,-0.0065185,0.00047122,-2,1,289
-3.5455,-0.66153,-0.0065185,0.00047122,-2,0,289
-2.163,1.5727,-0.0065185,0.00047122,-2,1,289
-3.9955,-0.73452,-0.0065185,0.00047122,-2,1,289
-3.3955,-2.4556,-3.0065,0.00047122,1,1,289
0.0044729,0.80539,-0.0065185,0.00047122,-2,0,289
1.0045,-1.1496,-0.0065185,0.00047122,-2,0,289
-1.9955,1.8603,-0.0065185,0.00047122,-2,1,289
1.0045,1.0179,-0.0065185,0.00047122,-2,1,289
0.85447,0.13177,-4.0065,0.00047122,1,0,289
-3.9955,0.42684,-0.0065185,0.00047122,-2,1,289
-1.9955,-1.0204,-0.0065185,0.00047122,-2,0,289
-1.6955,-1.6821,-0.0065185,0.00047122,-2,1,289
1.4495,0.38636,-4.0065,0.00047122,1,1,289
3.2327,2.1059,-0.0065185,0.00047122,-2,0,289
0.70447,-0.98211,-0.0065185,0.00047122,-2,0,289
-3.4405,2.4744,-0.0065185,0.00047122,-2,0,289
5.7045,2.9461,-0.0065185,0.00047122,-2,1,289
3.4495,3.4629,-0.0065185,0.00047122,-2,0,289
4.7045,5.9079,-0.0065185,0.00047122,-2,0,289
-3.9905,-1.1563,-4.0065,0.00047122,1,0,289
2.172,0.15618,-0.0065185,0.00047122,-2,1,289
-0.8379,0.94436,-0.0065185,0.00047122,-2,1,289
-1.1455,-1.9821,-0.0065185,0.00047122,-2,1,289
1.282,1.2954,-0.0065185,0.00047122,-2,0,289
-0.3814,-0.98211,-0.0065185,0.00047122,-2,1,289
0.52648,0.017889,-0.0065185,0.00047122,-2,1,289
-3.4392,1.3002,-0.0065185,0.00047122,-2,0,289
-5.3727,-2.9093,-0.0065185,0.00047122,-2,1,289
-0.24553,1.8504,-0.0065185,0.00047122,-2,1,289
-0.60803,1.1755,-0.0065185,0.00047122,-2,1,289
0.93385,2.4519,-0.0065185,0.00047122,-2,0,289
3.4045,3.4179,-0.0065185,0.00047122,-2,0,289
1.8945,-2.2006,-0.0065185,0.00047122,-2,1,289
-0.14553,-0.13211,-0.0065185,0.00047122,-2,0,289
0.13197,1.3834,4.9935,0.00047122,1,0,289
4.282,0.76789,-0.0065185,0.00047122,-2,1,289
-1.3814,2.4723,-0.0065185,0.00047122,-2,0,289
-2.5175,-1.3527,-0.0065185,0.00047122,-2,0,289
3.7045,-0.33715,-0.0065185,0.00047122,-2,1,289
-2.4405,-0.45386,-0.0065185,0.00047122,-2,0,289
-5.1703,-5.1569,-3.0065,0.00047122,1,0,290
2.4959,-4.0407,-0.0065185,0.00047122,-2,1,290
-0.59553,-6.1496,-0.0065185,0.00047122,-2,0,290
-3.3955,-0.48414,-0.0065185,0.00047122,-2,0,290
-4.8855,-2.4088,-0.0065185,0.00047122,-2,0,290
-4.152,-7.4386,-0.0065185,-4.9995,-1,1,290
-4.4405,-4.5404,-0.0065185,0.00047122,-2,0,290
-1.4455,-1.2286,-0.0065185,0.00047122,-2,1,290
-0.82803,-2.7594,-0.0065185,0.00047122,-2,0,290
-0.44553,0.72551,-0.0065185,0.00047122,-2,1,290
0.38697,0.40039,2.9935,0.00047122,1,0,290
-0.15315,-0.44409,-0.0065185,0.00047122,-2,0,290
0.13845,0.15187,3.9935,0.00047122,1,1,290
-2.4405,-4.8271,-0.0065185,0.00047122,-2,0,290
-1.2238,-2.3981,-0.0065185,0.00047122,-2,0,290
1.9605,-1.0261,-0.0065185,0.00047122,-2,1,290
-2.5455,-2.5321,-0.0065185,0.00047122,-2,1,290
-3.9955,-3.9821,-0.0065185,0.00047122,-2,1,290
3.4045,-0.79958,-3.0065,0.00047122,1,1,290
0.11447,2.5679,-0.0065185,0.00047122,-2,1,290
1.4545,1.4679,-0.0065185,0.00047122,-2,0,290
-0.82803,-2.9821,-0.0065185,0.00047122,-2,0,290
1.5545,-1.8245,-0.0065185,0.00047122,-2,1,290
-1.313,-1.2996,3.9935,0.00047122,1,1,290
3.727,3.7404,-0.0065185,0.00047122,-2,0,290
-6.5455,-3.9821,-0.0065185,0.00047122,-2,0,290
-7.3955,-4.6061,-0.0065185,0.00047122,-2,0,290
-4.8855,-4.0701,-0.0065185,0.00047122,-2,0,290
-1.452,-4.6469,-0.0065185,0.00047122,-2,0,290
-2.0836,-0.64071,-0.0065185,0.00047122,-2,0,290
-1.7703,-1.7569,1.9935,0.00047122,1,1,290
-3.9955,-1.0721,-0.0065185,0.00047122,-2,0,290
7.4045,1.9729,-0.0065185,0.00047122,-2,1,290
4.8945,4.9079,-0.0065185,0.00047122,-2,1,290
6.461,6.4744,-0.0065185,0.00047122,-2,1,290
-7.0836,-5.5511,-0.0065185,0.00047122,-2,0,290
-6.0203,-3.845,0.99348,0.00047122,1,0,290
-5.5041,-4.3932,-0.0065185,0.00047122,-2,0,290
-4.2778,0.39097,-0.0065185,0.00047122,-2,0,290
-3.6355,-2.8291,2.9935,0.00047122,1,0,290
-2.922,2.3154,-0.0065185,0.00047122,-2,0,290
-4.783,-1.8967,-0.0065185,0.00047122,-2,0,290
-4.6649,-3.5645,-0.0065185,0.00047122,-2,0,290
-3.9645,-3.5371,3.9935,0.00047122,1,0,290
-2.4791,-2.1139,-0.0065185,0.00047122,-2,0,290
-3.4066,2.7959,-0.0065185,0.00047122,-2,0,290
-3.3449,-3.0773,-0.0065185,0.00047122,-2,0,290
-3.2925,-3.063,-0.0065185,0.00047122,-2,0,290
-4.248,-4.0509,-0.0065185,0.00047122,-2,0,290
-3.6101,-1.6066,-4.0065,0.00047122,1,0,290
4.1869,3.6003,-0.0065185,0.00047122,-2,1,290
-0.84049,-0.82707,-0.0065185,0.00047122,-2,1,290
1.8727,-3.0039,-0.0065185,0.00047122,-2,1,290
3.7045,-0.43861,-0.0065185,0.00047122,-2,1,290
2.4495,-1.0701,-0.0065185,0.00047122,-2,1,290
6.2327,1.2241,-0.0065185,0.00047122,-2,1,290
-5.2895,-5.2761,-4.0065,0.00047122,1,0,290
5.8919,4.3053,-0.0065185,0.00047122,-2,1,290
2.7588,0.92793,-0.0065185,0.00047122,-2,1,290
-4.6367,-4.2358,-0.0065185,0.00047122,-2,0,290
-1.5405,-1.5271,-0.0065185,0.00047122,-2,0,290
2.4677,3.3711,-0.0065185,0.00047122,-2,1,290
3.3982,1.1489,-0.0065185,0.00047122,-2,1,290
2.8892,2.0843,4.9935,0.00047122,1,1,290
-5.28,-4.5166,-0.0065185,0.00047122,-2,0,290
5.2463,4.6685,-0.0065185,0.00047122,-2,1,290
-3.2011,-3.1877,-0.0065185,0.00047122,-2,0,290
-5.1702,-5.1568,-0.0065185,0.00047122,-2,0,290
3.153,2.4133,-0.0065185,0.00047122,-2,1,290
2.6807,2.3855,4.9935,0.00047122,1,0,290
-4.163,-2.2569,-0.0065185,0.00047122,-2,0,290
-0.69553,0.92669,-0.0065185,0.00047122,-2,1,290
-0.14553,-0.13211,-0.0065185,0.00047122,-2,0,290
-3.1455,3.4779,-0.0065185,0.00047122,-2,1,290
-2.673,-2.3381,3.9935,0.00047122,1,1,290
0.6186,4.032,-0.0065185,0.00047122,-2,1,290
0.48247,-0.50412,-0.0065185,0.00047122,-2,1,290
-1.1455,-1.9821,-0.0065185,0.00047122,-2,0,290
0.30447,0.31789,-0.0065185,0.00047122,-2,0,290
0.55947,0.57289,-0.0065185,0.00047122,-2,1,290
-0.46728,-1.2884,-3.0065,0.00047122,1,0,290
1.5595,-2.9758,-0.0065185,0.00047122,-2,1,290
-1.5455,3.4136,-0.0065185,0.00047122,-2,0,290
0.17197,-2.6745,-0.0065185,0.00047122,-2,0,290
-1.2955,-1.2821,-0.0065185,0.00047122,-2,0,290
-0.54553,-0.53211,-0.0065185,0.00047122,-2,1,290
2.7045,2.7179,-0.0065185,0.00047122,-2,1,290
-2.2905,-0.29566,-5.0065,0.00047122,1,1,290
-1.718,0.60247,-0.0065185,0.00047122,-2,0,290
4.8545,4.4804,-0.0065185,0.00047122,-2,1,290
-4.718,-4.2546,-0.0065185,0.00047122,-2,0,290
-4.6097,-3.4862,-0.0065185,0.00047122,-2,0,290
3.9265,3.9399,4.9935,0.00047122,1,1,290
-3.4392,-4.6758,-0.0065185,0.00047122,-2,0,290
-4.3727,-2.6744,-0.0065185,0.00047122,-2,0,290
-2.3161,-3.7027,-0.0065185,0.00047122,-2,0,290
1.977,1.9904,-2.0065,0.00047122,1,1,290
1.7729,1.9305,-0.0065185,0.00047122,-2,0,290
2.8076,2.9436,-0.0065185,0.00047122,-2,0,290
0.17182,0.18523,-0.0065185,0.00047122,-2,1,290
0.86223,0.91966,-0.0065185,0.00047122,-2,1,290
1.8545,0.82229,-0.0065185,0.00047122,-2,1,290
1.727,1.7722,-0.0065185,0.00047122,-2,1,290
1.4686,1.3815,-4.0065,0.00047122,1,1,290
-3.4735,-3.4371,-0.0065185,0.00047122,-2,0,290
5.4045,2.9742,-0.0065185,0.00047122,-2,1,290
-4.8855,-4.4386,-0.0065185,0.00047122,-2,0,290
-2.452,-2.0701,-0.0065185,0.00047122,-2,0,290
-1.0836,-3.2984,-0.0065185,0.00047122,-2,1,290
-0.92035,-0.64071,3.9935,0.00047122,1,1,290
0.28197,-4.1046,-0.0065185,0.00047122,-2,0,290
0.6186,-1.5864,-0.0065185,0.00047122,-2,1,290
2.4825,-0.50412,-0.0065185,0.00047122,-2,1,290
-3.5455,-0.52709,-0.0065185,0.00047122,-2,0,290
3.022,0.86789,4.9935,0.00047122,1,1,290
-1.8379,-4.2321,-0.0065185,0.00047122,-2,0,290
-2.5615,-0.98211,-0.0065185,0.00047122,-2,0,290
2.3356,0.017889,-0.0065185,0.00047122,-2,1,290
-3.127,-0.83211,-0.0065185,0.00047122,-2,0,290
2.9662,1.7179,-0.0065185,0.00047122,-2,1,290
3.8219,3.0179,-0.0065185,0.00047122,-2,1,290
3.6993,3.0179,-0.0065185,0.00047122,-2,1,290
-3.1362,-1.801,-5.0065,0.00047122,1,0,290
-4.4976,-3.9821,-0.0065185,0.00047122,-2,0,290
-4.4223,-4.0213,-0.0065185,0.00047122,-2,0,290
3.3672,3.0179,-0.0065185,0.00047122,-2,1,290
-2.8538,-3.1804,-5.0065,0.00047122,1,0,290
5.2665,4.2679,-0.0065185,0.00047122,-2,1,290
-2.2183,-4.2321,-0.0065185,0.00047122,-2,0,290
-4.1849,-1.8715,-0.0065185,0.00047122,-2,0,290
-3.5565,-3.5431,-5.0065,0.00047122,1,0,290
-1.1323,-4.3689,-0.0065185,0.00047122,-2,0,290
-3.1118,-0.94839,-0.0065185,0.00047122,-2,0,290
-3.0944,-2.9821,-0.0065185,0.00047122,-2,0,290
-3.0795,-3.0661,-0.0065185,0.00047122,-2,0,290
-2.0669,-2.0535,-0.0065185,0.00047122,-2,0,290
-5.0562,-1.6088,-0.0065185,0.00047122,-2,0,290
-4.0471,-4.2321,-0.0065185,0.00047122,-2,0,290
-3.4394,-3.426,-4.0065,0.00047122,1,1,290
0.11447,0.12789,-0.0065185,0.00047122,-2,0,290
-2.5455,0.017889,-0.0065185,0.00047122,-2,1,290
-3.163,-0.98211,-0.0065185,0.00047122,-2,0,290
0.85447,2.7103,-0.0065185,0.00047122,-2,0,290
0.72697,-1.7569,-5.0065,0.00047122,1,0,290
3.0045,4.349,-0.0065185,0.00047122,-2,0,290
2.5545,2.1493,-0.0065185,1.0005,-1,0,290
-2.9955,-2.091,-0.0065185,0.00047122,-2,0,290
-2.5455,-2.5321,-5.0065,0.00047122,1,1,290
-0.16303,-3.5373,-0.0065185,0.00047122,-2,0,290
-3.2955,-0.12449,-0.0065185,0.00047122,-2,0,290
-1.5505,-3.7301,-0.0065185,0.00047122,-2,0,290
-2.7673,-3.5554,-0.0065185,0.00047122,-2,0,290
2.9605,2.9739,-0.0065185,0.00047122,-2,1,290
3.1171,3.1305,-0.0065185,0.00047122,-2,1,290
-2.6412,-0.79383,-3.0065,0.00047122,1,0,290
-3.3544,-3.7594,-0.0065185,0.00047122,-2,0,290
-1.4505,-1.4371,-0.0065185,0.00047122,-2,0,290
-3.5323,-3.5189,-0.0065185,0.00047122,-2,0,290
3.6107,1.1902,-0.0065185,0.00047122,-2,1,290
4.6698,4.6832,-0.0065185,0.00047122,-2,1,290
3.72,3.7334,-0.0065185,0.00047122,-2,1,290
-4.7537,-2.1968,-0.0065185,0.00047122,-2,0,290
-4.04,-1.7766,-0.0065185,-1.9995,-1,0,290
-2.8208,-3.5339,-0.0065185,0.00047122,-2,0,290
-2.847,-2.9305,-0.0065185,0.00047122,-2,0,290
-2.8693,-2.9383,-0.0065185,0.00047122,-2,0,290
2.8972,2.9106,-0.0065185,0.00047122,-2,1,290
-3.9043,-3.9504,-0.0065185,0.00047122,-2,0,290
0.92695,0.94037,-0.0065185,0.00047122,-2,1,290
-0.77964,-1.0477,-5.0065,0.00047122,1,0,290
2.0605,2.0739,-0.0065185,0.00047122,-2,0,290
-2.0431,3.5828,-0.0065185,0.00047122,-2,1,290
-2.036,-2.0226,-0.0065185,0.00047122,-2,0,290
-1.2955,-1.5371,-0.0065185,0.00047122,-2,0,290
-0.54553,-0.53211,-0.0065185,0.00047122,-2,0,290
-0.55053,-0.76358,-0.0065185,0.00047122,-2,0,292
-6.6955,-5.1244,-0.0065185,0.00047122,-2,0,292
4.4495,-0.90522,-0.0065185,0.00047122,-2,1,292
-1.2238,-1.2104,-0.0065185,0.00047122,-2,0,292
1.9605,-2.237,-0.0065185,0.00047122,-2,0,292
0.11706,0.13048,-0.0065185,0.00047122,-2,0,292
0.10017,1.4311,-3.0065,0.00047122,1,1,292
-2.273,-2.5858,-0.0065185,0.00047122,-2,0,292
-0.54553,-0.96609,-0.0065185,0.00047122,-2,1,292
-0.29553,1.6791,-0.0065185,0.00047122,-2,0,292
-3.6955,-0.55066,-0.0065185,0.00047122,-2,0,292
5.4495,4.0459,-0.0065185,0.00047122,-2,0,292
-4.6238,-2.6554,-4.0065,0.00047122,1,0,292
-6.0395,-8.3821,-0.0065185,0.00047122,-2,0,292
-5.8829,-7.8721,-0.0065185,0.00047122,-2,0,292
-3.7498,-5.4386,-0.0065185,0.00047122,-2,0,292
0.64563,3.8807,-0.0065185,0.00047122,-2,0,292
1.0045,1.0179,-0.0065185,0.00047122,-2,1,292
0.85447,-0.44535,-2.0065,0.00047122,1,0,292
-1.273,-1.4658,-0.0065185,0.00047122,-2,1,292
-0.69553,-3.1271,-0.0065185,0.00047122,-2,1,292
-1.4405,-0.57711,-0.0065185,0.00047122,-2,0,292
1.2327,0.68726,3.9935,0.00047122,1,0,292
-0.95151,-1.4131,-0.0065185,0.00047122,-2,1,292
2.7045,-2.3501,-0.0065185,0.00047122,-2,1,292
-4.8455,-2.2771,-0.0065185,0.00047122,-2,0,292
3.727,0.92986,-0.0065185,0.00047122,-2,1,292
2.6186,3.522,-0.0065185,0.00047122,-2,1,292
0.52648,0.20929,-0.0065185,0.00047122,-2,0,292
-0.43923,-1.8708,4.9935,0.00047122,1,0,292
-1.6184,-4.2321,-0.0065185,0.00047122,-2,0,292
6.7045,1.3973,-0.0065185,0.00047122,-2,1,292
-5.4405,-3.9821,-0.0065185,0.00047122,-2,0,292
5.2327,5.2461,-0.0065185,0.00047122,-2,1,292
6.0485,6.0619,-0.0065185,0.00047122,-2,1,292
-3.8829,-2.9821,-0.0065185,0.00047122,-2,0,292
-5.7498,-2.2006,-0.0065185,0.00047122,-2,0,292
-1.6367,-1.6233,-0.0065185,0.00047122,-2,1,292
-1.3905,-0.83211,-4.0065,0.00047122,1,0,292
-2.4588,-1.9821,-0.0065185,0.00047122,-2,1,292
-2.6955,-2.6821,-0.0065185,0.00047122,-2,0,292
3.8545,4.6929,-0.0065185,0.00047122,-2,1,292
-3.268,-3.2546,2.9935,0.00047122,1,0,292
-4.6097,-5.7569,-0.0065185,0.00047122,-2,0,292
-1.5175,-2.4907,-0.0065185,0.00047122,-2,0,292
-4.4392,-4.4258,-0.0065185,0.00047122,-2,0,292
-3.3727,-4.0721,-0.0065185,0.00047122,-2,0,292
-5.3161,-5.9086,-0.0065185,0.00047122,-2,0,292
-4.518,0.87685,3.9935,0.00047122,1,1,292
-2.608,4.4179,-0.0065185,0.00047122,-2,0,292
-2.1455,-3.5511,-0.0065185,0.00047122,-2,0,292
-4.273,1.4352,-0.0065185,0.00047122,-2,0,292
-3.3814,-3.368,-0.0065185,0.00047122,-2,1,292
-7.3955,-3.944,-0.0065185,0.00047122,-2,0,292
-6.3955,-6.3821,-0.0065185,0.00047122,-2,0,292
5.4445,2.7268,4.9935,0.00047122,1,1,292
3.461,1.2325,-0.0065185,0.00047122,-2,1,292
-1.0836,-5.6826,-0.0065185,0.00047122,-2,1,292
-3.1455,-7.0527,-0.0065185,0.00047122,-2,1,292
-3.273,-3.2596,-0.0065185,0.00047122,-2,0,292
2.4045,-0.8701,-0.0065185,0.00047122,-2,0,292
2.1545,2.1679,-0.0065185,0.00047122,-2,1,292
-1.823,-4.135,-3.0065,0.00047122,1,1,292
0.39035,3.5679,-0.0065185,0.00047122,-2,1,292
-2.1455,-2.1321,-0.0065185,0.00047122,-2,0,292
3.5545,0.033517,-0.0065185,0.00047122,-2,1,292
3.172,0.90308,-0.0065185,0.00047122,-2,0,292
0.85447,-1.0721,-0.0065185,0.00047122,-2,0,292
0.72697,0.13586,3.9935,0.00047122,1,1,292
0.0044729,2.6304,-0.0065185,0.00047122,-2,0,292
2.0045,2.0179,-0.0065185,0.00047122,-2,0,292
-3.6955,-2.2511,-0.0065185,0.00047122,-2,1,292
-5.4405,-4.2977,-0.0065185,0.00047122,-2,0,292
-4.6238,-4.6104,-3.0065,0.00047122,1,0,292
-0.10553,-1.7539,-0.0065185,0.00047122,-2,1,292
0.54797,-3.1936,-0.0065185,0.00047122,-2,1,292
0.45447,0.46789,-0.0065185,0.00047122,-2,0,292
-0.37803,-0.54813,-0.0065185,1.0005,-1,1,292
1.8468,-1.3132,-0.0065185,0.00047122,-2,0,292
-1.5615,-1.5481,-2.0065,0.00047122,1,1,292
0.0044729,-1.0721,-0.0065185,0.00047122,-2,0,292
-0.99553,-0.98211,-0.0065185,0.00047122,-2,1,292
-0.99553,1.2461,-0.0065185,0.00047122,-2,0,292
3.0045,0.86789,-0.0065185,0.00047122,-2,1,292
4.0045,4.0179,-0.0065185,0.00047122,-2,1,292
-3.9955,-2.1496,-0.0065185,0.00047122,-2,0,292
3.4045,3.4179,4.9935,0.00047122,1,1,292
-3.9955,-4.3315,-0.0065185,0.00047122,-2,0,292
5.0045,5.0179,-0.0065185,0.00047122,-2,1,292
-2.9955,-3.3052,-0.0065185,0.00047122,-2,0,292
0.0044729,0.017889,-0.0065185,0.00047122,-2,1,292
0.0044729,-0.16451,2.9935,0.00047122,1,0,292
0.0044729,-0.13715,-0.0065185,0.00047122,-2,0,292
3.0045,2.8861,-0.0065185,0.00047122,-2,1,292
5.5545,4.4103,-0.0065185,0.00047122,-2,1,292
4.722,4.7354,-4.0065,0.00047122,1,1,292
6.8468,4.0562,-0.0065185,0.00047122,-2,0,292
5.2545,-1.3061,-0.0065185,0.00047122,-2,1,292
4.8545,5.349,-0.0065185,0.00047122,-2,1,292
3.727,4.1493,-0.0065185,0.00047122,-2,1,292
-4.6097,-4.5962,-0.0065185,0.00047122,-2,0,292
-4.5175,-4.5041,-0.0065185,0.00047122,-2,0,292
3.8482,2.5985,2.9935,0.00047122,1,0,292
-1.8855,-2.9093,-0.0065185,0.00047122,-2,0,292
-0.84553,-0.83211,-0.0065185,0.00047122,-2,1,292
1.282,1.4485,-0.0065185,0.00047122,-2,1,292
-1.0814,-1.9137,-0.0065185,0.00047122,1,0,292
-3.5175,-0.50412,-0.0065185,0.00047122,-2,1,292
2.9982,2.4005,-5.0065,0.00047122,1,0,292
-2.3727,-2.3593,-0.0065185,0.00047122,-2,0,292
1.3045,1.3179,-0.0065185,0.00047122,-2,0,292
-2.5505,1.3601,-0.0065185,0.00047122,-2,1,292
1.2327,1.2461,-0.0065185,0.00047122,-2,1,292
-1.0395,5.1264,-4.0065,0.00047122,1,1,292
2.0045,-1.3821,-0.0065185,0.00047122,-2,1,292
-3.9955,3.6622,-0.0065185,0.00047122,-2,0,292
3.0045,4.7927,-0.0065185,0.00047122,-2,1,292
0.0044729,2.1059,-0.0065185,0.00047122,-2,1,292
2.0045,3.7567,-0.0065185,0.00047122,-2,1,292
-0.29553,1.1079,-0.0065185,0.00047122,-2,0,292
-0.69553,1.0179,-0.0065185,0.00047122,-2,0,292
-0.59053,-0.19886,-3.0065,0.00047122,1,0,292
2.7762,-2.5321,-0.0065185,0.00047122,-2,1,292
1.4045,2.3739,-0.0065185,0.00047122,-2,0,292
2.3045,3.1305,-0.0065185,0.00047122,-2,1,292
1.9595,-2.9931,4.9935,0.00047122,1,1,292
-0.10553,-4.3132,-0.0065185,0.00047122,-2,1,292
-0.53903,-4.1136,-0.0065185,0.00047122,-2,1,292
0.91645,0.92986,-0.0065185,0.00047122,-2,1,292
-0.77071,-3.3496,-3.0065,0.00047122,1,0,292
1.837,1.8504,-0.0065185,0.00047122,-2,0,292
1.1621,4.9036,-0.0065185,0.00047122,-2,1,292
-1.4455,-5.8245,-0.0065185,0.00047122,-2,1,292
-0.82803,-4.5481,-0.0065185,0.00047122,-2,1,292
-2.1532,0.72882,-0.0065185,0.00047122,-2,1,292
-0.56155,2.1493,-0.0065185,0.00047122,-2,0,292
-1.6644,-1.651,-0.0065185,0.00047122,-2,0,292
1.423,3.3854,4.9935,0.00047122,1,1,292
1.172,1.1854,-0.0065185,0.00047122,-2,0,292
1.1545,1.1679,-0.0065185,0.00047122,-2,0,292
1.727,-0.76821,-0.0065185,0.00047122,-2,1,292
-3.6097,-1.4462,-0.0065185,0.00047122,-2,0,292
3.0765,3.0899,4.9935,0.00047122,1,1,292
-2.4392,-4.6758,-0.0065185,0.00047122,-2,0,292
3.3816,2.095,-0.0065185,0.00047122,-2,1,292
1.3251,1.3385,-0.0065185,0.00047122,-2,1,292
-1.118,-2.4221,-4.0065,0.00047122,1,0,292
4.2361,2.4335,-0.0065185,0.00047122,-2,1,292
0.20135,2.5812,-0.0065185,0.00047122,-2,0,292
-3.9955,-1.0921,-0.0065185,0.00047122,-2,0,292
2.0045,-2.5809,-0.0065185,0.00047122,-2,1,292
-4.9955,-4.9821,-0.0065185,0.00047122,-2,0,292
3.0045,1.2431,-0.0065185,0.00047122,-2,1,292
-2.5455,0.29824,-3.0065,0.00047122,1,0,292
1.0045,1.2856,-0.0065185,0.00047122,-2,1,292
-1.9955,0.25785,-0.0065185,0.00047122,-2,0,292
4.0045,0.79142,-0.0065185,0.00047122,-2,1,292
-4.9955,-4.9821,-0.0065185,0.00047122,-2,0,292
-4.9955,-2.2027,-0.0065185,0.00047122,-2,0,292
-3.9955,-3.4131,-0.0065185,0.00047122,-2,0,292
-1.9955,-1.4985,-0.0065185,0.00047122,-2,0,292
2.0045,2.6774,-0.0065185,0.00047122,-2,1,292
-1.9955,-1.9821,-0.0065185,0.00047122,-2,0,292
-1.9955,-1.9821,-0.0065185,0.00047122,-2,0,292
-4.9955,-1.2104,-0.0065185,0.00047122,-2,0,292
-3.9955,-3.9821,-0.0065185,0.00047122,-2,0,292
4.0045,3.448,-0.0065185,0.00047122,-2,1,292
2.0045,1.8629,-0.0065185,0.00047122,-2,1,292
-1.6955,-2.8721,3.9935,0.00047122,1,1,292
2.5595,7.4179,-0.0065185,0.00047122,-2,1,292
-0.76728,-2.9673,-0.0065185,0.00047122,-2,0,292
2.9605,-0.056933,-0.0065185,0.00047122,-2,1,292
-1.1081,-5.4701,-0.0065185,0.00047122,-2,0,292
3.2502,0.43558,-0.0065185,0.00047122,-2,1,292
-2.2183,0.74039,-0.0065185,0.00047122,-2,1,293
-2.6955,-1.8715,-0.0065185,0.00047122,-2,0,293
0.85447,0.86789,-0.0065185,0.00047122,-2,1,293
-1.273,-1.2596,-0.0065185,0.00047122,-2,0,293
-0.69553,-0.68211,-0.0065185,0.00047122,-2,0,293
1.5595,1.5729,-0.0065185,0.00047122,-2,1,293
-1.5455,-2.2596,-0.0065185,0.00047122,-2,0,293
-2.163,-2.1496,-0.0065185,0.00047122,-2,0,293
-1.8379,-1.8245,-0.0065185,0.00047122,-2,0,293
4.5705,0.96978,-0.0065185,0.00047122,-2,1,293
-5.3266,-4.026,-0.0065185,0.00047122,-2,0,293
6.1359,6.1493,-0.0065185,0.00047122,-2,1,293
-5.2073,-2.7862,2.9935,0.00047122,1,0,293
-2.813,-2.009,-0.0065185,0.00047122,-2,0,293
-1.6904,-1.005,-0.0065185,0.00047122,-2,0,293
1.5951,-1.2339,-0.0065185,0.00047122,-2,1,293
-0.49756,-0.84865,-0.0065185,0.00047122,-2,0,293
-0.5688,0.44461,-0.0065185,0.00047122,-2,0,293
0.49176,0.0059388,3.9935,0.00047122,1,1,293
4.727,4.0179,-0.0065185,0.00047122,-2,1,293
-4.0097,-2.8721,-4.0065,0.00047122,1,0,293
4.5265,3.4179,-0.0065185,0.00047122,-2,1,293
2.4482,3.8616,-0.0065185,0.00047122,-2,1,293
2.0816,1.7179,4.9935,0.00047122,1,1,293
3.3251,3.0179,-0.0065185,0.00047122,-2,1,293
1.277,1.2904,-0.0065185,0.00047122,-2,1,293
-0.22714,-3.0527,-0.0065185,0.00047122,-2,0,293
3.2013,0.21476,-0.0065185,0.00047122,-2,1,293
-4.1629,-2.5321,-0.0065185,0.00047122,-2,0,293
4.1467,4.1601,-0.0065185,0.00047122,-2,1,293
3.5254,3.0288,-2.0065,0.00047122,1,1,293
4.1072,4.0179,-0.0065185,0.00047122,-2,1,293
3.4918,-1.3398,-2.0065,0.00047122,1,1,293
-4.0698,-3.9821,-0.0065185,0.00047122,-2,0,293
0.067586,-1.4271,-0.0065185,0.00047122,-2,1,293
2.0581,2.0179,-0.0065185,0.00047122,-2,1,293
0.050072,0.017889,-0.0065185,0.00047122,-2,1,293
-0.034287,0.017889,-0.0065185,0.00047122,-2,1,293
3.0045,0.050834,-0.0065185,0.00047122,-2,1,293
2.5545,2.5679,4.9935,0.00047122,1,1,293
4.172,4.2917,-0.0065185,0.00047122,-2,1,293
5.8468,4.0381,-0.0065185,0.00047122,-2,1,293
-5.5615,-5.5481,-0.0065185,0.00047122,-2,0,293
4.7356,1.2608,3.9935,0.00047122,1,1,293
1.1359,0.030314,-0.0065185,0.00047122,-2,1,293
-0.033796,-0.97155,-0.0065185,0.00047122,-2,0,293
-2.8455,-0.01464,-0.0065185,0.00047122,-2,0,293
-0.71803,-2.4046,-0.0065185,0.00047122,-2,1,293
3.0045,0.34771,-0.0065185,0.00047122,-2,1,293
2.5545,2.5679,4.9935,0.00047122,1,1,293
-2.9955,-4.2321,-0.0065185,0.00047122,-2,0,293
5.0045,1.6805,-0.0065185,0.00047122,-2,1,293
3.0045,3.5136,-0.0065185,0.00047122,-2,1,293
4.0045,1.9267,-0.0065185,0.00047122,-2,1,293
1.0045,1.0179,-0.0065185,0.00047122,-2,1,293
-0.99553,-2.8721,-0.0065185,0.00047122,-2,0,293
0.85447,0.47414,-4.0065,0.00047122,1,1,293
-3.9955,-3.9821,-0.0065185,0.00047122,-2,1,293
-2.9955,-2.9821,-0.0065185,0.00047122,-2,0,293
2.5545,2.4744,-0.0065185,0.00047122,-2,1,293
-6.163,-2.2757,-0.0065185,0.00047122,-2,0,293
-4.8379,-4.7569,-0.0065185,0.00047122,-2,0,293
-3.5615,-3.4907,-0.0065185,0.00047122,-2,0,293
3.0356,3.7567,-4.0065,0.00047122,1,1,293
-4.127,2.3279,-0.0065185,0.00047122,-2,0,293
3.9662,3.4944,-0.0065185,0.00047122,-2,1,293
0.82194,0.80539,-0.0065185,0.00047122,-2,1,293
-0.30068,-0.31274,-0.0065185,0.00047122,-2,0,293
1.8545,0.27727,-0.0065185,0.00047122,-2,1,293
-1.568,-1.5546,-5.0065,0.00047122,1,0,293
5.6186,2.9368,-0.0065185,0.00047122,-2,1,293
-0.51753,-4.7541,-0.0065185,0.00047122,-2,0,293
0.56077,0.57418,-0.0065185,0.00047122,-2,1,293
-3.8455,-2.9821,-0.0065185,0.00047122,-2,0,293
-3.268,-1.3995,-5.0065,0.00047122,1,0,293
-1.6097,-4.2321,-0.0065185,0.00047122,-2,0,293
1.4825,-1.3541,-0.0065185,0.00047122,-2,1,293
-2.2955,1.7179,-0.0065185,0.00047122,-2,0,293
6.4045,6.4179,-0.0065185,0.00047122,-2,1,293
5.8945,5.9079,-0.0065185,0.00047122,-2,1,293
-5.002,-0.42582,-4.0065,0.00047122,1,0,293
-5.0836,-5.0701,-0.0065185,0.00047122,-2,0,293
-6.7703,-6.7569,-0.0065185,0.00047122,-2,0,293
-3.5041,-2.4386,-0.0065185,0.00047122,-2,0,293
4.2868,4.3002,-0.0065185,0.00047122,-2,1,293
6.0944,6.1079,-0.0065185,0.00047122,-2,1,293
-4.922,-2.1368,-0.0065185,0.00047122,-2,0,293
-4.183,-3.3821,1.9935,0.00047122,1,0,293
4.6738,4.6873,-0.0065185,0.00047122,-2,1,293
-3.5645,0.89392,-0.0065185,0.00047122,-2,0,293
-3.4791,-3.4657,-0.0065185,0.00047122,-2,0,293
-3.4066,-3.3932,-0.0065185,0.00047122,-2,0,293
2.9039,2.2097,3.9935,0.00047122,1,1,293
-2.2925,-3.3821,-0.0065185,0.00047122,-2,0,293
0.25693,1.9703,-0.0065185,0.00047122,-2,1,293
-3.2101,-2.9821,-0.0065185,0.00047122,-2,0,293
-2.7279,-0.16451,-5.0065,0.00047122,1,0,293
-4.1506,-4.2321,-0.0065185,0.00047122,-2,0,293
-2.1273,-3.5139,-0.0065185,0.00047122,-2,0,293
0.89246,-1.6821,-0.0065185,0.00047122,-2,0,293
2.0997,2.1131,-0.0065185,0.00047122,-2,1,293
-5.0765,0.65946,-0.0065185,0.00047122,-2,0,293
4.0733,4.3367,-0.0065185,0.00047122,-2,0,293
-3.454,-3.3821,4.9935,0.00047122,1,0,293
-1.0452,3.2679,-0.0065185,0.00047122,-2,0,293
-1.0378,2.6304,-0.0065185,0.00047122,-2,0,293
-3.9596,-0.83421,-0.0065185,0.00047122,-2,1,293
3.9739,3.4179,-0.0065185,0.00047122,-2,1,293
4.4045,5.1264,-0.0065185,0.00047122,-2,1,293
3.7445,3.3244,-4.0065,0.00047122,1,1,293
-5.452,0.96139,-0.0065185,0.00047122,-2,0,293
4.0925,4.3427,-0.0065185,0.00047122,-2,1,293
1.7793,1.7927,-0.0065185,0.00047122,-2,1,293
5.5131,2.7452,-0.0065185,0.00047122,-2,1,293
4.6868,4.7002,2.9935,0.00047122,1,1,293
-5.0855,-3.6221,-0.0065185,0.00047122,-2,0,293
0.93094,4.3444,-0.0065185,0.00047122,-2,1,293
3.217,-0.76961,-0.0065185,0.00047122,-2,0,293
-2.3262,-2.7127,-0.0065185,0.00047122,-2,0,293
1.5545,1.5679,-0.0065185,0.00047122,-2,1,293
1.172,1.1854,-0.0065185,0.00047122,-2,1,293
-0.8379,-1.0701,-0.0065185,0.00047122,-2,1,293
-0.71155,-1.2511,-3.0065,0.00047122,1,0,293
-1.3266,-1.3132,-0.0065185,0.00047122,-2,1,293
4.0045,4.0179,-0.0065185,0.00047122,-2,1,293
-4.9955,-5.5041,-0.0065185,0.00047122,-2,0,293
4.2545,-1.5481,-3.0065,0.00047122,1,1,293
5.0045,-2.5321,-0.0065185,0.00047122,-2,1,293
4.0045,4.5885,-0.0065185,0.00047122,-2,1,293
-1.9955,-3.6546,-0.0065185,0.00047122,-2,0,293
1.7045,1.7179,-4.0065,0.00047122,1,1,293
-2.9955,3.221,-0.0065185,0.00047122,-2,0,293
-3.9955,-4.1495,-0.0065185,0.00047122,-2,0,293
3.0045,2.3276,-0.0065185,0.00047122,-2,1,293
5.0045,5.0179,-0.0065185,0.00047122,-2,1,293
4.0045,4.1207,-0.0065185,0.00047122,-2,1,293
4.0045,1.8603,-0.0065185,0.00047122,-2,1,293
-1.9955,-2.0564,-0.0065185,0.00047122,-2,0,293
1.7045,2.9079,-4.0065,0.00047122,1,1,293
0.0044729,0.071535,-0.0065185,0.00047122,-2,1,293
-0.99553,-0.98211,-0.0065185,0.00047122,-2,0,293
1.1545,-0.43861,-0.0065185,0.00047122,-2,1,293
2.7045,-0.67167,-0.0065185,0.00047122,-2,1,293
2.2995,2.3129,3.9935,0.00047122,1,1,293
-5.2238,-4.0059,-0.0065185,0.00047122,-2,0,293
-6.0395,-5.0023,-0.0065185,0.00047122,-2,0,293
5.1419,2.4916,2.9935,0.00047122,1,1,293
4.3713,3.3222,4.9935,0.00047122,1,1,293
3.6456,4.2803,-0.0065185,0.00047122,-2,1,293
-1.5405,-2.5427,-0.0065185,0.00047122,-2,0,293
-2.4588,-1.9911,-0.0065185,0.00047122,-2,0,293
-5.3893,-4.9897,-0.0065185,0.00047122,-2,0,293
4.3392,0.9667,-0.0065185,0.00047122,-2,1,293
4.289,4.3024,-0.0065185,0.00047122,-2,1,293
3.6463,3.1497,-2.0065,0.00047122,1,1,293
-5.2011,-4.9861,-0.0065185,0.00047122,-2,0,293
-4.1702,-3.9855,-0.0065185,0.00047122,-2,0,293
1.153,-1.0619,-0.0065185,0.00047122,-2,1,293
1.1307,0.99412,-0.0065185,0.00047122,-2,1,293
0.89718,1.0158,-0.0065185,0.00047122,-2,1,293
2.8545,2.8679,-0.0065185,0.00047122,-2,1,293
-1.718,0.70953,-0.0065185,0.00047122,-2,0,293
-2.6097,-0.31011,-0.0065185,0.00047122,-2,0,293
2.5265,2.5399,-0.0065185,0.00047122,-2,1,293
-4.4392,-1.05,-0.0065185,0.00047122,-2,0,293
-4.3727,-3.6615,-0.0065185,0.00047122,-2,0,293
-2.3161,-2.5996,-0.0065185,0.00047122,-2,0,293
-2.268,-1.4505,-0.0065185,0.00047122,-2,0,293
-5.2271,-1.4852,-0.0065185,0.00047122,-2,0,293
-4.4424,-4.429,-5.0065,0.00047122,1,0,293
-4.1629,-4.0899,-0.0065185,0.00047122,-2,0,293
-5.1378,-3.5244,-0.0065185,0.00047122,-2,0,293
-4.1164,-4.103,-0.0065185,0.00047122,-2,0,293
-2.0983,-3.5073,-0.0065185,0.00047122,-2,0,293
3.0918,3.1052,-0.0065185,0.00047122,-2,1,293
0.0044729,-0.67049,-0.0065185,0.00047122,-2,1,295
-1.9955,-2.5041,-0.0065185,0.00047122,-2,0,295
2.7045,1.7179,-0.0065185,0.00047122,-2,1,295
-4.4405,-2.2771,-0.0065185,0.00047122,-2,0,295
3.2327,3.7961,-0.0065185,0.00047122,-2,1,295
-3.0395,-2.7261,-0.0065185,0.00047122,-2,0,295
-5.8829,-5.8695,-0.0065185,0.00047122,-2,0,295
-5.7498,-5.7364,-0.0065185,0.00047122,-2,0,295
-4.6367,-4.6233,-0.0065185,0.00047122,-2,0,295
3.5495,3.0179,-0.0065185,0.00047122,-2,1,295
5.4677,1.3685,-0.0065185,0.00047122,-2,1,295
4.3982,4.2679,-0.0065185,0.00047122,-2,1,295
3.7392,3.7526,4.9935,0.00047122,1,1,295
3.289,4.2679,-0.0065185,0.00047122,-2,1,295
3.2463,2.5679,-0.0065185,0.00047122,-2,1,295
4.21,4.0179,-0.0065185,0.00047122,-2,1,295
4.1792,2.1854,-0.0065185,0.00047122,-2,1,295
-5.144,-5.1306,-0.0065185,0.00047122,-2,0,295
4.3807,3.0341,4.9935,0.00047122,1,1,295
-4.1028,-4.3394,-0.0065185,0.00047122,-2,0,295
5.0957,5.0179,-0.0065185,0.00047122,-2,1,295
4.082,4.0179,-0.0065185,0.00047122,-2,1,295
4.0704,4.0179,-0.0065185,0.00047122,-2,1,295
3.4605,2.1059,-4.0065,0.00047122,1,0,295
2.1145,3.3703,-0.0065185,0.00047122,-2,1,295
1.548,6.9079,-0.0065185,0.00047122,-2,1,295
-0.9075,-1.6998,-0.0065185,0.00047122,-2,0,295
-3.2207,-1.9628,-0.0065185,0.00047122,-2,0,295
-0.48693,-1.0556,-0.0065185,0.00047122,-2,0,295
-1.7132,-2.1946,-0.0065185,0.00047122,-2,0,295
-1.4556,-2.3834,-5.0065,0.00047122,1,0,295
-3.0691,-3.4131,-0.0065185,0.00047122,-2,0,295
-1.208,-1.4985,-0.0065185,0.00047122,-2,0,295
-3.3262,-3.571,-0.0065185,0.00047122,-2,0,295
-3.4266,-2.2427,-0.0065185,0.00047122,-2,0,295
-3.5119,-3.0851,-0.0065185,0.00047122,-2,0,295
4.5934,5.5015,-0.0065185,0.00047122,-2,1,295
-2.6461,-3.2832,-0.0065185,0.00047122,-2,0,295
-2.6985,-3.3315,-0.0065185,0.00047122,-2,0,295
-2.2931,-1.9946,-3.0065,0.00047122,1,0,295
0.78989,1.2703,-0.0065185,0.00047122,-2,1,295
-3.1779,-2.7675,-0.0065185,0.00047122,-2,0,295
6.5545,2.6631,-0.0065185,0.00047122,-2,1,295
-5.563,-5.5496,3.9935,0.00047122,1,0,295
6.8468,3.6868,-0.0065185,0.00047122,-2,1,295
-5.5615,-5.5481,-0.0065185,0.00047122,-2,0,295
5.3356,3.0562,-0.0065185,0.00047122,-2,1,295
4.1359,-2.8876,-0.0065185,0.00047122,-2,1,295
4.9662,3.323,-0.0065185,0.00047122,-2,1,295
4.2219,1.5948,-4.0065,0.00047122,1,1,295
4.6993,-2.6873,-0.0065185,0.00047122,-2,1,295
-4.5862,-3.9727,-0.0065185,0.00047122,-2,0,295
2.5065,1.6552,-0.0065185,0.00047122,-2,1,295
-0.5688,3.3346,-0.0065185,0.00047122,-2,0,295
-5.8455,-1.0942,-0.0065185,0.00047122,-2,0,295
-3.718,-0.89409,-0.0065185,0.00047122,-2,0,295
-3.1597,-1.8198,-5.0065,0.00047122,1,0,295
-2.5175,-0.47351,-0.0065185,0.00047122,-2,0,295
-3.4392,-2.3123,-0.0065185,0.00047122,-2,0,295
3.3816,2.945,-0.0065185,0.00047122,-2,1,295
4.3251,4.3385,-0.0065185,0.00047122,-2,1,295
-5.268,-4.1946,-0.0065185,0.00047122,-2,0,295
-4.2271,-1.1551,-0.0065185,0.00047122,-2,0,295
3.6013,3.6148,-4.0065,0.00047122,1,1,295
-4.1629,-3.4985,-0.0065185,0.00047122,-2,0,295
0.14671,0.16013,-0.0065185,0.00047122,-2,0,295
2.0045,4.4744,-0.0065185,0.00047122,-2,1,295
1.0045,1.0179,-0.0065185,0.00047122,-2,1,295
-4.8455,-3.7297,-0.0065185,0.00047122,-2,0,295
-4.118,1.7411,3.9935,0.00047122,1,0,295
-3.6097,-3.5962,-0.0065185,0.00047122,-2,0,295
-5.5175,-5.5041,-0.0065185,0.00047122,-2,0,295
-2.4392,-2.4258,-0.0065185,0.00047122,-2,0,295
-2.3727,-1.8701,-0.0065185,0.00047122,-2,0,295
-2.0161,1.8879,3.9935,0.00047122,1,0,295
4.277,4.2904,-0.0065185,0.00047122,-2,1,295
-2.2271,2.9767,-0.0065185,0.00047122,-2,0,295
-3.1924,-3.179,-0.0065185,0.00047122,-2,0,295
0.17182,1.6302,-0.0065185,0.00047122,-2,0,295
1.0045,-1.1681,-0.0065185,0.00047122,-2,1,295
0.85447,0.86789,-4.0065,0.00047122,1,1,295
1.0045,-4.2695,-0.0065185,0.00047122,-2,1,295
1.0045,0.26359,-0.0065185,0.00047122,-2,1,295
0.0044729,0.74039,-0.0065185,0.00047122,-2,0,295
-4.9955,-0.52709,-0.0065185,0.00047122,-2,0,295
4.0045,3.4959,-0.0065185,0.00047122,-2,1,295
-3.9955,-3.9821,-0.0065185,0.00047122,-2,0,295
-3.3955,-2.6756,-5.0065,0.00047122,1,1,295
-3.8855,-3.5921,-0.0065185,0.00047122,-2,0,295
-2.8455,-1.9821,-0.0065185,0.00047122,-2,0,295
-0.71803,-0.70461,-0.0065185,0.00047122,-2,1,295
1.0045,3.6279,-0.0065185,0.00047122,-2,0,295
-0.84553,0.017889,3.9935,0.00047122,1,0,295
-5.718,-4.9821,-0.0065185,0.00047122,-2,0,295
4.8686,-1.2692,0.99348,0.00047122,1,1,295
4.5265,1.5614,-0.0065185,0.00047122,-2,1,295
-3.8392,1.3834,-5.0065,0.00047122,1,0,295
3.3816,2.4931,-0.0065185,0.00047122,-2,1,295
-4.3161,-2.5321,-0.0065185,0.00047122,-2,0,295
-4.268,-3.3821,-0.0065185,0.00047122,-2,0,295
-3.2271,-2.2921,-0.0065185,0.00047122,-2,0,295
-4.1924,-3.9821,-0.0065185,0.00047122,-2,0,295
-4.1629,-3.9821,-0.0065185,0.00047122,-2,0,295
-3.5378,-1.8245,3.9935,0.00047122,1,0,295
-2.1164,3.9869,-0.0065185,0.00047122,-2,0,295
1.1072,1.2343,-0.0065185,0.00047122,-2,1,295
-0.90817,-1.3932,-0.0065185,0.00047122,-2,0,295
-2.1455,-0.70461,-0.0065185,0.00047122,-2,0,295
2.5545,1.8454,-0.0065185,0.00047122,-2,0,295
-2.163,0.63201,-4.0065,0.00047122,1,0,295
-5.8379,-3.3821,-0.0065185,0.00047122,-2,0,295
4.5705,6.3079,-0.0065185,0.00047122,-2,1,295
2.3356,3.4744,-0.0065185,0.00047122,-2,1,295
1.9859,4.1059,-0.0065185,2.0005,-1,1,295
-1.6798,-1.8245,-4.0065,0.00047122,1,0,295
3.8219,4.9265,-0.0065185,0.00047122,-2,1,295
2.6993,3.3002,-0.0065185,0.00047122,-2,1,295
-4.5862,-3.2396,-0.0065185,0.00047122,-2,0,295
-4.4976,-3.9821,-0.0065185,0.00047122,-2,0,295
-5.4223,-2.8721,-0.0065185,0.00047122,-2,0,295
-2.3582,-1.9821,-0.0065185,0.00047122,-2,0,295
-2.3038,-4.1636,-0.0065185,0.00047122,-2,0,295
1.9665,2.2015,2.9935,0.00047122,1,1,295
3.2272,3.429,-0.0065185,0.00047122,-2,1,295
-0.18487,-2.1496,-0.0065185,0.00047122,-2,1,295
-3.9955,0.31489,-0.0065185,0.00047122,-2,0,295
3.4045,3.4179,3.9935,0.00047122,1,1,295
0.0044729,-3.3821,-0.0065185,0.00047122,-2,0,295
3.0045,-1.1136,-0.0065185,0.00047122,-2,1,295
0.0044729,-0.94384,-0.0065185,0.00047122,-2,1,295
0.0044729,1.3679,-4.0065,0.00047122,1,0,295
-1.9955,-3.3821,-0.0065185,0.00047122,-2,0,295
-0.99553,-2.5481,-0.0065185,0.00047122,-2,0,295
-2.1455,-4.4271,-0.0065185,0.00047122,-2,0,295
-3.5455,-1.3476,-0.0065185,0.00047122,-2,0,295
3.022,-0.81461,-0.0065185,-2.9995,-1,1,295
-0.8379,-2.547,-0.0065185,0.00047122,-2,1,295
1.1545,1.1679,-0.0065185,0.00047122,-2,1,295
-0.97303,-1.5941,1.9935,0.00047122,1,0,295
-0.44053,0.79142,-0.0065185,0.00047122,-2,1,295
-0.37378,2.4629,-0.0065185,1.0005,-1,1,295
0.28197,-0.16635,-0.0065185,0.00047122,-2,1,295
3.1545,3.1679,-0.0065185,0.00047122,-2,0,295
2.682,-0.2144,-3.0065,0.00047122,1,0,295
1.3903,1.4038,-0.0065185,0.00047122,-2,1,295
0.70447,-3.1496,-0.0065185,0.00047122,-2,1,295
-1.5505,-4.8245,-0.0065185,0.00047122,-2,0,295
-1.3173,-1.3039,-5.0065,0.00047122,1,0,295
-3.163,-6.3996,-0.0065185,0.00047122,-2,0,295
-4.8379,-4.8245,-0.0065185,0.00047122,-2,0,295
-4.5615,-0.94642,-0.0065185,0.00047122,-2,0,295
3.3356,2.7734,-0.0065185,0.00047122,-2,1,295
5.1359,4.1926,-0.0065185,0.00047122,-2,1,295
-3.9573,-2.3888,-0.0065185,0.00047122,-2,0,295
-3.363,-3.3496,-5.0065,0.00047122,1,0,295
-1.6904,-4.3394,-0.0065185,0.00047122,-2,0,295
0.41385,0.42727,-0.0065185,0.00047122,-2,1,295
2.8545,0.79037,-0.0065185,0.00047122,-2,1,295
1.727,1.1038,-0.0065185,0.00047122,-2,1,295
-1.6097,-0.31011,-0.0065185,0.00047122,-2,0,295
-0.47352,1.3899,-0.0065185,0.00047122,-2,0,295
-1.8455,-0.25961,-0.0065185,0.00047122,-2,0,295
-1.718,0.31144,-0.0065185,0.00047122,-2,0,295
-0.60965,-0.31011,-0.0065185,0.00047122,-2,0,295
2.5265,0.53989,-0.0065185,0.00047122,-2,1,295
-4.4392,-2.1258,-0.0065185,0.00047122,-2,0,295
1.3816,3.795,-0.0065185,0.00047122,-2,1,295
1.6839,-1.1527,-0.0065185,0.00047122,-2,1,295
5.7045,1.9495,-0.0065185,0.00047122,-2,1,295
4.8495,2.8038,4.9935,0.00047122,1,1,295
4.2327,2.4959,-0.0065185,0.00047122,-2,1,295
-4.0395,-4.0261,-0.0065185,0.00047122,-2,0,295
2.8919,1.6407,-0.0065185,0.00047122,-2,1,295
3.7588,3.3822,-0.0065185,0.00047122,-2,1,295
5.6456,2.2954,-0.0065185,0.00047122,-2,1,295
-4.3573,-0.18954,-1.0065,0.00047122,1,1,296
-0.88553,0.53282,-0.0065185,0.00047122,-2,1,296
0.46097,-0.95961,-0.0065185,0.00047122,-2,0,296
1.0925,-0.36799,-0.0065185,0.00047122,-2,0,296
-3.2207,-4.4601,-0.0065185,0.00047122,-2,0,296
1.5131,0.46159,-0.0065185,0.00047122,-2,0,296
-0.27784,1.3024,-0.0065185,0.00047122,-2,1,296
0.91451,2.2597,-0.0065185,0.00047122,-2,1,296
-3.0691,-3.7096,-0.0065185,0.00047122,-2,0,296
-3.208,-3.7505,-0.0065185,0.00047122,-2,0,296
3.3351,0.366,-0.0065185,0.00047122,-2,1,296
-3.4266,-3.2148,-0.0065185,0.00047122,-2,0,296
2.9209,3.5252,-4.0065,0.00047122,1,1,296
1.5934,-3.2909,-0.0065185,0.00047122,-2,1,296
0.35389,0.12066,-0.0065185,0.00047122,-2,0,296
-2.2925,1.5288,-0.0065185,0.00047122,-2,1,296
-1.7431,1.7921,-0.0065185,0.00047122,-2,0,296
3.7899,1.7655,-0.0065185,0.00047122,-2,1,296
-3.2131,-3.3285,3.9935,0.00047122,1,0,296
1.8494,2.0523,-0.0065185,0.00047122,-2,1,296
1.8727,-2.9109,-0.0065185,0.00047122,-2,1,296
2.8925,1.7427,-0.0065185,0.00047122,-2,1,296
3.9093,2.5399,-0.0065185,0.00047122,-2,1,296
-3.3146,-3.3583,-5.0065,0.00047122,1,0,296
2.9357,4.2477,-0.0065185,0.00047122,-2,1,296
2.946,3.0309,-0.0065185,0.00047122,-2,1,296
-1.0452,2.1964,-0.0065185,0.00047122,-2,1,296
-1.0378,-0.97274,-0.0065185,0.00047122,-2,1,296
1.9686,-0.69664,-0.0065185,0.00047122,-2,1,296
1.9739,2.0089,-0.0065185,0.00047122,-2,1,296
-1.6696,-1.4195,-5.0065,0.00047122,1,0,296
-3.9735,-3.9756,-0.0065185,0.00047122,-2,0,296
-1.9768,-1.9766,-0.0065185,0.00047122,-2,0,296
1.9885,3.0838,-0.0065185,0.00047122,-2,1,296
-2.982,-1.6781,-0.0065185,0.00047122,-2,0,296
-0.0070388,2.5645,-0.0065185,0.00047122,-2,1,296
-0.98574,0.020767,-0.0065185,0.00047122,-2,0,296
3.0128,3.0203,-0.0065185,0.00047122,-2,0,296
2.0115,2.02,-0.0065185,0.00047122,-2,0,296
-1.7015,0.63335,2.9935,0.00047122,1,1,296
-3.0006,-2.981,-0.0065185,0.00047122,-2,1,296
-2.9999,-2.9834,-0.0065185,0.00047122,-2,0,296
-1.5455,-1.5321,-0.0065185,0.00047122,-2,1,296
-1.313,1.5846,4.9935,0.00047122,1,1,296
3.727,4.2685,-0.0065185,0.00047122,-2,1,296
2.6186,2.632,-0.0065185,0.00047122,-2,1,296
2.5265,2.5399,-0.0065185,0.00047122,-2,1,296
-4.4392,-2.2682,-0.0065185,0.00047122,-2,1,296
-6.3955,-4.5481,-0.0065185,0.00047122,-2,0,296
5.4445,2.9082,-2.0065,0.00047122,1,1,296
6.172,4.0181,-0.0065185,0.00047122,-2,1,296
5.8468,-1.4269,-0.0065185,0.00047122,-2,1,296
5.5705,4.018,-0.0065185,0.00047122,-2,1,296
-4.3266,-4.3132,-0.0065185,0.00047122,-2,0,296
-5.127,-5.1136,-0.0065185,0.00047122,-2,0,296
4.9662,4.018,-0.0065185,0.00047122,-2,1,296
4.2219,1.7928,-3.0065,0.00047122,1,1,296
-3.6904,1.873,-0.0065185,0.00047122,-2,0,296
5.5951,3.1585,-0.0065185,0.00047122,-2,1,296
-2.4976,-4.7341,-0.0065185,0.00047122,-2,0,296
2.4312,2.0179,-0.0065185,0.00047122,-2,1,296
-1.3582,-1.3448,-0.0065185,0.00047122,-2,0,296
-2.3038,-2.2904,-0.0065185,0.00047122,-2,0,296
1.9665,1.324,3.9935,0.00047122,1,1,296
1.2272,3.4179,-0.0065185,0.00047122,-2,1,296
0.81513,0.82855,-0.0065185,0.00047122,-2,0,296
1.1654,1.0179,-0.0065185,0.00047122,-2,1,296
0.86767,0.88109,-0.0065185,0.00047122,-2,0,296
-1.8792,-1.9821,-0.0065185,0.00047122,-2,1,296
-1.5967,0.56043,3.9935,0.00047122,1,1,296
-2.9115,3.4179,-0.0065185,0.00047122,-2,1,296
2.9331,2.9465,-0.0065185,0.00047122,-2,0,296
-2.9348,-2.0889,-0.0065185,0.00047122,-2,1,296
-2.9439,-2.5321,-0.0065185,0.00047122,-2,0,296
-2.5017,-2.4883,3.9935,0.00047122,1,0,296
7.172,6.8603,-0.0065185,0.00047122,-2,1,296
-3.8379,-3.8245,-0.0065185,0.00047122,-2,0,296
-6.5615,1.1433,-0.0065185,0.00047122,-2,1,296
-5.5766,0.7748,1.9935,0.00047122,1,0,296
6.1359,1.9304,-0.0065185,0.00047122,-2,1,296
-5.2073,-5.1938,-4.0065,0.00047122,1,0,296
-1.813,0.24614,-0.0065185,0.00047122,-2,0,296
-3.6904,-3.677,-0.0065185,0.00047122,-2,0,296
4.5951,1.587,-0.0065185,0.00047122,-2,1,296
5.5065,4.2636,-0.0065185,0.00047122,-2,1,296
5.4312,4.3767,-0.0065185,0.00047122,-2,1,296
-4.3582,-2.8013,-0.0065185,0.00047122,-2,0,296
-3.7038,-3.6904,-4.0065,0.00047122,1,0,296
4.2665,3.6241,-0.0065185,0.00047122,-2,1,296
-2.2183,-3.0949,-0.0065185,0.00047122,-2,0,296
4.1938,1.4334,-0.0065185,0.00047122,-2,1,296
-3.1565,-3.1431,-0.0065185,0.00047122,-2,0,296
-2.6823,-3.0089,1.9935,0.00047122,1,0,296
-1.1118,-0.8074,-0.0065185,0.00047122,-2,0,296
-0.94436,-1.8336,-0.0065185,-1.9995,-1,0,296
-1.0795,1.1621,-0.0065185,0.00047122,-2,0,296
-0.91694,-0.72482,-4.0065,0.00047122,1,0,296
-4.0562,-3.4428,-0.0065185,0.00047122,-2,0,296
-4.0471,-4.0337,-0.0065185,0.00047122,-2,0,296
-3.0394,-2.8062,-0.0065185,0.00047122,-2,0,296
-4.0328,-4.0194,-0.0065185,0.00047122,-2,0,296
-4.0272,-2.1813,-0.0065185,0.00047122,-2,0,296
-3.0225,-3.3416,-0.0065185,0.00047122,-2,0,296
-2.5684,-2.555,3.9935,0.00047122,1,0,296
3.0239,2.9887,-0.0065185,0.00047122,-2,1,296
-0.012067,2.9327,-0.0065185,0.00047122,-2,0,296
-0.98147,-0.0032345,-0.0065185,0.00047122,-2,1,296
-0.83358,-3.0001,-0.0065185,-2.9995,-1,1,296
4.0146,4.0026,-0.0065185,0.00047122,-2,1,296
-3.4042,0.64499,2.9935,0.00047122,1,0,296
-3.0029,2.5606,-0.0065185,0.00047122,-2,0,296
-3.0018,-2.5383,-0.0065185,0.00047122,-2,0,296
2.0098,2.5599,-0.0065185,0.00047122,-2,1,296
-4,-3.9866,-0.0065185,0.00047122,-2,0,296
-3.3994,-1.4309,2.9935,0.00047122,1,0,296
2.0077,-2.537,-0.0065185,0.00047122,-2,1,296
-0.99829,-0.98488,-0.0065185,0.00047122,-2,0,296
3.0021,-1.4295,-0.0065185,0.00047122,-2,0,296
-1.9935,-2.5351,-0.0065185,0.00047122,-2,1,296
2.0028,2.0162,-0.0065185,0.00047122,-2,1,296
-1.2955,1.4651,-0.0065185,0.00047122,-2,0,296
-4.5455,-1.0871,-0.0065185,0.00047122,-2,0,296
-3.863,-1.6805,1.9935,0.00047122,1,0,296
1.1621,1.1755,-0.0065185,0.00047122,-2,0,296
-1.4295,-1.4282,-0.0065185,0.00047122,-2,0,296
-0.44553,-0.084977,-0.0065185,0.00047122,-2,0,296
-0.37803,-0.36461,3.9935,0.00047122,1,0,296
-2.163,-0.94384,-0.0065185,0.00047122,-2,0,296
3.8468,-1.0297,-0.0065185,0.00047122,-2,1,296
-3.5615,-2.677,-0.0065185,0.00047122,-2,0,296
-3.0266,-2.0177,-5.0065,0.00047122,1,0,296
-2.127,-4.7341,-0.0065185,0.00047122,-2,0,296
3.9662,3.9796,-0.0065185,0.00047122,-2,1,296
-2.813,-1.0673,-0.0065185,0.00047122,-2,0,296
-5.6904,-5.677,-0.0065185,0.00047122,-2,0,296
-4.5862,-1.6892,-0.0065185,0.00047122,-2,0,296
-5.4976,-5.2049,-0.0065185,0.00047122,-2,0,296
-3.4223,-3.2988,-0.0065185,0.00047122,-2,0,296
-2.9082,-2.6931,3.9935,0.00047122,1,0,296
-1.3038,-1.1189,-0.0065185,0.00047122,-2,0,296
-1.1076,2.7916,2.9935,0.00047122,1,0,296
3.2272,-2.3094,-0.0065185,0.00047122,-2,1,296
4.1938,4.2072,-0.0065185,0.00047122,-2,1,296
-3.5565,-2.3106,3.9935,0.00047122,1,0,296
-3.1323,-3.1189,-0.0065185,0.00047122,-2,0,296
3.1208,-2.7558,-0.0065185,0.00047122,-2,1,296
5.1033,5.1167,-0.0065185,0.00047122,-2,1,296
-4.3295,-2.2336,3.9935,0.00047122,1,0,296
4.0759,-3.3107,-0.0065185,0.00047122,-2,1,296
-4.0562,-4.009,-0.0065185,0.00047122,-2,0,296
5.0561,5.0695,-0.0065185,0.00047122,-2,1,296
-1.0394,-1.0016,-0.0065185,0.00047122,-2,0,296
-1.0328,-0.99865,-0.0065185,0.00047122,-2,0,296
0.97279,-1.7886,-0.0065185,0.00047122,-2,0,296
0.82754,0.85594,3.9935,0.00047122,1,0,296
0.027365,0.040781,-0.0065185,0.00047122,-2,1,296
-2.9761,-2.9627,-0.0065185,0.00047122,-2,1,296
-1.979,-1.9656,-0.0065185,0.00047122,-2,0,296
0.30447,0.31789,-0.0065185,0.00047122,-2,1,296
0.70447,0.71789,-0.0065185,0.00047122,-2,0,296
-2.1455,0.86338,-0.0065185,0.00047122,-2,1,296
2.282,1.8454,-0.0065185,0.00047122,-2,0,296
1.3903,1.4038,-0.0065185,0.00047122,-2,1,296
0.70447,0.71789,-0.0065185,0.00047122,-2,1,296
-1.4405,-1.037,-0.0065185,0.00047122,-2,1,296
-1.9955,1.2461,-0.0065185,0.00047122,-2,0,296
1.0045,2.2869,-0.0065185,0.00047122,-2,1,296
-3.9955,-0.83211,-0.0065185,0.00047122,-2,0,296
1.0045,1.0179,-0.0065185,0.00047122,-2,0,296
-0.84553,2.9079,-2.0065,0.00047122,1,1,296
0.0044729,0.31489,-0.0065185,0.00047122,-2,1,296
1.0045,1.0179,-0.0065185,0.00047122,-2,1,296
-0.99553,-0.99578,-0.0065185,0.00047122,-2,1,296
1.0045,1.0179,-0.0065185,0.00047122,-2,1,296
1.1545,-0.67707,-0.0065185,0.00047122,-2,1,296
-1.1781,2.6777,-0.0065185,0.00047122,-2,0,297
-4.6955,-1.0915,-0.0065185,0.00047122,-2,0,297
-3.4405,-3.4271,-0.0065185,0.00047122,-2,1,297
-0.29553,0.18539,-0.0065185,0.00047122,-2,0,297
1.5595,1.5729,-0.0065185,0.00047122,-2,1,297
0.23272,0.58391,-0.0065185,0.00047122,-2,1,297
2.8545,2.7127,-0.0065185,0.00047122,-2,1,297
4.7045,2.1305,-0.0065185,0.00047122,-2,1,297
5.4495,-0.12229,-0.0065185,0.00047122,-2,1,297
-4.2238,-4.2104,-0.0065185,0.00047122,-2,0,297
2.0485,2.3629,-0.0065185,0.00047122,-2,1,297
2.8919,0.40465,-0.0065185,0.00047122,-2,1,297
2.4588,1.3241,-4.0065,0.00047122,1,0,297
-2.5505,2.104,-0.0065185,0.00047122,-2,0,297
3.7762,7.9079,-0.0065185,0.00047122,-2,1,297
-2.9515,-5.3286,-0.0065185,0.00047122,-2,0,297
2.1171,5.5059,-0.0065185,0.00047122,-2,1,297
-1.7498,0.79271,-0.0065185,0.00047122,-2,1,297
1.4956,-1.5085,-5.0065,0.00047122,1,1,297
4.727,2.1755,-0.0065185,0.00047122,-2,1,297
-3.6097,4.7204,-0.0065185,0.00047122,-2,0,297
2.5265,-0.50274,-0.0065185,0.00047122,-2,1,297
-1.4392,0.92792,-0.0065185,0.00047122,-2,0,297
1.2316,-1.3506,3.9935,0.00047122,1,1,297
-0.67495,-1.7996,-0.0065185,0.00047122,-2,1,297
0.73198,-1.2692,-0.0065185,0.00047122,-2,1,297
-0.14553,-3.4386,-0.0065185,0.00047122,-2,1,297
-1.718,-1.7046,-0.0065185,0.00047122,-2,0,297
-1.6097,1.366,-0.0065185,0.00047122,-2,1,297
1.1545,-1.3541,-0.0065185,0.00047122,-2,1,297
-0.97303,-0.95961,-4.0065,0.00047122,1,0,297
-2.3814,-2.368,-0.0065185,0.00047122,-2,1,297
-0.54553,-0.53211,-0.0065185,0.00047122,-2,1,297
0.83697,0.85039,-0.0065185,0.00047122,-2,1,297
1.8468,2.1059,-0.0065185,0.00047122,-2,0,297
-1.4295,-1.2073,-0.0065185,0.00047122,-2,0,297
0.33559,1.4102,-0.0065185,0.00047122,-2,0,297
0.13592,0.14934,-0.0065185,0.00047122,-2,0,297
1.0427,-0.22134,-0.0065185,0.00047122,-2,1,297
-0.87806,-0.75564,3.9935,0.00047122,1,0,297
2.3096,-4.077,-0.0065185,0.00047122,-2,0,297
4.5545,-0.87211,-0.0065185,0.00047122,-2,0,297
-4.163,-4.1496,-0.0065185,0.00047122,-2,0,297
3.5468,-0.37014,2.9935,0.00047122,1,0,297
3.5705,0.24307,-0.0065185,0.00047122,-2,1,297
-3.6955,-1.8002,-0.0065185,0.00047122,-2,0,297
-3.4405,-1.6851,-0.0065185,0.00047122,-2,0,297
-4.2238,-4.2104,-0.0065185,0.00047122,-2,0,297
-5.0395,-0.99578,-0.0065185,0.00047122,-2,0,297
-4.2829,-3.1997,-4.0065,0.00047122,1,0,297
-3.7498,-3.7364,-0.0065185,0.00047122,-2,0,297
0.36332,-2.7403,-0.0065185,0.00047122,-2,0,297
2.4595,3.1299,-0.0065185,0.00047122,-2,1,297
-5.5455,-2.0689,-0.0065185,0.00047122,-2,0,297
5.172,3.632,-0.0065185,0.00047122,-2,1,297
-1.8379,-1.8245,-0.0065185,0.00047122,-2,0,297
1.5705,2.304,3.9935,0.00047122,1,0,297
1.0045,4.4179,-0.0065185,0.00047122,-2,0,297
0.85447,-0.092111,-0.0065185,-2.9995,-1,0,297
0.0044729,2.1111,-0.0065185,0.00047122,-2,0,297
0.0044729,-0.070136,-0.0065185,2.0005,-1,1,297
2.0045,0.83536,-0.0065185,0.00047122,-2,0,297
1.0045,2.5265,-0.0065185,0.00047122,-2,0,297
0.85447,2.0535,3.9935,0.00047122,1,1,297
-2.718,-2.3003,-0.0065185,0.00047122,-2,0,297
2.6186,4.6079,-0.0065185,0.00047122,-2,1,297
1.5265,3.4744,-0.0065185,0.00047122,-2,1,297
3.4482,3.5509,-0.0065185,0.00047122,-2,1,297
4.3816,5.7927,-0.0065185,0.00047122,-2,1,297
3.7251,3.694,4.9935,0.00047122,1,1,297
-4.268,-4.6953,-0.0065185,0.00047122,-2,0,297
-3.2271,-3.3759,-0.0065185,0.00047122,-2,0,297
1.2013,3.8344,-0.0065185,0.00047122,-2,1,297
-0.82818,-0.19461,-0.0065185,0.00047122,-2,1,297
0.71223,-0.94642,-5.0065,0.00047122,1,0,297
1.8836,1.8123,-0.0065185,0.00047122,-2,0,297
3.9017,3.8432,-0.0065185,0.00047122,-2,1,297
-8.3955,-2.971,-0.0065185,0.00047122,-2,0,297
-7.8855,-1.6221,-0.0065185,0.00047122,-2,0,297
7.461,7.4744,-0.0065185,0.00047122,-2,1,297
-6.3336,-1.7089,-3.0065,0.00047122,1,0,297
5.7793,4.3427,-0.0065185,0.00047122,-2,1,297
-6.5041,-2.0197,-0.0065185,0.00047122,-2,0,297
5.5368,5.5502,1.9935,0.00047122,1,1,297
4.7069,2.1079,-0.0065185,1.0005,-1,1,297
4.0016,-0.055643,-0.0065185,-0.99953,-1,0,297
-4.6056,-3.2104,-0.0065185,0.00047122,-2,0,297
3.923,0.99539,2.9935,0.00047122,1,1,297
-5.4405,-3.4683,-0.0065185,0.00047122,-2,0,297
-3.2238,-1.5453,-0.0065185,0.00047122,-2,0,297
-6.0395,-2.8685,-0.0065185,0.00047122,-2,0,297
-4.8829,-4.8695,-0.0065185,0.00047122,-2,0,297
4.1588,4.3847,-2.0065,0.00047122,1,1,297
-3.6367,1.0767,-0.0065185,0.00047122,-2,0,297
3.5495,3.1129,-0.0065185,0.00047122,-2,1,297
-1.4588,-2.9953,-0.0065185,0.00047122,-2,0,297
1.2482,1.2616,4.9935,0.00047122,1,0,297
1.727,1.7404,-0.0065185,0.00047122,-2,1,297
-3.8455,-4.4446,-0.0065185,0.00047122,-2,0,297
-0.71803,0.10388,-0.0065185,0.00047122,-2,0,297
1.3903,-2.0765,-0.0065185,0.00047122,-2,0,297
0.48247,1.1959,-0.0065185,0.00047122,-2,0,297
3.4482,-0.38841,-0.0065185,0.00047122,-2,1,297
-2.9227,-2.4872,-3.0065,0.00047122,1,0,297
5.3251,2.8885,-0.0065185,0.00047122,-2,1,297
-4.268,-3.9497,-0.0065185,0.00047122,-2,0,297
1.2361,1.2495,-0.0065185,0.00047122,-2,1,297
-2.1924,-1.9587,-0.0065185,0.00047122,-2,0,297
1.8718,4.1852,-0.0065185,4.0005,-1,1,297
-1.5828,-2.1837,-4.0065,0.00047122,1,1,297
-0.22378,-2.3821,-0.0065185,0.00047122,-2,1,297
0.048485,3.0107,-0.0065185,0.00047122,-2,0,297
1.8919,3.4744,-0.0065185,0.00047122,-2,1,297
-0.14553,-0.13211,-0.0065185,0.00047122,-2,1,297
0.13197,-1.689,1.9935,0.00047122,1,1,297
-0.27303,2.2399,-0.0065185,0.00047122,-2,1,297
0.24035,-0.57711,1.9935,0.00047122,1,0,297
-0.51753,-1.2104,-0.0065185,0.00047122,-2,0,297
-1.4392,-2.0261,-0.0065185,0.00047122,-2,0,297
2.3816,-0.32295,-0.0065185,0.00047122,-2,1,297
1.3251,0.64663,-0.0065185,0.00047122,-2,1,297
1.732,-2.0683,-0.0065185,0.00047122,-2,0,297
-1.4639,-1.1371,2.9935,0.00047122,1,1,297
0.8076,-2.9953,-0.0065185,0.00047122,-2,0,297
1.1718,-1.0259,-0.0065185,0.00047122,-2,1,297
-2.1378,-1.1668,-0.0065185,0.00047122,-2,0,297
1.8254,1.5779,-4.0065,0.00047122,1,0,297
0.44947,-4.3821,-0.0065185,0.00047122,-2,0,297
2.2327,2.2461,-0.0065185,0.00047122,-2,0,297
1.0485,1.0619,-0.0065185,0.00047122,-2,0,297
0.89188,1.0538,-5.0065,0.00047122,1,0,297
3.2502,5.7927,-0.0065185,0.00047122,-2,1,297
-2.3544,-2.341,-0.0065185,0.00047122,-2,0,297
3.4595,5.3002,-0.0065185,0.00047122,-2,1,297
-4.5323,-4.5189,-0.0065185,0.00047122,-2,0,297
2.6107,3.9444,-0.0065185,0.00047122,-2,1,297
-2.6608,-1.5332,-0.0065185,0.00047122,-2,0,297
-2.711,-2.6976,-0.0065185,0.00047122,-2,0,297
-2.3037,-1.9078,3.9935,0.00047122,1,0,297
-2.79,3.6234,-0.0065185,0.00047122,-2,0,297
-4.8208,-4.8074,-0.0065185,0.00047122,-2,0,297
-3.847,-4.3315,-0.0065185,0.00047122,-2,0,297
-2.8693,-3.2791,-0.0065185,0.00047122,-2,0,297
2.4472,1.8364,-4.0065,0.00047122,1,1,297
2.9133,3.2325,-0.0065185,0.00047122,-2,1,297
-0.073046,0.20029,-0.0065185,0.00047122,-2,1,297
-1.9296,2.3194,-0.0065185,0.00047122,-2,0,297
1.6485,1.8497,-4.0065,0.00047122,1,1,297
2.9569,3.1299,-0.0065185,0.00047122,-2,1,297
0.96401,1.1131,-0.0065185,0.00047122,-2,1,297
-1.9611,-1.9477,-0.0065185,0.00047122,-2,0,297
-2.0248,-1.9133,-0.0065185,0.00047122,-2,1,297
2.0293,1.7342,-0.0065185,0.00047122,-2,1,297
-1.2955,-1.4735,-0.0065185,0.00047122,-2,1,297
-1.1005,1.3182,-2.0065,0.00047122,1,0,297
-0.82803,0.48964,-0.0065185,0.00047122,-2,1,297
2.1621,1.1229,-0.0065185,0.00047122,-2,1,297
1.4045,3.4289,-0.0065185,0.00047122,-2,1,297
1.8945,0.16026,-0.0065185,0.00047122,-2,1,297
0.54797,0.56139,-0.0065185,0.00047122,-2,0,297
-0.9075,1.3834,-0.0065185,0.00047122,-2,0,297
-3.5455,0.53521,-0.0065185,0.00047122,-2,0,297
5.172,3.0354,-0.0065185,0.00047122,-2,1,297
-4.8379,-3.4258,-0.0065185,0.00047122,-2,0,297
2.5705,2.5839,-0.0065185,0.00047122,-2,1,297
-3.3266,-2.3027,-0.0065185,0.00047122,-2,0,297
-4.127,-2.6796,-0.0065185,0.00047122,-2,0,297
1.9662,3.5296,-0.0065185,0.00047122,-2,1,297
-2.813,-1.6496,-0.0065185,0.00047122,-2,0,297
2.3993,2.4127,-3.0065,0.00047122,1,1,297
-3.5862,-3.1244,-0.0065185,0.00047122,-2,0,297
5.5065,5.5199,-0.0065185,0.00047122,-2,1,297
-3.4223,1.7575,-0.0065185,0.00047122,-2,0,297
-0.35824,-0.069465,-0.0065185,0.00047122,-2,0,297
-1.3038,-2.2239,-0.0065185,0.00047122,-2,0,297
-4.5455,-4.5321,-0.0065185,0.00047122,-2,0,298
2.7045,0.90042,-0.0065185,0.00047122,-2,0,298
-0.14553,-0.49456,-0.0065185,0.00047122,-2,1,298
1.1545,0.8598,-0.0065185,0.00047122,-2,1,298
-1.273,-1.2596,-0.0065185,0.00047122,-2,0,298
1.3903,-1.023,-0.0065185,0.00047122,-2,0,298
-1.2955,1.0067,-0.0065185,0.00047122,-2,1,298
0.55447,0.56789,-0.0065185,0.00047122,-2,1,298
-0.69553,-0.68211,-0.0065185,0.00047122,-2,0,298
1.1545,-1.0549,-0.0065185,0.00047122,-2,1,298
-0.27303,-0.95961,-0.0065185,0.00047122,-2,1,298
1.8545,1.8679,-0.0065185,0.00047122,-2,1,298
1.577,0.97791,-4.0065,0.00047122,1,1,298
-0.27303,-2.6596,-0.0065185,0.00047122,-2,0,298
-4.8455,-6.8721,-0.0065185,0.00047122,-2,0,298
-4.718,-2.6033,-0.0065185,0.00047122,-2,1,298
-6.3955,-0.73626,-0.0065185,0.00047122,-2,0,298
-6.5455,-5.4221,-0.0065185,0.00047122,-2,0,298
-5.563,-5.5496,1.9935,0.00047122,1,0,298
-5.8379,-0.12449,-0.0065185,0.00047122,-2,0,298
-4.5615,-3.7027,-0.0065185,0.00047122,-2,0,298
3.3356,2.8404,-0.0065185,0.00047122,-2,1,298
-3.127,-2.8136,-0.0065185,0.00047122,-2,0,298
-2.6573,-2.6438,-3.0065,0.00047122,1,0,298
-3.813,-2.6995,-0.0065185,0.00047122,-2,0,298
-3.2404,-3.227,2.9935,0.00047122,1,0,298
-4.5862,2.447,-0.0065185,0.00047122,-2,0,298
-4.4976,-4.0849,-0.0065185,0.00047122,-2,0,298
-1.4223,-1.0695,-0.0065185,0.00047122,-2,1,298
-0.84553,-1.1948,-0.0065185,0.00047122,-2,1,298
-0.71803,-0.70461,-4.0065,0.00047122,1,1,298
-2.6097,-2.5962,-0.0065185,0.00047122,-2,0,298
2.2265,3.2265,-2.0065,0.00047122,1,1,298
-2.4405,0.27289,-0.0065185,0.00047122,-2,0,298
-5.2238,-5.2104,-0.0065185,0.00047122,-2,0,298
-4.0395,-4.0261,-0.0065185,0.00047122,-2,0,298
-1.8829,-1.8695,-0.0065185,0.00047122,-2,0,298
-5.7498,-5.7364,-0.0065185,0.00047122,-2,0,298
-3.6367,-1.5158,-0.0065185,0.00047122,-2,0,298
-3.0905,-3.0771,3.9935,0.00047122,1,0,298
-5.4588,-5.4453,-0.0065185,0.00047122,-2,0,298
3.3982,-2.4784,-0.0065185,0.00047122,-2,1,298
-1.3302,-1.5511,-0.0065185,0.00047122,-2,0,298
-1.13,-2.4341,1.9935,0.00047122,1,0,298
-2.2373,-2.2239,-0.0065185,0.00047122,-2,0,298
-0.20107,-0.18765,-0.0065185,0.00047122,-2,1,298
1.0045,-0.21036,-0.0065185,0.00047122,-2,1,298
-0.84553,-0.23456,-0.0065185,0.00047122,-2,1,298
0.0044729,0.017889,-0.0065185,0.00047122,-2,0,298
0.0044729,-0.59624,-3.0065,0.00047122,1,0,298
2.0045,3.0899,-0.0065185,0.00047122,-2,1,298
1.0045,1.0179,-0.0065185,0.00047122,-2,1,298
-4.8455,-0.45496,-0.0065185,0.00047122,-2,0,298
-4.718,-4.7046,-0.0065185,0.00047122,-2,0,298
3.6186,1.9739,-0.0065185,0.00047122,-2,1,298
5.5265,1.587,-0.0065185,0.00047122,-2,1,298
-4.6892,-4.6758,-3.0065,0.00047122,1,0,298
0.38162,1.9267,-0.0065185,0.00047122,-2,1,298
2.3251,2.3385,-0.0065185,0.00047122,-2,1,298
-0.72304,-0.44535,-0.0065185,0.00047122,-2,0,298
1.8545,-0.21373,-0.0065185,0.00047122,-2,1,298
-1.718,-0.83211,-0.0065185,0.00047122,-2,0,298
0.39035,0.40376,-0.0065185,0.00047122,-2,1,298
0.33247,0.86789,4.9935,0.00047122,1,1,298
3.727,3.7404,-0.0065185,0.00047122,-2,1,298
2.6186,2.632,-0.0065185,0.00047122,-2,1,298
-3.5175,-2.5384,-0.0065185,0.00047122,-2,0,298
1.4482,2.2508,-0.0065185,0.00047122,-2,0,298
0.85447,2.2364,-0.0065185,0.00047122,-2,1,298
-0.71803,-0.70461,2.9935,0.00047122,1,0,298
0.0044729,-2.5321,-0.0065185,0.00047122,-2,1,298
-0.99553,-0.98211,-0.0065185,0.00047122,-2,0,298
-3.8455,0.21476,-0.0065185,0.00047122,-2,0,298
5.727,2.5679,-0.0065185,0.00047122,-2,1,298
-4.8597,-4.2321,-5.0065,0.00047122,1,0,298
-0.47352,4.2679,-0.0065185,0.00047122,-2,0,298
4.8545,-4.0383,-0.0065185,0.00047122,-2,1,298
0.72697,-3.0527,-0.0065185,0.00047122,-2,0,298
-3.9955,3.522,-0.0065185,0.00047122,-2,0,298
3.0045,0.96139,-0.0065185,0.00047122,-2,1,298
-2.5455,-0.44409,-5.0065,0.00047122,1,0,298
-3.9955,-2.2073,-0.0065185,0.00047122,-2,0,298
-3.9955,-3.5946,-0.0065185,0.00047122,-2,0,298
3.0045,1.7356,-0.0065185,0.00047122,-2,1,298
-4.9955,-1.7821,-0.0065185,0.00047122,-2,0,298
-4.9955,-4.0556,-0.0065185,0.00047122,-2,0,298
-4.9955,-3.5946,-0.0065185,0.00047122,-2,0,298
-4.2455,-4.2321,-5.0065,0.00047122,1,0,298
3.0045,3.6989,-0.0065185,0.00047122,-2,0,298
-5.5455,-2.5321,-0.0065185,0.00047122,-2,0,298
-6.5455,-3.9821,-0.0065185,0.00047122,-2,0,298
1.172,4.7954,-0.0065185,0.00047122,-2,0,298
-0.9879,0.86789,4.9935,0.00047122,1,1,298
-1.718,-2.3464,-0.0065185,0.00047122,-2,0,298
0.39035,2.6208,-0.0065185,0.00047122,-2,1,298
1.1545,2.7404,-0.0065185,0.00047122,-2,1,298
0.98197,-0.26091,2.9935,0.00047122,1,0,298
-0.3814,-0.81299,-0.0065185,0.00047122,-2,0,298
-5.8455,-6.2104,-0.0065185,0.00047122,-2,0,298
5.727,5.7404,-0.0065185,0.00047122,-2,1,298
4.8686,2.4713,2.9935,0.00047122,1,1,298
0.52648,3.0899,-0.0065185,0.00047122,-2,1,298
0.56077,0.37673,-0.0065185,0.00047122,-2,1,298
-0.46838,0.39504,-5.0065,0.00047122,1,1,298
-0.3161,4.9904,-0.0065185,0.00047122,-2,1,298
3.0045,-0.32375,-0.0065185,0.00047122,-2,0,298
2.0045,2.0179,-0.0065185,0.00047122,-2,0,298
2.0045,1.5742,-0.0065185,0.00047122,-2,1,298
5.7045,1.8603,-0.0065185,0.00047122,-2,1,298
4.8495,4.8629,4.9935,0.00047122,1,1,298
1.2327,1.2461,-0.0065185,0.00047122,-2,1,298
3.0485,4.6744,-0.0065185,0.00047122,-2,1,298
2.8919,2.9796,-0.0065185,0.00047122,-2,1,298
1.7588,1.7722,-0.0065185,0.00047122,-2,1,298
-1.4867,-1.9052,3.9935,0.00047122,1,0,298
-1.4505,-1.4371,-0.0065185,0.00047122,-2,0,298
2.7045,1.2159,-0.0065185,0.00047122,-2,1,298
-3.4405,-4.4386,-0.0065185,0.00047122,-2,0,298
-0.22378,-1.9329,-0.0065185,0.00047122,-2,1,298
2.1545,2.1679,-0.0065185,0.00047122,-2,0,298
3.727,2.4959,-0.0065185,0.00047122,-2,1,298
1.3903,1.4038,-0.0065185,0.00047122,-2,1,298
-1.1735,-2.0593,-3.0065,0.00047122,1,1,298
3.5608,6.5679,-0.0065185,0.00047122,-2,1,298
0.40447,0.41789,-0.0065185,0.00047122,-2,1,298
-1.8855,0.34852,-0.0065185,0.00047122,-2,1,298
1.611,1.6244,-5.0065,0.00047122,1,1,298
3.0925,3.1059,-0.0065185,0.00047122,-2,1,298
-4.7703,0.63039,-0.0065185,0.00047122,-2,0,298
-4.0541,2.9676,-4.0065,0.00047122,1,0,298
-3.4453,-0.77208,-5.0065,0.00047122,1,1,298
2.8468,3.9979,-0.0065185,0.00047122,-2,1,298
-2.8455,-2.8321,-0.0065185,0.00047122,-2,0,298
1.727,1.8054,-0.0065185,0.00047122,-2,1,298
-3.6097,-3.2063,-0.0065185,0.00047122,-2,0,298
-2.5175,-3.0541,-0.0065185,0.00047122,-2,0,298
1.4482,1.5015,-0.0065185,0.00047122,-2,1,298
-1.6184,-1.571,-0.0065185,0.00047122,-2,1,298
1.3839,-1.5309,-3.0065,0.00047122,1,0,298
0.27696,2.8649,-0.0065185,0.00047122,-2,0,298
4.0045,6.1854,-0.0065185,0.00047122,-2,1,298
-5.3955,-0.17899,-0.0065185,0.00047122,-2,0,298
3.8945,4.6079,-0.0065185,0.00047122,-2,1,298
-3.302,-3.2886,3.9935,0.00047122,1,0,298
-5.0836,-5.0701,-0.0065185,0.00047122,-2,0,298
5.7793,-1.0973,-0.0065185,0.00047122,-2,1,298
5.5131,5.5265,-0.0065185,0.00047122,-2,1,298
-4.6778,-4.1544,3.9935,0.00047122,1,0,298
6.0944,-2.2921,-0.0065185,0.00047122,-2,1,298
4.9309,4.9444,-0.0065185,0.00047122,-2,1,298
5.792,5.8054,-0.0065185,0.00047122,-2,1,298
-4.6649,-4.0209,-0.0065185,0.00047122,-2,0,298
5.5734,5.5869,-0.0065185,0.00047122,-2,1,298
-2.4791,-2.2286,-0.0065185,0.00047122,-2,1,298
2.1156,2.129,2.9935,0.00047122,1,1,298
-4.3449,-6.5321,-0.0065185,0.00047122,-2,0,298
-5.2925,-3.5121,-0.0065185,0.00047122,-2,1,298
-5.2455,-2.1402,-0.0065185,0.00047122,-2,0,298
3.8545,3.845,-0.0065185,0.00047122,-2,1,298
-4.718,-2.7145,-0.0065185,0.00047122,-2,0,298
-4.0097,0.86285,-0.0065185,1.0005,-1,0,298
3.5265,3.0397,-0.0065185,0.00047122,-2,1,298
-4.4392,-4.4258,-0.0065185,0.00047122,-2,0,298
-3.3727,-2.5268,-0.0065185,0.00047122,-2,1,298
-2.5455,-2.5321,-0.0065185,0.00047122,-2,0,298
-1.9955,-1.9821,-0.0065185,0.00047122,-2,0,298
1.0045,1.0764,-0.0065185,0.00047122,-2,1,298
-2.9955,-2.9324,-0.0065185,0.00047122,-2,0,298
3.5545,0.056157,-0.0065185,0.00047122,-2,1,298
3.022,2.1854,-2.0065,0.00047122,1,0,298
1.727,1.0179,-0.0065185,0.00047122,-2,1,298
-4.8455,0.61289,-0.0065185,0.00047122,-2,0,298
4.727,3.5159,-0.0065185,0.00047122,-2,1,298
-2.6097,-2.5962,-0.0065185,0.00047122,-2,0,298
2.5265,2.1117,-0.0065185,0.00047122,-2,1,298
-6.8855,-2.0701,-0.0065185,0.00047122,-2,0,299
-4.452,-1.9821,-0.0065185,0.00047122,-2,0,299
7.0925,2.9079,-0.0065185,0.00047122,-2,1,299
5.7793,4.0179,-0.0065185,0.00047122,-2,1,299
4.5131,4.5265,-0.0065185,0.00047122,-2,1,299
5.2868,5.3002,-0.0065185,0.00047122,-2,1,299
-5.0855,-2.5921,-0.0065185,0.00047122,-2,0,299
3.9309,3.9444,-0.0065185,0.00047122,-2,1,299
-2.783,-1.9821,-0.0065185,0.00047122,-2,0,299
0.67385,2.4744,-0.0065185,0.00047122,-2,1,299
1.5734,0.58686,-0.0065185,0.00047122,-2,1,299
2.4881,2.5015,-0.0065185,0.00047122,-2,1,299
2.1156,0.74039,4.9935,0.00047122,1,1,299
0.65506,-4.2321,-0.0065185,0.00047122,-2,0,299
-2.2925,-1.9821,-0.0065185,0.00047122,-2,0,299
-1.948,-4.9821,-0.0065185,-4.9995,-1,0,299
4.2191,4.2325,-0.0065185,0.00047122,-2,1,299
2.1869,-0.50412,-0.0065185,0.00047122,-2,1,299
-1.8506,-1.6821,-5.0065,0.00047122,1,0,299
0.13626,0.14967,-0.0065185,0.00047122,-2,1,299
0.11649,3.7424,-0.0065185,0.00047122,-2,1,299
0.099686,4.0179,-0.0065185,4.0005,-1,1,299
1.0854,1.0179,-0.0065185,0.00047122,-2,1,299
0.92326,0.08668,4.9935,0.00047122,1,1,299
1.0629,4.3264,-0.0065185,0.00047122,-2,1,299
-4.0452,-0.83211,-0.0065185,0.00047122,-2,0,299
2.0467,3.4601,-0.0065185,0.00047122,-2,1,299
3.0404,3.0179,-0.0065185,0.00047122,-2,1,299
-2.0261,-1.4271,-0.0065185,0.00047122,-2,0,299
1.0304,1.0438,-0.0065185,0.00047122,-2,1,299
0.87653,1.4629,4.9935,0.00047122,1,1,299
2.9857,-4.2321,-0.0065185,0.00047122,-2,0,299
-1.9796,-1.9662,-0.0065185,0.00047122,-2,1,299
-3.982,-2.1496,-0.0065185,0.00047122,-2,0,299
-2.3955,-1.813,-0.0065185,0.00047122,-2,1,299
2.1545,2.0579,-0.0065185,0.00047122,-2,1,299
-2.5455,-2.5238,-0.0065185,0.00047122,-2,0,299
-2.163,-2.1496,-0.0065185,0.00047122,-2,1,299
-2.9955,-2.9821,-0.0065185,0.00047122,-2,0,299
-2.5455,-2.5321,1.9935,0.00047122,1,0,299
-7.163,-0.44961,-0.0065185,0.00047122,-2,0,299
-4.8379,-4.0721,-0.0065185,0.00047122,-2,0,299
-5.5615,-4.9086,-0.0065185,0.00047122,-2,0,299
4.7356,3.876,-4.0065,0.00047122,1,1,299
-3.127,-3.1136,-0.0065185,0.00047122,-2,0,299
-1.9573,2.3389,-0.0065185,0.00047122,-2,0,299
-1.813,-1.6496,-0.0065185,0.00047122,-2,0,299
3.6993,3.429,-0.0065185,0.00047122,-2,1,299
4.5951,4.3673,-0.0065185,0.00047122,-2,1,299
-3.8976,-0.89324,-4.0065,0.00047122,1,1,299
0.11447,-3.8088,-0.0065185,0.00047122,-2,0,299
-0.54553,-0.53211,-0.0065185,0.00047122,-2,1,299
0.17197,-2.2904,-0.0065185,0.00047122,-2,0,299
-2.1532,-0.56475,-0.0065185,0.00047122,-2,0,299
-3.4295,-5.2049,-0.0065185,0.00047122,-2,1,299
0.25447,1.5768,-0.0065185,0.00047122,-2,1,299
-0.20803,-2.4632,2.9935,0.00047122,1,0,299
-0.88553,-3.4938,-0.0065185,0.00047122,-2,1,299
0.54797,2.2004,-0.0065185,0.00047122,-2,1,299
2.0925,0.66091,-0.0065185,0.00047122,-2,0,299
-0.77035,-0.57273,-0.0065185,0.00047122,-2,1,299
-0.48693,-0.33008,-0.0065185,0.00047122,-2,0,299
0.28678,-0.3998,-0.0065185,0.00047122,-2,0,299
0.24444,0.25785,3.9935,0.00047122,1,0,299
-1.0691,4.3444,-0.0065185,0.00047122,-2,0,299
-1.208,-1.1946,-0.0065185,0.00047122,-2,0,299
-2.3262,-0.75774,-0.0065185,0.00047122,-2,0,299
1.5734,1.5869,-0.0065185,0.00047122,-2,0,299
0.48809,0.17883,-0.0065185,0.00047122,-2,0,299
0.41555,-1.4134,2.9935,0.00047122,1,0,299
-0.64611,2.9173,-0.0065185,0.00047122,-2,0,299
3.7075,0.76905,-0.0065185,0.00047122,-2,1,299
0.25693,0.27034,-0.0065185,0.00047122,-2,0,299
0.21906,-2.8007,-0.0065185,0.00047122,-2,1,299
0.18687,0.20029,-4.0065,0.00047122,1,0,299
1.8494,5.4179,-0.0065185,0.00047122,-2,0,299
-0.69553,-1.5503,-0.0065185,0.00047122,-2,0,299
1.1545,1.1679,-0.0065185,0.00047122,-2,0,299
3.7045,3.7179,-0.0065185,0.00047122,-2,0,299
-3.4405,-3.0721,-0.0065185,0.00047122,-2,1,299
-2.9238,-0.83979,-4.0065,0.00047122,1,1,299
3.0485,4.4619,-0.0065185,0.00047122,-2,1,299
1.7045,2.9079,-0.0065185,0.00047122,-2,1,299
0.55947,0.57289,-0.0065185,0.00047122,-2,0,299
0.77622,0.78964,-0.0065185,0.00047122,-2,1,299
-1.2955,-1.2821,-0.0065185,0.00047122,-2,0,299
0.55447,-0.47351,-0.0065185,0.00047122,-2,1,299
-0.46303,-1.5614,-3.0065,0.00047122,1,1,299
-1.5505,-4.3745,-0.0065185,0.00047122,-2,1,299
-2.7673,-6.1496,-0.0065185,0.00047122,-2,1,299
1.9605,4.0278,-0.0065185,0.00047122,-2,0,299
-1.6581,-2.6871,4.9935,0.00047122,1,1,299
2.2502,-2.901,-0.0065185,0.00047122,-2,0,299
2.3633,4.1493,-0.0065185,0.00047122,-2,0,299
1.4595,2.9796,-0.0065185,0.00047122,-2,0,299
-1.2323,-2.642,-4.0065,0.00047122,1,1,299
-2.6018,-3.677,-0.0065185,0.00047122,-2,1,299
2.2198,3.4985,2.9935,0.00047122,1,0,299
2.72,3.5199,-0.0065185,0.00047122,-2,0,299
2.3127,3.4446,-0.0065185,3.0005,-1,0,299
-2.79,-1.8604,-0.0065185,0.00047122,-2,1,299
-1.8208,-2.0126,-0.0065185,0.00047122,-2,0,299
1.556,2.4475,-4.0065,0.00047122,1,0,299
-0.8693,2.4179,-0.0065185,0.00047122,-2,0,299
2.8545,1.0572,-0.0065185,0.00047122,-2,1,299
3.727,3.7404,-0.0065185,0.00047122,-2,1,299
-3.6097,-3.8695,-0.0065185,0.00047122,-2,0,299
-1.5175,-1.9647,-0.0065185,0.00047122,-2,0,299
-1.2892,-1.4733,3.9935,0.00047122,1,0,299
0.62732,0.47291,-0.0065185,0.00047122,-2,0,299
-0.67495,-0.66153,-0.0065185,0.00047122,-2,0,299
-0.57304,2.1679,-0.0065185,3.0005,-1,1,299
0.77286,-0.44409,-0.0065185,0.00047122,-2,0,299
0.6576,0.58341,1.9935,0.00047122,1,1,299
0.28197,1.1378,-0.0065185,0.00047122,-2,0,299
-1.3814,-0.53711,-0.0065185,0.00047122,-2,0,299
-0.69553,-0.68211,-0.0065185,0.00047122,-2,1,299
1.8545,1.8679,-0.0065185,0.00047122,-2,1,299
-0.27303,0.21838,-0.0065185,0.00047122,-2,1,299
3.3903,0.54731,-0.0065185,0.00047122,-2,0,299
-1.4735,-1.4601,-0.0065185,0.00047122,-2,1,299
-1.2518,-2.4284,3.9935,0.00047122,1,1,299
1.6273,-3.579,-0.0065185,0.00047122,-2,0,299
-1.3749,0.33847,-0.0065185,0.00047122,-1,1,299
-2.723,-1.2849,-0.0065185,0.00047122,-2,1,299
2.3229,2.447,1.9935,0.00047122,1,0,299
-2.7987,-1.5793,-0.0065185,0.00047122,-2,0,299
0.45447,1.5729,-0.0065185,0.00047122,-2,1,299
-0.54553,-0.36461,-0.0065185,0.00047122,-2,1,299
0.47197,-1.5612,3.9935,0.00047122,1,0,299
-2.5505,-1.8161,-0.0065185,0.00047122,-2,0,299
-1.3955,-0.87211,-0.0065185,0.00047122,-2,0,299
1.1145,1.5614,-0.0065185,0.00047122,-2,0,299
1.461,1.587,-0.0065185,0.00047122,-2,1,299
-2.0836,-0.90693,-0.0065185,0.00047122,-2,0,299
0.22965,0.50929,-0.0065185,0.00047122,-2,0,299
1.5131,1.5265,-0.0065185,0.00047122,-2,1,299
1.2868,1.1079,-4.0065,0.00047122,1,1,299
3.0944,3.1079,-0.0065185,0.00047122,-2,1,299
-1.922,2.1204,-0.0065185,0.00047122,-2,0,299
-2.783,-2.6515,-0.0065185,0.00047122,-2,0,299
-2.6649,-2.5511,-0.0065185,0.00047122,-2,0,299
2.2734,1.201,-4.0065,0.00047122,1,1,299
4.4881,4.5015,-0.0065185,0.00047122,-2,1,299
3.4156,3.429,-0.0065185,0.00047122,-2,1,299
2.3539,2.3149,-0.0065185,0.00047122,-2,1,299
-1.9925,1.8535,-3.0065,0.00047122,1,0,299
-0.74307,-0.72966,-0.0065185,0.00047122,-2,1,299
0.21906,2.4,-0.0065185,0.00047122,-2,1,299
-0.81313,-0.82707,-0.0065185,0.00047122,-2,1,299
-1.1506,-0.11389,-0.0065185,0.00047122,-2,0,299
-4.1273,-4.0941,-0.0065185,0.00047122,-2,0,299
4.1165,0.8356,-0.0065185,0.00047122,-2,1,299
3.4997,3.5131,4.9935,0.00047122,1,1,299
-3.0765,-3.0509,-0.0065185,0.00047122,-2,0,299
-3.0643,-3.0406,-0.0065185,0.00047122,-2,0,299
4.0629,4.0764,-0.0065185,0.00047122,-2,1,299
4.0542,2.6702,-0.0065185,0.00047122,-2,1,299
-2.0378,-3.418,-0.0065185,0.00047122,-2,0,299
1.0404,1.0538,-0.0065185,0.00047122,-2,1,299
-3.0261,-3.0081,-0.0065185,0.00047122,-2,0,299
0.030418,0.043833,-0.0065185,0.00047122,-2,1,299
-1.9735,1.0806,-0.0065185,0.00047122,-2,1,299
-1.9768,-1.6634,-0.0065185,0.00047122,-2,1,299
-3.9796,-1.6662,-0.0065185,0.00047122,-2,1,299
-1.982,-1.9706,-0.0065185,0.00047122,-2,1,299
-0.98402,-0.97233,-0.0065185,0.00047122,-2,1,299
-0.98574,-0.97233,-0.0065185,0.00047122,-2,1,299
-0.83721,-2.0618,3.9935,0.00047122,1,1,299
0.9974,1.0119,-0.0065185,0.00047122,-2,0,299
-3.9895,-3.9761,-0.0065185,0.00047122,-2,1,299
-1.9904,2.4795,-0.0065185,0.00047122,-2,1,299
2.0001,1.7142,-0.0065185,0.00047122,-2,0,299
3.0008,3.0148,-0.0065185,0.00047122,-2,0,299
-0.55053,-0.53711,-0.0065185,0.00047122,-2,0,300
-1.6955,-1.4271,-0.0065185,0.00047122,-2,1,300
2.0045,-2.7094,-0.0065185,0.00047122,-2,1,300
1.0045,1.7179,-0.0065185,0.00047122,-2,1,300
-0.99553,0.86789,-0.0065185,0.00047122,-2,0,300
1.1545,1.1679,-0.0065185,0.00047122,-2,0,300
1.727,1.4098,-0.0065185,0.00047122,-2,1,300
-1.3814,-1.368,-0.0065185,0.00047122,-2,0,300
1.7045,2.1616,-0.0065185,0.00047122,-2,0,300
1.0045,1.0179,-0.0065185,0.00047122,-2,1,300
-1.9955,-1.6615,-0.0065185,0.00047122,-2,0,300
0.0044729,0.29038,-0.0065185,0.00047122,-2,1,300
0.0044729,-0.35926,-4.0065,0.00047122,1,1,300
0.0044729,-0.30269,-0.0065185,0.00047122,-2,0,300
-3.9955,0.017889,-0.0065185,0.00047122,-2,0,300
0.40447,0.41789,-0.0065185,0.00047122,-2,1,300
0.11447,3.0179,-0.0065185,0.00047122,-2,0,300
-1.539,0.69957,-0.0065185,0.00047122,-2,0,300
1.3164,3.4179,4.9935,0.00047122,1,1,300
-2.8855,-1.2644,-0.0065185,0.00047122,-2,0,300
0.46097,0.47439,-0.0065185,0.00047122,-2,0,300
1.3045,1.3179,-0.0065185,0.00047122,-2,1,300
-1.5455,-5.1421,-0.0065185,0.00047122,-2,0,300
1.322,1.3354,-4.0065,0.00047122,1,0,300
1.282,1.2954,-0.0065185,0.00047122,-2,1,300
2.7045,2.7179,-0.0065185,0.00047122,-2,1,300
-0.44053,1.0294,-0.0065185,0.00047122,-2,0,300
2.2327,0.39614,-0.0065185,0.00047122,-2,1,300
-1.0395,-0.27912,-0.0065185,0.00047122,-2,0,300
0.11706,-0.95706,-0.0065185,0.00047122,-2,0,300
0.10017,0.6533,-5.0065,0.00047122,1,0,300
-2.3544,-2.341,-0.0065185,0.00047122,-2,0,300
0.55447,-5.5946,-0.0065185,0.00047122,-2,1,300
-0.82803,2.0536,-0.0065185,0.00047122,-2,1,300
1.1621,0.72551,-0.0065185,0.00047122,-2,1,300
-1.4455,-1.8146,-0.0065185,0.00047122,-2,1,300
0.83697,-3.7102,-0.0065185,0.00047122,-2,0,300
-2.1532,-0.96609,-0.0065185,0.00047122,-2,0,300
-6.3955,-5.1496,-0.0065185,0.00047122,-2,0,300
5.4445,1.5768,2.9935,0.00047122,1,1,300
7.461,6.5839,-0.0065185,0.00047122,-2,1,300
-6.0836,-3.4807,-0.0065185,0.00047122,-2,0,300
-4.7703,-4.1136,-0.0065185,0.00047122,-2,0,300
4.0631,4.4165,2.9935,0.00047122,1,1,300
-4.2778,-3.3496,-0.0065185,0.00047122,-2,0,300
-3.0855,-2.677,-0.0065185,0.00047122,-2,0,300
-1.922,-1.5727,-0.0065185,0.00047122,-2,0,300
2.792,2.8054,-0.0065185,0.00047122,-2,1,300
-1.6649,-1.4088,-0.0065185,0.00047122,-2,0,300
1.4234,1.7117,-4.0065,0.00047122,1,1,300
4.4881,4.3262,-0.0065185,0.00047122,-2,1,300
2.4156,2.28,-0.0065185,0.00047122,-2,1,300
-3.3449,2.2516,-0.0065185,0.00047122,-2,0,300
2.3015,2.7572,-0.0065185,0.00047122,-2,1,300
1.2569,1.2703,-0.0065185,0.00047122,-2,1,300
-0.21011,-1.5639,-0.0065185,0.00047122,-2,0,300
0.18687,0.13417,-4.0065,0.00047122,1,1,300
3.1595,3.1729,-0.0065185,0.00047122,-2,1,300
0.13626,0.1019,-0.0065185,0.00047122,-2,1,300
0.11649,0.1299,-0.0065185,0.00047122,-2,1,300
1.0997,1.0786,-0.0065185,0.00047122,-2,1,300
-3.9146,-3.9305,-0.0065185,0.00047122,-2,0,300
7.4045,5.5265,-0.0065185,0.00047122,-2,1,300
-6.2855,-1.2059,3.9935,0.00047122,1,0,300
-4.452,-4.4386,-0.0065185,0.00047122,-2,0,300
3.0925,-1.9456,-0.0065185,0.00047122,-2,1,300
-1.7703,-1.7569,-0.0065185,0.00047122,-2,0,300
-1.5041,-1.4907,-0.0065185,0.00047122,-2,0,300
3.2868,2.5869,-0.0065185,0.00047122,-2,1,300
-2.7855,-0.98774,2.9935,0.00047122,1,0,300
-2.922,1.6414,-0.0065185,0.00047122,-2,0,300
-3.783,-2.0315,-0.0065185,0.00047122,-2,0,300
-4.6649,-3.2015,-0.0065185,0.00047122,-2,0,300
-2.5645,-3.9511,-0.0065185,0.00047122,-2,0,300
-2.1791,-2.1657,-5.0065,0.00047122,1,0,300
5.4156,5.2003,-0.0065185,0.00047122,-2,1,300
-4.3449,-3.7496,-0.0065185,0.00047122,-2,0,300
-2.2925,-2.1139,-0.0065185,0.00047122,-2,0,300
0.25693,3.0199,-0.0065185,0.00047122,-2,1,300
1.7899,-0.077324,-0.0065185,0.00047122,-2,0,300
1.5221,1.5355,3.9935,0.00047122,1,1,300
-5.4405,-1.3583,-0.0065185,0.00047122,-2,0,300
4.2327,6.3079,-0.0065185,0.00047122,-2,1,300
-5.0395,-3.5761,-0.0065185,0.00047122,-2,0,300
-4.8829,-4.8695,-0.0065185,0.00047122,-2,0,300
-4.7498,-4.7364,-0.0065185,0.00047122,-2,0,300
-3.6367,-3.6233,-0.0065185,0.00047122,-2,0,300
3.0995,2.6509,-4.0065,0.00047122,1,1,300
-5.4588,2.9547,-0.0065185,0.00047122,-2,0,300
3.3982,4.6616,-0.0065185,0.00047122,-2,1,300
5.3392,5.8054,-0.0065185,0.00047122,-2,1,300
-5.28,-2.4341,-0.0065185,0.00047122,-2,0,300
4.4963,4.5097,2.9935,0.00047122,1,1,300
3.21,3.2234,-0.0065185,0.00047122,-2,1,300
-4.1702,-2.3243,-0.0065185,0.00047122,-2,0,300
3.153,3.3673,-0.0065185,0.00047122,-2,1,300
2.6807,3.0341,-4.0065,0.00047122,1,1,300
-0.88823,-3.1297,-0.0065185,0.00047122,-2,1,300
0.095672,-0.61753,-0.0065185,0.00047122,-2,1,300
-1.918,-1.7997,-0.0065185,0.00047122,-2,0,300
-1.6955,-1.6821,-0.0065185,0.00047122,-2,0,300
1.5595,3.0179,-0.0065185,0.00047122,-2,0,300
-0.76728,-0.029718,-0.0065185,0.00047122,-2,1,300
0.66046,0.67388,3.9935,0.00047122,1,0,300
-1.8829,2.5305,-0.0065185,0.00047122,-2,0,300
-2.7498,-0.83211,-0.0065185,0.00047122,-2,0,300
-3.6367,-3.6233,-0.0065185,0.00047122,-2,0,300
0.54945,1.4629,-0.0065185,0.00047122,-2,1,300
-1.5323,-1.9821,-0.0065185,0.00047122,-2,1,300
1.3107,-0.37586,2.9935,0.00047122,1,1,300
-1.5505,-0.43211,-0.0065185,0.00047122,-2,1,300
-1.7673,-2.9821,-0.0065185,0.00047122,-2,0,300
0.45447,-0.68974,-0.0065185,0.00047122,-2,0,300
-2.163,0.40039,-0.0065185,0.00047122,-2,0,300
1.8468,0.017889,-3.0065,0.00047122,1,1,300
-4.5615,-4.5481,-0.0065185,0.00047122,-2,0,300
-5.3266,2.1854,-0.0065185,0.00047122,-2,0,300
-4.127,-4.5136,-0.0065185,0.00047122,-2,0,300
-2.9573,-2.5321,-0.0065185,0.00047122,-2,0,300
5.8219,1.7179,-0.0065185,0.00047122,-2,1,300
-2.6904,-2.677,-0.0065185,0.00047122,-2,0,300
-4.5862,-3.5946,-0.0065185,0.00047122,-2,0,300
-3.8976,-3.8841,-3.0065,0.00047122,1,0,300
5.4312,5.0179,-0.0065185,0.00047122,-2,1,300
-3.3582,-2.1496,-0.0065185,0.00047122,-2,0,300
-1.3038,-2.8404,-0.0065185,0.00047122,-2,0,300
-1.1076,-0.83211,-5.0065,0.00047122,1,0,300
0.22723,4.2679,-0.0065185,0.00047122,-2,1,300
-0.18487,0.017889,-0.0065185,0.00047122,-2,1,300
2.0045,2.0179,-0.0065185,0.00047122,-2,0,300
-1.6955,-0.11891,-4.0065,0.00047122,1,1,300
-3.9955,-3.9821,-0.0065185,0.00047122,-2,0,300
-5.3955,-5.3821,-0.0065185,0.00047122,-2,0,300
-5.8855,-2.8721,-0.0065185,0.00047122,-2,1,300
-5.5455,-2.9821,-0.0065185,0.00047122,-2,0,300
-5.5455,-4.7569,-0.0065185,0.00047122,-2,0,300
-5.163,-3.992,-0.0065185,0.00047122,-2,0,300
-4.8379,-4.3745,-0.0065185,0.00047122,-2,0,300
4.1205,3.6579,4.9935,0.00047122,1,1,300
3.3356,2.9444,-0.0065185,0.00047122,-2,1,300
-3.127,-3.1136,-0.0065185,0.00047122,-2,0,300
5.9662,5.6873,-0.0065185,0.00047122,-2,1,300
0.82194,0.58686,-0.0065185,0.00047122,-2,1,300
-0.69038,-2.6843,-4.0065,0.00047122,1,0,300
0.5951,3.829,-0.0065185,0.00047122,-2,1,300
0.50244,0.51586,-0.0065185,0.00047122,-2,0,300
1.4312,1.3149,-0.0065185,0.00047122,-2,1,300
-1.2082,-0.34483,-5.0065,0.00047122,1,0,300
-2.3038,-2.2904,-0.0065185,0.00047122,-2,0,300
-4.2576,-3.8567,-0.0065185,0.00047122,-2,0,300
-4.2183,-3.5371,-0.0065185,0.00047122,-2,0,300
4.1938,3.5497,-0.0065185,0.00047122,-2,1,300
-2.1565,-2.1431,-0.0065185,0.00047122,-2,0,300
0.14127,0.1131,-0.0065185,0.00047122,-2,1,300
-0.11181,-2.5549,-3.0065,0.00047122,1,0,300
1.9056,1.9191,-0.0065185,0.00047122,-2,0,300
-2.9115,2.2439,-0.0065185,0.00047122,-2,1,300
-0.92412,-0.93241,-0.0065185,0.00047122,-2,0,300
-2.8455,-2.8321,-0.0065185,0.00047122,-2,0,300
2.727,0.6888,-0.0065185,0.00047122,-2,1,300
0.6186,1.5839,-0.0065185,0.00047122,-2,1,300
-0.47352,-0.46011,-0.0065185,0.00047122,-2,1,300
-0.55182,0.14934,-0.0065185,0.00047122,-2,1,300
0.38162,0.39504,-0.0065185,0.00047122,-2,1,300
0.32505,1.7228,0.99348,0.00047122,1,1,300
-2.268,-2.2546,-0.0065185,0.00047122,-2,0,300
1.9361,-0.39149,-0.0065185,-0.99953,-1,1,300
0.20135,0.82889,-0.0065185,0.00047122,-2,1,300
-1.8282,-1.5554,-0.0065185,0.00047122,-2,0,300
1.5622,-0.12435,2.9935,0.00047122,1,1,300
-1.4405,-1.4271,-0.0065185,0.00047122,-2,0,300
2.7762,-3.3779,-0.0065185,0.00047122,-2,0,300
0.048485,-3.3821,-0.0065185,0.00047122,-2,1,300
-0.10812,-0.98211,-0.0065185,0.00047122,-2,1,300
4.7588,4.0179,-0.0065185,0.00047122,-2,1,300
4.4495,4.7927,-0.0065185,0.00047122,-2,1,301
2.7762,-4.3807,-0.0065185,0.00047122,-2,1,301
2.4045,2.3739,-0.0065185,0.00047122,-2,0,301
2.1545,-2.9575,-0.0065185,0.00047122,-2,1,301
-0.54553,-1.8096,-0.0065185,0.00047122,-2,0,301
0.17197,-3.1907,-0.0065185,0.00047122,-2,1,301
1.8468,-2.9644,-0.0065185,0.00047122,-2,0,301
1.0045,-0.10313,-0.0065185,0.00047122,-2,1,301
-3.9955,-0.83211,-0.0065185,0.00047122,-2,0,301
-2.9955,-4.0261,-0.0065185,0.00047122,-2,0,301
-3.9955,-2.8721,-0.0065185,0.00047122,-2,0,301
-3.3955,-4.1364,-5.0065,0.00047122,1,0,301
-3.9955,-4.2321,-0.0065185,0.00047122,-2,0,301
2.0045,2.5629,-0.0065185,0.00047122,-2,1,301
-2.9955,-3.3353,-0.0065185,0.00047122,-2,0,301
-3.9955,-3.9821,-0.0065185,0.00047122,-2,0,301
-2.9955,-2.1496,-0.0065185,0.00047122,-2,0,301
-2.5455,-2.8166,-5.0065,0.00047122,1,0,301
0.0044729,-0.22392,-0.0065185,0.00047122,-2,1,301
2.0045,-3.5946,-0.0065185,0.00047122,-2,1,301
5.0045,1.7179,-0.0065185,0.00047122,-2,1,301
4.0045,4.2679,-0.0065185,0.00047122,-2,1,301
3.4045,3.4179,4.9935,0.00047122,1,1,301
3.0045,3.0179,-0.0065185,0.00047122,-2,1,301
5.0045,3.6304,-0.0065185,0.00047122,-2,1,301
4.0045,4.2679,-0.0065185,0.00047122,-2,1,301
4.0045,4.0179,-0.0065185,0.00047122,-2,1,301
-1.9955,-0.99774,-0.0065185,0.00047122,-2,0,301
1.7045,2.4744,-0.0065185,0.00047122,1,1,301
1.4495,0.017889,3.9935,0.00047122,1,1,301
-0.99553,-0.37758,-0.0065185,0.00047122,-2,0,301
-0.99553,2.394,-0.0065185,0.00047122,-2,0,301
2.8545,2.8679,-0.0065185,0.00047122,-2,1,301
0.28197,2.1059,-0.0065185,0.00047122,-2,1,301
1.8545,1.8679,-0.0065185,0.00047122,-2,1,301
-3.718,-0.18261,-0.0065185,0.00047122,-2,0,301
-0.60965,-0.59624,-0.0065185,0.00047122,-2,1,301
1.0045,2.1854,-0.0065185,0.00047122,-2,1,301
0.85447,0.017889,2.9935,0.00047122,1,1,301
0.72697,2.5679,-0.0065185,0.00047122,-2,1,301
0.6186,5.0179,-0.0065185,5.0005,-1,1,301
1.5265,1.5399,-0.0065185,0.00047122,-2,1,301
1.2982,0.017889,2.9935,0.00047122,1,1,301
-2.3727,-2.3593,-0.0065185,0.00047122,-2,0,301
3.3251,3.0179,-0.0065185,0.00047122,-2,1,301
3.277,3.0179,-0.0065185,0.00047122,-2,1,301
3.2361,1.8155,-0.0065185,0.00047122,-2,1,301
-3.1924,-2.729,-0.0065185,0.00047122,-2,0,301
2.7218,2.7352,4.9935,0.00047122,1,1,301
-0.13777,-4.3744,-0.0065185,0.00047122,-2,1,301
-4.9955,-4.9821,-0.0065185,0.00047122,-2,0,301
4.2545,-7.0527,-0.0065185,-3.9995,-1,1,301
-3.608,0.017889,1.9935,0.00047122,1,1,301
7.0751,-3.9006,-0.0065185,0.00047122,-2,1,301
4.4045,-0.86786,-0.0065185,0.00047122,-2,1,301
-3.7355,1.6208,1.9935,0.00047122,1,0,301
-6.452,-2.6197,-0.0065185,0.00047122,-2,0,301
-2.0836,1.176,-0.0065185,0.00047122,-2,0,301
-3.7703,-0.52868,-0.0065185,0.00047122,-2,0,301
0.49587,-0.8454,-0.0065185,0.00047122,-2,0,301
0.72216,0.43558,-0.0065185,0.00047122,-2,1,301
0.70447,2.3224,-0.0065185,0.00047122,-2,1,301
0.59947,0.39614,-4.0065,0.00047122,1,1,301
2.7762,2.3739,-0.0065185,0.00047122,-2,1,301
-3.3955,-2.3381,-0.0065185,0.00047122,-2,0,301
-1.1055,2.4744,-0.0065185,0.00047122,-2,0,301
0.40447,0.96139,-0.0065185,0.00047122,-2,1,301
-1.1055,-3.9821,-0.0065185,0.00047122,-2,0,301
-0.93903,-0.92561,3.9935,0.00047122,1,0,301
-6.8855,-6.8721,-0.0065185,0.00047122,-2,0,301
7.461,-1.3061,-0.0065185,0.00047122,-2,1,301
-6.0836,-5.5632,-0.0065185,0.00047122,-2,0,301
-4.7703,-4.7569,-0.0065185,0.00047122,-2,0,301
4.0631,3.8696,-4.0065,0.00047122,1,1,301
-6.2778,2.6004,-0.0065185,0.00047122,-2,0,301
-2.0855,-1.677,-0.0065185,0.00047122,-2,0,301
3.9309,4.221,-0.0065185,0.00047122,-2,1,301
-4.783,-4.7696,-0.0065185,0.00047122,-2,0,301
-3.6649,-2.819,-0.0065185,0.00047122,-2,0,301
-3.1145,-3.1011,2.9935,0.00047122,1,0,301
1.4881,1.3262,-0.0065185,0.00047122,-2,1,301
-0.40661,1.7743,-0.0065185,0.00047122,-2,0,301
-1.3449,-1.2049,-0.0065185,0.00047122,-2,0,301
-1.2925,-1.2791,-0.0065185,0.00047122,-2,0,301
1.2569,0.17883,-0.0065185,0.00047122,-2,1,301
-3.2101,-1.0467,-0.0065185,0.00047122,-2,0,301
-2.7279,-2.7145,2.9935,0.00047122,1,0,301
0.15951,0.11673,-0.0065185,0.00047122,-2,1,301
-4.1273,-4.1139,-0.0065185,0.00047122,-2,0,301
-3.1075,1.7889,-0.0065185,0.00047122,-2,0,301
0.90926,-2.6273,-0.0065185,0.00047122,-2,0,301
0.77354,0.8163,3.9935,0.00047122,1,1,301
3.727,3.3491,-0.0065185,0.00047122,-2,1,301
-4.6097,-5.4221,-0.0065185,0.00047122,-2,0,301
3.9265,-0.46011,-0.0065185,-0.99953,-1,1,301
3.3382,4.9959,-4.0065,0.00047122,1,1,301
1.3816,2.7927,-0.0065185,0.00047122,-2,1,301
-1.3161,1.3993,-0.0065185,0.00047122,-2,0,301
1.277,2.1502,-0.0065185,0.00047122,-2,1,301
1.0861,-1.8921,-0.0065185,-2.9995,-1,0,301
-1.718,-1.7046,-0.0065185,0.00047122,-2,1,301
-1.6097,-1.5962,-0.0065185,0.00047122,-2,0,301
1.3765,-0.97449,-2.0065,0.00047122,1,1,301
5.727,5.7404,-0.0065185,0.00047122,-2,1,301
-5.6097,0.84876,-0.0065185,0.00047122,-2,0,301
4.5265,4.7899,-0.0065185,0.00047122,-2,1,301
0.44818,0.46159,-0.0065185,0.00047122,-2,1,301
-0.37268,-3.2493,1.9935,0.00047122,1,0,301
0.32505,-1.6285,-2.0065,0.00047122,1,1,301
4.277,-1.6365,-0.0065185,0.00047122,-2,1,301
-5.2271,-5.2137,-0.0065185,0.00047122,-2,0,301
3.2013,3.0508,-0.0065185,0.00047122,-2,1,301
3.1718,2.5024,-0.0065185,0.00047122,-2,1,301
-2.6878,-2.6744,-4.0065,0.00047122,1,0,301
2.1254,2.0381,-0.0065185,0.00047122,-2,1,301
1.1072,3.0107,-0.0065185,0.00047122,-2,1,301
3.0918,3.1052,-0.0065185,0.00047122,-2,1,301
4.0787,0.75281,-0.0065185,0.00047122,-2,1,301
-4.0586,-4.0452,-0.0065185,0.00047122,-2,0,301
-4.0492,-4.0358,-0.0065185,0.00047122,-2,0,301
5.0501,5.0255,-0.0065185,0.00047122,-2,1,301
4.2932,2.1447,2.9935,0.00047122,1,1,301
0.037419,0.023402,-0.0065185,0.00047122,-2,1,301
-2.9675,-2.9541,-0.0065185,0.00047122,-2,1,301
3.9807,-1.8483,-0.0065185,0.00047122,-2,0,301
-3.3753,-3.3787,2.9935,0.00047122,1,1,301
-2.9783,-2.9792,-0.0065185,0.00047122,-2,1,301
-3.9809,-3.9675,-0.0065185,0.00047122,-2,0,301
-2.3955,-3.38,-0.0065185,0.00047122,-2,0,301
2.0445,-2.3981,-4.0065,0.00047122,1,0,301
3.727,-1.7161,-0.0065185,0.00047122,-2,1,301
5.6186,5.632,-0.0065185,0.00047122,-2,1,301
-5.5175,-2.6716,-0.0065185,0.00047122,-2,0,301
5.4482,7.1059,-0.0065185,0.00047122,-2,1,301
-5.3727,-5.3593,-0.0065185,0.00047122,-2,0,301
2.3251,4.5971,-0.0065185,0.00047122,-2,1,301
4.277,5.3002,-0.0065185,0.00047122,-2,1,301
-3.6271,-1.6587,3.9935,0.00047122,1,0,301
-4.1924,-4.179,-0.0065185,0.00047122,-2,0,301
5.1718,5.8054,-0.0065185,0.00047122,-2,1,301
-4.1378,-4.1244,-0.0065185,0.00047122,-2,0,301
3.1254,3.5869,-0.0065185,0.00047122,-2,1,301
2.6572,-1.6542,4.9935,0.00047122,1,1,301
0.091827,4.679,-0.0065185,0.00047122,-2,1,301
0.078724,0.36731,-0.0065185,0.00047122,-2,1,301
3.9414,3.9548,-0.0065185,0.00047122,-2,1,301
-3.3419,0.27034,1.9935,0.00047122,1,1,301
2.9589,1.2079,-0.0065185,0.00047122,-2,1,301
-2.5455,-2.3497,-0.0065185,0.00047122,-2,0,301
-4.163,-2.1496,-0.0065185,0.00047122,-2,0,301
-6.8379,-3.4569,-0.0065185,0.00047122,-2,0,301
5.5705,5.7765,-0.0065185,0.00047122,-2,1,301
-3.3266,-4.7132,-0.0065185,0.00047122,-2,0,301
-2.827,-2.8136,-5.0065,0.00047122,1,0,301
-1.9573,-1.9438,-0.0065185,0.00047122,-2,0,301
-0.813,-0.79958,-0.0065185,0.00047122,-2,0,301
2.3096,-3.7476,-0.0065185,0.00047122,-2,1,301
3.5545,3.5679,-0.0065185,0.00047122,-2,1,301
-4.163,-1.666,-0.0065185,0.00047122,-2,0,301
-6.8379,-6.8245,-0.0065185,0.00047122,-2,0,301
-5.5615,-5.5481,-0.0065185,0.00047122,-2,0,301
5.3356,2.5773,-0.0065185,0.00047122,-2,1,301
5.1359,5.1493,-0.0065185,0.00047122,-2,1,301
3.9662,1.9235,-0.0065185,0.00047122,-2,1,301
4.8219,3.1812,-0.0065185,0.00047122,-2,1,301
4.6993,3.3067,-0.0065185,0.00047122,-2,1,301
0.5951,1.2557,-0.0065185,0.00047122,-2,1,301
0.5065,-0.49596,-0.0065185,0.00047122,-2,1,301
-0.42225,-0.40884,-4.0065,0.00047122,1,0,301
1.6418,1.6552,-0.0065185,0.00047122,-2,0,301
-0.68722,-1.2977,-0.0065185,0.00047122,-2,1,301
-0.73346,2.7365,-0.0065185,0.00047122,-2,0,301
1.1545,1.8779,-0.0065185,0.00047122,-2,0,301
-0.71803,-0.70461,-0.0065185,0.00047122,-2,0,301
-0.12303,2.0179,-0.0065185,2.0005,-1,0,303
-0.71803,-0.70461,-0.0065185,0.00047122,-2,0,303
-0.60965,0.017889,-0.0065185,0.00047122,-2,0,303
1.4825,2.0179,-0.0065185,0.00047122,-2,0,303
0.56077,0.53591,-0.0065185,0.00047122,-2,1,303
-0.84553,-0.79958,-0.0065185,0.00047122,-2,0,303
0.72697,0.74039,-0.0065185,0.00047122,-2,0,303
3.0045,3.0179,-0.0065185,0.00047122,-2,1,303
4.5545,2.5679,-0.0065185,0.00047122,-2,1,303
2.172,2.1854,-0.0065185,0.00047122,-2,0,303
-3.9955,-0.34483,-0.0065185,0.00047122,-2,0,303
3.4045,1.5544,-0.0065185,0.00047122,-2,1,303
-2.8855,-0.24417,3.9935,0.00047122,1,0,303
1.461,1.4744,-0.0065185,0.00047122,-2,0,303
0.15447,-2.6828,-0.0065185,0.00047122,-2,0,303
-2.273,-2.2596,-0.0065185,0.00047122,-2,1,303
-2.3814,-2.368,-0.0065185,0.00047122,-2,0,303
-2.5455,-2.5321,-0.0065185,0.00047122,-2,0,303
2.172,0.67679,-3.0065,0.00047122,1,0,303
-1.9955,-0.82071,-0.0065185,0.00047122,-2,0,303
0.0044729,-1.0721,-0.0065185,0.00047122,-2,1,303
0.0044729,-1.8245,-0.0065185,0.00047122,-2,0,303
-3.9955,-1.2104,-0.0065185,0.00047122,-2,0,303
-3.3955,-3.3821,-5.0065,0.00047122,1,0,303
-1.9955,-3.1136,-0.0065185,0.00047122,-2,1,303
-1.6955,-1.6821,-0.0065185,0.00047122,-2,0,303
5.0045,3.0885,-0.0065185,0.00047122,-2,1,303
-3.9955,-4.2321,-0.0065185,0.00047122,-2,0,303
-4.9955,-4.9821,-0.0065185,0.00047122,-2,1,303
-6.2455,-2.8721,-0.0065185,0.00047122,-2,0,303
-5.308,-3.5946,-5.0065,0.00047122,1,1,303
-6.0662,-7.2321,-0.0065185,0.00047122,-2,1,303
2.6145,4.8586,-0.0065185,0.00047122,-2,1,303
-3.9955,-3.2447,-0.0065185,0.00047122,-2,0,303
2.0045,4.3053,-0.0065185,0.00047122,-2,1,303
-0.99553,-2.4364,-0.0065185,0.00047122,-2,1,303
-4.1455,-4.1321,-0.0065185,0.00047122,-2,0,303
-1.273,-1.2596,-0.0065185,0.00047122,-2,1,303
1.3045,1.3179,-0.0065185,0.00047122,-2,1,303
-1.1005,0.57548,-5.0065,0.00047122,1,0,303
1.7762,3.0396,-0.0065185,0.00047122,-2,1,303
-2.9515,-3.9821,-0.0065185,0.00047122,-2,1,303
-2.3955,-2.3821,-0.0065185,0.00047122,-2,0,303
-2.0355,-0.97449,-5.0065,0.00047122,1,1,303
0.54797,-1.2321,-0.0065185,0.00047122,-2,0,303
0.55447,-0.76825,-0.0065185,0.00047122,-2,1,303
-1.2955,-1.2821,-0.0065185,0.00047122,-2,0,303
1.5595,0.41526,-0.0065185,0.00047122,-2,1,303
-0.76728,-1.3039,-0.0065185,0.00047122,-2,0,303
0.66046,1.023,-3.0065,0.00047122,1,1,303
-1.8829,-3.1227,-0.0065185,0.00047122,-2,1,303
-0.24123,-0.22781,-0.0065185,0.00047122,-2,0,303
-0.35437,-0.34096,-0.0065185,0.00047122,-2,0,303
-0.45055,-0.43713,-0.0065185,0.00047122,-2,0,303
0.46771,0.48112,-0.0065185,0.00047122,-2,0,303
-3.3893,-3.2442,-0.0065185,0.00047122,-2,1,303
-2.8802,-0.58201,-4.0065,0.00047122,1,1,303
-2.28,-3.5715,-0.0065185,0.00047122,-2,1,303
-3.2373,-3.1431,-0.0065185,0.00047122,-2,1,303
-2.7511,-1.5639,-3.0065,0.00047122,1,1,303
3.8298,3.8432,-0.0065185,0.00047122,-2,0,303
4.4045,4.4179,-0.0065185,0.00047122,-2,1,303
3.8545,3.8679,-0.0065185,0.00047122,-2,0,303
3.277,2.4965,-3.0065,0.00047122,1,1,303
5.6186,2.4679,-0.0065185,0.00047122,-2,1,303
2.5265,-0.14961,-0.0065185,0.00047122,-2,0,303
5.7045,1.674,-0.0065185,0.00047122,-2,1,303
4.4045,-0.83686,-0.0065185,0.00047122,-2,0,303
2.8545,2.8679,-0.0065185,0.00047122,-2,0,303
2.427,3.1969,2.9935,0.00047122,1,1,303
6.4495,2.0659,-0.0065185,0.00047122,-2,1,303
5.4827,0.18539,-0.0065185,-1.9995,-1,0,303
6.617,1.3179,-0.0065185,0.00047122,-2,1,303
4.5545,4.3708,-0.0065185,0.00047122,-2,0,303
3.872,3.8854,-4.0065,0.00047122,1,0,303
3.4495,3.4629,-0.0065185,0.00047122,-2,1,303
-0.29553,-0.98636,-0.0065185,0.00047122,-2,0,303
-0.29553,-0.28211,-0.0065185,0.00047122,-2,1,303
-1.4405,2.6086,-0.0065185,0.00047122,-2,0,303
-1.2238,1.176,-0.0065185,0.00047122,-2,1,303
-1.0395,-1.0261,4.9935,0.00047122,1,0,303
-1.1081,0.9053,-0.0065185,0.00047122,-2,1,303
-3.2412,-3.2278,-0.0065185,0.00047122,-2,0,303
2.4045,4.5335,-0.0065185,0.00047122,-2,1,303
-1.1055,-2.7539,-0.0065185,0.00047122,-2,1,303
1.461,1.4744,-0.0065185,0.00047122,-2,0,303
3.8545,3.632,-0.0065185,0.00047122,-2,0,303
-3.268,-3.2546,4.9935,0.00047122,1,1,303
-5.163,-5.1496,-0.0065185,0.00047122,-2,0,303
3.5545,-2.5946,-0.0065185,0.00047122,-2,1,303
4.172,-1.0527,-0.0065185,0.00047122,-2,0,303
-2.6955,-3.5245,-0.0065185,0.00047122,-2,0,303
-2.2905,-0.49742,1.9935,0.00047122,1,1,303
-0.22378,1.3024,-0.0065185,0.00047122,-2,1,303
-2.0395,-0.7403,-0.0065185,0.00047122,-2,0,303
-2.8455,-2.8321,-0.0065185,0.00047122,-2,0,303
2.427,-0.30362,3.9935,0.00047122,1,1,303
-2.6097,-3.9962,-0.0065185,0.00047122,-2,0,303
-1.5175,-1.5727,-0.0065185,0.00047122,-2,0,303
-2.4392,-1.9291,-0.0065185,0.00047122,-2,1,303
-2.2955,1.6233,-0.0065185,0.00047122,-2,1,303
-0.59553,-0.58211,-0.0065185,0.00047122,-2,1,303
-0.39553,-1.4829,-0.0065185,0.00047122,-2,0,303
0.34447,3.1395,4.9935,0.00047122,1,1,303
-0.16303,2.2148,-0.0065185,0.00047122,-2,1,303
-0.8379,1.1852,-0.0065185,0.00047122,-2,0,303
1.8545,1.8679,-0.0065185,0.00047122,-2,1,303
1.577,4.8679,-0.0065185,4.0005,-1,0,303
3.6186,6.4179,-0.0065185,0.00047122,-2,0,303
-3.0675,-0.90613,4.9935,0.00047122,1,1,303
-2.4392,2.665,-0.0065185,0.00047122,-2,1,303
-3.3727,-3.7701,-0.0065185,0.00047122,-2,1,303
2.3251,4.3427,-0.0065185,0.00047122,-2,1,303
6.7045,7.1854,-0.0065185,0.00047122,-2,0,303
-5.6905,-5.6771,-4.0065,0.00047122,1,1,303
-2.608,-2.5946,-0.0065185,0.00047122,-2,1,303
1.9338,1.9473,-0.0065185,0.00047122,-2,1,303
0.39444,2.504,-0.0065185,0.00047122,-2,1,303
1.7859,-2.5069,-0.0065185,0.00047122,-2,1,303
2.1187,1.5321,-0.0065185,0.00047122,-2,1,303
2.4016,3.7023,-0.0065185,0.00047122,-2,1,303
3.642,2.6397,-0.0065185,0.00047122,-2,1,303
3.0964,3.1098,-4.0065,0.00047122,1,1,303
3.0201,-3.5759,-0.0065185,0.00047122,-2,1,303
1.8412,1.8546,-0.0065185,0.00047122,-2,0,303
0.29326,0.87787,-0.0065185,0.00047122,-2,1,303
0.24995,2.3554,-4.0065,0.00047122,1,0,303
-2.718,3.9317,-0.0065185,0.00047122,-2,0,303
2.3186,5.7179,-0.0065185,4.0005,-1,1,303
2.4495,2.4629,-0.0065185,0.00047122,-2,1,303
2.0827,0.98463,3.9935,0.00047122,1,1,303
0.96046,-3.1139,-0.0065185,0.00047122,-2,0,303
2.8919,-0.7947,-0.0065185,0.00047122,-2,1,303
2.4588,-3.1759,-0.0065185,-2.9995,-1,1,303
-3.6367,-1.2624,-0.0065185,0.00047122,-2,0,303
5.5495,5.5629,-0.0065185,0.00047122,-2,1,303
4.4677,4.4811,-0.0065185,0.00047122,-2,1,303
-5.3893,-4.8809,-0.0065185,0.00047122,-2,0,303
4.5892,1.4979,2.9935,0.00047122,1,1,303
4.289,4.3024,-0.0065185,0.00047122,-2,1,303
3.2463,2.9558,-0.0065185,0.00047122,-2,1,303
3.21,2.9651,-0.0065185,0.00047122,-2,1,303
-0.17024,-1.5032,-0.0065185,0.00047122,-2,0,303
0.15298,0.16639,-3.0065,0.00047122,1,0,303
3.0045,3.0179,-0.0065185,0.00047122,-2,1,303
-0.44553,0.40039,-0.0065185,0.00047122,-2,1,303
-0.16303,2.0413,-0.0065185,0.00047122,-2,0,303
0.14685,-0.30724,4.9935,0.00047122,1,1,303
-2.4295,-3.999,-0.0065185,0.00047122,-2,0,303
5.4045,-1.5946,-0.0065185,0.00047122,-2,0,303
-5.6955,-2.8507,-0.0065185,0.00047122,-2,1,303
4.4495,4.4629,-0.0065185,0.00047122,-2,0,303
5.2327,5.2461,-0.0065185,0.00047122,-2,0,303
-0.03954,-2.8009,-0.0065185,0.00047122,-2,1,303
0.041884,0.055299,-5.0065,0.00047122,1,0,303
0.75877,0.77219,-0.0065185,0.00047122,-2,0,303
3.3633,4.0571,-0.0065185,0.00047122,-2,1,303
3.4595,3.7806,-0.0065185,0.00047122,-2,0,303
-0.59553,2.9547,-0.0065185,0.00047122,-2,1,303
-3.3955,-0.92561,-0.0065185,0.00047122,-2,1,303
1.1145,1.1279,-0.0065185,0.00047122,-2,1,303
-0.53903,-2.6976,-0.0065185,0.00047122,-2,0,303
1.9164,-2.0701,-0.0065185,0.00047122,-2,1,303
0.22965,1.6431,-0.0065185,0.00047122,-2,1,303
-0.50413,0.20929,-0.0065185,0.00047122,-2,0,303
4.1545,-0.68361,-0.0065185,0.00047122,-2,0,303
3.2545,-0.85588,-0.0065185,0.00047122,-2,0,303
-4.608,0.95461,-0.0065185,0.00047122,-2,0,303
3.1545,4.9053,-0.0065185,0.00047122,-2,1,303
2.682,-3.3146,-4.0065,0.00047122,1,0,303
2.3903,2.4038,-0.0065185,0.00047122,-2,1,303
-0.44553,-0.43211,-0.0065185,0.00047122,-2,1,303
-4.163,-4.0701,-0.0065185,0.00047122,-2,0,303
-5.8379,-5.7569,-0.0065185,0.00047122,-2,0,303
4.5705,4.5839,-0.0065185,0.00047122,-2,1,303
0.075098,0.088514,-0.0065185,0.00047122,-2,0,304
-5.6056,-2.0556,-0.0065185,0.00047122,-2,0,304
5.5545,1.9739,-0.0065185,0.00047122,-2,1,304
3.172,1.0162,-0.0065185,0.00047122,-2,0,304
1.8545,3.4631,-0.0065185,0.00047122,-2,0,304
1.727,2.3803,-0.0065185,0.00047122,-2,1,304
1.8545,1.7404,-0.0065185,0.00047122,-2,1,304
-3.718,-1.2266,-0.0065185,0.00047122,-2,0,304
-3.6097,-3.5962,-0.0065185,0.00047122,-2,1,304
-4.5455,-4.5321,-0.0065185,0.00047122,-2,0,304
6.7045,3.5603,-0.0065185,0.00047122,-2,1,304
-5.4405,-5.6771,-0.0065185,0.00047122,-2,0,304
4.6327,3.6904,4.9935,0.00047122,1,0,304
5.8945,5.9079,-0.0065185,0.00047122,-2,0,304
4.461,3.3618,-0.0065185,0.00047122,-2,1,304
1.7045,1.7179,-0.0065185,0.00047122,-2,1,304
-2.4405,-3.2333,-0.0065185,0.00047122,-2,1,304
3.8545,3.8679,-0.0065185,0.00047122,-2,1,304
-3.268,-4.4179,1.9935,0.00047122,1,0,304
2.172,0.48539,-0.0065185,0.00047122,-2,1,304
-2.8379,-1.8245,-0.0065185,0.00047122,-2,0,304
3.5705,2.659,-0.0065185,0.00047122,-2,1,304
6.3356,2.0715,-0.0065185,0.00047122,-2,1,304
5.3859,4.7311,-3.0065,0.00047122,1,1,304
-3.9573,-3.9438,-0.0065185,0.00047122,-2,0,304
3.8219,-1.3321,-0.0065185,0.00047122,-2,1,304
4.6993,4.7127,-0.0065185,0.00047122,-2,1,304
2.5951,2.2597,-0.0065185,0.00047122,-2,1,304
-0.4935,-0.48008,-0.0065185,0.00047122,-2,0,304
-3.8455,1.7586,-0.0065185,0.00047122,-2,0,304
-3.268,-3.2546,-3.0065,0.00047122,1,0,304
-3.6097,-1.4007,-0.0065185,0.00047122,-2,0,304
-4.5175,-3.0541,-0.0065185,0.00047122,-2,0,304
-4.4392,-3.8258,-0.0065185,0.00047122,-2,0,304
-5.3727,-4.2873,-0.0065185,0.00047122,-2,0,304
-4.3161,-3.3915,-0.0065185,0.00047122,-2,0,304
-2.268,-2.2546,-0.0065185,0.00047122,-2,0,304
2.7729,3.4446,-0.0065185,0.00047122,-2,1,304
2.3576,6.5679,-0.0065185,4.0005,-1,1,304
2.0046,2.018,4.9935,0.00047122,1,1,304
-0.8379,-2.9498,-0.0065185,0.00047122,-2,0,304
2.5705,2.5839,-0.0065185,0.00047122,-2,1,304
-2.3266,-0.055643,-0.0065185,0.00047122,-2,0,304
1.9859,0.53521,2.9935,0.00047122,1,0,304
-0.27303,-1.1735,-0.0065185,0.00047122,-2,0,304
-0.60965,-2.1496,-0.0065185,0.00047122,-2,1,304
-3.4735,-4.3593,-0.0065185,0.00047122,-2,0,304
-0.55182,-0.91681,-0.0065185,0.00047122,-2,0,304
1.3816,0.7454,-0.0065185,0.00047122,-2,1,304
-1.1661,-0.39106,-5.0065,0.00047122,1,0,304
4.727,4.7404,-0.0065185,0.00047122,-2,1,304
3.6186,4.2445,-0.0065185,0.00047122,-2,1,304
0.52648,-0.42582,-0.0065185,0.00047122,-2,1,304
-1.5518,2.6291,-0.0065185,0.00047122,-2,0,304
6.7045,-1.5039,-0.0065185,0.00047122,-2,1,304
-5.4405,-5.4271,-0.0065185,0.00047122,-2,0,304
-4.6238,-4.8229,3.9935,0.00047122,1,0,304
-5.0395,-5.0261,-0.0065185,0.00047122,-2,0,304
-4.8829,2.0205,-0.0065185,0.00047122,-2,0,304
-3.7498,-2.5646,-0.0065185,0.00047122,-2,0,304
4.6456,1.873,-0.0065185,0.00047122,-2,1,304
-4.5405,-2.7915,-0.0065185,0.00047122,-2,0,304
-4.4588,-3.8453,-0.0065185,0.00047122,-2,0,304
-3.7893,-2.9554,-5.0065,0.00047122,1,1,304
-1.1055,0.26789,-0.0065185,0.00047122,-2,0,304
-0.45203,-3.8791,-0.0065185,0.00047122,-2,1,304
-0.083552,-0.37014,-0.0065185,0.00047122,-2,0,304
-5.6955,1.1829,-0.0065185,0.00047122,-2,0,304
-2.3955,3.2364,-0.0065185,0.00047122,-2,1,304
2.0445,4.1361,2.9935,0.00047122,1,0,304
-3.273,-1.8096,-0.0065185,0.00047122,-2,1,304
0.39035,1.9053,-0.0065185,0.00047122,-2,1,304
1.1545,-0.31011,-0.0065185,0.00047122,-2,0,304
-0.27303,1.4744,-0.0065185,0.00047122,-2,1,304
-0.2314,0.66091,2.9935,0.00047122,1,0,304
0.28197,3.5679,-0.0065185,0.00047122,-2,1,304
-3.8455,-3.4258,-0.0065185,0.00047122,-2,0,304
2.727,-0.49237,-0.0065185,0.00047122,-2,1,304
1.6186,2.332,-0.0065185,0.00047122,-2,1,304
3.5265,3.5399,-0.0065185,0.00047122,-2,1,304
2.9982,1.1841,-2.0065,0.00047122,1,0,304
-2.828,-6.6821,-0.0065185,0.00047122,-2,0,304
2.1621,1.2955,-0.0065185,0.00047122,-2,1,304
-0.42951,-4.6104,-0.0065185,0.00047122,-2,0,304
-0.66441,-1.305,-0.0065185,0.00047122,-2,0,304
-1.127,0.9053,-0.0065185,0.00047122,-2,1,304
3.9662,3.2904,-0.0065185,0.00047122,-2,1,304
-3.363,-1.891,3.9935,0.00047122,1,1,304
2.3096,3.5629,-0.0065185,0.00047122,-2,1,304
2.4138,3.4811,-0.0065185,0.00047122,-2,1,304
-4.4935,-3.1929,-0.0065185,0.00047122,-2,0,304
4.5777,4.6026,-0.0065185,0.00047122,-2,1,304
-3.8828,-4.5166,-4.0065,0.00047122,1,0,304
4.6962,3.6597,-0.0065185,0.00047122,-2,1,304
0.74241,1.2234,-0.0065185,0.00047122,-2,1,304
1.7817,2.1926,-0.0065185,0.00047122,-2,1,304
-1.5062,-3.9792,1.9935,0.00047122,1,0,304
-2.1565,-1.5559,-0.0065185,0.00047122,-2,0,304
-0.29553,-0.28211,-0.0065185,0.00047122,-2,1,304
-0.55053,0.67717,-0.0065185,0.00047122,-2,0,304
-3.6955,-0.45386,-0.0065185,0.00047122,-2,0,304
5.4495,3.1629,-0.0065185,0.00047122,-2,1,304
-6.2238,-3.7315,-0.0065185,0.00047122,-2,0,304
-5.2895,-4.5291,3.9935,0.00047122,1,1,304
-3.608,3.4179,-0.0065185,0.00047122,-2,0,304
-2.9955,-3.7364,-0.0065185,0.00047122,-2,0,304
-0.99553,-0.98211,-0.0065185,0.00047122,-2,0,304
0.0044729,2.7814,-0.0065185,0.00047122,-2,1,304
4.0045,4.4811,-0.0065185,0.00047122,-2,1,304
-3.3955,-0.37586,3.9935,0.00047122,1,0,304
0.0044729,-3.0474,-0.0065185,0.00047122,-2,0,304
2.0045,2.0179,-0.0065185,0.00047122,-2,1,304
4.0045,0.017889,-0.0065185,0.00047122,-2,1,304
5.0045,7.1059,-0.0065185,0.00047122,-2,1,304
4.2545,2.9079,2.9935,0.00047122,1,0,304
-0.38303,-1.4321,-0.0065185,0.00047122,-2,0,304
-1.9249,-2.8941,-0.0065185,0.00047122,-2,0,304
-0.60556,-2.8469,-0.0065185,0.00047122,-2,1,304
-3.2141,-2.4907,-0.0065185,0.00047122,-2,0,304
-1.1455,2.199,-0.0065185,0.00047122,-2,0,304
-4.6955,-0.078913,-0.0065185,0.00047122,-2,0,304
-5.4405,-3.0204,-0.0065185,0.00047122,-2,0,304
-4.6238,-1.3321,3.9935,0.00047122,1,0,304
-1.0395,2.3739,-0.0065185,0.00047122,-2,0,304
-1.8829,0.60851,-0.0065185,0.00047122,-2,0,304
-1.7498,-1.5864,-0.0065185,0.00047122,-2,0,304
1.4956,1.509,3.9935,0.00047122,1,1,304
2.5495,2.5629,-0.0065185,0.00047122,-2,1,304
-3.4588,-2.5638,-0.0065185,0.00047122,-2,0,304
-2.3893,-2.3759,-0.0065185,0.00047122,-2,0,304
2.0392,2.5201,4.9935,0.00047122,1,0,304
1.4495,1.8603,-0.0065185,0.00047122,-2,1,304
3.0045,3.1788,-0.0065185,0.00047122,-2,1,304
-4.5455,-2.5321,-0.0065185,0.00047122,-2,0,304
5.172,0.40786,-0.0065185,0.00047122,-2,1,304
3.8468,-0.75564,-0.0065185,0.00047122,-2,1,304
4.5705,4.5839,-0.0065185,0.00047122,-2,1,304
6.3356,6.349,-0.0065185,0.00047122,-2,1,304
5.3859,-0.11631,-3.0065,0.00047122,1,0,304
2.617,0.061901,-0.0065185,0.00047122,-2,0,304
5.0751,-1.3321,-0.0065185,0.00047122,-2,1,304
3.7045,2.7127,-0.0065185,0.00047122,-2,1,304
-0.44053,-1.2139,-0.0065185,0.00047122,-2,1,304
0.38272,0.39614,1.9935,0.00047122,1,0,304
1.727,-2.1453,-0.0065185,0.00047122,-2,1,304
-4.6097,-0.43836,-0.0065185,0.00047122,-2,0,304
-3.5175,-2.6474,-0.0065185,0.00047122,-2,0,304
2.9982,2.6234,2.9935,0.00047122,1,0,304
1.837,-2.8158,-0.0065185,0.00047122,-2,1,304
-2.1532,-1.2941,-0.0065185,0.00047122,-2,0,304
3.4385,1.6431,-0.0065185,0.00047122,-2,1,304
-3.6644,-2.7235,-0.0065185,0.00047122,-2,0,304
3.873,2.9856,-0.0065185,0.00047122,-2,1,304
3.0427,2.8864,-0.0065185,0.00047122,-2,1,304
-2.5781,-2.6681,3.9935,0.00047122,1,0,304
-2.3007,-2.1946,-0.0065185,0.00047122,-2,0,304
2.4138,2.323,-0.0065185,0.00047122,-2,1,304
-0.4935,-0.41314,-0.0065185,0.00047122,-2,0,304
3.5777,-2.5722,-0.0065185,0.00047122,-2,1,304
3.6418,2.9912,-0.0065185,0.00047122,-2,1,304
2.6962,2.6552,-0.0065185,0.00047122,-2,1,304
1.7424,1.7096,-0.0065185,0.00047122,-2,1,304
-3.7728,-3.7297,-0.0065185,0.00047122,-2,0,304
3.8151,1.8832,-0.0065185,0.00047122,-2,1,304
3.8435,3.2285,-0.0065185,0.00047122,-2,1,304
4.8677,3.2629,-0.0065185,0.00047122,-2,1,304
-1.8792,-4.1003,-0.0065185,0.00047122,-2,0,304
-0.89669,-0.8701,-0.0065185,0.00047122,-2,0,304
-0.91152,-0.8869,-0.0065185,0.00047122,-2,0,304
0.78306,1.1621,4.9935,0.00047122,1,1,304
0.94377,0.9491,-0.0065185,0.00047122,-2,1,304
2.9529,2.9572,-0.0065185,0.00047122,-2,1,304
2.9606,3.0369,-0.0065185,0.00047122,-2,1,304
-4.9583,-4.9399,-0.0065185,0.00047122,-2,0,304
3.9728,2.1495,-0.0065185,0.00047122,-2,1,304
-0.27303,-0.25961,-0.0065185,0.00047122,-2,0,305
-0.84553,-0.83211,-0.0065185,0.00047122,-2,1,305
2.0045,1.2461,-0.0065185,0.00047122,-2,1,305
2.0045,2.2495,-0.0065185,0.00047122,-2,1,305
1.0045,1.2148,-0.0065185,0.00047122,-2,1,305
3.0045,3.1852,-0.0065185,0.00047122,-2,1,305
4.0045,4.0179,-0.0065185,0.00047122,-2,1,305
4.0045,0.9053,-0.0065185,0.00047122,-2,0,305
1.4045,3.5207,-0.0065185,0.00047122,-2,0,305
-0.88553,1.3767,-0.0065185,0.00047122,-2,1,305
0.54797,2.4729,-0.0065185,0.00047122,-2,1,305
-0.9075,-0.89409,-0.0065185,0.00047122,-2,0,305
-0.77071,0.7487,3.9935,0.00047122,1,1,305
2.837,8.4179,-0.0065185,0.00047122,-2,1,305
3.1621,7.9079,-0.0065185,0.00047122,-2,0,305
3.2545,3.6267,-0.0065185,0.00047122,-2,1,305
4.1545,-0.32155,-0.0065185,0.00047122,-2,0,305
-0.24553,0.56568,-0.0065185,0.00047122,-2,1,305
0.21697,0.23039,3.9935,0.00047122,1,1,305
-4.8855,-2.7459,-0.0065185,0.00047122,-2,0,305
3.7045,-2.9794,-0.0065185,0.00047122,-2,1,305
4.4495,2.9267,-0.0065185,0.00047122,-2,1,305
6.2327,4.9404,-0.0065185,0.00047122,-2,1,305
-5.2895,-2.2544,3.9935,0.00047122,1,0,305
4.8919,-3.4381,-0.0065185,0.00047122,-2,1,305
4.7588,3.9703,-0.0065185,0.00047122,-2,1,305
4.0456,-1.0226,-0.0065185,-0.99953,-1,1,305
4.5495,3.9835,-0.0065185,0.00047122,-2,1,305
5.4677,4.9887,-0.0065185,0.00047122,-2,1,305
-4.6393,1.6241,-0.0065185,2.0005,-1,0,305
-3.9427,-1.8254,2.9935,0.00047122,1,0,305
4.289,-2.5501,-0.0065185,0.00047122,-2,1,305
-1.2373,-3.3668,-0.0065185,0.00047122,-2,0,305
1.21,0.85492,-0.0065185,0.00047122,-2,1,305
0.82976,-1.0068,-0.0065185,0.00047122,-2,1,305
-0.14553,-0.13211,-0.0065185,0.00047122,-2,0,305
-0.84553,-0.58827,-0.0065185,0.00047122,-2,1,305
0.0044729,0.017889,-0.0065185,0.00047122,-2,0,305
2.0045,2.0179,-0.0065185,0.00047122,-2,1,305
-1.6955,-0.88127,3.9935,0.00047122,1,1,305
-1.9955,-2.3027,-0.0065185,0.00047122,-2,0,305
0.30447,1.2079,-0.0065185,0.00047122,-2,0,305
-1.4405,0.67388,-0.0065185,0.00047122,-2,1,305
-1.2238,0.23464,3.9935,0.00047122,1,0,305
2.9605,2.9739,-0.0065185,0.00047122,-2,1,305
5.4045,6.3079,-0.0065185,0.00047122,-2,1,305
2.8945,1.7179,-0.0065185,0.00047122,-2,1,305
-4.452,0.017889,-0.0065185,0.00047122,-2,0,305
1.0925,1.1059,-0.0065185,0.00047122,-2,1,305
0.92929,1.4629,4.9935,0.00047122,1,1,305
-0.48693,-1.9821,-0.0065185,0.00047122,-2,1,305
0.28678,-0.98211,-0.0065185,0.00047122,-2,1,305
-3.0855,-3.0527,-0.0065185,0.00047122,-2,0,305
2.9309,2.9444,-0.0065185,0.00047122,-2,1,305
-1.783,-0.98211,-0.0065185,0.00047122,-2,0,305
0.67385,1.2461,-0.0065185,0.00047122,-2,1,305
-0.56449,0.017889,-4.0065,0.00047122,1,1,305
-0.99553,-0.98211,-0.0065185,0.00047122,-2,0,305
-2.1455,3.319,-0.0065185,0.00047122,-2,1,305
-1.273,-1.6327,-0.0065185,0.00047122,-2,0,305
0.30447,-1.068,-0.0065185,0.00047122,-2,0,305
-1.5505,-1.1397,-0.0065185,0.00047122,-2,0,305
2.5545,1.3396,-0.0065185,0.00047122,-2,0,305
2.172,0.20213,3.9935,0.00047122,1,0,305
2.0045,2.5305,-0.0065185,0.00047122,-2,1,305
3.7045,4.9079,-0.0065185,0.00047122,-2,1,305
5.4495,5.4629,-0.0065185,0.00047122,-2,1,305
5.2327,1.2461,-0.0065185,0.00047122,-2,1,305
4.4485,5.1927,-0.0065185,0.00047122,1,1,305
-3.7729,-1.4907,-3.0065,0.00047122,1,1,305
6.461,6.5679,-0.0065185,0.00047122,-2,1,305
-0.59553,-0.58211,-0.0065185,0.00047122,-2,1,305
-0.10553,-0.092111,-0.0065185,0.00047122,-2,0,305
2.5545,0.017889,-0.0065185,0.00047122,-2,1,305
-2.163,0.41164,-5.0065,0.00047122,1,0,305
-3.8379,-3.8245,-0.0065185,0.00047122,-2,0,305
-4.5615,-2.9821,-0.0065185,0.00047122,-2,0,305
-5.3266,-5.3132,-0.0065185,0.00047122,-2,0,305
-3.127,-3.7236,-0.0065185,0.00047122,-2,0,305
-0.95726,-1.6821,-0.0065185,0.00047122,-2,0,305
-0.813,-0.79958,3.9935,0.00047122,1,0,305
-2.6904,2.723,-0.0065185,0.00047122,-2,0,305
2.5951,1.7179,-0.0065185,0.00047122,-2,1,305
-2.4976,-1.6821,-0.0065185,0.00047122,-2,0,305
-0.42225,0.017889,-0.0065185,0.00047122,-2,0,305
0.64176,-1.7898,-0.0065185,0.00047122,-2,0,305
-2.3038,0.55958,-0.0065185,0.00047122,-2,0,305
-1.9576,-1.9442,2.9935,0.00047122,1,0,305
-3.2183,2.5679,-0.0065185,0.00047122,-2,0,305
-3.1849,-2.9821,-0.0065185,0.00047122,-2,0,305
5.1654,2.1854,-0.0065185,0.00047122,-2,1,305
-5.1323,-4.2321,-0.0065185,0.00047122,-2,0,305
4.3708,4.2679,4.9935,0.00047122,1,1,305
-1.8967,-1.9821,-0.0065185,0.00047122,-2,0,305
4.7045,1.6339,-0.0065185,0.00047122,-2,1,305
-3.9905,-3.9771,-3.0065,0.00047122,1,0,305
3.4002,-0.042143,4.9935,0.00047122,1,1,305
-4.0395,-5.2761,-0.0065185,0.00047122,-2,0,305
-0.88294,-0.86952,-0.0065185,0.00047122,-2,0,305
-5.7498,-5.7364,-0.0065185,0.00047122,-2,0,305
4.6456,0.49781,-0.0065185,0.00047122,-2,1,305
2.5495,0.8598,-0.0065185,0.00047122,-2,1,305
-2.4588,-3.3353,-0.0065185,0.00047122,-2,0,305
2.0982,0.88117,4.9935,0.00047122,1,1,305
-2.3302,-4.5668,-0.0065185,0.00047122,-2,0,305
-4.28,-4.2666,-0.0065185,0.00047122,-2,0,305
3.2463,1.7047,-0.0065185,0.00047122,-2,1,305
2.21,1.5811,-0.0065185,0.00047122,-2,1,305
1.1792,1.1926,-0.0065185,0.00047122,-2,1,305
-0.99403,-1.973,1.9935,0.00047122,1,0,305
4.1307,-1.5559,-0.0065185,0.00047122,-2,1,305
4.1118,4.1252,-0.0065185,0.00047122,-2,1,305
4.0957,4.1091,-0.0065185,0.00047122,-2,1,305
-3.073,-2.5161,-0.0065185,0.00047122,-2,0,305
2.6204,2.4279,-4.0065,0.00047122,1,1,305
1.9485,3.3619,-0.0065185,0.00047122,-2,1,305
-1.6955,-1.7833,-0.0065185,0.00047122,-2,0,305
4.4495,2.4744,-0.0065185,0.00047122,-2,1,305
-2.2238,-4.6201,-0.0065185,0.00047122,-2,0,305
3.0485,2.6427,-0.0065185,0.00047122,-2,1,305
-3.8829,-3.8695,-0.0065185,0.00047122,-2,0,305
-4.7498,-4.7364,-0.0065185,0.00047122,-2,0,305
-4.0367,-2.3003,3.9935,0.00047122,1,0,305
-4.5405,-4.9086,-0.0065185,0.00047122,-2,0,305
5.4677,-2.0846,-0.0065185,0.00047122,-2,1,305
-2.3893,-4.9015,-0.0065185,0.00047122,-2,0,305
-2.0302,-2.0168,3.9935,0.00047122,1,1,305
0.55947,0.57289,-0.0065185,0.00047122,-2,1,305
0.47622,-4.2104,-0.0065185,-2.9995,-1,0,305
-0.44053,1.3673,-0.0065185,0.00047122,-2,1,305
0.38272,-0.061586,3.9935,0.00047122,1,1,305
1.727,-3.1297,-0.0065185,0.00047122,-2,1,305
-1.8455,1.3119,-0.0065185,0.00047122,-2,0,305
-1.718,-1.1645,-0.0065185,0.00047122,-2,0,305
-1.3814,0.89543,-0.0065185,0.00047122,-2,0,305
-1.2955,-1.1182,-0.0065185,0.00047122,-2,1,305
1.5595,3.0899,-0.0065185,0.00047122,-2,1,305
-0.44553,-0.81461,-0.0065185,0.00047122,-2,1,305
0.38697,-1.1056,3.9935,0.00047122,1,0,305
-2.8379,-2.8245,-0.0065185,0.00047122,-2,0,305
4.5705,-1.541,-0.0065185,0.00047122,-2,1,305
6.3356,6.1493,-0.0065185,0.00047122,-2,1,305
-4.127,-4.1136,-0.0065185,0.00047122,-2,1,305
3.5162,3.3854,3.9935,0.00047122,1,0,305
-0.16303,-5.5496,-0.0065185,0.00047122,-2,0,305
0.70447,-3.8721,-0.0065185,0.00047122,-2,0,305
-3.4405,-3.4271,-0.0065185,0.00047122,-2,0,305
2.9327,-0.37014,3.9935,0.00047122,1,1,305
-0.55053,2.6004,-0.0065185,0.00047122,-2,0,305
-0.69553,-0.68211,-0.0065185,0.00047122,-2,0,305
1.5595,5.4744,-0.0065185,0.00047122,-2,1,305
-1.5455,0.13048,-0.0065185,0.00047122,-2,0,305
1.837,3.2636,-0.0065185,0.00047122,-2,0,305
-0.15315,-0.13974,-0.0065185,0.00047122,-2,0,305
0.13845,1.1729,4.9935,0.00047122,1,1,305
-2.4405,-4.8733,-0.0065185,0.00047122,-2,0,305
1.2327,2.0961,-0.0065185,0.00047122,-2,1,305
-0.95151,-0.9381,-0.0065185,0.00047122,-2,0,305
2.3045,2.3179,-0.0065185,0.00047122,-2,0,305
-0.55053,1.1282,-0.0065185,0.00047122,-2,0,305
0.30447,-1.6821,-0.0065185,0.00047122,-2,0,305
-1.4405,1.4761,-0.0065185,0.00047122,-2,0,305
-1.2238,-0.18765,-0.0065185,0.00047122,-2,0,305
-5.0395,-4.1568,-0.0065185,0.00047122,-2,0,305
1.8919,0.9053,-0.0065185,0.00047122,-2,1,305
-1.7498,-1.5864,-0.0065185,0.00047122,-2,0,305
1.3633,1.9106,-0.0065185,0.00047122,-2,0,305
2.4595,2.9267,-0.0065185,0.00047122,-2,0,305
2.5412,2.9404,-0.0065185,0.00047122,-2,1,305
2.1607,2.1741,4.9935,0.00047122,1,1,305
-1.828,3.8242,-0.0065185,0.00047122,-2,1,305
0.84685,-1.3593,-0.0065185,0.00047122,-2,0,305
-0.84553,0.73391,-0.0065185,0.00047122,-2,0,305
-0.71803,-2.4386,-0.0065185,0.00047122,-2,0,305
1.6186,2.1059,-0.0065185,0.00047122,-2,1,305
1.8219,1.429,-0.0065185,0.00047122,-2,1,306
-3.6904,-4.2895,-0.0065185,0.00047122,-2,0,306
-4.5862,-4.5727,-0.0065185,0.00047122,-2,0,306
-0.49756,-0.23456,-0.0065185,0.00047122,-2,0,306
3.5777,3.5912,-0.0065185,0.00047122,-2,1,306
-2.3955,1.7663,-0.0065185,0.00047122,-2,0,306
-0.10553,2.0579,-0.0065185,0.00047122,-2,0,306
-0.44553,3.6993,-0.0065185,0.00047122,-2,0,306
1.4545,4.9796,-0.0065185,0.00047122,-2,1,306
-1.3955,-1.2146,-0.0065185,0.00047122,-2,0,306
-0.88553,1.5742,-0.0065185,0.00047122,-2,1,306
-0.29553,-0.53711,-0.0065185,0.00047122,-2,0,306
-0.25053,-0.62514,-5.0065,0.00047122,1,1,306
0.77622,6.2679,-0.0065185,0.00047122,-2,1,306
-1.2955,-1.2821,-0.0065185,0.00047122,-2,1,306
1.5595,-0.13871,-0.0065185,0.00047122,-2,0,306
1.7762,2.1305,-0.0065185,0.00047122,-2,1,306
0.55447,0.56789,-0.0065185,0.00047122,-2,1,306
0.47197,1.298,4.9935,0.00047122,1,1,306
1.1621,1.4519,-0.0065185,0.00047122,-2,0,306
-1.4295,5.1964,-0.0065185,0.00047122,-2,0,306
-1.5455,4.22,-0.0065185,0.00047122,-2,0,306
1.172,1.1854,-0.0065185,0.00047122,-2,1,306
-0.9879,2.9589,-5.0065,0.00047122,1,0,306
1.4385,1.4519,-0.0065185,0.00047122,-2,0,306
-1.3266,-1.9917,-0.0065185,0.00047122,-2,0,306
-4.127,1.3803,-0.0065185,0.00047122,-2,0,306
-3.5073,-1.374,-3.0065,0.00047122,1,0,306
-4.813,-1.5477,-0.0065185,0.00047122,-2,0,306
4.6993,4.1127,-0.0065185,0.00047122,-2,1,306
-3.9862,-2.6709,-5.0065,0.00047122,1,0,306
-4.4976,-3.3776,-0.0065185,0.00047122,-2,0,306
-2.4223,-3.0808,-0.0065185,0.00047122,-2,0,306
-0.35824,0.45466,-0.0065185,0.00047122,-2,0,306
-0.68722,-0.6738,-0.0065185,0.00047122,-2,1,306
-0.73346,-0.72005,-0.0065185,0.00047122,-2,1,306
2.7817,-1.2489,-0.0065185,0.00047122,-2,0,306
1.8151,2.7959,-0.0065185,0.00047122,-2,0,306
2.8435,1.5569,-0.0065185,0.00047122,-2,1,306
2.4177,1.6276,4.9935,0.00047122,1,1,306
-1.828,-2.7539,-0.0065185,0.00047122,-2,0,306
2.4045,-5.437,-0.0065185,0.00047122,-2,1,306
2.8945,-3.0527,-0.0065185,0.00047122,-2,1,306
-2.452,-1.7161,3.9935,0.00047122,1,0,306
-4.0836,0.23642,-0.0065185,0.00047122,-2,0,306
-5.7703,-2.0964,-0.0065185,0.00047122,-2,0,306
-5.5041,0.96579,-0.0065185,0.00047122,-2,0,306
5.2868,2.6554,-0.0065185,0.00047122,-2,1,306
-3.0855,-3.0721,-0.0065185,0.00047122,-2,0,306
-2.622,-1.4542,3.9935,0.00047122,1,0,306
-1.783,-0.1454,-0.0065185,0.00047122,-2,0,306
-5.6649,-4.2709,-0.0065185,0.00047122,-2,0,306
-5.5645,-5.5511,-0.0065185,0.00047122,-2,0,306
4.4881,-2.584,-0.0065185,0.00047122,-2,1,306
-5.4066,-2.9453,-0.0065185,0.00047122,-2,0,306
-4.3449,-3.6109,-0.0065185,0.00047122,-2,0,306
3.7015,3.3148,3.9935,0.00047122,1,1,306
-5.248,-5.2346,-0.0065185,0.00047122,-2,0,306
-4.4601,-2.6441,-2.0065,0.00047122,1,0,306
3.1869,1.5241,-0.0065185,0.00047122,-2,1,306
-4.1506,-2.3674,-0.0065185,0.00047122,-2,0,306
-4.1273,-3.8421,-0.0065185,0.00047122,-2,0,306
-4.1075,-2.9841,-0.0065185,0.00047122,-2,1,306
-3.4907,-3.2809,4.9935,0.00047122,1,0,306
2.0854,2.0199,-0.0065185,0.00047122,-2,1,306
3.0733,2.9448,-0.0065185,0.00047122,-2,1,306
-3.054,-1.365,-0.0065185,0.00047122,-2,0,306
-5.0452,-2.3721,-0.0065185,0.00047122,-2,0,306
4.0467,2.1405,-0.0065185,0.00047122,-2,1,306
-3.4314,-3.344,-4.0065,0.00047122,1,0,306
-2.0261,-1.9497,-0.0065185,0.00047122,-2,0,306
-0.021472,1.3803,-0.0065185,0.00047122,-2,1,306
5.0045,2.5614,-0.0065185,0.00047122,-2,1,306
4.0045,0.037805,-0.0065185,0.00047122,-2,1,306
3.4045,3.4179,-4.0065,0.00047122,1,1,306
0.0044729,4.9265,-0.0065185,0.00047122,-2,0,306
-0.99553,0.3002,-0.0065185,0.00047122,-2,0,306
3.0045,3.0179,-0.0065185,0.00047122,-2,1,306
3.0045,0.017889,-0.0065185,0.00047122,-2,1,306
2.5545,1.0179,-0.0065185,1.0005,-1,1,306
-2.163,-1.4802,-4.0065,0.00047122,1,0,306
-3.9955,-3.9821,-0.0065185,0.00047122,-2,0,306
5.4045,3.9015,-0.0065185,0.00047122,-2,1,306
-6.8855,-1.5256,-0.0065185,0.00047122,-2,0,306
-4.452,0.10591,-0.0065185,0.00047122,-2,1,306
5.7045,3.8059,-0.0065185,0.00047122,-2,1,306
-7.3955,-7.3821,-0.0065185,0.00047122,-2,0,306
-6.2855,-3.7595,-5.0065,0.00047122,1,0,306
5.461,5.5502,-0.0065185,0.00047122,-2,1,306
-6.0836,-3.6221,-0.0065185,0.00047122,-2,0,306
-4.7703,-3.9086,-0.0065185,0.00047122,-2,0,306
-5.5041,-5.4907,-0.0065185,0.00047122,-2,0,306
4.6868,3.1438,2.9935,0.00047122,1,1,306
2.0944,1.5869,-0.0065185,0.00047122,-2,1,306
0.93094,0.50151,-0.0065185,0.00047122,-2,1,306
-0.78302,-2.2356,1.9935,0.00047122,1,0,306
-0.6649,1.0485,-5.0065,0.00047122,1,0,306
-2.4266,-2.6851,-0.0065185,0.00047122,-2,1,306
-2.5119,-2.7297,-0.0065185,0.00047122,-2,1,306
-2.5844,-2.7675,-0.0065185,0.00047122,-2,1,306
1.6551,-2.7745,-0.0065185,0.00047122,-2,0,306
0.30148,-1.5271,-0.0065185,0.00047122,-2,1,306
-2.248,-0.11389,-0.0065185,0.00047122,-2,0,306
-1.9101,-1.8967,2.9935,0.00047122,1,1,306
1.4495,1.5581,-0.0065185,0.00047122,-2,1,306
2.0045,2.1854,-0.0065185,0.00047122,-2,1,306
-1.2955,1.7915,-0.0065185,0.00047122,-2,0,306
-3.5455,-1.0406,-0.0065185,0.00047122,-2,0,306
-4.163,-0.92136,-0.0065185,0.00047122,-2,0,306
-3.5379,-1.7244,-5.0065,0.00047122,1,0,306
-4.5615,-5.7981,-0.0065185,0.00047122,-2,0,306
-3.3266,-3.3132,-0.0065185,0.00047122,-2,0,306
2.1359,1.0438,-0.0065185,0.00047122,-2,1,306
-5.9573,-2.7862,-0.0065185,0.00047122,-2,0,306
-5.063,-5.0496,2.9935,0.00047122,1,1,306
3.617,3.6463,-0.0065185,0.00047122,-2,1,306
-3.9955,2.1718,-0.0065185,0.00047122,-2,0,306
-2.9955,-2.9936,-0.0065185,0.00047122,-2,0,306
1.0045,2.9177,-0.0065185,0.00047122,-2,1,306
2.0045,2.0262,-0.0065185,0.00047122,-2,1,306
5.0045,5.025,-0.0065185,0.00047122,-2,1,306
-2.9955,-0.59624,-0.0065185,0.00047122,-2,0,306
-2.5455,-2.5321,-5.0065,0.00047122,1,0,306
-0.99553,-0.98211,-0.0065185,0.00047122,-2,1,306
0.85447,0.87158,-0.0065185,0.00047122,-2,1,306
2.0045,2.0179,-0.0065185,0.00047122,-2,1,306
-1.6955,-1.6794,-3.0065,0.00047122,1,1,306
-0.99553,-0.97984,-0.0065185,0.00047122,-2,1,306
0.0044729,-1.8698,-0.0065185,0.00047122,-2,0,306
0.0044729,0.019526,-0.0065185,0.00047122,-2,0,306
0.0044729,1.5839,2.9935,0.00047122,1,0,306
-2.9955,-1.651,-0.0065185,0.00047122,-2,0,306
4.0045,1.8504,-0.0065185,0.00047122,-2,1,306
4.0045,2.1755,-0.0065185,0.00047122,-2,1,306
-3.9955,1.5839,-0.0065185,0.00047122,-2,0,306
4.0045,2.0868,-0.0065185,0.00047122,-2,1,306
-3.9955,-3.3915,-0.0065185,0.00047122,-2,0,306
-3.9955,-1.9104,-0.0065185,0.00047122,-2,0,306
3.4045,2.6004,-4.0065,0.00047122,1,1,306
-4.9955,3.7806,-0.0065185,0.00047122,-2,0,306
-2.9955,-2.6738,-0.0065185,0.00047122,-2,0,306
-2.9955,-2.72,-0.0065185,0.00047122,-2,0,306
4.0045,2.6618,-0.0065185,0.00047122,-2,0,306
-3.3955,-3.1928,-4.0065,0.00047122,1,0,306
-2.9955,-6.3821,-0.0065185,0.00047122,-2,0,306
-3.9955,-3.8453,-0.0065185,0.00047122,-2,0,306
3.0045,4.0773,-0.0065185,0.00047122,-2,1,306
-2.5455,-4.6201,-4.0065,0.00047122,1,0,306
-3.9955,-5.7569,-0.0065185,0.00047122,-2,0,306
-1.9955,-2.8007,-0.0065185,0.00047122,-2,1,306
2.3045,1.5614,-0.0065185,0.00047122,-2,1,306
-1.5505,3.1959,-0.0065185,0.00047122,-2,0,306
3.7762,3.7896,-0.0065185,0.00047122,-2,1,306
1.9605,0.67679,-0.0065185,0.00047122,-2,1,306
-1.6581,-1.2498,-5.0065,0.00047122,1,0,306
2.2502,3.5136,-0.0065185,0.00047122,-2,1,306
-0.35437,-1.6056,-0.0065185,0.00047122,-2,0,306
-0.54051,-0.52709,-0.0065185,0.00047122,-2,0,306
-1.9955,0.68726,-0.0065185,0.00047122,-2,1,306
2.0045,1.7179,-0.0065185,0.00047122,-2,0,306
2.0045,2.2399,-0.0065185,0.00047122,-2,1,306
1.7045,1.4629,-0.0065185,0.00047122,-2,0,306
0.0044729,1.4629,-0.0065185,0.00047122,-2,1,306
2.0045,1.2461,-0.0065185,0.00047122,-2,1,306
-0.99553,-0.98211,-0.0065185,0.00047122,-2,0,306
0.0044729,0.017889,-0.0065185,0.00047122,-2,1,306
3.0045,0.77219,-0.0065185,0.00047122,-2,0,306
-2.9955,-2.5321,-0.0065185,0.00047122,-2,0,306
6.5545,6.5679,-0.0065185,0.00047122,-2,1,306
5.572,2.9397,2.9935,0.00047122,1,1,306
-3.8379,-4.0981,-0.0065185,0.00047122,-2,0,306
3.5705,3.2839,-0.0065185,0.00047122,-2,1,306
2.3356,3.049,-0.0065185,0.00047122,-2,1,306
-5.127,-4.9438,-0.0065185,0.00047122,-2,0,306
-2.9573,-2.7996,-0.0065185,0.00047122,-2,0,306
-0.88553,-0.87211,-0.0065185,0.00047122,-2,1,307
2.7045,3.1854,-0.0065185,0.00047122,-2,1,307
0.44947,0.46289,-0.0065185,0.00047122,-2,1,307
-1.7673,-1.4161,-0.0065185,0.00047122,-2,0,307
-1.4455,-3.9821,-0.0065185,0.00047122,-2,1,307
-0.82803,-2.9821,-0.0065185,0.00047122,-2,0,307
-2.5455,-2.5321,-0.0065185,0.00047122,-2,1,307
-3.9955,-3.9821,-0.0065185,0.00047122,-2,0,307
3.4045,0.56287,-0.0065185,0.00047122,-2,1,307
1.8945,-0.51888,-0.0065185,0.00047122,-2,1,307
2.461,1.5127,-0.0065185,0.00047122,-2,1,307
3.0925,0.35258,-0.0065185,0.00047122,-2,1,307
2.6293,1.1524,3.9935,0.00047122,1,0,307
2.727,5.4179,-0.0065185,0.00047122,-2,1,307
5.7045,1.9143,-0.0065185,0.00047122,-2,1,307
-2.4405,-4.4721,-0.0065185,0.00047122,-2,0,307
-1.2238,-0.90858,-0.0065185,0.00047122,-2,0,307
-1.9515,1.5279,-0.0065185,0.00047122,-2,0,307
-1.6581,-1.6447,-4.0065,0.00047122,1,1,307
1.2502,5.4179,-0.0065185,0.00047122,-2,1,307
-1.6955,0.46159,-0.0065185,0.00047122,-2,0,307
0.44947,0.46289,-0.0065185,0.00047122,-2,0,307
-2.1455,1.1885,-0.0065185,0.00047122,-2,1,307
1.832,1.8454,-5.0065,0.00047122,1,1,307
-5.163,1.2679,-0.0065185,0.00047122,-2,0,307
-4.8379,-1.54,-0.0065185,0.00047122,-2,0,307
-4.5615,-4.5481,-0.0065185,0.00047122,-2,0,307
4.3356,3.5165,-0.0065185,0.00047122,-2,1,307
-1.127,2.2364,-0.0065185,0.00047122,-2,0,307
3.9662,3.9796,-0.0065185,0.00047122,-2,1,307
-3.363,-0.2216,-4.0065,0.00047122,1,1,307
-1.163,-2.243,-0.0065185,0.00047122,-2,1,307
-1.8379,-1.3132,-0.0065185,0.00047122,-2,1,307
-1.5615,-1.1136,-0.0065185,0.00047122,-2,1,307
-2.3266,-1.456,-0.0065185,0.00047122,-2,0,307
-1.1455,-1.1321,-0.0065185,0.00047122,-2,0,307
-0.29553,2.1616,-0.0065185,0.00047122,-2,1,307
-1.5505,-2.2727,-0.0065185,0.00047122,-2,0,307
0.45447,-1.3039,-0.0065185,0.00047122,-2,0,307
0.38697,0.40039,3.9935,0.00047122,1,1,307
2.172,1.1414,-0.0065185,0.00047122,-2,1,307
-1.8379,-2.8721,-0.0065185,0.00047122,-2,0,307
-4.5615,-5.4386,-0.0065185,0.00047122,-2,0,307
3.8856,2.1059,-4.0065,0.00047122,1,1,307
-4.127,1.6431,-0.0065185,0.00047122,-2,0,307
-3.9573,-4.4907,-0.0065185,0.00047122,-2,0,307
3.8219,3.4677,-0.0065185,0.00047122,-2,1,307
-1.6904,-3.6221,-0.0065185,0.00047122,-2,0,307
1.5951,1.4585,-0.0065185,0.00047122,-2,1,307
-1.3476,-1.6196,2.9935,0.00047122,1,0,307
-3.5688,-2.1054,-0.0065185,0.00047122,-2,0,307
-5.3955,-1.5806,-0.0065185,0.00047122,-2,0,307
-4.8855,-3.8245,-0.0065185,0.00047122,-2,0,307
-5.452,-2.9931,-0.0065185,0.00047122,-2,0,307
-4.0836,-4.0701,-0.0065185,0.00047122,-2,0,307
-3.7703,-3.2811,-0.0065185,0.00047122,-2,0,307
-3.2041,-3.1907,-4.0065,0.00047122,1,0,307
-4.2778,-4.1996,-0.0065185,0.00047122,-2,0,307
5.0944,5.1079,-0.0065185,0.00047122,-2,1,307
-5.922,-2.7402,-0.0065185,0.00047122,-2,0,307
5.792,5.0554,-0.0065185,0.00047122,-2,1,307
-3.6649,-3.4088,-0.0065185,0.00047122,-2,0,307
-3.5645,-4.1636,-0.0065185,0.00047122,-2,0,307
-3.0291,-2.8404,3.9935,0.00047122,1,0,307
-4.4066,-4.2442,-0.0065185,0.00047122,-2,0,307
-1.3449,-1.2049,-0.0065185,0.00047122,-2,0,307
2.3015,2.3149,-0.0065185,0.00047122,-2,1,307
-3.248,1.945,-0.0065185,0.00047122,-2,0,307
2.2191,2.7825,-0.0065185,0.00047122,-2,1,307
-1.8779,-1.8645,3.9935,0.00047122,1,0,307
-2.1506,-2.0809,-0.0065185,0.00047122,-2,0,307
-2.1273,-2.1139,-0.0065185,0.00047122,-2,0,307
-2.1075,-2.0941,-0.0065185,0.00047122,-2,0,307
2.0997,-1.9749,-0.0065185,0.00047122,-2,0,307
-1.7765,-1.7337,4.9935,0.00047122,1,0,307
-4.0643,0.26789,-0.0065185,0.00047122,-2,0,307
-5.054,1.2629,-0.0065185,0.00047122,-2,0,307
-3.0452,-3.0138,-0.0065185,0.00047122,-2,0,307
-3.0378,-3.009,-0.0065185,0.00047122,-2,0,307
-2.0314,-0.83421,-0.0065185,0.00047122,-2,0,307
-1.7261,-1.7016,3.9935,0.00047122,1,0,307
-1.0215,5.0208,-0.0065185,0.00047122,-2,0,307
-2.0176,-1.9962,-0.0065185,0.00047122,-2,0,307
0.98573,2.176,-0.0065185,0.00047122,-2,1,307
0.85447,0.86789,-0.0065185,0.00047122,-2,1,307
-0.71803,0.53989,-0.0065185,0.00047122,-2,0,307
2.6186,-0.43316,-0.0065185,0.00047122,-2,1,307
2.2265,2.2399,-4.0065,0.00047122,1,0,307
3.4495,-3.7027,-0.0065185,0.00047122,-2,1,307
-0.29553,2.9461,-0.0065185,0.00047122,-2,1,307
0.44947,0.46289,-0.0065185,0.00047122,-2,0,307
-5.8455,-5.8321,-0.0065185,0.00047122,-2,0,307
4.977,0.90773,4.9935,0.00047122,1,0,307
-5.608,-6.2321,-0.0065185,0.00047122,-2,0,307
2.7045,1.8388,-0.0065185,0.00047122,-2,1,307
-1.4405,-1.5864,-0.0065185,0.00047122,-2,0,307
-1.2238,-0.62327,-5.0065,0.00047122,1,0,307
-4.0395,-5.2761,-0.0065185,0.00047122,-2,0,307
2.8919,3.4553,-0.0065185,0.00047122,-2,1,307
-1.7498,-1.3759,-0.0065185,0.00047122,-2,0,307
1.3633,1.6832,-0.0065185,0.00047122,-2,0,307
3.4595,-1.4948,-0.0065185,0.00047122,-2,0,307
-1.5323,-2.9189,-0.0065185,0.00047122,-2,0,307
1.3107,1.5123,3.9935,0.00047122,1,0,307
-1.3302,2.2997,-0.0065185,0.00047122,-2,0,307
-2.28,2.0579,-0.0065185,0.00047122,-2,0,307
1.7627,-1.8083,-0.0065185,0.00047122,-2,0,307
-2.79,-5.0701,-0.0065185,0.00047122,-2,0,307
-0.44553,1.3717,-0.0065185,0.00047122,-2,1,307
-0.37803,-1.3039,4.9935,0.00047122,1,0,307
4.172,0.34301,-0.0065185,0.00047122,-2,1,307
2.8468,2.8603,-0.0065185,0.00047122,-2,1,307
-5.5615,-0.91149,-0.0065185,0.00047122,-2,0,307
-4.3266,-2.5415,-0.0065185,0.00047122,-2,0,307
3.6859,3.6993,-2.0065,0.00047122,1,1,307
-3.9573,-1.0964,-0.0065185,0.00047122,-2,0,307
-3.363,3.0658,-0.0065185,0.00047122,1,0,307
-4.6904,-2.6197,-0.0065185,0.00047122,-2,0,307
4.5951,0.60851,-0.0065185,0.00047122,-2,1,307
-4.4976,-3.8841,-0.0065185,0.00047122,-2,0,307
-4.4223,-4.4088,-0.0065185,0.00047122,-2,1,307
-3.3955,-2.6709,-0.0065185,0.00047122,-2,0,307
2.8945,2.4744,-4.0065,0.00047122,1,0,307
1.548,7.4179,-0.0065185,0.00047122,-2,1,307
-0.083552,-1.3202,-0.0065185,0.00047122,-2,1,307
-0.070348,-4.4907,-0.0065185,-2.9995,-1,0,307
-0.059125,-0.44409,3.9935,0.00047122,1,0,307
-4.2238,-4.6104,-0.0065185,0.00047122,-2,0,307
-7.5455,-7.8721,-0.0065185,0.00047122,-2,0,307
4.172,0.90837,-0.0065185,0.00047122,-2,1,307
-3.5379,-3.7701,3.9935,0.00047122,1,0,307
3.5705,-1.8161,-0.0065185,0.00047122,-2,1,307
4.3356,4.349,-0.0065185,0.00047122,-2,1,307
2.1359,2.3002,-0.0065185,0.00047122,-2,1,307
0.9662,1.1079,-0.0065185,0.00047122,-2,1,307
-0.813,-1.9526,-0.0065185,0.00047122,-2,0,307
-0.30068,-0.28726,-0.0065185,0.00047122,-2,0,307
3.8545,0.19852,-0.0065185,0.00047122,-2,1,307
-3.268,-3.2546,3.9935,0.00047122,1,0,307
-5.6097,3.4179,-0.0065185,0.00047122,-2,0,307
-4.5175,-4.2321,-0.0065185,0.00047122,-2,0,307
-3.4392,-2.9821,-0.0065185,0.00047122,-2,0,307
-1.3727,-0.98211,-0.0065185,0.00047122,-2,0,307
-1.1661,-2.4386,1.9935,0.00047122,1,1,307
2.282,1.4454,-0.0065185,0.00047122,-2,1,307
3.3903,0.79307,-0.0065185,0.00047122,-2,1,307
-3.4735,-1.8735,-0.0065185,0.00047122,-2,0,307
2.9608,2.1356,4.9935,0.00047122,1,0,307
-2.1055,3.7953,-0.0065185,0.00047122,-2,0,307
-1.539,-1.5256,-0.0065185,0.00047122,-2,0,307
-2.9075,-1.5066,-0.0065185,0.00047122,-2,0,307
-2.2207,-1.6221,-0.0065185,0.00047122,-2,0,307
-3.4869,-2.7636,-0.0065185,0.00047122,-2,0,307
-0.71322,-1.5898,-0.0065185,0.00047122,-2,0,307
-0.60556,-0.59215,2.9935,0.00047122,1,0,307
-2.0691,-2.0556,-0.0065185,0.00047122,-2,0,307
-2.208,-1.824,-0.0065185,0.00047122,-2,0,307
3.3351,-2.8089,-0.0065185,0.00047122,-2,1,307
1.4355,1.1812,-0.0065185,0.00047122,-2,1,307
-0.47915,-0.69332,-0.0065185,0.00047122,-2,1,307
3.5934,3.4134,-0.0065185,0.00047122,-2,1,307
3.0551,3.504,-0.0065185,4.0005,-1,1,307
-1.2925,-1.4189,-0.0065185,0.00047122,-2,0,307
-1.1455,-3.4907,-0.0065185,0.00047122,-2,0,307
0.30447,0.95497,-0.0065185,0.00047122,-2,0,307
-1.5505,-1.5371,-0.0065185,0.00047122,-2,0,307
-1.5455,-1.5321,-0.0065185,0.00047122,-2,0,307
0.17197,1.3779,-0.0065185,0.00047122,-2,1,307
-1.8379,-0.12449,-0.0065185,0.00047122,-2,1,307
1.5705,-0.5397,-5.0065,0.00047122,1,1,307
0.67336,6.2679,-0.0065185,0.00047122,-2,1,307
-0.29553,-0.28211,-0.0065185,0.00047122,-2,1,307
1.4495,1.4629,-0.0065185,0.00047122,-2,1,307
0.77622,0.48112,-0.0065185,0.00047122,-2,1,307
-0.69553,-0.6381,-0.0065185,0.00047122,-2,1,307
-4.0395,-3.9161,-0.0065185,0.00047122,-2,1,308
-2.4455,-2.4321,-0.0065185,0.00047122,-2,0,308
1.837,-2.317,-0.0065185,0.00047122,-2,1,308
-2.1532,-1.5397,-0.0065185,0.00047122,-2,0,308
3.4385,1.9093,-0.0065185,0.00047122,-2,1,308
2.9234,0.68677,-0.0065185,2.0005,-1,1,308
-1.8641,-2.4632,-0.0065185,0.00047122,-2,0,308
0.9662,0.97962,-0.0065185,0.00047122,-2,1,308
-0.99553,-0.76961,-0.0065185,0.00047122,-2,0,308
-2.9955,-2.9821,-0.0065185,0.00047122,-2,0,308
-4.9955,0.86141,-0.0065185,0.00047122,-2,0,308
-2.9955,-1.651,-0.0065185,0.00047122,-2,0,308
-2.5455,-3.5946,1.9935,0.00047122,1,1,308
-1.163,-2.091,-0.0065185,0.00047122,-2,1,308
1.1621,-1.7421,-0.0065185,0.00047122,-2,1,308
1.5705,-1.2104,-0.0065185,0.00047122,-2,0,308
-1.6644,-4.0261,-0.0065185,0.00047122,-2,1,308
0.55447,0.25738,-0.0065185,0.00047122,-2,0,308
-0.46303,-0.44961,3.9935,0.00047122,1,0,308
3.5595,1.6179,-0.0065185,0.00047122,-2,1,308
-2.7673,-2.7539,-0.0065185,0.00047122,-2,0,308
-1.9515,-1.9381,-0.0065185,0.00047122,-2,0,308
0.89188,0.9053,-0.0065185,0.00047122,-2,1,308
-0.74983,-1.0621,2.9935,0.00047122,1,0,308
3.0045,3.0179,-0.0065185,0.00047122,-2,1,308
6.5545,3.0699,-0.0065185,0.00047122,-2,1,308
6.172,5.8603,-0.0065185,0.00047122,-2,1,308
5.8468,5.5839,-0.0065185,0.00047122,-2,1,308
4.5705,4.0404,-0.0065185,0.00047122,-2,1,308
4.3356,4.349,-0.0065185,0.00047122,-2,1,308
3.6859,3.1471,-4.0065,0.00047122,1,1,308
1.9662,1.8354,-0.0065185,0.00047122,-2,0,308
2.8545,-2.0546,-0.0065185,0.00047122,-2,1,308
0.30447,0.31789,-0.0065185,0.00047122,-2,0,308
0.55947,0.57289,-0.0065185,0.00047122,-2,1,308
1.7045,1.7179,-0.0065185,0.00047122,-2,1,308
-1.4405,0.46159,-0.0065185,0.00047122,-2,0,308
-0.76728,-0.75386,-0.0065185,0.00047122,-2,0,308
4.7045,3.3262,-0.0065185,0.00047122,-2,1,308
3.9995,0.55244,4.9935,0.00047122,1,0,308
-1.828,0.26789,-0.0065185,0.00047122,-2,1,308
-4.3955,1.2588,-0.0065185,0.00047122,-2,0,308
4.8545,4.8679,-0.0065185,0.00047122,-2,1,308
-4.118,-3.1611,-5.0065,0.00047122,1,0,308
-1.6097,-0.86121,-0.0065185,0.00047122,-2,0,308
-4.5175,-4.5041,-0.0065185,0.00047122,-2,0,308
-2.4392,-2.9654,-0.0065185,0.00047122,-2,0,308
-0.37268,-2.0593,-0.0065185,0.00047122,-2,1,308
5.0045,0.081002,-0.0065185,0.00047122,-2,1,308
-4.2455,-4.2321,1.9935,0.00047122,1,0,308
-3.9955,-3.9821,-0.0065185,0.00047122,-2,0,308
-1.9955,-1.9821,-0.0065185,0.00047122,-2,0,308
-0.99553,-1.9647,-0.0065185,0.00047122,-2,0,308
1.8545,0.86789,-0.0065185,0.00047122,-2,1,308
-2.718,-1.5546,-0.0065185,0.00047122,-2,0,308
-4.6097,-2.4364,-0.0065185,0.00047122,-2,0,308
-3.9175,-4.0233,-5.0065,0.00047122,1,0,308
-0.43923,-4.7771,-0.0065185,0.00047122,-2,1,308
-1.9955,4.0075,-0.0065185,0.00047122,-2,0,308
1.0045,-1.3527,-0.0065185,0.00047122,-2,1,308
5.0045,5.0179,-0.0065185,0.00047122,-2,1,308
4.0045,0.74039,-0.0065185,0.00047122,-2,1,308
-0.99553,-0.98211,-0.0065185,0.00047122,-2,0,308
0.85447,2.4708,-3.0065,0.00047122,1,1,308
0.72697,0.74039,-0.0065185,0.00047122,-2,1,308
-0.60965,2.1059,-0.0065185,0.00047122,-2,0,308
-0.51753,1.3383,-0.0065185,0.00047122,-2,0,308
-2.4392,1.5265,-0.0065185,0.00047122,-2,0,308
4.3816,4.395,-0.0065185,0.00047122,-2,1,308
-3.7161,-0.33715,1.9935,0.00047122,1,0,308
-1.268,2.6444,-0.0065185,0.00047122,-2,0,308
2.2361,2.2495,-0.0065185,0.00047122,-2,1,308
1.2013,1.2148,-0.0065185,0.00047122,-2,1,308
0.17182,0.18523,-0.0065185,0.00047122,-2,1,308
-0.13777,-0.64636,-4.0065,0.00047122,1,0,308
2.8836,2.897,-0.0065185,0.00047122,-2,1,308
-2.5455,2.9079,-0.0065185,0.00047122,-2,0,308
-3.163,1.4744,-0.0065185,0.00047122,-2,0,308
-0.15315,2.1127,-0.0065185,0.00047122,-2,1,308
-1.4295,-0.11609,-0.0065185,0.00047122,-2,0,308
1.2234,2.9715,4.9935,0.00047122,1,1,308
0.83697,-5.4604,-0.0065185,0.00047122,-2,1,308
-1.5455,-1.5321,-0.0065185,0.00047122,-2,1,308
-3.1455,-3.1321,-0.0065185,0.00047122,-2,0,308
0.40447,-5.5921,-0.0065185,0.00047122,-2,0,308
0.55447,-0.32211,-0.0065185,0.00047122,-2,1,308
1.172,1.1854,-0.0065185,0.00047122,-2,1,308
-0.9879,0.64542,-5.0065,0.00047122,1,0,308
-3.5615,-2.677,-0.0065185,0.00047122,-2,0,308
1.3356,4.9615,-0.0065185,0.00047122,-2,1,308
-0.12698,-1.1136,-0.0065185,0.00047122,-2,1,308
4.8545,-0.40884,-0.0065185,0.00047122,-2,1,308
-4.118,-4.1046,-3.0065,0.00047122,1,0,308
3.6186,2.5679,-0.0065185,0.00047122,-2,1,308
5.5265,5.5399,-0.0065185,0.00047122,-2,1,308
5.4482,5.4616,-0.0065185,0.00047122,-2,1,308
-4.6227,-2.2016,3.9935,0.00047122,1,0,308
-1.3161,-1.3027,-0.0065185,0.00047122,-2,0,308
0.27696,-2.5996,-0.0065185,0.00047122,-2,0,308
-1.9955,-1.9821,-0.0065185,0.00047122,-2,0,308
-0.29553,-1.9821,-0.0065185,0.00047122,-2,1,308
0.44947,-1.7569,-0.0065185,0.00047122,-2,1,308
0.23272,-0.83211,-0.0065185,0.00047122,-2,0,308
0.19849,0.2119,2.9935,0.00047122,1,1,308
0.89188,1.9538,-0.0065185,0.00047122,-2,0,308
2.0045,1.4959,-0.0065185,0.00047122,-2,0,308
3.0045,3.0179,-0.0065185,0.00047122,-2,1,308
-0.44553,-2.4371,-0.0065185,0.00047122,-2,1,308
-0.16303,-0.12477,-0.0065185,0.00047122,-2,0,308
0.14685,0.16026,4.9935,0.00047122,1,0,308
-3.4405,-1.0924,-0.0065185,0.00047122,-2,1,308
-3.6955,-1.6976,-0.0065185,0.00047122,-2,0,308
2.7045,-2.0527,-0.0065185,0.00047122,-2,1,308
2.4495,-1.5921,-0.0065185,0.00047122,-2,1,308
-2.0738,1.1924,-5.0065,0.00047122,1,0,308
2.0485,2.3821,-0.0065185,0.00047122,-2,1,308
-1.8829,-1.8695,-0.0065185,0.00047122,-2,0,308
-2.7498,-2.7364,-0.0065185,0.00047122,-2,0,308
-3.6367,-1.2374,-0.0065185,0.00047122,-2,0,308
-3.5405,-3.5271,-0.0065185,0.00047122,-2,0,308
2.4677,1.3487,-0.0065185,0.00047122,-2,1,308
-0.38928,-0.37586,-0.0065185,0.00047122,-2,1,308
-0.33021,-0.82258,3.9935,0.00047122,1,0,308
0.28896,-0.49596,-0.0065185,0.00047122,-2,0,308
1.0045,1.0179,-0.0065185,0.00047122,-2,1,308
-0.84553,2.4744,-0.0065185,0.00047122,-2,1,308
0.72697,0.74039,3.9935,0.00047122,1,0,308
0.0044729,0.017889,-0.0065185,0.00047122,-2,0,308
3.0045,3.0179,-0.0065185,0.00047122,-2,1,308
3.0045,3.0179,-0.0065185,0.00047122,-2,1,308
2.5545,-2.0701,-4.0065,0.00047122,1,0,308
0.17197,-3.7569,-0.0065185,0.00047122,-2,0,308
0.84685,-2.4907,-0.0065185,0.00047122,-2,1,308
-0.14553,3.3244,-0.0065185,0.00047122,-2,0,308
2.282,3.0179,-0.0065185,0.00047122,-2,0,308
1.5545,0.12626,-0.0065185,0.00047122,-2,0,308
3.172,1.632,-0.0065185,0.00047122,-2,1,308
4.8545,4.8679,-0.0065185,0.00047122,-2,1,308
-4.118,-2.2706,-4.0065,0.00047122,1,0,308
4.6186,2.8959,-0.0065185,0.00047122,-2,1,308
2.5265,2.9742,-0.0065185,0.00047122,-2,1,308
-4.4392,-4.4258,-0.0065185,0.00047122,-2,0,308
4.3816,1.1423,-0.0065185,0.00047122,-2,1,308
3.7251,3.1454,4.9935,0.00047122,1,1,308
3.277,2.7863,-0.0065185,0.00047122,-2,1,308
-1.2271,-1.2137,-0.0065185,0.00047122,-2,0,308
-0.1924,-0.17899,-0.0065185,0.00047122,-2,1,308
0.17182,2.4857,1.9935,0.00047122,1,0,308
-1.9955,-1.9821,-0.0065185,0.00047122,-2,1,308
-1.6955,3.3486,-3.0065,0.00047122,1,0,308
-0.99553,0.17577,-0.0065185,0.00047122,-2,1,308
3.1545,3.1679,-0.0065185,0.00047122,-2,1,308
1.282,1.2954,-0.0065185,0.00047122,-2,1,308
-3.3814,2.198,-0.0065185,0.00047122,-2,0,308
2.8825,2.6636,4.9935,0.00047122,1,1,308
3.5608,3.5742,-0.0065185,0.00047122,-2,1,308
0.62732,0.64074,-0.0065185,0.00047122,-2,1,308
-0.67495,-2.7322,-0.0065185,0.00047122,-2,0,308
0.73198,0.62414,-0.0065185,0.00047122,-2,1,308
1.2361,1.2495,-0.0065185,0.00047122,-2,1,308
0.15447,-1.1166,-0.0065185,0.00047122,-2,0,308
-1.273,-0.10961,-0.0065185,0.00047122,-2,0,308
4.7045,4.7179,-0.0065185,0.00047122,-2,1,308
-1.4405,-0.59624,-0.0065185,0.00047122,-2,0,308
3.2327,0.86047,-0.0065185,0.00047122,-2,0,308
2.7045,2.7619,-0.0065185,0.00047122,-2,1,308
2.8545,1.1369,-0.0065185,0.00047122,-2,1,308
1.727,2.4722,-0.0065185,0.00047122,-2,1,308
2.3903,2.4038,-0.0065185,0.00047122,-2,1,308
-2.0235,1.2854,1.9935,0.00047122,1,0,308
-0.82803,0.48539,-0.0065185,0.00047122,-2,0,308
-1.4455,3.0899,-0.0065185,0.00047122,-2,0,308
-1.3955,2.4616,-0.0065185,0.00047122,-2,0,308
-2.8855,-2.8721,-0.0065185,0.00047122,-2,0,308
-0.45203,1.2259,-0.0065185,0.00047122,-2,1,308
0.85447,-0.17612,-0.0065185,0.00047122,-2,0,310
0.28197,-0.70461,-0.0065185,0.00047122,-2,1,310
1.3903,1.4038,-0.0065185,0.00047122,-2,1,310
-2.4735,-0.70461,-0.0065185,0.00047122,-2,0,310
-3.5518,-2.5321,-0.0065185,0.00047122,-2,0,310
-1.6184,-3.005,-0.0065185,0.00047122,-2,0,310
-0.3161,1.3973,-0.0065185,0.00047122,-2,0,310
3.0045,3.0179,-0.0065185,0.00047122,-2,1,310
5.0045,5.0179,-0.0065185,0.00047122,-2,1,310
0.0044729,1.0619,-0.0065185,0.00047122,-2,1,310
-1.9955,-1.9821,-0.0065185,0.00047122,-2,0,310
-3.9955,0.017889,-0.0065185,0.00047122,-2,0,310
-3.3955,-3.3821,-5.0065,0.00047122,1,1,310
5.8945,2.9079,-0.0065185,0.00047122,-2,1,310
-4.5455,-3.5946,-0.0065185,0.00047122,-2,0,310
-3.163,-0.98211,-0.0065185,0.00047122,-2,0,310
-1.8379,-3.2695,-0.0065185,0.00047122,-2,0,310
-1.5615,-1.5481,-5.0065,0.00047122,1,1,310
-1.9955,-1.9821,-0.0065185,0.00047122,-2,1,310
3.0045,3.6304,-0.0065185,0.00047122,-2,1,310
0.45447,0.46789,-0.0065185,0.00047122,-2,0,310
0.83697,0.017889,-0.0065185,0.00047122,-2,0,310
-0.70315,-2.5321,4.9935,0.00047122,1,1,310
-2.5615,-2.5481,-0.0065185,0.00047122,-2,0,310
-1.3266,-1.3132,-0.0065185,0.00047122,-2,1,310
0.0044729,-3.0527,-0.0065185,0.00047122,-2,0,310
2.0045,2.0179,-0.0065185,0.00047122,-2,1,310
3.7045,0.017889,-0.0065185,0.00047122,-2,1,310
3.4495,3.4629,-0.0065185,0.00047122,-2,1,310
-2.9238,-1.4271,-5.0065,0.00047122,1,1,310
2.4495,5.3119,-0.0065185,0.00047122,-2,0,310
4.2327,6.6304,-0.0065185,0.00047122,-2,1,310
4.5545,3.4553,-0.0065185,0.00047122,-2,1,310
1.172,3.8854,-0.0065185,0.00047122,-2,1,310
-0.9879,0.34588,1.9935,0.00047122,1,0,310
0.43845,1.5742,-0.0065185,0.00047122,-2,0,310
-1.6644,-1.651,-0.0065185,0.00047122,-2,0,310
0.45447,1.7896,-0.0065185,0.00047122,-2,1,310
-0.37803,1.9129,-3.0065,0.00047122,1,1,310
0.84685,0.86026,-0.0065185,0.00047122,-2,1,310
-4.5615,-0.81461,-0.0065185,0.00047122,-2,0,310
1.3356,1.349,-0.0065185,0.00047122,-2,0,310
-1.127,2.915,-4.0065,0.00047122,1,0,310
0.9662,3.4179,-0.0065185,0.00047122,-2,0,310
0.0044729,0.017889,-0.0065185,0.00047122,-2,1,310
-1.9955,-1.9821,-0.0065185,0.00047122,-2,1,310
3.0045,3.8354,-0.0065185,0.00047122,-2,1,310
3.5545,1.0179,-0.0065185,0.00047122,-2,1,310
3.022,0.017889,-4.0065,0.00047122,1,1,310
4.8468,3.0179,-0.0065185,0.00047122,-2,1,310
-0.42951,-1.9821,-0.0065185,0.00047122,-2,0,310
3.7045,0.38677,-0.0065185,0.00047122,-2,1,310
0.55947,-3.1271,-0.0065185,0.00047122,-2,1,310
-1.2955,-3.2019,-0.0065185,0.00047122,-2,1,310
-2.5505,-3.7604,-0.0065185,0.00047122,-2,1,310
-2.1673,-4.4261,-4.0065,0.00047122,1,0,310
1.8945,2.3739,-0.0065185,0.00047122,-2,1,310
-0.45203,-1.5886,-0.0065185,0.00047122,-2,0,310
-0.083552,-0.37014,-0.0065185,0.00047122,-2,1,310
-3.6955,0.66091,-0.0065185,0.00047122,-2,0,310
-5.4405,-5.2104,-0.0065185,0.00047122,-2,0,310
-3.2238,-3.0261,-0.0065185,0.00047122,-2,0,310
2.7485,2.1335,-4.0065,0.00047122,1,1,310
2.8919,2.9053,-0.0065185,0.00047122,-2,1,310
-3.7498,2.2667,-0.0065185,0.00047122,-2,1,310
4.5545,-1.7975,-0.0065185,0.00047122,-2,1,310
4.7045,2.7304,-0.0065185,0.00047122,-2,0,310
5.5545,4.8603,-0.0065185,0.00047122,-2,1,310
-4.713,-3.3779,-4.0065,0.00047122,1,1,310
1.8468,3.4179,-0.0065185,0.00047122,-2,1,310
2.0045,3.4263,-0.0065185,0.00047122,-2,1,310
-0.99553,0.58391,-0.0065185,0.00047122,-2,0,310
2.1545,2.1679,-0.0065185,0.00047122,-2,1,310
1.832,1.2461,-4.0065,0.00047122,1,1,310
4.172,2.0179,-0.0065185,0.00047122,-2,1,310
-0.15315,-0.13974,-0.0065185,0.00047122,-2,0,310
0.70447,2.4744,-0.0065185,0.00047122,-2,0,310
3.8545,-1.4271,-0.0065185,0.00047122,-2,1,310
4.727,3.2904,-0.0065185,0.00047122,-2,1,310
4.0186,4.032,3.9935,0.00047122,1,0,310
1.8945,2.4179,-0.0065185,0.00047122,-2,0,310
-0.53903,2.4744,-0.0065185,0.00047122,-2,0,310
-1.9075,-0.44409,-0.0065185,0.00047122,-2,1,310
0.40447,1.3299,-0.0065185,0.00047122,-2,1,310
1.5545,1.5679,-0.0065185,0.00047122,-2,1,310
-0.14553,-0.64071,-0.0065185,0.00047122,-2,0,310
0.13197,0.14539,-3.0065,0.00047122,1,0,310
-3.273,-3.2596,-0.0065185,0.00047122,-2,0,310
2.3903,5.1854,-0.0065185,0.00047122,-2,0,310
5.5545,5.5679,-0.0065185,0.00047122,-2,1,310
-5.5455,-3.227,-0.0065185,0.00047122,-2,0,310
-4.713,-2.155,3.9935,0.00047122,1,0,310
-5.8379,3.7385,-0.0065185,0.00047122,-2,1,310
-3.3955,-3.3821,-0.0065185,0.00047122,-2,1,310
-3.8855,-3.8721,-0.0065185,0.00047122,-2,0,310
-3.302,1.2559,-5.0065,0.00047122,1,1,310
-1.0836,0.83098,-0.0065185,0.00047122,-2,1,310
1.7793,3.6304,-0.0065185,0.00047122,-2,1,310
2.0045,2.0179,-0.0065185,0.00047122,-2,1,310
-2.9955,1.1079,-0.0065185,0.00047122,-2,0,310
0.0044729,0.53989,-0.0065185,0.00047122,-2,1,310
2.0045,0.017889,-0.0065185,0.00047122,-2,1,310
1.7045,-0.12449,-3.0065,0.00047122,1,0,310
3.4495,3.4629,-0.0065185,0.00047122,-2,0,310
3.2327,-2.1496,-0.0065185,0.00047122,-2,1,310
4.7045,3.0179,-0.0065185,0.00047122,-2,1,310
4.4495,0.9053,-0.0065185,0.00047122,-2,0,310
6.5545,2.0004,-0.0065185,0.00047122,-2,1,310
5.572,5.5854,-4.0065,0.00047122,1,0,310
-1.8379,-2.7119,-0.0065185,0.00047122,-2,1,310
-0.42951,1.5839,-0.0065185,0.00047122,-2,0,310
0.67336,0.38677,-0.0065185,0.00047122,-2,0,310
-1.2955,-1.5371,-0.0065185,0.00047122,-2,1,310
1.1095,-3.2019,3.9935,0.00047122,1,1,310
0.23272,-5.5496,-0.0065185,0.00047122,-2,1,310
-3.1455,0.81625,-0.0065185,0.00047122,-2,0,310
-3.273,-2.4161,-0.0065185,0.00047122,-2,1,310
-4.3955,-4.3821,-0.0065185,0.00047122,-2,0,310
-1.8455,-1.9166,-0.0065185,0.00047122,-2,1,310
-1.8455,-3.0701,-0.0065185,0.00047122,-2,0,310
-2.1455,-2.368,-0.0065185,0.00047122,-2,0,310
1.832,1.8454,-2.0065,0.00047122,1,1,310
0.17197,-2.5041,-0.0065185,0.00047122,-2,1,310
1.8468,-1.8708,-0.0065185,0.00047122,-2,0,310
2.0045,0.78964,-0.0065185,0.00047122,-2,1,310
1.7045,1.349,-4.0065,0.00047122,1,1,310
2.4495,2.1493,-0.0065185,0.00047122,-2,1,310
2.0827,-0.75386,-0.0065185,-1.9995,-1,0,310
0.72697,-0.86464,-0.0065185,0.00047122,-2,1,310
-0.60965,1.4111,3.9935,0.00047122,1,1,310
1.5265,-1.7569,-0.0065185,0.00047122,-2,1,310
-0.84553,-0.83211,-0.0065185,0.00047122,-2,0,310
1.727,-1.7161,-0.0065185,0.00047122,-2,1,310
3.6186,0.86789,-0.0065185,0.00047122,-2,1,310
-3.5175,-3.5041,-0.0065185,0.00047122,-2,1,310
-1.4455,2.5679,-0.0065185,0.00047122,-2,1,310
-6.3955,1.8603,-0.0065185,0.00047122,-2,0,310
-5.4355,-1.3061,-4.0065,0.00047122,1,0,310
7.172,7.1854,-0.0065185,0.00047122,-2,0,310
-5.2455,-3.1007,-0.0065185,0.00047122,-2,0,310
-3.8455,-2.0204,-0.0065185,0.00047122,-2,1,310
-2.5455,-2.7926,-0.0065185,0.00047122,-2,0,310
2.172,2.7995,-4.0065,0.00047122,1,0,310
-1.1532,-1.1397,-0.0065185,0.00047122,-2,1,310
2.4545,2.4679,-0.0065185,0.00047122,-2,0,310
0.25447,0.26789,-0.0065185,0.00047122,-2,1,310
-0.20803,2.1059,2.9935,0.00047122,1,0,310
1.8945,1.9079,-0.0065185,0.00047122,-2,1,310
1.1545,1.1679,-0.0065185,0.00047122,-2,0,310
4.7045,4.7179,-0.0065185,0.00047122,-2,0,310
4.4495,1.5839,-0.0065185,0.00047122,-2,0,310
4.2327,2.5679,-0.0065185,0.00047122,-2,1,310
0.55447,3.2294,-0.0065185,0.00047122,-2,1,310
0.47197,0.48539,-2.0065,0.00047122,1,1,310
-0.15315,-0.11609,-0.0065185,0.00047122,-2,1,310
-1.4295,-1.651,-0.0065185,0.00047122,-2,1,310
-1.6644,-1.8507,-0.0065185,0.00047122,-2,1,310
-1.4141,-0.078913,-3.0065,0.00047122,1,0,310
-3.163,-1.7146,-0.0065185,0.00047122,-2,1,310
-2.8455,-1.2873,-0.0065185,0.00047122,-2,0,310
-5.6955,-4.7364,-0.0065185,0.00047122,-2,0,310
-3.4405,-1.2374,-0.0065185,0.00047122,-2,0,310
-0.22378,0.47291,-0.0065185,0.00047122,-2,0,310
-0.03954,0.55465,-0.0065185,0.00047122,-2,1,310
4.8545,4.8679,-0.0065185,0.00047122,-2,0,310
7.4045,-1.7804,-0.0065185,0.00047122,-2,1,310
-7.3955,-7.3821,-0.0065185,0.00047122,-2,0,310
3.8945,0.26359,-0.0065185,0.00047122,-2,1,310
3.311,1.4648,-3.0065,0.00047122,1,0,310
-2.273,-5.5321,-0.0065185,0.00047122,-2,1,310
-2.5455,3.3013,-0.0065185,0.00047122,-2,0,310
-4.9955,-2.1496,-0.0065185,0.00047122,-2,1,310
-3.2455,-0.82449,-0.0065185,0.00047122,-2,0,310
-2.1455,-2.0556,-0.0065185,0.00047122,-2,0,310
-1.9955,1.4629,-0.0065185,0.00047122,-2,1,311
-5.6955,-5.6821,-0.0065185,0.00047122,-2,0,311
-3.3955,0.017889,-0.0065185,0.00047122,-2,0,311
-3.8855,-0.98211,-0.0065185,0.00047122,-2,0,311
-1.452,-2.4386,-0.0065185,0.00047122,-2,1,311
2.8545,2.0179,-0.0065185,0.00047122,-2,1,311
-2.718,0.017889,-0.0065185,0.00047122,-2,0,311
0.6186,1.7179,-0.0065185,0.00047122,-2,0,311
-1.9955,0.53989,-0.0065185,0.00047122,-2,0,311
-4.9955,-4.9821,-0.0065185,0.00047122,-2,0,311
3.0045,1.4629,-0.0065185,0.00047122,-2,1,311
3.0045,3.0179,-0.0065185,0.00047122,-2,1,311
-2.5455,-2.1496,3.9935,0.00047122,1,0,311
-4.9955,-4.9821,-0.0065185,0.00047122,-2,1,311
-5.2455,3.4529,-0.0065185,0.00047122,-2,1,311
5.617,-1.5886,-0.0065185,0.00047122,-2,1,311
-5.6955,-3.7752,-0.0065185,0.00047122,-2,0,311
-6.4405,-4.8271,-0.0065185,0.00047122,-2,0,311
-5.4738,-4.7541,1.9935,0.00047122,1,0,311
-5.0395,0.67388,-0.0065185,0.00047122,-2,0,311
5.8919,5.395,-0.0065185,0.00047122,-2,1,311
3.7588,3.3385,-0.0065185,0.00047122,-2,1,311
-3.1867,-2.7111,-4.0065,0.00047122,1,0,311
-2.5405,-2.2137,-0.0065185,0.00047122,-2,1,311
-3.6955,-3.6821,-0.0065185,0.00047122,-2,0,311
-0.69553,-2.8324,-0.0065185,0.00047122,-2,0,311
-2.4405,-1.3168,-0.0065185,0.00047122,-2,0,311
3.2327,3.2461,-0.0065185,0.00047122,-2,1,311
-2.0395,-0.412,-0.0065185,0.00047122,-2,0,311
-1.7329,-1.0377,-3.0065,0.00047122,1,1,311
0.28197,-3.2864,-0.0065185,0.00047122,-2,1,311
-1.6097,0.25376,-0.0065185,0.00047122,-2,0,311
-3.8455,-1.102,-0.0065185,0.00047122,-2,0,311
4.727,3.2904,-0.0065185,0.00047122,-2,1,311
-4.6097,-2.8601,-0.0065185,0.00047122,-2,0,311
-1.5175,-2.9384,-0.0065185,0.00047122,-2,0,311
-4.4392,-3.605,-0.0065185,0.00047122,-2,0,311
-4.3727,-1.0818,-0.0065185,0.00047122,-2,0,311
3.7251,3.7385,2.9935,0.00047122,1,1,311
4.277,4.2904,-0.0065185,0.00047122,-2,1,311
2.7729,-1.9527,-0.0065185,0.00047122,-2,1,311
6.5545,6.5679,-0.0065185,0.00047122,-2,1,311
-5.563,-1.9823,-5.0065,0.00047122,1,0,311
-0.8379,-0.82449,-0.0065185,0.00047122,-2,1,311
-0.84553,-1.9636,-0.0065185,0.00047122,-2,0,311
1.282,3.0885,-0.0065185,0.00047122,-2,1,311
1.7045,0.017889,-0.0065185,0.00047122,-2,1,311
-2.4405,0.53989,-0.0065185,0.00047122,-2,0,311
2.0827,0.86789,2.9935,0.00047122,1,1,311
5.0485,4.0179,-0.0065185,0.00047122,-2,1,311
-5.8829,-2.1496,-0.0065185,0.00047122,-2,0,311
3.7588,3.7722,-0.0065185,0.00047122,-2,1,311
-3.6367,-2.9821,-0.0065185,0.00047122,-2,0,311
-4.5405,-3.9821,-0.0065185,0.00047122,-2,0,311
2.4677,2.4811,-0.0065185,0.00047122,-2,1,311
2.0982,2.6302,-4.0065,0.00047122,1,1,311
-2.3302,3.4179,-0.0065185,0.00047122,-2,0,311
1.289,1.7179,-0.0065185,0.00047122,-2,1,311
2.2463,2.0179,-0.0065185,0.00047122,-2,1,311
-2.2011,-0.70461,-0.0065185,0.00047122,-2,0,311
2.1792,1.7179,-0.0065185,0.00047122,-2,1,311
5.153,5.1664,-0.0065185,0.00047122,-2,1,311
4.3807,1.5891,-4.0065,0.00047122,1,1,311
-4.1028,-3.9821,-0.0065185,0.00047122,-2,0,311
5.0957,-2.8721,-0.0065185,0.00047122,-2,1,311
5.082,4.3454,-0.0065185,0.00047122,-2,1,311
2.0704,4.2679,-0.0065185,0.00047122,-2,1,311
0.94847,-1.6821,-0.0065185,0.00047122,-2,1,311
-0.79792,-0.7845,3.9935,0.00047122,1,0,311
-2.273,-4.6104,-0.0065185,0.00047122,-2,0,311
3.5545,2.2938,-0.0065185,0.00047122,-2,1,311
4.172,3.0354,-0.0065185,0.00047122,-2,1,311
3.8468,3.8603,-0.0065185,0.00047122,-2,1,311
3.2705,3.2377,2.9935,0.00047122,1,1,311
2.3356,3.899,-0.0065185,0.00047122,-2,1,311
3.1359,2.1502,-0.0065185,0.00047122,-2,1,311
-3.9573,-2.7721,-0.0065185,0.00047122,-2,0,311
4.8219,3.3854,-0.0065185,0.00047122,-2,1,311
0.69932,4.1127,-0.0065185,0.00047122,-2,0,311
0.5951,0.68726,-3.0065,0.00047122,1,0,311
-2.9955,-0.075611,-0.0065185,0.00047122,-2,0,311
1.0045,-2.5321,-0.0065185,0.00047122,-2,1,311
-0.14553,2.6427,-0.0065185,0.00047122,-2,0,311
-1.1455,0.35167,-0.0065185,0.00047122,-2,0,311
-0.29553,-2.2706,-0.0065185,0.00047122,-2,1,311
-1.4405,3.049,-0.0065185,0.00047122,-2,0,311
1.2327,-1.1136,-4.0065,0.00047122,1,1,311
2.0485,0.056157,-0.0065185,0.00047122,-2,1,311
-0.88294,3.7254,-0.0065185,0.00047122,-2,0,311
0.75877,-0.67696,-3.0065,0.00047122,1,0,311
2.0045,4.5679,-0.0065185,0.00047122,-2,1,311
-1.6955,-1.6046,3.9935,0.00047122,1,0,311
-2.9955,-4.8245,-0.0065185,0.00047122,-2,0,311
-1.9955,2.9079,-0.0065185,0.00047122,-2,0,311
2.0045,3.349,-0.0065185,0.00047122,-2,1,311
-1.6955,-1.4271,3.9935,0.00047122,1,0,311
2.0045,2.0179,-0.0065185,0.00047122,-2,1,311
0.70447,0.71789,-0.0065185,0.00047122,-2,0,311
-2.1455,-1.7438,-0.0065185,0.00047122,-2,0,311
1.5545,1.3834,-0.0065185,0.00047122,-2,0,311
2.1545,1.5713,-0.0065185,0.00047122,-2,0,311
-0.27303,-1.8096,-0.0065185,0.00047122,-2,0,311
0.24035,0.42418,-4.0065,0.00047122,1,1,311
2.727,3.8603,-0.0065185,0.00047122,-2,1,311
4.6186,4.632,-0.0065185,0.00047122,-2,1,311
4.5265,-1.9166,-0.0065185,0.00047122,-2,1,311
4.4482,4.5493,-0.0065185,0.00047122,-2,1,311
-4.3727,-4.3438,-0.0065185,0.00047122,-2,0,311
3.7251,4.2354,-3.0065,0.00047122,1,1,311
-1.723,-2.2596,-0.0065185,0.00047122,-2,1,311
-1.7639,-1.7505,-0.0065185,0.00047122,-2,0,311
-2.6955,-0.92508,-0.0065185,0.00047122,-2,0,311
-0.44053,-2.0604,-0.0065185,0.00047122,-2,1,311
0.38272,0.39614,-3.0065,0.00047122,1,0,311
3.727,1.9538,-0.0065185,0.00047122,-2,1,311
-0.3814,2.0459,-0.0065185,0.00047122,-2,0,311
2.1545,2.1679,-0.0065185,0.00047122,-2,0,311
-3.718,-0.26091,-0.0065185,0.00047122,-2,1,311
-5.5455,-2.605,-0.0065185,0.00047122,-2,0,311
4.722,0.68677,-0.0065185,2.0005,-1,1,311
5.172,1.8864,-0.0065185,0.00047122,-2,1,311
-4.3879,-0.5864,-3.0065,0.00047122,1,0,311
2.5705,1.7504,-0.0065185,0.00047122,-2,1,311
1.3356,-0.67696,-0.0065185,0.00047122,-2,0,311
-0.99553,-0.98211,-0.0065185,0.00047122,-2,0,311
0.85447,-0.94384,4.9935,0.00047122,1,1,311
-1.9955,-1.9821,-0.0065185,0.00047122,-2,1,311
3.0045,-3.5946,-0.0065185,0.00047122,-2,1,311
-0.54553,2.7114,-0.0065185,0.00047122,-2,0,311
-0.46303,-0.44961,-4.0065,0.00047122,1,0,311
-2.1532,-6.2006,-0.0065185,0.00047122,-2,0,311
-0.59553,-6.8721,-0.0065185,0.00047122,-2,1,311
2.8945,1.5768,-0.0065185,0.00047122,-2,1,311
1.461,1.4744,-0.0065185,0.00047122,-2,1,311
6.0925,6.1059,-0.0065185,0.00047122,-2,1,311
6.7793,6.7927,-0.0065185,0.00047122,-2,1,311
2.5131,2.5265,-0.0065185,0.00047122,-2,1,311
2.1368,-1.0721,-3.0065,0.00047122,1,1,311
-0.90556,-3.4586,-0.0065185,0.00047122,-2,0,311
1.7045,0.79142,-0.0065185,0.00047122,-2,1,311
2.4495,2.4629,-0.0065185,0.00047122,-2,1,311
1.2327,1.2461,-0.0065185,0.00047122,-2,1,311
-1.0395,-1.0261,2.9935,0.00047122,1,0,311
-0.10812,-1.6447,-0.0065185,0.00047122,-2,0,311
2.8545,1.2237,-0.0065185,0.00047122,-2,1,311
-2.718,-3.5245,-0.0065185,0.00047122,-2,0,311
2.3186,2.332,-4.0065,0.00047122,1,1,311
0.52648,-2.8601,-0.0065185,0.00047122,-2,1,311
1.4482,1.1493,-0.0065185,0.00047122,-2,1,311
3.3816,1.245,-0.0065185,0.00047122,-2,1,311
-0.3161,-0.79958,-0.0065185,0.00047122,-2,0,311
-3.268,-3.677,-0.0065185,0.00047122,-2,0,311
4.2361,2.0919,-0.0065185,0.00047122,-2,1,311
3.6013,3.6148,-4.0065,0.00047122,1,1,311
0.17182,-2.9554,-0.0065185,0.00047122,-2,1,311
0.14671,0.16013,-0.0065185,0.00047122,-2,1,311
-0.11643,-0.29042,-0.0065185,0.00047122,-2,1,311
-3.9955,0.12066,-0.0065185,0.00047122,-2,0,311
3.0045,3.4179,-0.0065185,0.00047122,-2,1,311
-2.9955,-2.9821,-0.0065185,0.00047122,-2,0,311
-4.9955,-2.1496,-0.0065185,0.00047122,-2,0,311
-3.9955,-4.2321,-0.0065185,0.00047122,-2,1,311
1.6045,-3.3821,-0.0065185,0.00047122,-2,1,311
2.1145,1.1973,-0.0065185,0.00047122,-2,1,311
-1.452,1.8114,-0.0065185,0.00047122,-2,1,311
-2.0836,-2.0701,-0.0065185,0.00047122,-2,0,311
2.0045,2.0179,-0.0065185,0.00047122,-2,1,311
1.7045,1.7179,-0.0065185,0.00047122,-2,1,311
1.4495,1.9849,-3.0065,0.00047122,1,1,311
-1.7673,-1.3039,-0.0065185,0.00047122,-2,1,311
-2.9515,-2.9381,-0.0065185,0.00047122,-2,0,311
-2.3955,-1.1496,-0.0065185,0.00047122,-2,1,311
2.8545,1.3067,-0.0065185,0.00047122,-2,1,311
2.727,1.4134,-0.0065185,0.00047122,-2,1,311
2.8545,2.9079,-0.0065185,0.00047122,-2,0,312
-0.27303,4.1744,-0.0065185,0.00047122,-2,0,312
-3.6097,-3.5962,-0.0065185,0.00047122,-2,0,312
-7.5455,-7.5321,-0.0065185,0.00047122,-2,1,312
-5.2455,-5.2321,-0.0065185,0.00047122,-2,1,312
3.617,1.3002,-0.0065185,0.00047122,-2,1,312
-3.9955,-3.0527,-0.0065185,0.00047122,-2,0,312
-2.9955,-2.9821,-0.0065185,0.00047122,-2,0,312
1.0045,2.9079,-0.0065185,0.00047122,-2,0,312
-2.1455,-0.52561,-0.0065185,0.00047122,-2,0,312
-3.273,0.50877,-0.0065185,0.00047122,-2,0,312
-4.3814,-1.6073,-0.0065185,0.00047122,-2,1,312
3.7325,2.3859,3.9935,0.00047122,1,1,312
0.44818,-3.3821,-0.0065185,0.00047122,-2,0,312
-0.61838,-5.9427,-0.0065185,0.00047122,-2,0,312
1.3251,-1.4386,-0.0065185,0.00047122,-2,1,312
-1.1455,-2.7046,-0.0065185,0.00047122,-2,0,312
0.30447,0.97201,-0.0065185,0.00047122,-2,1,312
0.25947,-0.81299,-4.0065,0.00047122,1,0,312
-0.22378,-2.3821,-0.0065185,0.00047122,-2,1,312
-1.1455,-1.1321,-0.0065185,0.00047122,-2,0,312
3.7045,0.67388,-0.0065185,0.00047122,-2,1,312
1.4495,1.4629,-0.0065185,0.00047122,-2,1,312
-1.2238,-2.0683,3.9935,0.00047122,1,0,312
-2.0395,-1.5271,-0.0065185,0.00047122,-2,0,312
-0.10812,-1.9847,-0.0065185,0.00047122,-2,1,312
-1.7498,-1.3759,-0.0065185,0.00047122,-2,0,312
-2.6367,0.4057,-0.0065185,0.00047122,-2,0,312
-0.54051,-1.9666,-0.0065185,0.00047122,-2,1,312
0.46771,1.9261,-4.0065,0.00047122,1,0,312
-3.9955,-2.7539,-0.0065185,0.00047122,-2,0,312
3.0045,1.8639,-0.0065185,0.00047122,-2,1,312
2.0045,-1.6447,-0.0065185,0.00047122,-2,1,312
-3.6955,-3.6821,-0.0065185,0.00047122,-2,0,312
4.4495,1.1755,-0.0065185,0.00047122,-2,1,312
-6.2238,1.5839,-0.0065185,0.00047122,-2,0,312
-4.0395,-1.651,-0.0065185,0.00047122,-2,0,312
4.8919,2.4989,-0.0065185,0.00047122,-2,1,312
-4.1498,-4.1364,3.9935,0.00047122,1,0,312
-2.6367,2.7767,-0.0065185,0.00047122,-2,0,312
-3.5405,-3.5271,-0.0065185,0.00047122,-2,0,312
0.46771,-0.57273,-0.0065185,0.00047122,-2,0,312
-0.38928,-0.37586,-3.0065,0.00047122,1,1,312
-2.9955,2.5679,-0.0065185,0.00047122,-2,0,312
-4.9955,-4.9821,-0.0065185,0.00047122,-2,0,312
4.0045,3.2636,-0.0065185,0.00047122,-2,1,312
0.0044729,0.017889,-0.0065185,0.00047122,-2,0,312
-0.99553,-0.98211,-0.0065185,0.00047122,-2,0,312
0.85447,1.349,4.9935,0.00047122,1,1,312
-4.9955,-4.2321,-0.0065185,0.00047122,-2,1,312
0.75447,1.4054,-0.0065185,0.00047122,-2,1,312
-0.38303,3.3459,-0.0065185,0.00047122,-2,1,312
-1.5955,0.80786,-0.0065185,0.00047122,-2,0,312
1.1145,4.0623,-0.0065185,0.00047122,-2,0,312
4.4045,1.1739,-0.0065185,0.00047122,-2,1,312
3.7445,3.7579,4.9935,0.00047122,1,1,312
4.727,2.4931,-0.0065185,0.00047122,-2,1,312
4.6186,2.5093,-0.0065185,0.00047122,-2,1,312
1.5265,3.4299,-0.0065185,0.00047122,-2,0,312
3.8545,5.4744,-0.0065185,0.00047122,-2,1,312
-4.5455,-1.0556,-0.0065185,0.00047122,-2,0,312
2.172,-0.15548,-0.0065185,0.00047122,-2,0,312
1.8468,2.3823,-5.0065,0.00047122,1,0,312
-0.99553,4.2679,-0.0065185,0.00047122,-2,0,312
4.8545,4.8679,-0.0065185,0.00047122,-2,1,312
4.727,-2.7322,-0.0065185,0.00047122,-2,1,312
4.6186,1.4079,-0.0065185,0.00047122,-2,1,312
3.5265,0.79936,-0.0065185,0.00047122,-2,1,312
-2.9892,-0.55286,-4.0065,0.00047122,1,0,312
-4.3727,-2.3792,-0.0065185,0.00047122,-2,0,312
4.3251,1.5454,-0.0065185,0.00047122,-2,1,312
-3.268,-2.224,-0.0065185,0.00047122,-2,0,312
4.2361,1.5835,-0.0065185,0.00047122,-2,1,312
3.6013,3.6148,4.9935,0.00047122,1,1,312
5.1718,4.4352,-0.0065185,0.00047122,-2,1,312
4.1467,4.1601,-0.0065185,0.00047122,-2,1,312
2.1254,1.504,-0.0065185,0.00047122,-2,1,312
-5.0983,-2.616,-0.0065185,0.00047122,-2,0,312
4.0918,3.8966,-0.0065185,0.00047122,-2,1,312
-3.0698,-3.0665,-0.0065185,0.00047122,-2,0,312
4.0676,2.2997,-0.0065185,0.00047122,-2,1,312
5.0581,3.4715,-0.0065185,0.00047122,-2,1,312
-2.0411,-1.7883,-0.0065185,0.00047122,-2,0,312
3.0432,3.6691,-0.0065185,0.00047122,-2,1,312
3.0374,3.0508,-0.0065185,0.00047122,-2,1,312
2.5825,2.2134,2.9935,0.00047122,1,1,312
5.0283,5.0417,-0.0065185,0.00047122,-2,1,312
5.0247,2.0994,-0.0065185,0.00047122,-2,1,312
-2.0127,-4.159,-0.0065185,0.00047122,-2,0,312
-4.0101,-3.92,-0.0065185,0.00047122,-2,0,312
3.4169,1.4101,-2.0065,0.00047122,1,1,312
-0.98497,-0.97155,-0.0065185,0.00047122,-2,1,312
-1.9865,-2.0203,-0.0065185,0.00047122,-2,0,312
0.30447,0.31789,-0.0065185,0.00047122,-2,0,312
0.25947,-1.4206,3.9935,0.00047122,1,0,312
1.7762,2.1896,-0.0065185,0.00047122,-2,1,312
-1.4455,-1.0921,-0.0065185,0.00047122,-2,1,312
0.17197,1.5442,-0.0065185,0.00047122,-2,1,312
3.8468,3.8603,-0.0065185,0.00047122,-2,1,312
1.5705,1.5839,-0.0065185,0.00047122,-2,1,312
1.3356,0.29824,-0.0065185,0.00047122,-2,1,312
-1.127,-1.2644,-4.0065,0.00047122,1,0,312
4.9662,4.5079,-0.0065185,0.00047122,-2,1,312
4.2219,4.2354,1.9935,0.00047122,1,1,312
4.6993,2.4127,-0.0065185,0.00047122,-2,1,312
5.5951,5.6085,-0.0065185,0.00047122,-2,1,312
5.5065,3.4099,-0.0065185,0.00047122,-2,1,312
4.6812,4.6946,2.9935,0.00047122,1,1,312
2.3672,2.429,-0.0065185,0.00047122,-2,1,312
3.3128,3.3673,-0.0065185,0.00047122,-2,1,312
5.2665,5.3149,-0.0065185,0.00047122,-2,1,312
2.2272,1.8067,-0.0065185,0.00047122,-2,1,312
1.8938,1.9072,-4.0065,0.00047122,1,1,312
-0.83459,-3.2212,-0.0065185,0.00047122,-2,1,312
0.86767,0.86285,-0.0065185,0.00047122,-2,1,312
2.1545,-0.58833,-0.0065185,0.00047122,-2,1,312
1.5545,-0.88327,-0.0065185,0.00047122,-2,0,312
-0.84553,-0.83211,-0.0065185,0.00047122,-2,0,312
-3.718,-3.5041,-0.0065185,0.00047122,-2,0,312
5.6186,-1.1044,-0.0065185,0.00047122,-2,1,312
-4.7675,-4.7541,-5.0065,0.00047122,1,0,312
-0.43923,-0.30269,-0.0065185,0.00047122,-2,0,312
0.62732,-3.9718,-0.0065185,0.00047122,-2,1,312
4.8545,0.94726,-0.0065185,0.00047122,-2,1,312
-4.118,2.8248,3.9935,0.00047122,1,1,312
4.8945,0.46467,-0.0065185,0.00047122,-2,1,312
3.7045,-2.3501,-0.0065185,0.00047122,-2,1,312
-0.55053,2.1616,-0.0065185,0.00047122,-2,0,312
0.47622,-2.6554,-4.0065,0.00047122,1,0,312
1.9605,1.9739,-0.0065185,0.00047122,-2,0,312
0.11706,0.13048,-0.0065185,0.00047122,-2,0,312
2.2502,2.2636,-0.0065185,0.00047122,-2,1,312
-3.5455,1.2185,-0.0065185,0.00047122,-2,0,312
-6.163,-1.5864,-0.0065185,0.00047122,-2,0,312
-5.8379,-4.6233,-0.0065185,0.00047122,-2,0,312
-4.5615,-3.5271,-0.0065185,0.00047122,-2,0,312
-3.8766,-3.7697,2.9935,0.00047122,1,1,312
-3.163,-2.4639,-0.0065185,0.00047122,-2,0,312
-0.84553,-0.3168,-0.0065185,0.00047122,-2,0,312
3.727,-1.102,-0.0065185,0.00047122,-2,1,312
4.6186,4.632,-0.0065185,0.00047122,-2,1,312
-3.9175,-2.6716,-3.0065,0.00047122,1,0,312
3.4482,3.0116,-0.0065185,0.00047122,-2,1,312
1.3816,1.395,-0.0065185,0.00047122,-2,1,312
-2.3161,-2.1083,-0.0065185,0.00047122,-2,0,312
-1.968,-2.097,-5.0065,0.00047122,1,1,312
2.5595,-1.6393,-0.0065185,0.00047122,-2,1,312
3.7762,3.6868,-0.0065185,0.00047122,-2,1,312
1.9605,1.7764,-0.0065185,0.00047122,-2,1,312
-0.10812,1.6279,-0.0065185,0.00047122,-2,0,312
-0.74983,-0.79958,-0.0065185,0.00047122,-2,0,312
-3.9955,-3.9821,-0.0065185,0.00047122,-2,0,312
3.4045,1.6208,4.9935,0.00047122,1,1,312
3.0045,3.0179,-0.0065185,0.00047122,-2,1,312
-3.9955,-2.8507,-0.0065185,0.00047122,-2,0,312
-1.9955,-1.0204,-0.0065185,0.00047122,-2,0,312
-2.9955,-2.1646,-0.0065185,0.00047122,-2,0,312
3.0045,3.0179,-0.0065185,0.00047122,-2,1,312
0.0044729,-1.2772,-0.0065185,0.00047122,-2,1,312
-1.9955,-3.585,-0.0065185,0.00047122,-2,0,312
-6.6955,-4.9821,-0.0065185,0.00047122,-2,0,312
-5.4405,-5.4271,-0.0065185,0.00047122,-2,0,312
-4.2238,-1.2104,-0.0065185,0.00047122,-2,0,312
-1.0395,-3.5761,-0.0065185,0.00047122,-2,1,312
-0.88294,-2.9821,-0.0065185,-2.9995,-1,0,312
-0.24123,-0.98211,-0.0065185,0.00047122,-2,0,312
0.21332,-1.2996,2.9935,0.00047122,1,1,312
2.727,1.2368,-0.0065185,0.00047122,-2,1,312
-3.6097,-3.5962,-0.0065185,0.00047122,-2,0,312
2.5265,0.50116,-0.0065185,0.00047122,-2,1,312
-3.4392,-2.1258,-0.0065185,0.00047122,-2,0,312
3.3816,2.945,-0.0065185,0.00047122,-2,1,312
